idnum,year,time,average_pay,average_pay_ln,wcouncil,wcouncil_f,wagree,wagree_f,sector,profit,profit_f,emp,empt,empw,firmsize,firmsize_f
33,2004,6,2900,7.9724660159745655,0,NoWC,0,NoSA,public,2,sufficient,85,0.035,0.412,2,less100
33,2005,7,2576.3253012048194,7.854119360775014,0,NoWC,0,NoSA,public,3,satisfactory,83,0.048,0.422,2,less100
33,2006,8,2710.105882352941,7.904742984089441,0,NoWC,0,NoSA,public,4,good,85,0.082,0.494,2,less100
33,2007,9,2424.938144329897,7.793561295553436,0,NoWC,0,NoSA,public,5,very good,97,0.113,0.412,2,less100
33,2008,10,2844.817073170732,7.953254046837969,0,NoWC,0,NoSA,public,5,very good,82,0.146,0.39,2,less100
33,2009,11,2777.0833333333335,7.929156495258909,0,NoWC,0,NoSA,public,4,good,84,0.155,0.345,2,less100
33,2010,12,3055.7176470588233,8.024769753039783,0,NoWC,0,NoSA,public,4,good,85,0.165,0.341,2,less100
33,2011,13,3044.2105263157896,8.020996877666207,0,NoWC,0,NoSA,public,4,good,95,0.284,0.495,2,less100
33,2012,14,3080.191919191919,8.032747185452292,0,NoWC,0,NoSA,public,2,sufficient,99,0.364,0.485,2,less100
33,2013,15,3019.3653846153848,8.012801950742354,0,NoWC,0,NoSA,public,2,sufficient,104,0.231,0.529,3,less250
33,2014,16,2925.190476190476,7.981114877610858,0,NoWC,0,NoSA,public,3,satisfactory,105,0.238,0.476,3,less250
33,2015,17,3306.542056074766,8.103658226245916,0,NoWC,0,NoSA,public,3,satisfactory,107,0.243,0.467,3,less250
33,2016,18,3931.6936936936936,8.276825577340889,0,NoWC,0,NoSA,public,3,satisfactory,111,0.243,0.459,3,less250
33,2017,19,3776.8285714285716,8.236639934186668,0,NoWC,0,NoSA,public,4,good,105,0.295,0.486,3,less250
33,2018,20,4013.9074074074074,8.29752046167802,0,NoWC,0,NoSA,public,3,satisfactory,108,0.333,0.454,3,less250
33,2019,21,3787.9906542056074,8.239590987092157,0,NoWC,0,NoSA,public,5,very good,107,0.439,0.467,3,less250
43,2007,9,744.7341772151899,6.6130273456009165,1,WC,1,SA,health,3,satisfactory,79,0.063,0.152,2,less100
43,2008,10,821.8571428571429,6.71156658780798,1,WC,1,SA,health,4,good,84,0.06,0.119,2,less100
43,2009,11,1095.72,6.999166960416249,1,WC,1,SA,health,5,very good,50,0.08,0.08,1,less50
62,2017,19,1852.2985074626865,7.524182583353201,1,WC,0,NoSA,construction,4,good,67,0.015,0.612,2,less100
62,2018,20,2328.719298245614,7.753073738037421,1,WC,0,NoSA,construction,4,good,57,0.018,0.632,2,less100
62,2020,22,3797.0555555555557,8.241981191558937,1,WC,0,NoSA,construction,5,very good,54,0.019,0.685,2,less100
72,2009,11,1597.2222222222222,7.376021288329332,0,NoWC,0,NoSA,buservices,4,good,216,0.028,0.421,3,less250
72,2010,12,1144.2114537444934,7.042470992048697,0,NoWC,0,NoSA,buservices,2,sufficient,227,0.044,0.374,3,less250
72,2011,13,1220.253164556962,7.106813628131616,0,NoWC,0,NoSA,buservices,3,satisfactory,237,0.046,0.662,3,less250
72,2012,14,1338.4615384615386,7.199276127741084,0,NoWC,0,NoSA,buservices,3,satisfactory,247,0.049,0.372,3,less250
83,2007,9,3796.90625,8.241941869381819,1,WC,0,NoSA,manufacturing,1,unsatisfactory,32,0.125,0.344,1,less50
83,2009,11,3228.3055555555557,8.079712682764947,1,WC,0,NoSA,manufacturing,3,satisfactory,36,0.25,0.333,1,less50
83,2010,12,2709.051282051282,7.904353772157409,1,WC,0,NoSA,manufacturing,3,satisfactory,39,0.231,0.308,1,less50
83,2011,13,3283.810810810811,8.09675985953732,1,WC,0,NoSA,manufacturing,3,satisfactory,37,0.243,0.324,1,less50
83,2012,14,2855.4864864864867,7.956997505642831,1,WC,0,NoSA,manufacturing,3,satisfactory,37,0.135,0.324,1,less50
83,2013,15,2656.4285714285716,7.884737857303858,1,WC,0,NoSA,manufacturing,4,good,35,0.171,0.314,1,less50
83,2014,16,1668.2105263157894,7.419506789771892,1,WC,0,NoSA,manufacturing,4,good,38,0.184,0.263,1,less50
83,2015,17,2335.5,7.755981279942163,1,WC,0,NoSA,manufacturing,4,good,38,0.158,0.263,1,less50
83,2016,18,2377.2,7.773678603492505,1,WC,0,NoSA,manufacturing,4,good,40,0.125,0.25,1,less50
83,2017,19,2557.9210526315787,7.846950118735067,1,WC,0,NoSA,manufacturing,4,good,38,0.132,0.289,1,less50
83,2018,20,2886.1463414634145,7.9676774454160215,1,WC,0,NoSA,manufacturing,3,satisfactory,41,0.122,0.268,1,less50
83,2019,21,2440.095238095238,7.799792349531764,1,WC,0,NoSA,manufacturing,3,satisfactory,42,0.143,0.286,1,less50
83,2020,22,2257.1363636363635,7.721852193085641,1,WC,0,NoSA,manufacturing,3,satisfactory,44,0.114,0.25,1,less50
121,2000,2,1376.1846788194443,7.227070223745678,1,WC,0,NoSA,transcom,2,sufficient,36,0.028,0,1,less50
121,2001,3,1917.7734375,7.558920124117874,1,WC,0,NoSA,transcom,2,sufficient,31,0.032,0,1,less50
121,2002,4,2031.7096774193549,7.616632923204976,1,WC,0,NoSA,transcom,2,sufficient,31,0.065,0,1,less50
121,2003,5,1500.3225806451612,7.313435417732997,1,WC,0,NoSA,transcom,4,good,31,0.032,0,1,less50
172,2007,9,2771.4523809523807,7.927126787024495,1,WC,0,NoSA,manufacturing,4,good,126,0.016,0.103,3,less250
172,2008,10,2632.5281690140846,7.875699944431065,1,WC,0,NoSA,manufacturing,3,satisfactory,142,0.134,0.134,3,less250
172,2009,11,2536.764705882353,7.838644810277445,1,WC,0,NoSA,manufacturing,3,satisfactory,136,0.154,0.14,3,less250
184,2011,13,811.65,6.699069212756854,0,NoWC,0,NoSA,manufacturing,4,good,20,0.2,0.15,1,less50
184,2015,17,744.8518518518518,6.613185342030274,0,NoWC,0,NoSA,manufacturing,3,satisfactory,27,0.074,0.111,1,less50
184,2016,18,837.4285714285714,6.730335972215524,0,NoWC,0,NoSA,manufacturing,4,good,28,0.071,0.107,1,less50
184,2017,19,837.4285714285714,6.730335972215524,0,NoWC,0,NoSA,manufacturing,3,satisfactory,28,0.107,0.143,1,less50
184,2018,20,698.1935483870968,6.5484963542774794,0,NoWC,0,NoSA,manufacturing,4,good,31,0.065,0.097,1,less50
184,2019,21,704.5625,6.55757704280475,0,NoWC,0,NoSA,manufacturing,2,sufficient,32,0.094,0.094,1,less50
204,1998,0,902.8287870762712,6.805532930873069,0,NoWC,0,NoSA,buservices,2,sufficient,118,0.034,0.102,3,less250
204,1999,1,733.1455676020408,6.597344273714355,0,NoWC,0,NoSA,buservices,3,satisfactory,98,0.031,0.061,2,less100
204,2001,3,1420.6215876436781,7.258849792593313,0,NoWC,0,NoSA,buservices,4,good,87,0.011,0.126,2,less100
204,2002,4,1515.75,7.3236656449518405,0,NoWC,0,NoSA,buservices,4,good,80,0.025,0.15,2,less100
204,2003,5,1603.0987654320988,7.379693763582487,0,NoWC,0,NoSA,buservices,4,good,81,0.012,0.074,2,less100
204,2006,8,1795.8260869565217,7.493220410630335,0,NoWC,0,NoSA,buservices,2,sufficient,92,0.011,0.065,2,less100
204,2008,10,1521.8349514563106,7.3276720906598545,0,NoWC,0,NoSA,buservices,2,sufficient,103,0.01,0.117,3,less250
204,2009,11,1003.3958333333334,6.911145359493528,0,NoWC,0,NoSA,buservices,3,satisfactory,96,0.01,0.125,2,less100
204,2012,14,1451.0777777777778,7.280061854326846,0,NoWC,0,NoSA,buservices,1,unsatisfactory,90,0.011,0.156,2,less100
204,2013,15,1296.8125,7.16766460948667,0,NoWC,0,NoSA,buservices,2,sufficient,96,0.01,0.156,2,less100
204,2014,16,1677.975,7.42534298822725,0,NoWC,0,NoSA,buservices,3,satisfactory,80,0.013,0.188,2,less100
204,2016,18,1769.1410256410256,7.478249411525531,0,NoWC,0,NoSA,buservices,4,good,78,0.013,0.154,2,less100
204,2018,20,1471.3246753246754,7.293918413666833,0,NoWC,0,NoSA,buservices,4,good,77,0.013,0.078,2,less100
204,2019,21,1293.7105263157894,7.165269745487948,0,NoWC,0,NoSA,buservices,3,satisfactory,76,0.013,0.079,2,less100
216,2001,3,615.936279296875,6.423143515483076,1,WC,0,NoSA,manufacturing,3,satisfactory,24,0.042,0.167,1,less50
216,2002,4,335.2173913043478,5.814779250628225,1,WC,0,NoSA,manufacturing,3,satisfactory,23,0.13,0.087,1,less50
216,2003,5,462.6,6.136862749797339,1,WC,0,NoSA,manufacturing,2,sufficient,25,0.04,0.16,1,less50
228,2006,8,523.4505988023952,6.260442658718087,0,NoWC,1,SA,wholesretail,4,good,668,0.024,0.404,4,more250
228,2007,9,529.6546546546547,6.272225199174671,0,NoWC,1,SA,wholesretail,5,very good,666,0.047,0.502,4,more250
228,2008,10,570.4292604501608,6.346389165908787,0,NoWC,0,NoSA,wholesretail,4,good,622,0.071,0.416,4,more250
228,2009,11,549.3630573248407,6.308759529545298,0,NoWC,0,NoSA,wholesretail,5,very good,628,0.064,0.435,4,more250
228,2010,12,494.7352380952381,6.204022746938476,0,NoWC,0,NoSA,wholesretail,5,very good,525,0.084,0.472,4,more250
228,2011,13,494.35897435897436,6.203261922034891,0,NoWC,0,NoSA,wholesretail,5,very good,585,0.065,0.35,4,more250
228,2012,14,572.9636048526863,6.350822197860961,0,NoWC,0,NoSA,wholesretail,4,good,577,0.069,0.492,4,more250
228,2013,15,552.6770293609671,6.314773797202914,0,NoWC,0,NoSA,wholesretail,5,very good,579,0.055,0.492,4,more250
228,2014,16,592.8705440900563,6.384976068403205,0,NoWC,1,SA,wholesretail,5,very good,533,0.051,0.497,4,more250
228,2015,17,1078.8392156862744,6.983640941815745,0,NoWC,1,SA,wholesretail,5,very good,510,0.057,0.478,4,more250
228,2016,18,715.7545787545788,6.573337341100031,0,NoWC,1,SA,wholesretail,5,very good,546,0.059,0.485,4,more250
228,2017,19,1185.208711433757,7.077674165852753,0,NoWC,1,SA,wholesretail,5,very good,551,0.045,0.515,4,more250
228,2018,20,1260.4156305506217,7.1391968110682225,0,NoWC,1,SA,wholesretail,5,very good,563,0.041,0.497,4,more250
228,2019,21,1334.7659574468084,7.196511242691343,0,NoWC,1,SA,wholesretail,5,very good,564,0.043,0.45,4,more250
228,2021,23,922.2115027829313,6.826774592892529,0,NoWC,1,SA,construction,4,good,539,0.056,0.46,4,more250
277,2004,6,1573.3461538461538,7.360959938509321,0,NoWC,0,NoSA,resthotels,4,good,78,0.026,0.859,2,less100
277,2005,7,2265.2702702702704,7.725449355421154,0,NoWC,0,NoSA,resthotels,3,satisfactory,74,0.068,0.905,2,less100
277,2006,8,1481.7974683544303,7.301011135487664,0,NoWC,0,NoSA,resthotels,4,good,79,0.063,0.848,2,less100
295,1999,1,2001.8919690860216,7.6018479969236985,0,NoWC,1,SA,manufacturing,4,good,372,0.046,0.696,4,more250
295,2000,2,1552.9063275434244,7.34788350422936,0,NoWC,1,SA,manufacturing,3,satisfactory,403,0.055,0.65,4,more250
295,2001,3,1568.9437189054727,7.35815788141119,0,NoWC,1,SA,manufacturing,1,unsatisfactory,402,0.05,0.679,4,more250
295,2002,4,3236.9942196531792,8.082400468213553,0,NoWC,1,SA,manufacturing,3,satisfactory,173,0.11,0.803,3,less250
295,2003,5,2189.608695652174,7.691478129061374,0,NoWC,1,SA,manufacturing,4,good,207,0.101,0.734,3,less250
359,1998,0,986.2820531542056,6.893942371661582,0,NoWC,0,NoSA,construction,1,unsatisfactory,214,0.005,0.757,3,less250
359,1999,1,1492.9874205508474,7.308534371884704,0,NoWC,0,NoSA,construction,4,good,236,0.008,0.593,3,less250
359,2000,2,1655.4271941489362,7.411814377855894,0,NoWC,0,NoSA,construction,4,good,188,0.005,0.633,3,less250
359,2001,3,1626.891229281768,7.394426251438922,0,NoWC,0,NoSA,construction,3,satisfactory,181,0.006,0.785,3,less250
368,2016,18,3705.2033898305085,8.217493432264078,1,WC,0,NoSA,buservices,2,sufficient,59,0.508,0.932,2,less100
368,2017,19,2577.7254901960782,7.8546626961368,1,WC,0,NoSA,buservices,4,good,102,0.353,0.941,3,less250
368,2018,20,2055.564516129032,7.628305792918603,0,NoWC,0,NoSA,buservices,4,good,124,0.266,0.919,3,less250
368,2019,21,1385.764705882353,7.234007400462514,0,NoWC,0,NoSA,buservices,2,sufficient,153,0.203,0.915,3,less250
375,2001,3,1084.6786434331798,6.989039040936679,0,NoWC,0,NoSA,health,3,satisfactory,434,0.007,0.177,4,more250
375,2003,5,3486.5307692307692,8.15666247187116,0,NoWC,0,NoSA,health,2,sufficient,130,0.015,0.177,3,less250
375,2004,6,4925.79,8.502239946833878,0,NoWC,0,NoSA,health,4,good,100,0.01,0.16,2,less100
375,2005,7,4832.416666666667,8.483101966581327,0,NoWC,0,NoSA,health,4,good,96,0.01,0.156,2,less100
375,2006,8,3752.891304347826,8.230281836378227,0,NoWC,0,NoSA,health,4,good,92,0.011,0.141,2,less100
388,1999,1,3575.574742268041,8.18188120927445,0,NoWC,0,NoSA,public,2,sufficient,97,0.072,0.639,2,less100
388,2000,2,3702.8877976190474,8.216868280054612,0,NoWC,0,NoSA,public,2,sufficient,105,0.01,0.752,3,less250
388,2001,3,3757.9416666666666,8.23162665741192,0,NoWC,0,NoSA,public,3,satisfactory,105,0.019,0.648,3,less250
401,2007,9,316.9230769230769,5.758659084882035,1,WC,1,SA,buservices,4,good,78,0.064,0.09,2,less100
401,2008,10,450.59493670886076,6.110568791159292,1,WC,1,SA,buservices,4,good,79,0.127,0.089,2,less100
401,2009,11,452.71084337349396,6.115253606824577,1,WC,1,SA,buservices,4,good,83,0.12,0.108,2,less100
401,2011,13,677.2739726027397,6.5180758773158445,1,WC,1,SA,buservices,3,satisfactory,73,0.11,0.096,2,less100
420,2011,13,1875.857142857143,7.536820976803692,1,WC,0,NoSA,buservices,3,satisfactory,77,0.325,0.195,2,less100
420,2012,14,1963.64,7.582555172724023,1,WC,0,NoSA,buservices,3,satisfactory,75,0.627,0.213,2,less100
420,2013,15,1904.3536585365853,7.551897943132557,1,WC,0,NoSA,buservices,2,sufficient,82,0.573,0.22,2,less100
420,2014,16,1759,7.472500744737558,1,WC,0,NoSA,buservices,2,sufficient,86,0.535,0.244,2,less100
424,2007,9,567.2020202020202,6.340715536921766,1,WC,0,NoSA,manufacturing,4,good,99,0.02,0.253,2,less100
424,2008,10,728.84,6.591454229181678,1,WC,0,NoSA,manufacturing,4,good,100,0.03,0.24,2,less100
424,2012,14,1202.3636363636363,7.092044595436237,1,WC,0,NoSA,manufacturing,5,very good,77,0.026,0.195,2,less100
424,2013,15,1231.15,7.115703970913804,1,WC,0,NoSA,manufacturing,3,satisfactory,60,0.083,0.167,2,less100
424,2015,17,2638.160714285714,7.877837254198538,1,WC,0,NoSA,manufacturing,3,satisfactory,56,0.143,0.179,2,less100
424,2016,18,2036.6101694915253,7.619042023092242,1,WC,0,NoSA,manufacturing,4,good,59,0.136,0.186,2,less100
424,2017,19,1876.031746031746,7.536914051614754,1,WC,0,NoSA,manufacturing,3,satisfactory,63,0.111,0.175,2,less100
438,2012,14,1286.5277777777778,7.159702223232018,1,WC,0,NoSA,wholesretail,3,satisfactory,36,0.028,0.056,1,less50
438,2014,16,2270.3214285714284,7.727676698940945,1,WC,0,NoSA,wholesretail,3,satisfactory,28,0.036,0.071,1,less50
438,2016,18,2689.4615384615386,7.897096280983245,1,WC,0,NoSA,wholesretail,3,satisfactory,26,0.077,0.077,1,less50
438,2019,21,2482.233333333333,7.816913971552692,1,WC,0,NoSA,wholesretail,2,sufficient,30,0.033,0.067,1,less50
438,2020,22,2490.032258064516,7.820050944420828,1,WC,0,NoSA,transcom,3,satisfactory,31,0.097,0.097,1,less50
446,2019,21,6141.375,8.72280393743814,0,NoWC,0,NoSA,transcom,4,good,64,0.219,0.625,2,less100
446,2020,22,5459.010101010101,8.605022752120785,0,NoWC,0,NoSA,wholesretail,2,sufficient,99,0.051,0.616,2,less100
446,2021,23,2329.6901408450703,7.75349055095445,0,NoWC,0,NoSA,wholesretail,3,satisfactory,213,0.174,0.718,3,less250
525,2000,2,279.8310178360849,5.634185913256889,1,WC,1,SA,art,3,satisfactory,106,0.066,0.094,3,less250
525,2001,3,749.2869192477876,6.6191219799214585,1,WC,0,NoSA,art,4,good,113,0.027,0.071,3,less250
525,2002,4,974.9904761904762,6.8824277029403715,1,WC,0,NoSA,art,2,sufficient,105,0.057,0.076,3,less250
525,2003,5,806.1684210526316,6.692292679800084,1,WC,0,NoSA,art,2,sufficient,95,0.042,0.063,2,less100
525,2005,7,670.1290322580645,6.507470279302611,1,WC,0,NoSA,art,2,sufficient,93,0.043,0.075,2,less100
525,2006,8,1385.438202247191,7.233771760094416,1,WC,0,NoSA,art,4,good,89,0.011,0.056,2,less100
525,2008,10,1242.4893617021276,7.1248721959237695,1,WC,0,NoSA,art,4,good,94,0.011,0.085,2,less100
525,2009,11,1495.8229166666667,7.310431780315876,1,WC,0,NoSA,buservices,4,good,96,0.031,0.052,2,less100
525,2010,12,1329.6222222222223,7.192650137425883,1,WC,0,NoSA,buservices,2,sufficient,90,0.044,0.078,2,less100
525,2011,13,1758.8139534883721,7.472394970802801,1,WC,0,NoSA,buservices,1,unsatisfactory,86,0.035,0.081,2,less100
525,2012,14,1518.2117647058824,7.3252884506673075,1,WC,0,NoSA,resthotels,5,very good,85,0.047,0.059,2,less100
525,2014,16,1259.6447368421052,7.138585005301553,1,WC,0,NoSA,resthotels,3,satisfactory,76,0.053,0.079,2,less100
525,2015,17,2553.1267605633802,7.845074067620078,1,WC,0,NoSA,resthotels,4,good,71,0.042,0.085,2,less100
525,2017,19,2427.0281690140846,7.794422812175144,1,WC,1,SA,resthotels,4,good,71,0.042,0.085,2,less100
525,2018,20,2687.9583333333335,7.896537200530835,1,WC,1,SA,resthotels,5,very good,72,0.042,0.083,2,less100
525,2019,21,2782.64,7.931155396349379,1,WC,0,NoSA,resthotels,5,very good,75,0.053,0.133,2,less100
525,2021,23,3457.027777777778,8.148164475115776,1,WC,0,NoSA,transcom,1,unsatisfactory,72,0.042,0.153,2,less100
534,2004,6,1591.4035087719299,7.37237161577444,1,WC,0,NoSA,manufacturing,2,sufficient,114,0.535,0.421,3,less250
534,2005,7,1407.4444444444443,7.249530888147413,0,NoWC,0,NoSA,manufacturing,2,sufficient,117,0.479,0.462,3,less250
534,2006,8,1688.931623931624,7.431851432821741,1,WC,0,NoSA,manufacturing,2,sufficient,117,0.607,0.479,3,less250
534,2007,9,1797.8048780487804,7.494321687479027,1,WC,0,NoSA,manufacturing,2,sufficient,123,0.496,0.504,3,less250
534,2008,10,2785.8897637795276,7.932322585638588,1,WC,0,NoSA,manufacturing,3,satisfactory,127,0.535,0.504,3,less250
534,2009,11,1981.0075187969924,7.59136084214667,1,WC,0,NoSA,manufacturing,4,good,133,0.459,0.481,3,less250
534,2011,13,1940.763888888889,7.570836931714589,1,WC,0,NoSA,manufacturing,4,good,144,0.549,0.5,3,less250
534,2012,14,2079.245283018868,7.63976026214883,1,WC,0,NoSA,manufacturing,3,satisfactory,159,0.434,0.503,3,less250
534,2013,15,2000,7.600902459542082,0,NoWC,0,NoSA,manufacturing,4,good,160,0.481,0.519,3,less250
534,2014,16,2025.6410256410256,7.613641485319512,0,NoWC,0,NoSA,manufacturing,3,satisfactory,156,0.397,0.513,3,less250
534,2015,17,2757.0063694267515,7.921900721295612,1,WC,0,NoSA,manufacturing,2,sufficient,157,0.452,0.516,3,less250
534,2021,23,3288.98224852071,8.098333448947587,0,NoWC,1,SA,manufacturing,4,good,169,0.45,0.533,3,less250
537,2007,9,1590.6764705882354,7.371914657934875,0,NoWC,0,NoSA,resthotels,3,satisfactory,34,0.441,0.353,1,less50
537,2009,11,1438.6764705882354,7.271478852275368,0,NoWC,0,NoSA,resthotels,2,sufficient,34,0.559,0.235,1,less50
537,2010,12,1686.1764705882354,7.430218801286267,0,NoWC,0,NoSA,resthotels,2,sufficient,34,0.618,0.235,1,less50
537,2012,14,3541.3823529411766,8.172272425085543,0,NoWC,0,NoSA,resthotels,3,satisfactory,34,0.676,0.382,1,less50
537,2013,15,3147.25,8.054284334646368,0,NoWC,0,NoSA,resthotels,3,satisfactory,36,0.556,0.361,1,less50
537,2014,16,2635.9189189189187,7.876987136013863,0,NoWC,0,NoSA,resthotels,3,satisfactory,37,0.73,0.351,1,less50
537,2021,23,1985.875,7.5938149020401875,0,NoWC,0,NoSA,finance,2,sufficient,48,0.792,0.562,1,less50
546,2013,15,2664.1565217391303,7.887642784340888,1,WC,0,NoSA,wholesretail,3,satisfactory,115,0.096,0,3,less250
546,2014,16,3040.974358974359,8.01993325586752,1,WC,0,NoSA,wholesretail,4,good,78,0.064,0,2,less100
546,2015,17,3764.6285714285714,8.233404482360447,1,WC,0,NoSA,wholesretail,3,satisfactory,70,0.1,0,2,less100
546,2016,18,3860.609375,8.258580319169834,1,WC,0,NoSA,wholesretail,1,unsatisfactory,64,0.109,0,2,less100
546,2017,19,2455.0573248407645,7.805905390196646,1,WC,0,NoSA,wholesretail,2,sufficient,157,0.038,0.019,3,less250
546,2018,20,2179.589285714286,7.6868917369849346,1,WC,0,NoSA,wholesretail,3,satisfactory,112,0.152,0.018,3,less250
546,2020,22,5271.033333333334,8.569981700745917,1,WC,0,NoSA,wholesretail,1,unsatisfactory,60,0.067,0,2,less100
555,2005,7,2394.7272727272725,7.781024629760621,1,WC,0,NoSA,health,1,unsatisfactory,22,0.091,0.591,1,less50
555,2006,8,2439.090909090909,7.799380670621299,1,WC,0,NoSA,health,2,sufficient,22,0.136,0.545,1,less50
555,2007,9,2248.217391304348,7.717892910654902,1,WC,0,NoSA,health,2,sufficient,23,0.087,0.565,1,less50
555,2008,10,1908.8695652173913,7.554266495156408,1,WC,0,NoSA,health,2,sufficient,23,0.087,0.522,1,less50
555,2009,11,2317.15,7.748093261223396,1,WC,0,NoSA,health,2,sufficient,20,0.15,0.55,1,less50
555,2010,12,2134.2083333333335,7.665851052838572,1,WC,0,NoSA,health,2,sufficient,24,0.125,0.458,1,less50
555,2011,13,2227,7.708410667257367,1,WC,0,NoSA,health,2,sufficient,23,0.174,0.565,1,less50
555,2012,14,1368.2682926829268,7.221301199335664,1,WC,0,NoSA,health,2,sufficient,41,0.146,0.561,1,less50
555,2013,15,1401.842105263158,7.245542440184659,1,WC,0,NoSA,health,3,satisfactory,38,0.079,0.737,1,less50
555,2014,16,1323.5365853658536,7.188062664175807,1,WC,0,NoSA,health,2,sufficient,41,0.146,0.537,1,less50
555,2015,17,1481.918918918919,7.301093093778327,1,WC,0,NoSA,health,2,sufficient,37,0.027,0.459,1,less50
555,2016,18,2353.7083333333335,7.7637473775664905,1,WC,0,NoSA,health,2,sufficient,24,0.167,0.542,1,less50
555,2017,19,2793.8636363636365,7.935180732743126,1,WC,0,NoSA,health,2,sufficient,22,0.182,0.682,1,less50
562,1998,0,518.5061383928571,6.250951866351398,0,NoWC,1,SA,wholesretail,2,sufficient,91,0.077,0.143,2,less100
562,2000,2,967.9278231534091,6.87515752163858,1,WC,0,NoSA,wholesretail,4,good,88,0.011,0.477,2,less100
562,2001,3,1758.314453125,7.472110932059268,1,WC,0,NoSA,wholesretail,4,good,56,0.018,0.179,2,less100
562,2002,4,1495.8833333333334,7.310472169753626,1,WC,0,NoSA,wholesretail,4,good,60,0.267,0.117,2,less100
562,2004,6,1889.5217391304348,7.544079027952486,1,WC,0,NoSA,wholesretail,2,sufficient,46,0.022,0.022,1,less50
562,2005,7,878.6964285714286,6.778439478047684,1,WC,0,NoSA,wholesretail,3,satisfactory,56,0.232,0.107,2,less100
568,2006,8,4032.7868852459014,8.302212950741188,0,NoWC,1,SA,wholesretail,4,good,122,0.484,0.402,3,less250
568,2007,9,3378.025,8.125046498169253,0,NoWC,0,NoSA,wholesretail,4,good,120,0.5,0.4,3,less250
568,2008,10,2147.1101694915255,7.671878109786115,0,NoWC,0,NoSA,wholesretail,4,good,118,0.508,0.39,3,less250
568,2009,11,1968.0661157024792,7.584806672425163,0,NoWC,0,NoSA,wholesretail,4,good,121,0.57,0.405,3,less250
612,2002,4,1138.921052631579,7.037836648166601,1,WC,0,NoSA,art,1,unsatisfactory,76,0.026,0.118,2,less100
612,2003,5,1252.835616438356,7.133164754301104,1,WC,0,NoSA,art,4,good,73,0.055,0.123,2,less100
612,2004,6,1413.3188405797102,7.253696005198509,1,WC,0,NoSA,art,1,unsatisfactory,69,0.029,0.116,2,less100
612,2007,9,1140.8028169014085,7.039487518890335,1,WC,0,NoSA,art,2,sufficient,71,0.056,0.127,2,less100
612,2008,10,1107.4324324324325,7.009799490967806,1,WC,0,NoSA,art,2,sufficient,74,0.027,0.162,2,less100
621,2002,4,625.6983240223464,6.438868344436477,0,NoWC,0,NoSA,manufacturing,2,sufficient,895,0.088,0.544,4,more250
621,2003,5,623.4511691884456,6.435270444793224,0,NoWC,0,NoSA,manufacturing,2,sufficient,727,0.114,0.557,4,more250
621,2004,6,566.8934240362812,6.340171321397538,0,NoWC,0,NoSA,manufacturing,2,sufficient,882,0.06,0.545,4,more250
621,2005,7,581.4960541149943,6.365604186234912,0,NoWC,0,NoSA,manufacturing,4,good,887,0.06,0.554,4,more250
621,2006,8,548.4949832775919,6.307178133415649,0,NoWC,0,NoSA,manufacturing,4,good,897,0.059,0.566,4,more250
621,2007,9,594.3739002932551,6.387508583107836,0,NoWC,0,NoSA,manufacturing,4,good,682,0.078,0.57,4,more250
690,2008,10,1995.735294117647,7.59876782989931,1,WC,0,NoSA,wholesretail,3,satisfactory,34,0.029,0.147,1,less50
690,2009,11,831.5588235294117,6.723302040002565,1,WC,1,SA,wholesretail,3,satisfactory,34,0.029,0.147,1,less50
690,2011,13,1884.8666666666666,7.541612363516516,1,WC,1,SA,wholesretail,3,satisfactory,30,0.033,0.133,1,less50
695,2001,3,4286.95234375,8.36333135007946,0,NoWC,0,NoSA,manufacturing,3,satisfactory,20,0.15,0.85,1,less50
695,2002,4,2916.714285714286,7.978213017080886,0,NoWC,0,NoSA,manufacturing,4,good,28,0.107,0.857,1,less50
695,2003,5,1693.8444444444444,7.4347560436310545,0,NoWC,0,NoSA,manufacturing,2,sufficient,45,0.044,0.844,1,less50
695,2004,6,2326.3030303030305,7.752035604172941,0,NoWC,0,NoSA,manufacturing,1,unsatisfactory,33,0.061,0.727,1,less50
695,2005,7,1871.5625,7.534528922458781,0,NoWC,0,NoSA,manufacturing,3,satisfactory,32,0.062,0.812,1,less50
695,2006,8,1650.9032258064517,7.409077826700326,0,NoWC,0,NoSA,manufacturing,4,good,31,0.097,0.645,1,less50
698,2013,15,2174.862068965517,7.68472052494429,1,WC,1,SA,manufacturing,4,good,29,0.241,0.793,1,less50
698,2014,16,2319.8571428571427,7.7492608864097745,1,WC,1,SA,manufacturing,5,very good,28,0.036,0.786,1,less50
698,2015,17,2451.4444444444443,7.804432698972152,1,WC,1,SA,manufacturing,4,good,27,0.074,0.778,1,less50
699,2016,18,1970.142857142857,7.5858613354190245,1,WC,0,NoSA,health,4,good,77,0.468,0.481,2,less100
699,2017,19,2528.36,7.835326150191401,1,WC,0,NoSA,health,4,good,75,0.56,0.493,2,less100
699,2018,20,2573.5064935064934,7.853024642309557,1,WC,0,NoSA,health,4,good,77,0.766,0.532,2,less100
718,2014,16,3192.897435897436,8.068684070650937,1,WC,1,SA,health,1,unsatisfactory,39,0.026,0.872,1,less50
718,2015,17,1820.5238095238096,7.506879546092892,0,NoWC,0,NoSA,health,4,good,42,0.024,0.857,1,less50
718,2016,18,2600.7380952380954,7.863550566506363,0,NoWC,1,SA,health,4,good,42,0.071,0.857,1,less50
718,2018,20,1706.7291666666667,7.442334049788658,0,NoWC,0,NoSA,health,4,good,48,0.104,0.917,1,less50
718,2019,21,2770.0625,7.9266251621037345,0,NoWC,0,NoSA,health,3,satisfactory,48,0.062,0.896,1,less50
796,2017,19,824.5166666666667,6.714797356066623,1,WC,0,NoSA,manufacturing,2,sufficient,120,0.4,0.258,3,less250
796,2018,20,1206.9770992366412,7.0958742476256065,1,WC,0,NoSA,manufacturing,3,satisfactory,131,0.359,0.336,3,less250
796,2019,21,1502.8521126760563,7.315119990152116,1,WC,0,NoSA,manufacturing,3,satisfactory,142,0.43,0.401,3,less250
796,2020,22,2365.73381294964,7.768843533116024,0,NoWC,0,NoSA,manufacturing,5,very good,139,0.532,0.252,3,less250
815,2016,18,1342.75,7.202475028785568,0,NoWC,1,SA,buservices,4,good,132,0.811,0.114,3,less250
815,2017,19,1271.5925925925926,7.14802540375434,0,NoWC,1,SA,buservices,5,very good,135,0.667,0.17,3,less250
815,2018,20,1477.122950819672,7.297851522682037,0,NoWC,1,SA,buservices,4,good,122,0.664,0.107,3,less250
872,2013,15,242.30851063829786,5.490211751589859,1,WC,0,NoSA,buservices,3,satisfactory,188,0.117,0.452,3,less250
872,2014,16,811.7610062893082,6.699205969609002,1,WC,0,NoSA,buservices,3,satisfactory,159,0.157,0.472,3,less250
872,2015,17,897.3525179856115,6.799448781495321,1,WC,0,NoSA,buservices,4,good,139,0.18,0.46,3,less250
872,2016,18,1406.6363636363637,7.248956575691302,1,WC,0,NoSA,buservices,2,sufficient,110,0.264,0.336,3,less250
872,2017,19,1945.7613636363637,7.573408626056987,1,WC,0,NoSA,buservices,2,sufficient,88,0.307,0.352,2,less100
877,2006,8,1913.8846153846155,7.5568902856526705,0,NoWC,1,SA,buservices,3,satisfactory,78,0.167,0.192,2,less100
877,2007,9,1602.3837209302326,7.379247625120168,0,NoWC,0,NoSA,buservices,4,good,86,0.209,0.221,2,less100
877,2008,10,3275.3932584269664,8.094193219769455,0,NoWC,0,NoSA,buservices,4,good,89,0.056,0.236,2,less100
877,2010,12,3129.3493975903616,8.048580401733503,1,WC,0,NoSA,buservices,4,good,83,0.217,0.289,2,less100
877,2011,13,3484.3373493975905,8.156033161470148,1,WC,0,NoSA,buservices,4,good,83,0.337,0.241,2,less100
889,2004,6,7462.686567164179,8.917670758013363,0,NoWC,0,NoSA,wholesretail,2,sufficient,67,0.03,0.045,2,less100
889,2005,7,6877.16,8.835961055008182,0,NoWC,0,NoSA,wholesretail,3,satisfactory,75,0.067,0.04,2,less100
889,2007,9,6236.3538461538465,8.738150971055662,0,NoWC,0,NoSA,wholesretail,3,satisfactory,65,0.062,0.046,2,less100
889,2009,11,4859.154929577465,8.48861981897218,0,NoWC,0,NoSA,wholesretail,4,good,71,0.099,0.042,2,less100
900,2003,5,877.92,6.777555473310665,1,WC,0,NoSA,wholesretail,3,satisfactory,25,0.12,0.6,1,less50
900,2006,8,1161.2962962962963,7.057292156972792,1,WC,1,SA,wholesretail,4,good,27,0.111,0.593,1,less50
900,2007,9,1354.851851851852,7.21144739290968,1,WC,1,SA,wholesretail,4,good,27,0.074,0.407,1,less50
965,2014,16,2792.3333333333335,7.9346328454857,1,WC,0,NoSA,manufacturing,5,very good,33,0.121,0.091,1,less50
965,2015,17,3102.6060606060605,8.039997702024204,1,WC,0,NoSA,manufacturing,5,very good,33,0.121,0.091,1,less50
965,2016,18,4343.636363636364,8.37646714808143,1,WC,0,NoSA,manufacturing,5,very good,33,0.152,0.091,1,less50
974,2012,14,2786.785714285714,7.932644136935603,1,WC,0,NoSA,resthotels,3,satisfactory,28,0.107,0.214,1,less50
974,2013,15,2525.222222222222,7.834084346637793,1,WC,0,NoSA,resthotels,4,good,27,0.111,0.222,1,less50
974,2014,16,2415.214285714286,7.78954329329493,1,WC,0,NoSA,resthotels,5,very good,28,0.107,0.286,1,less50
974,2015,17,2202.2,7.697212139679491,1,WC,0,NoSA,resthotels,4,good,30,0.1,0.2,1,less50
974,2016,18,2757.3214285714284,7.92201499057976,1,WC,0,NoSA,resthotels,3,satisfactory,28,0.143,0.214,1,less50
985,2003,5,1557.5567010309278,7.350873655155251,0,NoWC,0,NoSA,health,3,satisfactory,291,0.309,0.041,4,more250
985,2004,6,1818.1818181818182,7.5055922797377574,0,NoWC,0,NoSA,health,3,satisfactory,275,0.305,0.044,4,more250
985,2005,7,1868.7934782608695,7.533048302827342,0,NoWC,0,NoSA,health,3,satisfactory,276,0.275,0.043,4,more250
986,2008,10,1020.1450980392157,6.927700149140945,1,WC,0,NoSA,wholesretail,3,satisfactory,255,0.051,0.008,4,more250
986,2009,11,1141.5497630331754,7.040142059442046,0,NoWC,0,NoSA,wholesretail,3,satisfactory,211,0.033,0.009,3,less250
986,2011,13,2750.8,7.919647057445681,0,NoWC,0,NoSA,wholesretail,3,satisfactory,100,0.07,0,2,less100
986,2012,14,2449.2672413793102,7.803544173652587,0,NoWC,0,NoSA,wholesretail,3,satisfactory,116,0.06,0.017,3,less250
986,2013,15,2163.176470588235,7.67933300865757,1,WC,0,NoSA,wholesretail,3,satisfactory,136,0.051,0.022,3,less250
986,2014,16,2562.7438016528927,7.848833761029386,1,WC,0,NoSA,wholesretail,3,satisfactory,121,0.058,0.041,3,less250
986,2015,17,2274.6692307692306,7.729589927745984,1,WC,0,NoSA,wholesretail,3,satisfactory,130,0.054,0.046,3,less250
986,2016,18,2472.785123966942,7.813100374933968,1,WC,0,NoSA,wholesretail,3,satisfactory,121,0.058,0.058,3,less250
986,2017,19,2183.6642857142856,7.6887596097170965,1,WC,0,NoSA,wholesretail,3,satisfactory,140,0.05,0.093,3,less250
986,2018,20,2247.178082191781,7.717430522356826,1,WC,0,NoSA,wholesretail,3,satisfactory,146,0.048,0.048,3,less250
1041,2000,2,1060.7279094827586,6.966710658489913,1,WC,0,NoSA,manufacturing,3,satisfactory,174,0.092,0.529,3,less250
1041,2001,3,1269.3166385135135,7.146233954725071,1,WC,0,NoSA,manufacturing,3,satisfactory,185,0.005,0.541,3,less250
1041,2002,4,1705.6825396825398,7.441720626141682,1,WC,0,NoSA,manufacturing,3,satisfactory,189,0.228,0.497,3,less250
1041,2003,5,1734.328125,7.458375369542535,1,WC,0,NoSA,manufacturing,3,satisfactory,192,0.146,0.49,3,less250
1041,2004,6,1826.0058139534883,7.509886245133135,1,WC,0,NoSA,manufacturing,2,sufficient,172,0.169,0.535,3,less250
1041,2005,7,1878.3652694610778,7.5381571400362475,1,WC,0,NoSA,manufacturing,2,sufficient,167,0.012,0.533,3,less250
1053,2013,15,2157.16,7.676547820735992,0,NoWC,1,SA,wholesretail,4,good,25,0.08,0.44,1,less50
1053,2014,16,1875.1538461538462,7.53644598632054,0,NoWC,1,SA,wholesretail,4,good,26,0.154,0.462,1,less50
1053,2015,17,2056.296296296296,7.628661729176357,0,NoWC,1,SA,wholesretail,5,very good,27,0.111,0.444,1,less50
1053,2016,18,797.6428571428571,6.681660949830533,1,WC,1,SA,wholesretail,4,good,28,0.107,0.429,1,less50
1053,2017,19,743.7037037037037,6.6116427078013364,1,WC,1,SA,wholesretail,3,satisfactory,27,0.074,0.444,1,less50
1053,2018,20,978.1851851851852,6.8856990030152945,1,WC,1,SA,wholesretail,3,satisfactory,27,0.074,0.444,1,less50
1053,2019,21,842.4137931034483,6.736271334265312,1,WC,1,SA,wholesretail,3,satisfactory,29,0.034,0.483,1,less50
1053,2020,22,532.483870967742,6.277552607862395,1,WC,1,SA,transcom,3,satisfactory,31,0.032,0.387,1,less50
1055,2008,10,1017.4,6.925005632388665,1,WC,0,NoSA,health,3,satisfactory,30,0.033,0.9,1,less50
1055,2009,11,1237.8529411764705,7.12113365877072,1,WC,0,NoSA,health,3,satisfactory,34,0.059,0.941,1,less50
1055,2010,12,1575.888888888889,7.362574765958388,0,NoWC,0,NoSA,health,3,satisfactory,27,0.333,0.926,1,less50
1055,2011,13,1427.68,7.2638060281518415,1,WC,0,NoSA,health,3,satisfactory,25,0.04,0.8,1,less50
1055,2012,14,1142.3714285714286,7.040861581268563,1,WC,0,NoSA,health,3,satisfactory,35,0.086,0.829,1,less50
1055,2013,15,941.5909090909091,6.847570901153186,1,WC,0,NoSA,health,3,satisfactory,44,0.25,0.864,1,less50
1055,2014,16,1073.8333333333333,6.978990079910587,1,WC,0,NoSA,health,1,unsatisfactory,42,0.357,0.833,1,less50
1055,2015,17,591.9830508474577,6.38347800414891,1,WC,0,NoSA,health,3,satisfactory,59,0.39,0.831,2,less100
1055,2016,18,1068.2962962962963,6.973820412032321,1,WC,0,NoSA,health,3,satisfactory,54,0.407,0.815,2,less100
1055,2017,19,816.1095890410959,6.70454864624209,0,NoWC,0,NoSA,health,2,sufficient,73,0.37,0.836,2,less100
1055,2018,20,732.9397590361446,6.597063514384037,1,WC,0,NoSA,health,3,satisfactory,83,0.325,0.916,2,less100
1055,2019,21,693.2183908045977,6.541345087790448,1,WC,0,NoSA,health,3,satisfactory,87,0.506,0.897,2,less100
1055,2021,23,1169.2295081967213,7.0641002708562874,1,WC,0,NoSA,edu,1,unsatisfactory,61,0.377,0.934,2,less100
1059,2004,6,2565.4285714285716,7.849880828025441,0,NoWC,0,NoSA,public,3,satisfactory,112,0.152,0.116,3,less250
1059,2005,7,2273.1941747572814,7.728941246845902,0,NoWC,1,SA,public,2,sufficient,103,0.146,0.058,3,less250
1059,2006,8,3468.867924528302,8.151583573177296,0,NoWC,0,NoSA,public,3,satisfactory,106,0.236,0.132,3,less250
1059,2007,9,2914.9150943396226,7.97759597120417,0,NoWC,0,NoSA,public,3,satisfactory,106,0.226,0.132,3,less250
1095,2001,3,1220.7093599759614,7.107187411358294,0,NoWC,0,NoSA,manufacturing,3,satisfactory,26,0.154,0.692,1,less50
1095,2004,6,863.4285714285714,6.760911174337317,1,WC,0,NoSA,manufacturing,4,good,28,0.214,0.75,1,less50
1095,2006,8,1115.5238095238096,7.017079357906397,1,WC,0,NoSA,manufacturing,4,good,21,0.048,0.714,1,less50
1095,2007,9,1115.5238095238096,7.017079357906397,1,WC,0,NoSA,mining,4,good,21,0.048,0.714,1,less50
1095,2009,11,1546.1,7.343490910108549,1,WC,0,NoSA,construction,4,good,20,0.05,0.65,1,less50
1095,2010,12,1366.5416666666667,7.220038496426622,1,WC,0,NoSA,construction,4,good,24,0.042,0.708,1,less50
1095,2011,13,1860.7142857142858,7.5287157175662545,1,WC,0,NoSA,construction,4,good,21,0.048,0.714,1,less50
1099,2000,2,1513.974609375,7.322493663298642,1,WC,0,NoSA,art,3,satisfactory,26,0.077,0.269,1,less50
1099,2001,3,2270.9618389423076,7.727958738328228,1,WC,0,NoSA,art,4,good,26,0.038,0.269,1,less50
1099,2003,5,2921.4285714285716,7.979828012415634,1,WC,0,NoSA,art,2,sufficient,28,0.071,0.286,1,less50
1099,2005,7,902.21875,6.8048570072899315,1,WC,0,NoSA,art,3,satisfactory,32,0.062,0.312,1,less50
1101,2019,21,1386.8830409356726,7.234814091550662,1,WC,0,NoSA,manufacturing,4,good,171,0.047,0.749,3,less250
1101,2020,22,1583.4674556213017,7.367372313586442,1,WC,0,NoSA,manufacturing,4,good,169,0.053,0.746,3,less250
1101,2021,23,1552.4970760233919,7.347619930407078,1,WC,0,NoSA,manufacturing,2,sufficient,171,0.047,0.737,3,less250
1121,2003,5,1033.1640625,6.940381277902854,0,NoWC,0,NoSA,manufacturing,2,sufficient,128,0.094,0.484,3,less250
1121,2005,7,801.5189873417721,6.6865086615279266,0,NoWC,0,NoSA,manufacturing,2,sufficient,79,0.215,0.494,2,less100
1121,2006,8,956.6704545454545,6.863458979532897,0,NoWC,0,NoSA,manufacturing,1,unsatisfactory,88,0.443,0.534,2,less100
1121,2007,9,972.4875,6.879857221939558,0,NoWC,0,NoSA,manufacturing,2,sufficient,80,0.2,0.512,2,less100
1121,2009,11,970.5140845070423,6.877825915133374,0,NoWC,0,NoSA,manufacturing,4,good,142,0.063,0.5,3,less250
1133,2019,21,2884.43842364532,7.967085506145572,0,NoWC,0,NoSA,construction,4,good,203,0.069,0.108,3,less250
1133,2020,22,2667.181818181818,7.8887776951548405,0,NoWC,0,NoSA,construction,4,good,220,0.041,0.105,3,less250
1133,2021,23,2277.427450980392,7.73080177395293,0,NoWC,0,NoSA,construction,2,sufficient,255,0.098,0.106,4,more250
1141,2002,4,215.17551020408163,5.371454021644992,1,WC,0,NoSA,manufacturing,2,sufficient,245,0.008,0.073,3,less250
1141,2004,6,2040.3589743589744,7.620881039180768,1,WC,0,NoSA,manufacturing,3,satisfactory,39,0.231,0.282,1,less50
1141,2006,8,2486.7,7.81871180926559,1,WC,0,NoSA,manufacturing,3,satisfactory,40,0.075,0.25,1,less50
1141,2007,9,3208.6451612903224,8.07360405889438,1,WC,0,NoSA,manufacturing,3,satisfactory,31,0.387,0.097,1,less50
1141,2009,11,1492,7.307872780763706,1,WC,0,NoSA,manufacturing,3,satisfactory,30,0.467,0.233,1,less50
1141,2010,12,1509.1724137931035,7.319316709227832,1,WC,0,NoSA,manufacturing,3,satisfactory,29,0.483,0.31,1,less50
1159,2010,12,3216.6666666666665,8.076100905664921,1,WC,0,NoSA,manufacturing,3,satisfactory,21,0.81,0.714,1,less50
1159,2011,13,3365.1428571428573,8.121225695009148,1,WC,0,NoSA,manufacturing,4,good,21,0.571,0.81,1,less50
1159,2012,14,3663.3,8.206119659507086,1,WC,0,NoSA,manufacturing,4,good,20,0.6,0.85,1,less50
1159,2013,15,3612.5714285714284,8.19217510484014,1,WC,0,NoSA,manufacturing,4,good,21,0.571,0.714,1,less50
1159,2015,17,3095.086956521739,8.037571280530717,1,WC,0,NoSA,manufacturing,4,good,23,0.739,0.652,1,less50
1159,2016,18,2634.217391304348,7.876341411663093,1,WC,0,NoSA,manufacturing,4,good,23,0.739,0.652,1,less50
1159,2018,20,3659.913043478261,8.205194667500674,1,WC,0,NoSA,manufacturing,4,good,23,0.739,0.87,1,less50
1187,2006,8,1497.9150326797385,7.311829441960978,0,NoWC,0,NoSA,public,4,good,153,0.542,0.935,3,less250
1187,2007,9,1432.38125,7.267093548119587,0,NoWC,0,NoSA,public,3,satisfactory,160,0.637,0.912,3,less250
1187,2008,10,1434.530864197531,7.268593150838292,0,NoWC,0,NoSA,public,5,very good,162,0.685,0.914,3,less250
1187,2009,11,1202.8275862068965,7.09243038584214,0,NoWC,0,NoSA,public,5,very good,203,0.355,0.906,3,less250
1187,2010,12,1118.75,7.019967269589065,0,NoWC,0,NoSA,public,4,good,224,0.379,0.915,3,less250
1187,2011,13,1053.8725099601593,6.9602267634931945,0,NoWC,0,NoSA,public,4,good,251,0.39,0.904,4,more250
1187,2012,14,984.3198529411765,6.891950898035721,0,NoWC,0,NoSA,public,4,good,272,0.445,0.915,4,more250
1187,2013,15,938.0474452554745,6.843800529022849,0,NoWC,0,NoSA,public,4,good,274,0.467,0.931,4,more250
1187,2016,18,958.2070175438596,6.865063848095612,0,NoWC,0,NoSA,public,4,good,285,0.733,0.919,4,more250
1187,2017,19,922.3826366559485,6.826960144683949,0,NoWC,0,NoSA,public,4,good,311,0.74,0.91,4,more250
1187,2018,20,932.8738170347003,6.838269947365206,0,NoWC,0,NoSA,public,4,good,317,0.722,0.909,4,more250
1187,2019,21,898.8299120234605,6.801093819712305,0,NoWC,0,NoSA,public,4,good,341,0.742,0.9,4,more250
1187,2020,22,990.6501457725948,6.8983614404886895,0,NoWC,0,NoSA,public,4,good,343,0.726,0.924,4,more250
1187,2021,23,1039.6073446327684,6.946598367606527,0,NoWC,0,NoSA,public,2,sufficient,354,0.723,0.898,4,more250
1203,2006,8,1185.987012987013,7.078330629233815,0,NoWC,0,NoSA,buservices,4,good,154,0.006,0.201,3,less250
1203,2007,9,771.4470588235295,6.648268048351505,0,NoWC,0,NoSA,buservices,3,satisfactory,170,0.024,0.153,3,less250
1203,2008,10,396.81553398058253,5.983471522780998,0,NoWC,0,NoSA,buservices,3,satisfactory,206,0.029,0.214,3,less250
1203,2009,11,518.8712121212121,6.251655706170622,0,NoWC,0,NoSA,buservices,4,good,132,0.598,0.227,3,less250
1234,1998,0,3431.4890939597317,8.140749584129951,0,NoWC,0,NoSA,manufacturing,1,unsatisfactory,298,0.215,0.674,4,more250
1234,1999,1,3039.1475087412587,8.019332330317729,0,NoWC,0,NoSA,manufacturing,1,unsatisfactory,286,0.311,0.671,4,more250
1234,2000,2,2300.813419117647,7.741017999880046,0,NoWC,0,NoSA,manufacturing,3,satisfactory,272,0.246,0.673,4,more250
1234,2001,3,2816.3233816964284,7.943187547934793,0,NoWC,0,NoSA,manufacturing,5,very good,224,0.344,0.746,3,less250
1234,2002,4,3060.1092896174864,8.026205909869912,0,NoWC,0,NoSA,manufacturing,4,good,183,0.257,0.781,3,less250
1234,2004,6,2873.5632183908046,7.9633080781898,0,NoWC,0,NoSA,manufacturing,4,good,174,0.322,0.776,3,less250
1234,2005,7,3016.2982456140353,8.011785612041832,0,NoWC,0,NoSA,manufacturing,4,good,171,0.661,0.702,3,less250
1234,2007,9,2486.8895705521472,7.818788040144536,0,NoWC,0,NoSA,manufacturing,5,very good,163,0.595,0.748,3,less250
1234,2008,10,2251.921686746988,7.719539213675782,0,NoWC,0,NoSA,manufacturing,5,very good,166,0.627,0.747,3,less250
1234,2011,13,1742.1686746987953,7.462885980910204,0,NoWC,0,NoSA,manufacturing,3,satisfactory,166,0.831,0.741,3,less250
1256,2011,13,1165.3375796178343,7.060766091937492,1,WC,0,NoSA,public,4,good,157,0.051,0.803,3,less250
1256,2012,14,1145.6580645161291,7.043734479730023,1,WC,0,NoSA,public,3,satisfactory,155,0.019,0.819,3,less250
1256,2013,15,1336,7.197435354096591,1,WC,0,NoSA,public,3,satisfactory,145,0.055,0.793,3,less250
1269,2013,15,635.2835820895523,6.454071485170656,1,WC,0,NoSA,manufacturing,1,unsatisfactory,67,0.015,0.597,2,less100
1269,2014,16,645.4788732394367,6.4699924804550895,1,WC,0,NoSA,manufacturing,4,good,71,0.014,0.648,2,less100
1269,2015,17,1867.2272727272727,7.5322098676420275,1,WC,0,NoSA,manufacturing,3,satisfactory,22,0.045,0.545,1,less50
1269,2016,18,2454.6521739130435,7.805740349503813,1,WC,0,NoSA,manufacturing,3,satisfactory,23,0.087,0.565,1,less50
1294,2015,17,2147.1428571428573,7.671893333691707,1,WC,1,SA,buservices,4,good,49,0.592,0.939,1,less50
1294,2016,18,2420.327272727273,7.791658046671241,1,WC,1,SA,buservices,4,good,55,0.509,0.855,2,less100
1294,2017,19,2361.581818181818,7.7670869354358905,1,WC,1,SA,buservices,4,good,55,0.455,0.909,2,less100
1294,2018,20,2008.9272727272728,7.605356163426607,1,WC,1,SA,buservices,4,good,55,0.382,0.927,2,less100
1294,2019,21,1973.0357142857142,7.587328607372071,1,WC,1,SA,buservices,5,very good,56,0.321,0.911,2,less100
1329,2008,10,5881.71875,8.679604302601827,1,WC,0,NoSA,edu,3,satisfactory,32,0.125,0.031,1,less50
1329,2009,11,5464.314285714286,8.605993918943868,1,WC,0,NoSA,edu,2,sufficient,35,0.114,0.086,1,less50
1329,2010,12,5312.525,8.577822519103952,1,WC,0,NoSA,edu,2,sufficient,40,0.3,0.075,1,less50
1329,2012,14,5059.538461538462,8.529030544986648,1,WC,0,NoSA,edu,4,good,39,0.308,0.077,1,less50
1329,2013,15,4903.871794871795,8.497780334303636,1,WC,0,NoSA,edu,4,good,39,0.282,0.077,1,less50
1329,2014,16,5481.166666666667,8.609073252660185,1,WC,0,NoSA,edu,4,good,36,0.306,0.083,1,less50
1329,2015,17,4862.777777777777,8.489365112830319,1,WC,0,NoSA,edu,4,good,36,0.306,0.083,1,less50
1329,2016,18,5755.25,8.657867760699006,1,WC,0,NoSA,edu,4,good,32,0.344,0.094,1,less50
1329,2017,19,7252.033333333334,8.889037168297346,1,WC,0,NoSA,edu,4,good,30,0.3,0.033,1,less50
1347,2013,15,1728.525,7.455023722664664,1,WC,0,NoSA,manufacturing,1,unsatisfactory,40,0.225,0.625,1,less50
1347,2016,18,2940.2093023255816,7.986236049065954,1,WC,0,NoSA,manufacturing,4,good,43,0.419,0.512,1,less50
1347,2018,20,3677.5581395348836,8.210004261877444,1,WC,0,NoSA,manufacturing,1,unsatisfactory,43,0.535,0.465,1,less50
1347,2019,21,2824.4285714285716,7.946061347519567,1,WC,0,NoSA,manufacturing,3,satisfactory,42,0.571,0.405,1,less50
1347,2021,23,5339.054054054054,8.582803772826919,1,WC,0,NoSA,manufacturing,3,satisfactory,37,0.622,0.541,1,less50
1380,2012,14,1125.2803738317757,7.0257875047718805,1,WC,0,NoSA,manufacturing,5,very good,107,0.15,0.196,3,less250
1380,2013,15,1461.3823529411766,7.287138083836814,1,WC,0,NoSA,manufacturing,3,satisfactory,102,0.157,0.196,3,less250
1380,2014,16,1285.74,7.159089707063046,1,WC,0,NoSA,manufacturing,3,satisfactory,100,0.16,0.18,2,less100
1380,2015,17,1588.8877551020407,7.370789525339382,1,WC,0,NoSA,manufacturing,3,satisfactory,98,0.163,0.194,2,less100
1380,2016,18,1465.2,7.2897470309046595,1,WC,1,SA,manufacturing,3,satisfactory,95,0.168,0.211,2,less100
1380,2017,19,1754.720430107527,7.4700648241264895,1,WC,0,NoSA,manufacturing,3,satisfactory,93,0.183,0.183,2,less100
1389,2000,2,1751.1633333333334,7.468035607965999,0,NoWC,0,NoSA,manufacturing,2,sufficient,225,0.004,0.898,3,less250
1389,2001,3,2898.8039906103286,7.972053513876351,0,NoWC,0,NoSA,manufacturing,2,sufficient,213,0.014,0.817,3,less250
1389,2002,4,2361.753926701571,7.767159811271582,0,NoWC,0,NoSA,manufacturing,3,satisfactory,191,0.031,0.838,3,less250
1405,2009,11,549.3630573248407,6.308759529545298,0,NoWC,0,NoSA,finance,4,good,628,0.328,0.503,4,more250
1405,2010,12,494.7352380952381,6.204022746938476,0,NoWC,0,NoSA,finance,3,satisfactory,525,0.379,0.528,4,more250
1405,2011,13,486.0504201680672,6.186312363721117,0,NoWC,0,NoSA,finance,4,good,595,0.348,0.511,4,more250
1405,2012,14,511.7647058823529,6.237864960586459,0,NoWC,0,NoSA,finance,3,satisfactory,646,0.387,0.511,4,more250
1405,2013,15,537.8151260504202,6.28751486923028,0,NoWC,0,NoSA,finance,2,sufficient,595,0.424,0.555,4,more250
1417,2008,10,1700.139534883721,7.4384656060193475,1,WC,1,SA,wholesretail,4,good,43,0.116,0.558,1,less50
1417,2010,12,2491,7.820439515262181,1,WC,0,NoSA,wholesretail,4,good,36,0.194,0.444,1,less50
1417,2011,13,2524.3333333333335,7.833732280445713,1,WC,0,NoSA,wholesretail,4,good,39,0.128,0.538,1,less50
1417,2012,14,2738.5714285714284,7.915191686984377,1,WC,0,NoSA,wholesretail,4,good,42,0.167,0.571,1,less50
1417,2013,15,1841.3818181818183,7.518271556894831,1,WC,0,NoSA,wholesretail,4,good,55,0.073,0.436,2,less100
1431,2004,6,3238.614285714286,8.08290082770674,0,NoWC,0,NoSA,health,3,satisfactory,70,0.957,0.186,2,less100
1431,2007,9,3179.844155844156,8.064587466977134,0,NoWC,0,NoSA,health,3,satisfactory,77,0.805,0.338,2,less100
1431,2009,11,2289.259842519685,7.7359838314302465,0,NoWC,0,NoSA,health,1,unsatisfactory,127,0.559,0.205,3,less250
1457,2012,14,2299.41,7.740407847270782,0,NoWC,0,NoSA,manufacturing,3,satisfactory,100,0.61,0.55,2,less100
1457,2013,15,1955.2767857142858,7.578287040768673,0,NoWC,0,NoSA,manufacturing,4,good,112,0.402,0.545,3,less250
1457,2014,16,1244.2651515151515,7.126300394891889,0,NoWC,0,NoSA,manufacturing,3,satisfactory,132,0.22,0.583,3,less250
1457,2015,17,1774.5862068965516,7.481322551856973,0,NoWC,0,NoSA,manufacturing,4,good,145,0.379,0.628,3,less250
1457,2016,18,1086.2698412698412,6.990504942253834,0,NoWC,0,NoSA,manufacturing,4,good,126,0.214,0.627,3,less250
1457,2017,19,875.6190476190476,6.774931119202695,0,NoWC,0,NoSA,manufacturing,4,good,126,0.302,0.571,3,less250
1458,2004,6,4065.040650406504,8.310179022031912,0,NoWC,0,NoSA,public,4,good,123,0.016,0.203,3,less250
1458,2005,7,2367.885714285714,7.76975273229096,0,NoWC,1,SA,public,4,good,175,0.017,0.103,3,less250
1458,2007,9,1634.5282258064517,7.399109494786316,0,NoWC,1,SA,public,4,good,248,0.02,0.093,3,less250
1458,2009,11,2574.626865671642,7.853459896062586,0,NoWC,0,NoSA,public,4,good,134,0.03,0.201,3,less250
1460,2016,18,9048.75,9.110381905607351,1,WC,0,NoSA,manufacturing,4,good,64,0.078,0,2,less100
1460,2017,19,6061.63768115942,8.70973528696966,1,WC,0,NoSA,manufacturing,4,good,69,0.058,0,2,less100
1460,2019,21,7933.1506849315065,8.978805547818633,1,WC,0,NoSA,manufacturing,4,good,73,0.068,0,2,less100
1460,2020,22,4526.35294117647,8.417671803969856,1,WC,0,NoSA,manufacturing,4,good,68,0.074,0,2,less100
1463,1998,0,11115.040760869566,9.316054493586316,0,NoWC,0,NoSA,manufacturing,3,satisfactory,92,0.065,0.75,2,less100
1463,1999,1,8048.112847222223,8.993192914013362,0,NoWC,0,NoSA,manufacturing,3,satisfactory,108,0.185,0.833,3,less250
1463,2001,3,4096.470373376624,8.317880997376204,0,NoWC,0,NoSA,manufacturing,3,satisfactory,154,0.039,0.76,3,less250
1463,2002,4,3236.9942196531792,8.082400468213553,0,NoWC,0,NoSA,manufacturing,3,satisfactory,173,0.156,0.803,3,less250
1477,2005,7,1946.8145161290322,7.573949734336386,0,NoWC,1,SA,buservices,2,sufficient,248,0.032,0.44,3,less250
1477,2006,8,2024.6913580246915,7.613172552133896,0,NoWC,1,SA,buservices,4,good,243,0.041,0.449,3,less250
1477,2007,9,2122.3193717277486,7.660264812904669,0,NoWC,1,SA,buservices,3,satisfactory,191,0.047,0.497,3,less250
1477,2008,10,2186.0760233918127,7.6898634455296655,0,NoWC,1,SA,buservices,3,satisfactory,171,0.094,0.485,3,less250
1503,2006,8,3591.2408759124087,8.18625306964632,0,NoWC,0,NoSA,manufacturing,3,satisfactory,137,0.007,0.175,3,less250
1503,2007,9,2834.7062937062938,7.949693610691391,0,NoWC,0,NoSA,manufacturing,4,good,143,0.007,0.189,3,less250
1503,2008,10,2336.36875,7.756353186798499,0,NoWC,0,NoSA,manufacturing,4,good,160,0.006,0.206,3,less250
1509,2006,8,401.8333333333333,5.996037408953116,1,WC,0,NoSA,health,3,satisfactory,24,0.667,0.583,1,less50
1509,2007,9,401.8333333333333,5.996037408953116,1,WC,0,NoSA,health,2,sufficient,24,0.667,0.5,1,less50
1509,2008,10,308.6,5.73204593992906,1,WC,0,NoSA,health,1,unsatisfactory,25,0.64,0.52,1,less50
1509,2009,11,378.39130434782606,5.935928856860364,1,WC,0,NoSA,health,1,unsatisfactory,23,0.391,0.522,1,less50
1509,2010,12,362.69565217391306,5.8935640588277405,1,WC,0,NoSA,health,1,unsatisfactory,23,0.696,0.478,1,less50
1517,2000,2,3253.5789473684213,8.087510884006683,0,NoWC,0,NoSA,health,3,satisfactory,114,0.079,0.895,3,less250
1517,2001,3,2948.764423076923,7.989141521961105,0,NoWC,0,NoSA,health,2,sufficient,117,0.299,0.812,3,less250
1517,2002,4,2685.3553719008264,7.895568352710325,0,NoWC,0,NoSA,health,2,sufficient,121,0.041,0.587,3,less250
1526,2001,3,1128.6273941532259,7.028757477926291,1,WC,0,NoSA,buservices,3,satisfactory,124,0.032,0.065,3,less250
1526,2002,4,1588.9159663865546,7.370807280548317,1,WC,0,NoSA,buservices,4,good,119,0.025,0.042,3,less250
1526,2003,5,2804.4918032786886,7.938977626240854,1,WC,0,NoSA,buservices,1,unsatisfactory,61,0.033,0.082,2,less100
1526,2005,7,4752.055555555556,8.466332551958056,1,WC,0,NoSA,buservices,3,satisfactory,36,0.056,0.139,1,less50
1526,2006,8,1317.6341463414635,7.18359309408733,1,WC,0,NoSA,buservices,3,satisfactory,82,0.037,0.049,2,less100
1526,2007,9,1535.9529411764706,7.336906275983385,1,WC,0,NoSA,manufacturing,4,good,85,0.024,0.059,2,less100
1573,2017,19,5155.678571428572,8.5478540214309,1,WC,0,NoSA,public,3,satisfactory,84,0.202,0.786,2,less100
1573,2018,20,6020.705882352941,8.702959787633702,1,WC,0,NoSA,public,3,satisfactory,85,0.059,0.788,2,less100
1573,2019,21,7883.642857142857,8.972545367543715,1,WC,0,NoSA,public,3,satisfactory,84,0.214,0.881,2,less100
1574,2013,15,6048.571428571428,8.707577395633542,1,WC,0,NoSA,transcom,4,good,21,0.095,0.095,1,less50
1574,2016,18,4592.7037037037035,8.432224171838573,1,WC,0,NoSA,transcom,4,good,27,0.148,0.074,1,less50
1574,2017,19,7381.142857142857,8.906683764296593,1,WC,0,NoSA,transcom,4,good,28,0.179,0.071,1,less50
1574,2018,20,8414.5,9.037711687153127,1,WC,0,NoSA,transcom,4,good,28,0.179,0,1,less50
1574,2020,22,4024.657894736842,8.300195191143938,0,NoWC,0,NoSA,transcom,4,good,38,0.132,0.053,1,less50
1588,2015,17,1404.741935483871,7.247608889085186,1,WC,0,NoSA,transcom,4,good,31,0.581,1,1,less50
1588,2017,19,1606.2592592592594,7.381663313146299,1,WC,0,NoSA,transcom,4,good,27,0.63,1,1,less50
1588,2018,20,1551.4137931034484,7.346921918763316,1,WC,0,NoSA,transcom,4,good,29,0.552,1,1,less50
1588,2019,21,1485.1666666666667,7.303282278384665,1,WC,0,NoSA,transcom,4,good,30,0.633,1,1,less50
1588,2021,23,2177.3333333333335,7.685856165422246,1,WC,0,NoSA,transcom,3,satisfactory,30,0.333,1,1,less50
1589,2002,4,2276.3823529411766,7.730342774520558,1,WC,0,NoSA,wholesretail,1,unsatisfactory,34,0.235,0,1,less50
1589,2003,5,2072.9411764705883,7.6367237359938995,1,WC,0,NoSA,wholesretail,2,sufficient,34,0.206,0,1,less50
1589,2004,6,2700.777777777778,7.901295076353043,1,WC,0,NoSA,wholesretail,1,unsatisfactory,36,0.139,0,1,less50
1591,2008,10,1532.2058823529412,7.334463729230123,1,WC,0,NoSA,public,2,sufficient,34,0.059,0.059,1,less50
1591,2009,11,1318.560975609756,7.184296250920269,1,WC,0,NoSA,public,2,sufficient,41,0.049,0.122,1,less50
1591,2010,12,1340.340909090909,7.200679270357615,1,WC,0,NoSA,public,4,good,44,0.045,0.045,1,less50
1591,2011,13,1675.4318181818182,7.423826212933561,1,WC,0,NoSA,public,3,satisfactory,44,0.023,0.045,1,less50
1591,2020,22,2621.1111111111113,7.871353595065502,1,WC,0,NoSA,public,4,good,36,0.028,0.083,1,less50
1597,2014,16,2093.3636363636365,7.646527446659249,1,WC,0,NoSA,resthotels,1,unsatisfactory,33,0.182,0.667,1,less50
1597,2015,17,2607,7.865955413933502,1,WC,0,NoSA,resthotels,2,sufficient,32,0.062,0.688,1,less50
1597,2016,18,3210.1666666666665,8.074078135856167,1,WC,0,NoSA,resthotels,1,unsatisfactory,30,0.1,0.633,1,less50
1597,2017,19,3123.967741935484,8.046859185021336,1,WC,0,NoSA,resthotels,1,unsatisfactory,31,0.065,0.484,1,less50
1597,2018,20,2869.4333333333334,7.961869844427278,1,WC,0,NoSA,resthotels,1,unsatisfactory,30,0.2,0.7,1,less50
1597,2019,21,2021.9032258064517,7.611794537805214,1,WC,0,NoSA,resthotels,2,sufficient,31,0.097,0.645,1,less50
1597,2020,22,1957.6774193548388,7.579514059443534,1,WC,0,NoSA,transcom,1,unsatisfactory,31,0.032,0.613,1,less50
1597,2021,23,2478.151515151515,7.815268204448802,1,WC,0,NoSA,transcom,1,unsatisfactory,33,0.03,0.727,1,less50
1620,2000,2,2503.591875,7.825481729718551,1,WC,0,NoSA,health,4,good,25,0.04,0.6,1,less50
1620,2001,3,1539.0934495192307,7.338948852930611,1,WC,0,NoSA,health,4,good,39,0.154,0.718,1,less50
1620,2002,4,1655.6,7.4119187598745775,1,WC,0,NoSA,health,4,good,40,0.4,0.675,1,less50
1629,2015,17,4311,8.368925174747135,1,WC,0,NoSA,finance,1,unsatisfactory,89,0.18,0.472,2,less100
1629,2016,18,3321.89898989899,8.108291883298852,1,WC,0,NoSA,finance,3,satisfactory,99,0.111,0.495,2,less100
1629,2017,19,4664.787234042553,8.447797503247228,1,WC,0,NoSA,finance,3,satisfactory,94,0.106,0.5,2,less100
1638,2019,21,1939.3978494623657,7.570132817002329,0,NoWC,0,NoSA,wholesretail,4,good,93,0.129,0.559,2,less100
1638,2020,22,1648.9896907216496,7.407918070703579,0,NoWC,0,NoSA,construction,5,very good,97,0.041,0.392,2,less100
1638,2021,23,1781.6315789473683,7.48528484083511,0,NoWC,0,NoSA,construction,3,satisfactory,114,0.053,0.333,3,less250
1651,2003,5,623.4722222222222,6.435304212759922,1,WC,0,NoSA,health,5,very good,36,0.056,0.806,1,less50
1651,2005,7,528.9333333333333,6.270862399972065,1,WC,0,NoSA,health,3,satisfactory,30,0.033,0.833,1,less50
1651,2006,8,500.56666666666666,6.215740790018125,1,WC,0,NoSA,health,4,good,30,0.033,0.767,1,less50
1651,2007,9,545.3448275862069,6.301418305753275,1,WC,0,NoSA,health,4,good,29,0.034,0.793,1,less50
1651,2008,10,878.3928571428571,6.778093939054236,1,WC,0,NoSA,health,4,good,28,0.036,0.821,1,less50
1651,2009,11,677.2222222222222,6.517999464579153,1,WC,0,NoSA,health,4,good,27,0.037,0.889,1,less50
1651,2010,12,1177.5714285714287,7.071209485257914,1,WC,0,NoSA,health,4,good,28,0.036,0.786,1,less50
1651,2011,13,778.448275862069,6.657302548298712,1,WC,0,NoSA,health,4,good,29,0.034,0.759,1,less50
1667,2009,11,2021.4444444444443,7.611567606360584,0,NoWC,0,NoSA,transcom,2,sufficient,27,0.296,0.852,1,less50
1667,2010,12,2530.185185185185,7.836047774768259,0,NoWC,0,NoSA,transcom,2,sufficient,27,0.333,0.778,1,less50
1667,2011,13,2291.653846153846,7.737029039445419,0,NoWC,0,NoSA,transcom,3,satisfactory,26,0.692,0.808,1,less50
1674,1998,0,2676.9208115183246,7.89242246202878,0,NoWC,0,NoSA,public,1,unsatisfactory,382,0.335,0.783,4,more250
1674,1999,1,2374.8529713114754,7.772690807736215,0,NoWC,0,NoSA,public,2,sufficient,366,0.358,0.76,4,more250
1674,2000,2,1724.0254820936639,7.452417231911192,0,NoWC,0,NoSA,public,1,unsatisfactory,363,0.394,0.749,4,more250
1675,2007,9,2608.925,7.866693538077311,1,WC,0,NoSA,construction,4,good,40,0.125,0.025,1,less50
1675,2008,10,2733.15,7.9132100691639975,1,WC,0,NoSA,construction,4,good,40,0.15,0.025,1,less50
1675,2009,11,1961.6052631578948,7.581518428832652,1,WC,1,SA,construction,4,good,38,0.158,0.026,1,less50
1675,2010,12,2218.8837209302324,7.704759519995921,1,WC,1,SA,construction,4,good,43,0.14,0.023,1,less50
1675,2011,13,1452.5961538461538,7.281107685396398,1,WC,1,SA,construction,4,good,52,0.115,0.019,2,less100
1675,2012,14,2350.903846153846,7.762555148577283,1,WC,0,NoSA,construction,4,good,52,0.058,0.019,2,less100
1675,2013,15,2308.3548387096776,7.744290358752557,1,WC,0,NoSA,construction,4,good,62,0.081,0.016,2,less100
1675,2015,17,2186.5333333333333,7.6900726158011805,1,WC,0,NoSA,construction,4,good,60,0.083,0.017,2,less100
1675,2018,20,2186.52,7.690066517849788,1,WC,0,NoSA,construction,4,good,50,0.1,0.02,1,less50
1675,2019,21,2067.26,7.633979337934874,1,WC,0,NoSA,construction,4,good,50,0.06,0.04,1,less50
1675,2021,23,4622.674418604651,8.438728695076122,1,WC,0,NoSA,construction,4,good,43,0.163,0.023,1,less50
1717,2005,7,3087.681818181818,8.035175867682316,0,NoWC,0,NoSA,buservices,3,satisfactory,22,0.091,0.591,1,less50
1717,2006,8,3144.875,8.053529422716682,0,NoWC,0,NoSA,buservices,2,sufficient,24,0.125,0.333,1,less50
1717,2007,9,2641.72,7.879185499148019,1,WC,0,NoSA,buservices,1,unsatisfactory,25,0.12,0.52,1,less50
1725,1998,0,319.95801550196853,5.768189785629747,1,WC,0,NoSA,construction,3,satisfactory,254,0.012,0.638,4,more250
1725,1999,1,463.3872803514377,6.138563163092075,1,WC,0,NoSA,construction,4,good,313,0.016,0.438,4,more250
1725,2000,2,484.9741554054054,6.1840956016937305,1,WC,0,NoSA,construction,2,sufficient,370,0.014,0.476,4,more250
1725,2001,3,1257.116180981595,7.1365756315121125,1,WC,0,NoSA,construction,4,good,163,0.031,0.417,3,less250
1725,2002,4,891.6967741935484,6.793126135542666,1,WC,0,NoSA,construction,3,satisfactory,155,0.019,0.355,3,less250
1727,2013,15,1109.7368421052631,7.0118781870142195,1,WC,0,NoSA,health,3,satisfactory,38,0.447,0.5,1,less50
1727,2014,16,1405.6666666666667,7.24826696507845,1,WC,0,NoSA,health,3,satisfactory,30,0.533,0.2,1,less50
1727,2015,17,1916.8181818181818,7.55842189338229,1,WC,0,NoSA,health,3,satisfactory,22,0.864,0.182,1,less50
1746,2001,3,346.71504780783584,5.848503254713722,0,NoWC,0,NoSA,manufacturing,4,good,268,0.063,0.216,4,more250
1746,2002,4,1944.4444444444443,7.572731582575386,0,NoWC,0,NoSA,manufacturing,3,satisfactory,288,0.042,0.264,4,more250
1746,2004,6,1597.444089456869,7.376160186864175,0,NoWC,0,NoSA,manufacturing,3,satisfactory,313,0.026,0.252,4,more250
1746,2005,7,1562.990909090909,7.354356514083966,0,NoWC,0,NoSA,manufacturing,3,satisfactory,330,0.012,0.245,4,more250
1815,1999,1,808.1479352678572,6.694745129965289,1,WC,0,NoSA,manufacturing,3,satisfactory,70,0.429,0.486,2,less100
1815,2000,2,761.2806199596774,6.635002041479117,1,WC,0,NoSA,manufacturing,4,good,62,0.5,0.387,2,less100
1815,2001,3,2997.6083984375,8.005570049196097,1,WC,0,NoSA,manufacturing,3,satisfactory,64,0.531,0.547,2,less100
1828,2002,4,5529.357142857143,8.61782683872768,1,WC,0,NoSA,buservices,1,unsatisfactory,42,0.238,0.31,1,less50
1828,2003,5,5278.022727272727,8.571306823092787,1,WC,0,NoSA,buservices,1,unsatisfactory,44,0.182,0.295,1,less50
1828,2004,6,4330.84,8.373516797562928,1,WC,0,NoSA,buservices,4,good,50,0.26,0.18,1,less50
1864,2000,2,1444.5390625,7.275545561769801,0,NoWC,0,NoSA,finance,4,good,33,0.03,0.364,1,less50
1864,2001,3,1286.3372767857143,7.159554138518384,0,NoWC,0,NoSA,finance,2,sufficient,35,0.029,0.343,1,less50
1864,2002,4,1204.28125,7.093638194934903,0,NoWC,0,NoSA,finance,3,satisfactory,32,0.031,0.375,1,less50
1864,2003,5,1569.6060606060605,7.358579950046037,0,NoWC,0,NoSA,finance,2,sufficient,33,0.03,0.364,1,less50
1864,2004,6,537.4705882352941,6.286874038942405,0,NoWC,0,NoSA,finance,1,unsatisfactory,34,0.029,0.353,1,less50
1873,2008,10,9837.342105263158,9.19394084230594,0,NoWC,0,NoSA,manufacturing,5,very good,38,0.079,0.816,1,less50
1873,2011,13,6426.666666666667,8.768211279496427,0,NoWC,0,NoSA,manufacturing,3,satisfactory,45,0.4,0.844,1,less50
1873,2012,14,7513.636363636364,8.9244748304508,0,NoWC,0,NoSA,manufacturing,2,sufficient,44,0.045,0.795,1,less50
1873,2013,15,6175.977272727273,8.728422411763786,0,NoWC,0,NoSA,manufacturing,2,sufficient,44,0.068,0.841,1,less50
1873,2014,16,6715.25,8.812136338346221,0,NoWC,0,NoSA,manufacturing,2,sufficient,44,0.25,0.909,1,less50
1886,2007,9,979.1111111111111,6.886645130586015,1,WC,0,NoSA,public,4,good,27,0.148,0.778,1,less50
1886,2008,10,1010.3214285714286,6.9180238053160785,1,WC,0,NoSA,public,3,satisfactory,28,0.071,0.786,1,less50
1886,2009,11,780.3793103448276,6.659780096794273,1,WC,0,NoSA,public,5,very good,58,0.017,0.845,2,less100
1886,2011,13,830.1754385964912,6.7216370502577725,1,WC,0,NoSA,public,5,very good,57,0.035,0.772,2,less100
1886,2012,14,830.1754385964912,6.7216370502577725,1,WC,0,NoSA,public,4,good,57,0.035,0.772,2,less100
1886,2013,15,956.4912280701755,6.863271617975919,1,WC,0,NoSA,public,4,good,57,0.035,0.614,2,less100
1904,2012,14,491.52,6.197502630519253,0,NoWC,1,SA,transcom,3,satisfactory,25,0.12,0.28,1,less50
1904,2013,15,887.6190476190476,6.788542650516159,0,NoWC,1,SA,transcom,2,sufficient,21,0.286,0.19,1,less50
1904,2014,16,992.047619047619,6.899771109204959,1,WC,1,SA,transcom,4,good,21,0.286,0.238,1,less50
1916,2017,19,2653.690476190476,7.883706582691665,1,WC,0,NoSA,public,2,sufficient,126,0.69,0.659,3,less250
1916,2018,20,2386.029197080292,7.777385839414632,1,WC,0,NoSA,public,4,good,137,0.533,0.657,3,less250
1916,2019,21,2566.365517241379,7.850245981344934,1,WC,0,NoSA,public,4,good,145,0.483,0.621,3,less250
1916,2020,22,2095.4469696969695,7.647522160290894,1,WC,0,NoSA,public,2,sufficient,132,0.538,0.659,3,less250
1916,2021,23,2859.4180327868853,7.958373398068458,1,WC,0,NoSA,public,1,unsatisfactory,122,0.508,0.664,3,less250
1919,2017,19,2148.4666666666667,7.672509688394517,1,WC,0,NoSA,public,3,satisfactory,120,0.05,0.367,3,less250
1919,2018,20,1761.509090909091,7.473926158658744,1,WC,0,NoSA,public,4,good,165,0.036,0.333,3,less250
1919,2019,21,2216.0915492957747,7.703500359872926,1,WC,0,NoSA,public,4,good,142,0.035,0.345,3,less250
1919,2020,22,2228.518987341772,7.70909251258445,1,WC,0,NoSA,buservices,3,satisfactory,158,0.089,0.373,3,less250
1919,2021,23,1912.1634615384614,7.555990582393511,1,WC,0,NoSA,buservices,3,satisfactory,208,0.067,0.438,3,less250
1921,2018,20,4653.7943262411345,8.445438149985215,1,WC,0,NoSA,transcom,4,good,141,0.681,0.872,3,less250
1921,2019,21,3885.116788321168,8.264908323693845,1,WC,0,NoSA,transcom,5,very good,137,0.701,0.81,3,less250
1921,2020,22,4763.615384615385,8.468762193508113,1,WC,0,NoSA,wholesretail,5,very good,130,0.685,0.869,3,less250
1932,2000,2,10648.408482142857,9.273165721674111,1,WC,0,NoSA,wholesretail,3,satisfactory,21,0.048,0.095,1,less50
1932,2001,3,16673.59375,9.721581534394028,1,WC,0,NoSA,wholesretail,1,unsatisfactory,21,0.048,0.095,1,less50
1932,2002,4,10198.391304347826,9.229985271573986,1,WC,0,NoSA,wholesretail,1,unsatisfactory,23,0.13,0.087,1,less50
1932,2004,6,8619.52380952381,9.061785119617175,1,WC,0,NoSA,wholesretail,2,sufficient,21,0.095,0.143,1,less50
1932,2005,7,11523.608695652174,9.352153140026749,1,WC,0,NoSA,wholesretail,2,sufficient,23,0.13,0.13,1,less50
1932,2009,11,13800,9.532423871145296,1,WC,0,NoSA,wholesretail,3,satisfactory,25,0.12,0.12,1,less50
1935,1999,1,2056.181640625,7.628605969280215,1,WC,0,NoSA,wholesretail,3,satisfactory,24,0.042,0.792,1,less50
1935,2000,2,1021.6945482336956,6.929217849607508,1,WC,0,NoSA,wholesretail,3,satisfactory,23,0.043,0.783,1,less50
1935,2001,3,2247.750339673913,7.717685145982172,1,WC,0,NoSA,wholesretail,3,satisfactory,23,0.13,0.87,1,less50
1935,2002,4,2298,7.739794458408701,1,WC,0,NoSA,wholesretail,2,sufficient,24,0.083,0.833,1,less50
1935,2004,6,2506.909090909091,7.826805835398331,1,WC,0,NoSA,wholesretail,4,good,22,0.045,0.773,1,less50
1935,2006,8,2038.9545454545455,7.620192477758314,1,WC,0,NoSA,wholesretail,2,sufficient,22,0.273,0.818,1,less50
1935,2007,9,2278.0434782608695,7.731072229979892,1,WC,0,NoSA,wholesretail,3,satisfactory,23,0.261,0.826,1,less50
1935,2008,10,2278.0434782608695,7.731072229979892,1,WC,1,SA,wholesretail,3,satisfactory,23,0.304,0.783,1,less50
1935,2009,11,2310,7.745002803515839,1,WC,0,NoSA,wholesretail,3,satisfactory,23,0.348,0.783,1,less50
1935,2020,22,2009.4186046511627,7.60560070779453,1,WC,0,NoSA,transcom,2,sufficient,43,0.163,0.837,1,less50
1935,2021,23,1901.090909090909,7.550183163065633,1,WC,0,NoSA,transcom,2,sufficient,44,0.182,0.841,1,less50
1966,2009,11,823.552380952381,6.713627155308691,0,NoWC,0,NoSA,buservices,1,unsatisfactory,105,0.676,0.371,3,less250
1966,2010,12,791.2588235294118,6.673625124776193,0,NoWC,0,NoSA,buservices,4,good,85,0.859,0.412,2,less100
1966,2011,13,1525.095238095238,7.3298121383015085,0,NoWC,0,NoSA,buservices,4,good,63,0.952,0.27,2,less100
1976,2006,8,2240.4,7.714409700335677,1,WC,0,NoSA,manufacturing,4,good,20,0.3,0.05,1,less50
1976,2007,9,1593.8529411764705,7.373909597362956,0,NoWC,1,SA,manufacturing,4,good,34,0.059,0.088,1,less50
1976,2008,10,1293.2857142857142,7.164941324420127,0,NoWC,0,NoSA,manufacturing,4,good,42,0.262,0.048,1,less50
1976,2009,11,1393.5681818181818,7.239622774191626,0,NoWC,0,NoSA,manufacturing,3,satisfactory,44,0.023,0.159,1,less50
1979,2002,4,2253.5,7.720239842130703,1,WC,0,NoSA,buservices,3,satisfactory,26,0.269,0.115,1,less50
1979,2003,5,1648.516129032258,7.407630846529592,1,WC,0,NoSA,buservices,3,satisfactory,31,0.387,0.097,1,less50
1979,2004,6,2210.222222222222,7.70084834249841,1,WC,0,NoSA,buservices,4,good,27,0.407,0.111,1,less50
1979,2005,7,2250.4074074074074,7.718866548766127,1,WC,0,NoSA,buservices,1,unsatisfactory,27,0.593,0.074,1,less50
2015,2009,11,2070.181818181818,7.635391717272602,1,WC,0,NoSA,manufacturing,4,good,88,0.034,0.011,2,less100
2015,2010,12,1902.90625,7.551137601763127,1,WC,0,NoSA,manufacturing,1,unsatisfactory,96,0.042,0.01,2,less100
2015,2011,13,1403.0645161290322,7.246414063456495,1,WC,0,NoSA,manufacturing,2,sufficient,93,0.054,0.011,2,less100
2015,2012,14,2846.939393939394,7.953999799358931,1,WC,0,NoSA,manufacturing,3,satisfactory,66,0.045,0,2,less100
2018,2015,17,2462.714285714286,7.8090193888396655,0,NoWC,0,NoSA,transcom,4,good,21,0.095,0.095,1,less50
2018,2016,18,3106.9523809523807,8.041397582900439,0,NoWC,0,NoSA,transcom,4,good,21,0.333,0.095,1,less50
2018,2017,19,2819.8695652173915,7.9444459093934245,0,NoWC,0,NoSA,transcom,4,good,23,0.043,0.087,1,less50
2029,2003,5,986.3472222222222,6.894008444966743,1,WC,0,NoSA,health,2,sufficient,72,0.097,0.833,2,less100
2029,2004,6,1257.265625,7.136694502892923,1,WC,0,NoSA,health,4,good,64,0.078,0.719,2,less100
2029,2005,7,1265.8870967741937,7.143528417664216,1,WC,1,SA,edu,1,unsatisfactory,62,0.097,0.726,2,less100
2029,2006,8,1659.3090909090909,7.4141565844153146,1,WC,0,NoSA,edu,1,unsatisfactory,55,0.055,0.745,2,less100
2029,2007,9,1703.6842105263158,7.440548367753849,1,WC,0,NoSA,edu,3,satisfactory,57,0.053,0.719,2,less100
2029,2008,10,1582.6140350877192,7.366833211509154,1,WC,1,SA,edu,4,good,57,0.07,0.772,2,less100
2029,2009,11,1558.6909090909091,7.3516015871118645,1,WC,1,SA,health,4,good,55,0.073,0.782,2,less100
2039,2007,9,2245.7714285714287,7.716804361896779,0,NoWC,0,NoSA,edu,4,good,35,0.171,0.343,1,less50
2039,2008,10,2211.2195121951218,7.701299457790532,0,NoWC,0,NoSA,edu,4,good,41,0.146,0.366,1,less50
2039,2009,11,2331.2571428571428,7.7541629473476,0,NoWC,0,NoSA,transcom,3,satisfactory,35,0.2,0.314,1,less50
2039,2010,12,2266.5,7.7259920703809035,0,NoWC,0,NoSA,transcom,4,good,40,0.25,0.3,1,less50
2039,2011,13,2379.825,7.774782234550336,0,NoWC,0,NoSA,transcom,3,satisfactory,40,0.2,0.275,1,less50
2039,2013,15,2100.6585365853657,7.650006163402982,0,NoWC,0,NoSA,transcom,3,satisfactory,41,0.195,0.293,1,less50
2041,2000,2,3713.988715277778,8.219861703479866,1,WC,0,NoSA,wholesretail,1,unsatisfactory,72,0.014,0.069,2,less100
2041,2001,3,3241.2972916666668,8.083728927310773,1,WC,0,NoSA,wholesretail,2,sufficient,75,0.013,0.107,2,less100
2041,2002,4,3301.7916666666665,8.102220529414717,1,WC,0,NoSA,wholesretail,2,sufficient,72,0.028,0.111,2,less100
2041,2003,5,3616.154929577465,8.19316656616321,1,WC,0,NoSA,wholesretail,3,satisfactory,71,0.028,0.113,2,less100
2091,2015,17,5527.829787234043,8.617550573952114,1,WC,0,NoSA,manufacturing,4,good,47,0.043,0.936,1,less50
2091,2016,18,2479.9772727272725,7.816004674894162,1,WC,0,NoSA,manufacturing,4,good,44,0.114,0.932,1,less50
2091,2017,19,2057.68,7.629334413536316,1,WC,0,NoSA,manufacturing,4,good,50,0.12,0.92,1,less50
2104,2019,21,4844.1029023746705,8.485517347712143,0,NoWC,0,NoSA,manufacturing,4,good,379,0.588,0.916,4,more250
2104,2020,22,3158.763925729443,8.057936067313008,0,NoWC,0,NoSA,manufacturing,4,good,377,0.639,0.942,4,more250
2104,2021,23,4181.677524429967,8.338467766644778,0,NoWC,0,NoSA,manufacturing,4,good,307,0.834,0.811,4,more250
2119,2018,20,4788.8125,8.474037747352295,1,WC,0,NoSA,manufacturing,4,good,80,0.963,0.6,2,less100
2119,2019,21,3786.373493975904,8.239163978244248,1,WC,0,NoSA,manufacturing,4,good,83,0.952,0.59,2,less100
2119,2021,23,1835.9728260869565,7.515329770464673,1,WC,0,NoSA,manufacturing,3,satisfactory,184,0.348,0.636,3,less250
2137,2005,7,8319.145161290322,9.0263147834994,0,NoWC,0,NoSA,public,4,good,62,0.081,0.065,2,less100
2137,2008,10,5756.0625,8.658008926183193,0,NoWC,0,NoSA,public,4,good,64,0.094,0.078,2,less100
2137,2009,11,5750,8.656955133791396,0,NoWC,0,NoSA,public,4,good,60,0.1,0.083,2,less100
2137,2010,12,7421.028571428571,8.912072948040686,0,NoWC,0,NoSA,public,2,sufficient,35,0.2,0.057,1,less50
2137,2011,13,9037.5,9.10913786646702,0,NoWC,0,NoSA,public,2,sufficient,32,0.125,0.125,1,less50
2140,2002,4,944.4545454545455,6.850607560272161,1,WC,1,SA,manufacturing,3,satisfactory,33,0.03,0.394,1,less50
2140,2003,5,1113.107142857143,7.014910611563438,1,WC,1,SA,manufacturing,1,unsatisfactory,28,0.036,0.429,1,less50
2140,2004,6,820,6.709304340258298,1,WC,1,SA,manufacturing,2,sufficient,27,0.037,0.481,1,less50
2140,2005,7,833.8620689655172,6.726068003747718,1,WC,1,SA,manufacturing,3,satisfactory,29,0.034,0.517,1,less50
2140,2006,8,1209.0714285714287,7.097607929573838,1,WC,1,SA,manufacturing,2,sufficient,28,0.036,0.5,1,less50
2140,2007,9,902,6.804614520062624,1,WC,1,SA,manufacturing,3,satisfactory,28,0.036,0.464,1,less50
2153,2012,14,2899.6875,7.972358251547498,1,WC,0,NoSA,wholesretail,4,good,64,0.047,0.578,2,less100
2153,2013,15,4264.234375,8.358017930329478,1,WC,0,NoSA,wholesretail,4,good,64,0.078,0.578,2,less100
2153,2014,16,4534.523076923077,8.419475192062693,1,WC,0,NoSA,wholesretail,4,good,65,0.077,0.585,2,less100
2153,2015,17,3694.8,8.214681704718455,1,WC,0,NoSA,wholesretail,3,satisfactory,65,0.077,0.585,2,less100
2153,2016,18,2519.1846153846154,7.83169056282335,1,WC,0,NoSA,wholesretail,4,good,65,0.062,0.585,2,less100
2153,2017,19,2807.0793650793653,7.939899849948417,1,WC,0,NoSA,wholesretail,4,good,63,0.063,0.571,2,less100
2153,2018,20,2685.7936507936506,7.895731550153533,1,WC,0,NoSA,wholesretail,4,good,63,0.063,0.571,2,less100
2153,2020,22,3411.390625,8.134875295064402,1,WC,0,NoSA,wholesretail,4,good,64,0.062,0.562,2,less100
2153,2021,23,2687.123076923077,7.896226412152678,1,WC,0,NoSA,wholesretail,3,satisfactory,65,0.077,0.538,2,less100
2160,2010,12,2705.5833333333335,7.903072818062264,0,NoWC,0,NoSA,health,3,satisfactory,96,0.042,0.104,2,less100
2160,2011,13,2892,7.969703583278656,0,NoWC,0,NoSA,health,4,good,100,0.03,0.12,2,less100
2160,2012,14,2109.040404040404,7.653988338209159,0,NoWC,0,NoSA,health,4,good,99,0.04,0.141,2,less100
2160,2013,15,2366.1666666666665,7.769026484435519,0,NoWC,0,NoSA,health,2,sufficient,102,0.059,0.157,3,less250
2166,1998,0,1682.1722098214286,7.427841219252435,1,WC,1,SA,buservices,3,satisfactory,70,0.171,0.4,2,less100
2166,1999,1,3818.977195945946,8.247737915996886,1,WC,0,NoSA,buservices,4,good,37,0.243,0.486,1,less50
2166,2000,2,2970.3156672297296,7.996423511411402,1,WC,0,NoSA,buservices,4,good,37,0.216,0.568,1,less50
2166,2001,3,2329.3857230392155,7.753359873620497,1,WC,0,NoSA,buservices,4,good,51,0.157,0.529,2,less100
2166,2002,4,2603.478260869565,7.864603622604415,1,WC,0,NoSA,buservices,3,satisfactory,46,0.065,0.435,1,less50
2176,2015,17,2153.04,7.674636075919138,1,WC,0,NoSA,manufacturing,3,satisfactory,50,0.04,0.16,1,less50
2176,2016,18,2186.6153846153848,7.690110140837421,1,WC,0,NoSA,manufacturing,4,good,52,0.058,0.135,2,less100
2176,2017,19,2488.5686274509803,7.819462975756796,1,WC,0,NoSA,manufacturing,4,good,51,0.039,0.118,2,less100
2176,2018,20,2518.176470588235,7.831290295781685,1,WC,0,NoSA,manufacturing,4,good,51,0.039,0.137,2,less100
2235,2019,21,2152.104712041885,7.67420157810994,1,WC,0,NoSA,transcom,2,sufficient,191,0.052,0.173,3,less250
2235,2020,22,2094.9881656804732,7.647303183500414,1,WC,0,NoSA,wholesretail,4,good,169,0.053,0.166,3,less250
2235,2021,23,2627.72602739726,7.873874122799044,1,WC,0,NoSA,wholesretail,2,sufficient,146,0.055,0.144,3,less250
2243,2012,14,1800.984375,7.496088669402619,0,NoWC,1,SA,buservices,3,satisfactory,64,0.047,0.625,2,less100
2243,2013,15,3258.921875,8.089151706472903,0,NoWC,0,NoSA,buservices,4,good,64,0.047,0.594,2,less100
2243,2015,17,2718.3015873015875,7.907762547827671,0,NoWC,0,NoSA,buservices,5,very good,63,0.048,0.556,2,less100
2243,2016,18,2656.8636363636365,7.884901622035411,0,NoWC,0,NoSA,buservices,5,very good,66,0.03,0.591,2,less100
2243,2017,19,2785.8805970149256,7.932319295206999,0,NoWC,0,NoSA,buservices,5,very good,67,0.03,0.627,2,less100
2243,2018,20,3257.181818181818,8.088617627538166,0,NoWC,0,NoSA,buservices,5,very good,66,0.045,0.606,2,less100
2291,2002,4,1696.969696969697,7.436599408250806,0,NoWC,0,NoSA,buservices,2,sufficient,330,0.042,0.139,4,more250
2291,2004,6,1607.717041800643,7.382570465225094,0,NoWC,0,NoSA,buservices,4,good,311,0.045,0.312,4,more250
2291,2005,7,1742.5236486486488,7.463089714220432,0,NoWC,0,NoSA,buservices,3,satisfactory,296,0.044,0.182,4,more250
2298,2019,21,1874.3,7.535990535364939,1,WC,0,NoSA,manufacturing,4,good,20,0.1,0.3,1,less50
2298,2020,22,1972.904761904762,7.5872622341554505,1,WC,0,NoSA,manufacturing,3,satisfactory,21,0.095,0.381,1,less50
2298,2021,23,2124.6923076923076,7.661382274494419,1,WC,0,NoSA,manufacturing,4,good,26,0.077,0.308,1,less50
2318,2019,21,2736.695652173913,7.914506505259636,1,WC,0,NoSA,health,4,good,23,0.783,0.957,1,less50
2318,2020,22,4109.130434782609,8.320966712059953,1,WC,0,NoSA,art,4,good,23,0.87,0.957,1,less50
2318,2021,23,3511.076923076923,8.163678085093034,1,WC,0,NoSA,art,4,good,26,0.654,0.962,1,less50
2323,2011,13,1978.28125,7.589983691154627,1,WC,0,NoSA,manufacturing,3,satisfactory,32,0.094,0.031,1,less50
2323,2012,14,2637.3548387096776,7.877531738813659,1,WC,0,NoSA,manufacturing,3,satisfactory,31,0.065,0.065,1,less50
2323,2013,15,2051.03125,7.626097994426321,1,WC,0,NoSA,manufacturing,3,satisfactory,32,0.031,0.062,1,less50
2323,2014,16,2082.1875,7.641174302756856,1,WC,0,NoSA,manufacturing,3,satisfactory,32,0.031,0.062,1,less50
2323,2015,17,2225.3548387096776,7.70767165995683,1,WC,0,NoSA,manufacturing,3,satisfactory,31,0.032,0.065,1,less50
2343,2008,10,3115.1583333333333,8.044035259250279,0,NoWC,0,NoSA,manufacturing,3,satisfactory,120,0.367,0.625,3,less250
2343,2010,12,2258.573913043478,7.72248888116685,0,NoWC,0,NoSA,manufacturing,2,sufficient,115,0.461,0.643,3,less250
2343,2011,13,2430.252100840336,7.795750276155217,0,NoWC,0,NoSA,manufacturing,2,sufficient,119,0.487,0.605,3,less250
2343,2012,14,2732.2314049586776,7.91287391877232,0,NoWC,0,NoSA,manufacturing,3,satisfactory,121,0.818,0.636,3,less250
2343,2013,15,2666.6666666666665,7.888584531993863,0,NoWC,0,NoSA,manufacturing,2,sufficient,120,0.858,0.667,3,less250
2343,2014,16,2590.1639344262294,7.859476447835792,0,NoWC,0,NoSA,manufacturing,2,sufficient,122,0.885,0.697,3,less250
2343,2017,19,5720.4098360655735,8.651795731468942,0,NoWC,0,NoSA,manufacturing,3,satisfactory,122,0.434,0.689,3,less250
2343,2018,20,3264.439024390244,8.090843212060529,0,NoWC,0,NoSA,manufacturing,3,satisfactory,123,0.683,0.691,3,less250
2343,2019,21,3286.296875,8.09751663992106,0,NoWC,0,NoSA,manufacturing,1,unsatisfactory,128,0.328,0.672,3,less250
2403,2002,4,1244.4444444444443,7.126444479946967,0,NoWC,0,NoSA,health,3,satisfactory,450,0.2,0.267,4,more250
2403,2003,5,1100.118932038835,7.003173572977217,0,NoWC,0,NoSA,health,4,good,412,0.109,0.311,4,more250
2403,2005,7,1099.7590618336887,7.002846400098213,0,NoWC,0,NoSA,health,1,unsatisfactory,469,0.128,0.469,4,more250
2403,2006,8,1060.344827586207,6.96634944324819,0,NoWC,0,NoSA,health,1,unsatisfactory,464,0.116,0.358,4,more250
2405,2009,11,2786.5714285714284,7.932567240476647,1,WC,0,NoSA,manufacturing,2,sufficient,28,0.107,0.107,1,less50
2405,2010,12,2077.5405405405404,7.6389400406381425,1,WC,0,NoSA,manufacturing,2,sufficient,37,0.081,0.054,1,less50
2405,2012,14,1969.595744680851,7.585583594928694,1,WC,0,NoSA,manufacturing,2,sufficient,47,0.085,0.085,1,less50
2405,2013,15,1572.4262295081967,7.360375074601781,1,WC,0,NoSA,manufacturing,1,unsatisfactory,61,0.066,0.066,2,less100
2405,2014,16,1531.923076923077,7.334279138154208,1,WC,0,NoSA,manufacturing,4,good,65,0.062,0.062,2,less100
2405,2015,17,1335.948051948052,7.197396470068201,1,WC,0,NoSA,manufacturing,3,satisfactory,77,0.091,0.052,2,less100
2405,2016,18,1173.3837209302326,7.067646922976597,1,WC,0,NoSA,manufacturing,4,good,86,0.081,0.047,2,less100
2405,2017,19,1717.064935064935,7.4483716790903,1,WC,0,NoSA,manufacturing,4,good,77,0.091,0.026,2,less100
2405,2018,20,1307.139534883721,7.175596467592013,1,WC,0,NoSA,manufacturing,4,good,86,0.047,0.035,2,less100
2405,2019,21,1442.2409638554218,7.273953407806518,1,WC,0,NoSA,manufacturing,2,sufficient,83,0.048,0.024,2,less100
2405,2020,22,987.0235294117647,6.894693878472292,1,WC,0,NoSA,manufacturing,3,satisfactory,85,0.141,0.024,2,less100
2414,2003,5,3190.6363636363635,8.067975662917341,1,WC,0,NoSA,manufacturing,3,satisfactory,55,0.018,0.8,2,less100
2414,2004,6,3232.5185185185187,8.081016839482972,1,WC,0,NoSA,manufacturing,1,unsatisfactory,54,0.167,0.796,2,less100
2414,2005,7,3017.596153846154,8.012215817864544,1,WC,0,NoSA,manufacturing,3,satisfactory,52,0.154,0.808,2,less100
2414,2007,9,3647.6458333333335,8.201837261320334,1,WC,0,NoSA,manufacturing,3,satisfactory,48,0.167,0.771,1,less50
2414,2008,10,5423.466666666666,8.598490496368763,1,WC,0,NoSA,manufacturing,3,satisfactory,30,0.267,0.567,1,less50
2414,2010,12,6051.206896551724,8.708013018163337,1,WC,0,NoSA,manufacturing,4,good,29,0.241,0.586,1,less50
2414,2011,13,6115.241379310345,8.718539520655442,1,WC,0,NoSA,manufacturing,2,sufficient,29,0.138,0.586,1,less50
2414,2012,14,5488.517241379311,8.610413414486983,1,WC,0,NoSA,manufacturing,2,sufficient,29,0.103,0.724,1,less50
2414,2013,15,6755.586206896552,8.818125027812828,1,WC,0,NoSA,manufacturing,1,unsatisfactory,29,0.103,0.552,1,less50
2414,2014,16,6599.206896551724,8.794704753604728,1,WC,0,NoSA,manufacturing,3,satisfactory,29,0.138,0.552,1,less50
2414,2015,17,2791.9166666666665,7.9344836162544015,1,WC,0,NoSA,manufacturing,4,good,72,0.042,0.639,2,less100
2414,2016,18,3260.377049180328,8.089598126930506,1,WC,0,NoSA,manufacturing,4,good,61,0.016,0.574,2,less100
2463,2002,4,2960.4,7.993079673323312,1,WC,0,NoSA,manufacturing,2,sufficient,20,0.15,0.9,1,less50
2463,2007,9,2685.1428571428573,7.895489211167393,1,WC,1,SA,manufacturing,1,unsatisfactory,21,0.238,0.857,1,less50
2463,2008,10,2208.55,7.700091470581074,1,WC,0,NoSA,manufacturing,1,unsatisfactory,20,0.25,0.9,1,less50
2475,2014,16,1688.8035714285713,7.4317756113048326,0,NoWC,1,SA,transcom,4,good,168,0.03,0.179,3,less250
2475,2015,17,1915.1520467836258,7.557552296261146,0,NoWC,1,SA,transcom,4,good,171,0.14,0.205,3,less250
2475,2017,19,1733.7699530516431,7.458053480172273,0,NoWC,1,SA,transcom,5,very good,213,0.099,0.207,3,less250
2475,2018,20,1801.334862385321,7.496283259256172,0,NoWC,1,SA,transcom,4,good,218,0.092,0.211,3,less250
2475,2019,21,1952.3361344537816,7.576781952175867,0,NoWC,1,SA,transcom,5,very good,238,0.071,0.189,3,less250
2532,1999,1,1605.5646033653845,7.381230751502561,1,WC,0,NoSA,manufacturing,4,good,104,0.029,0.029,3,less250
2532,2001,3,1576.0959595959596,7.362706156632724,1,WC,0,NoSA,manufacturing,3,satisfactory,99,0.01,0.03,2,less100
2532,2002,4,1034.4907407407406,6.9416645466774325,1,WC,0,NoSA,manufacturing,3,satisfactory,108,0.056,0.028,3,less250
2561,2006,8,1283.6376811594203,7.157453264647318,1,WC,0,NoSA,health,3,satisfactory,69,0.014,0.29,2,less100
2561,2009,11,1297.8985507246377,7.168501736062099,1,WC,1,SA,health,3,satisfactory,69,0.014,0.29,2,less100
2561,2010,12,1656.6,7.412522588164164,1,WC,0,NoSA,health,1,unsatisfactory,60,0.033,0.233,2,less100
2561,2011,13,1645.5737704918033,7.4058443990356135,1,WC,0,NoSA,health,1,unsatisfactory,61,0.016,0.295,2,less100
2561,2012,14,1484,7.302496423727326,1,WC,0,NoSA,health,4,good,63,0.016,0.286,2,less100
2561,2013,15,1537.2586206896551,7.337755992682324,1,WC,0,NoSA,health,3,satisfactory,58,0.052,0.276,2,less100
2561,2015,17,1238.6379310344828,7.121767612154608,1,WC,0,NoSA,health,4,good,58,0.034,0.293,2,less100
2561,2016,18,1668,7.419380582918692,1,WC,0,NoSA,health,5,very good,59,0.068,0.305,2,less100
2561,2018,20,2548.1785714285716,7.843134097214603,1,WC,0,NoSA,health,4,good,56,0.054,0.268,2,less100
2561,2019,21,3274.096153846154,8.093797126420455,1,WC,0,NoSA,health,4,good,52,0.058,0.308,2,less100
2561,2021,23,3469.025,8.151628853631587,1,WC,0,NoSA,buservices,2,sufficient,40,0.05,0.3,1,less50
2563,2014,16,1513.0697674418604,7.321895824715885,1,WC,0,NoSA,manufacturing,4,good,43,0.07,0.302,1,less50
2563,2015,17,1465.046511627907,7.289642269498666,1,WC,0,NoSA,manufacturing,4,good,43,0.116,0.302,1,less50
2563,2016,18,1786.3513513513512,7.487930467369275,1,WC,0,NoSA,manufacturing,4,good,37,0.135,0.378,1,less50
2563,2017,19,1478.6818181818182,7.298906306491187,1,WC,0,NoSA,manufacturing,4,good,44,0.114,0.341,1,less50
2563,2018,20,1619.5227272727273,7.3898867720249415,1,WC,0,NoSA,manufacturing,4,good,44,0.114,0.273,1,less50
2563,2019,21,1801.2790697674418,7.496252285846901,1,WC,0,NoSA,manufacturing,4,good,43,0.14,0.326,1,less50
2563,2020,22,3073.6190476190477,8.030610989164224,1,WC,0,NoSA,manufacturing,4,good,42,0.143,0.286,1,less50
2563,2021,23,5158.295454545455,8.54836146563552,1,WC,0,NoSA,manufacturing,4,good,44,0.136,0.364,1,less50
2564,2015,17,2036.142857142857,7.618812540799718,1,WC,0,NoSA,construction,3,satisfactory,21,0.048,0,1,less50
2564,2016,18,1697.68,7.437017892102794,1,WC,0,NoSA,construction,3,satisfactory,25,0.04,0.04,1,less50
2564,2017,19,2700.818181818182,7.901310036391042,1,WC,0,NoSA,construction,4,good,22,0.045,0.045,1,less50
2564,2018,20,2073.7391304347825,7.637108599988703,1,WC,0,NoSA,construction,4,good,23,0.043,0.043,1,less50
2564,2019,21,2397.782608695652,7.7822996762218315,1,WC,0,NoSA,construction,3,satisfactory,23,0.087,0.043,1,less50
2564,2020,22,2235.88,7.712390165571881,1,WC,0,NoSA,construction,3,satisfactory,25,0.08,0.04,1,less50
2564,2021,23,2755.625,7.921399556112202,1,WC,0,NoSA,construction,4,good,24,0.083,0.042,1,less50
2569,2010,12,2417.735294117647,7.790586552112499,0,NoWC,0,NoSA,health,2,sufficient,34,0.147,0.765,1,less50
2569,2011,13,1826.7333333333333,7.510284586958341,0,NoWC,0,NoSA,health,3,satisfactory,45,0.022,0.8,1,less50
2569,2012,14,2417.735294117647,7.790586552112499,0,NoWC,0,NoSA,health,3,satisfactory,34,0.118,0.824,1,less50
2569,2013,15,3876.75,8.262752452744259,0,NoWC,0,NoSA,health,3,satisfactory,28,0.179,0.786,1,less50
2580,2008,10,518.4633204633204,6.2508692835343345,0,NoWC,0,NoSA,health,4,good,259,0.22,0.668,4,more250
2580,2011,13,618.6654135338346,6.427564599138002,0,NoWC,0,NoSA,health,4,good,266,0.316,0.669,4,more250
2580,2012,14,628.9221789883269,6.444007527247105,0,NoWC,0,NoSA,health,4,good,257,0.304,0.626,4,more250
2581,2009,11,1380.6,7.2302734662693755,0,NoWC,0,NoSA,construction,4,good,25,0.04,0.04,1,less50
2581,2013,15,1970.5,7.586042596635059,1,WC,0,NoSA,construction,3,satisfactory,24,0.042,0.042,1,less50
2581,2014,16,2035.7083333333333,7.6185991126606005,0,NoWC,0,NoSA,construction,2,sufficient,24,0.042,0.042,1,less50
2581,2015,17,3182.875,8.065540155383095,0,NoWC,0,NoSA,construction,2,sufficient,24,0.042,0.042,1,less50
2581,2016,18,3126.391304347826,8.04763468048195,0,NoWC,0,NoSA,construction,2,sufficient,23,0.043,0.043,1,less50
2581,2018,20,3558.478260869565,8.177088277649306,1,WC,0,NoSA,construction,4,good,23,0.043,0.043,1,less50
2581,2020,22,3379.2608695652175,8.125412286920195,1,WC,0,NoSA,construction,5,very good,23,0.043,0.043,1,less50
2581,2021,23,3193.478260869565,8.068865965672874,0,NoWC,0,NoSA,construction,2,sufficient,23,0.087,0.043,1,less50
2582,2002,4,3679.223021582734,8.210456873431278,0,NoWC,0,NoSA,buservices,4,good,139,0.612,0.23,3,less250
2582,2009,11,2518.2481751824816,7.831318770185372,1,WC,0,NoSA,buservices,4,good,137,0.912,0.299,3,less250
2582,2020,22,4112.163841807909,8.32170465113886,1,WC,0,NoSA,art,3,satisfactory,177,0.034,0.316,3,less250
2582,2021,23,5019.430555555556,8.521071771103227,1,WC,0,NoSA,art,4,good,144,0.118,0.389,3,less250
2590,2010,12,1198.8260869565217,7.08909809609707,0,NoWC,0,NoSA,manufacturing,1,unsatisfactory,23,0.087,0.696,1,less50
2590,2011,13,2403.590909090909,7.78471911024714,1,WC,0,NoSA,manufacturing,1,unsatisfactory,22,0.091,0.727,1,less50
2590,2012,14,1785.9130434782608,7.487685072389036,1,WC,0,NoSA,manufacturing,2,sufficient,23,0.087,0.783,1,less50
2618,2019,21,3714.7865168539324,8.220076490320036,1,WC,0,NoSA,health,4,good,89,0.18,0.764,2,less100
2618,2020,22,2870.6133333333332,7.9622809909162005,1,WC,0,NoSA,buservices,4,good,75,0.253,0.76,2,less100
2618,2021,23,2873.05,7.96312946223892,1,WC,0,NoSA,buservices,3,satisfactory,80,0.225,0.787,2,less100
2627,2005,7,1762.064,7.474241128197438,0,NoWC,1,SA,manufacturing,2,sufficient,250,0.048,0.528,3,less250
2627,2006,8,1776.9722222222222,7.482666196193543,0,NoWC,1,SA,manufacturing,3,satisfactory,252,0.056,0.571,4,more250
2627,2007,9,1274.7264150943397,7.150486858171122,0,NoWC,1,SA,manufacturing,3,satisfactory,318,0.031,0.538,4,more250
2661,2008,10,1196.8260869565217,7.087428404239108,1,WC,0,NoSA,manufacturing,4,good,23,0.217,0.522,1,less50
2661,2009,11,1170.5555555555557,7.06523374890207,1,WC,0,NoSA,manufacturing,4,good,27,0.148,0.259,1,less50
2661,2010,12,1057.2962962962963,6.963470264749556,1,WC,0,NoSA,manufacturing,4,good,27,0.111,0.407,1,less50
2661,2011,13,914.0689655172414,6.817906023221643,1,WC,0,NoSA,manufacturing,4,good,29,0.103,0.414,1,less50
2661,2013,15,1274.4166666666667,7.150243836560123,1,WC,0,NoSA,manufacturing,4,good,24,0.125,0.5,1,less50
2661,2014,16,1158.5454545454545,7.0549205787915135,1,WC,0,NoSA,manufacturing,4,good,22,0.136,0.591,1,less50
2661,2015,17,1773.0869565217392,7.480477349723065,1,WC,0,NoSA,manufacturing,4,good,23,0.13,0.652,1,less50
2661,2016,18,2039.05,7.620239292098224,1,WC,0,NoSA,manufacturing,3,satisfactory,20,0.15,0.55,1,less50
2661,2018,20,1784.15,7.486697390322858,1,WC,0,NoSA,manufacturing,3,satisfactory,20,0.2,0.55,1,less50
2661,2019,21,1941.952380952381,7.571449127928792,1,WC,0,NoSA,manufacturing,3,satisfactory,21,0.19,0.524,1,less50
2661,2020,22,1529.3,7.332565393354078,1,WC,0,NoSA,manufacturing,3,satisfactory,20,0.2,0.55,1,less50
2661,2021,23,1941.952380952381,7.571449127928792,1,WC,0,NoSA,manufacturing,3,satisfactory,21,0.048,0.524,1,less50
2664,2011,13,2169.1147540983607,7.682074415881209,1,WC,0,NoSA,buservices,4,good,61,0.426,0.18,2,less100
2664,2013,15,2767.0175438596493,7.925525320157013,1,WC,0,NoSA,buservices,4,good,57,0.211,0.14,2,less100
2664,2014,16,2910.9423076923076,7.976232124824499,1,WC,0,NoSA,buservices,4,good,52,0.308,0.135,2,less100
2664,2017,19,3032.5405405405404,8.017156009414926,1,WC,0,NoSA,buservices,4,good,37,0.703,0.838,1,less50
2664,2018,20,5014.078947368421,8.520005023980882,1,WC,0,NoSA,buservices,4,good,38,0.605,0.842,1,less50
2664,2019,21,4931.195121951219,8.503336655903864,1,WC,0,NoSA,buservices,2,sufficient,41,0.317,0.829,1,less50
2664,2020,22,5080.925,8.533248610610945,1,WC,0,NoSA,buservices,3,satisfactory,40,0.3,0.85,1,less50
2664,2021,23,5060.268292682927,8.529174783145233,1,WC,0,NoSA,buservices,3,satisfactory,41,0.293,0.439,1,less50
2667,2007,9,2173.02,7.683873184079697,1,WC,0,NoSA,buservices,2,sufficient,150,0.113,0.08,3,less250
2667,2008,10,2372.0352112676055,7.771503604555331,1,WC,0,NoSA,buservices,3,satisfactory,142,0.225,0.261,3,less250
2667,2009,11,1849.587837837838,7.522718102892987,1,WC,0,NoSA,buservices,3,satisfactory,148,0.101,0.311,3,less250
2680,2015,17,1536.84375,7.337486079294839,0,NoWC,0,NoSA,wholesretail,5,very good,32,0.875,0.719,1,less50
2680,2016,18,1680.5151515151515,7.426855663200179,0,NoWC,0,NoSA,wholesretail,5,very good,33,0.909,0.697,1,less50
2680,2017,19,1743.939393939394,7.4639018526835486,0,NoWC,0,NoSA,wholesretail,4,good,33,0.909,0.788,1,less50
2680,2018,20,1902.4848484848485,7.55091612570142,0,NoWC,0,NoSA,wholesretail,4,good,33,0.909,0.758,1,less50
2705,2015,17,1160.888888888889,7.056941274179993,1,WC,0,NoSA,finance,4,good,27,0.037,0.185,1,less50
2705,2016,18,1389.0625,7.236384338142324,1,WC,0,NoSA,finance,5,very good,32,0.125,0.25,1,less50
2705,2019,21,1004.6285714285714,6.912373171513321,1,WC,0,NoSA,finance,4,good,35,0.086,0.371,1,less50
2705,2020,22,1531.1724137931035,7.333789004466063,1,WC,0,NoSA,finance,4,good,29,0.138,0.241,1,less50
2731,1999,1,3368.9774709302324,8.122364556215963,0,NoWC,0,NoSA,public,4,good,258,0.229,0.372,4,more250
2731,2000,2,2416.2982625482628,7.789992004476505,0,NoWC,0,NoSA,public,4,good,259,0.228,0.367,4,more250
2731,2001,3,2445.1799903100773,7.801874014868216,0,NoWC,0,NoSA,public,4,good,258,0.264,0.36,4,more250
2731,2002,4,2240,7.7142311448490855,0,NoWC,0,NoSA,public,3,satisfactory,250,0.248,0.22,3,less250
2731,2004,6,2183.406113537118,7.688641373850089,1,WC,0,NoSA,public,4,good,229,0.301,0.332,3,less250
2731,2005,7,2312.946188340807,7.7462773970843735,1,WC,0,NoSA,public,4,good,223,0.35,0.305,3,less250
2731,2006,8,2206.2780269058294,7.699062224014327,1,WC,0,NoSA,public,5,very good,223,0.368,0.309,3,less250
2731,2007,9,1825.9594594594594,7.509860859079018,1,WC,0,NoSA,public,5,very good,222,0.428,0.302,3,less250
2754,2011,13,4521.275862068966,8.416549503364731,1,WC,0,NoSA,edu,4,good,29,0.069,0.483,1,less50
2754,2012,14,4323.535714285715,8.371828798869597,1,WC,0,NoSA,edu,4,good,28,0.071,0.5,1,less50
2754,2013,15,4229.107142857143,8.34974617242163,1,WC,0,NoSA,edu,4,good,28,0.036,0.464,1,less50
2754,2015,17,4612.2,8.436460245583142,1,WC,0,NoSA,edu,5,very good,30,0.133,0.5,1,less50
2754,2016,18,5357.21875,8.58620022946951,1,WC,0,NoSA,edu,4,good,32,0.062,0.469,1,less50
2754,2017,19,5886.03125,8.680337237987615,1,WC,0,NoSA,edu,5,very good,32,0.031,0.5,1,less50
2754,2018,20,3292.205882352941,8.099313100045821,1,WC,0,NoSA,edu,3,satisfactory,34,0.029,0.588,1,less50
2754,2020,22,5611,8.632484235750972,1,WC,0,NoSA,buservices,4,good,31,0.032,0.419,1,less50
2759,2008,10,2391.5,7.779676063120352,0,NoWC,0,NoSA,transcom,5,very good,34,0.118,0.794,1,less50
2759,2009,11,1549.8529411764705,7.345915328751875,0,NoWC,0,NoSA,transcom,4,good,34,0.176,0.794,1,less50
2759,2010,12,2054.527777777778,7.627801308688515,0,NoWC,0,NoSA,transcom,4,good,36,0.028,0.556,1,less50
2759,2011,13,1029.1875,6.936524934978218,0,NoWC,0,NoSA,transcom,5,very good,48,0.146,0.708,1,less50
2759,2012,14,2035.5,7.618496767943033,0,NoWC,0,NoSA,transcom,3,satisfactory,48,0.146,0.792,1,less50
2759,2013,15,1871.7727272727273,7.5346412432957806,0,NoWC,0,NoSA,transcom,4,good,44,0.159,0.727,1,less50
2759,2014,16,1143.5416666666667,7.041885450636044,0,NoWC,0,NoSA,transcom,4,good,48,0.312,0.854,1,less50
2759,2015,17,1862.3392857142858,7.52958865698118,0,NoWC,0,NoSA,transcom,4,good,56,0.232,0.821,2,less100
2759,2016,18,1512.0754716981132,7.321238470638014,1,WC,0,NoSA,transcom,3,satisfactory,53,0.226,0.83,2,less100
2759,2017,19,1953.867924528302,7.57756623795813,1,WC,0,NoSA,transcom,3,satisfactory,53,0.226,0.792,2,less100
2759,2018,20,1943.2545454545455,7.5721194472068065,1,WC,0,NoSA,transcom,4,good,55,0.218,0.745,2,less100
2759,2019,21,1937.2941176470588,7.569047493721728,1,WC,0,NoSA,transcom,4,good,51,0.235,0.588,2,less100
2759,2020,22,3567.85,8.179718452457434,1,WC,0,NoSA,resthotels,3,satisfactory,40,0.3,0.75,1,less50
2759,2021,23,3102.478260869565,8.039956510082277,1,WC,0,NoSA,resthotels,2,sufficient,46,0.239,0.717,1,less50
2761,2007,9,513.8333333333334,6.241898958658095,1,WC,0,NoSA,health,4,good,30,0.167,0.767,1,less50
2761,2008,10,308.3,5.731073334892105,1,WC,0,NoSA,health,4,good,30,0.133,0.833,1,less50
2761,2009,11,342.56666666666666,5.836466285962918,1,WC,0,NoSA,health,4,good,30,0.2,0.833,1,less50
2761,2011,13,734.0714285714286,6.598606338009814,1,WC,0,NoSA,health,4,good,28,0.143,0.857,1,less50
2761,2012,14,494.81481481481484,6.2041835810863075,1,WC,0,NoSA,health,4,good,27,0.185,0.852,1,less50
2761,2013,15,734.0714285714286,6.598606338009814,1,WC,0,NoSA,health,2,sufficient,28,0.321,0.821,1,less50
2761,2014,16,685.1111111111111,6.529581031109876,1,WC,0,NoSA,health,4,good,27,0.407,0.741,1,less50
2761,2015,17,711.4615384615385,6.567321359092723,1,WC,0,NoSA,health,3,satisfactory,26,0.423,0.769,1,less50
2761,2017,19,1798.4583333333333,7.494685095412949,1,WC,0,NoSA,health,1,unsatisfactory,24,0.458,0.792,1,less50
2761,2018,20,951.5555555555555,6.8580980723733544,1,WC,0,NoSA,health,1,unsatisfactory,27,0.444,0.778,1,less50
2761,2019,21,989.6296296296297,6.897330761646253,1,WC,0,NoSA,health,1,unsatisfactory,27,0.444,0.704,1,less50
2771,2012,14,996.9285714285714,6.904679123893386,0,NoWC,0,NoSA,public,3,satisfactory,238,0.16,0.504,3,less250
2771,2013,15,957.9364406779661,6.8647814299222425,0,NoWC,0,NoSA,public,4,good,236,0.186,0.428,3,less250
2771,2014,16,782.004329004329,6.661860276341151,0,NoWC,0,NoSA,public,4,good,231,0.199,0.519,3,less250
2772,2009,11,2154.809523809524,7.675457610607974,1,WC,0,NoSA,edu,3,satisfactory,21,0.238,0.524,1,less50
2772,2010,12,1570.6190476190477,7.359225118473913,1,WC,0,NoSA,edu,4,good,21,0.286,0.857,1,less50
2772,2011,13,1675.952380952381,7.424136868318809,1,WC,0,NoSA,edu,4,good,21,0.238,0.571,1,less50
2772,2012,14,1472.4285714285713,7.294668405981479,1,WC,0,NoSA,edu,4,good,28,0.429,0.464,1,less50
2772,2013,15,1256.9642857142858,7.136454795867028,1,WC,0,NoSA,edu,3,satisfactory,28,0.214,0.429,1,less50
2772,2014,16,858.4146341463414,6.755087239337924,1,WC,0,NoSA,edu,3,satisfactory,41,0.293,0.585,1,less50
2772,2016,18,782.1111111111111,6.6619968162719125,1,WC,0,NoSA,edu,4,good,54,0.204,0.537,2,less100
2772,2017,19,780.1896551724138,6.659537037784977,1,WC,0,NoSA,edu,4,good,58,0.207,0.5,2,less100
2772,2019,21,873.688524590164,6.772723932949926,1,WC,0,NoSA,edu,4,good,61,0.164,0.541,2,less100
2772,2020,22,527.5081967213115,6.268164404037669,1,WC,0,NoSA,health,4,good,61,0.131,0.41,2,less100
2777,2005,7,1914.5,7.557211770917349,0,NoWC,0,NoSA,construction,3,satisfactory,54,0.963,0.074,2,less100
2777,2006,8,1674.109375,7.423036586429952,0,NoWC,1,SA,construction,2,sufficient,64,0.719,0.094,2,less100
2777,2007,9,2114.65625,7.656647548720192,0,NoWC,0,NoSA,construction,3,satisfactory,64,0.844,0.078,2,less100
2781,2003,5,4597.125,8.433186387083268,0,NoWC,1,SA,buservices,4,good,32,0.25,0.75,1,less50
2781,2004,6,4691.323529411765,8.45347002406192,0,NoWC,0,NoSA,buservices,2,sufficient,34,0.088,0.353,1,less50
2781,2005,7,2468.2586206896553,7.811268169117752,0,NoWC,1,SA,buservices,2,sufficient,58,0.224,0.638,2,less100
2781,2007,9,1448.04,7.27796619687351,0,NoWC,0,NoSA,buservices,2,sufficient,75,0.053,0.467,2,less100
2781,2008,10,2118.623188405797,7.658521717257694,0,NoWC,0,NoSA,buservices,2,sufficient,69,0.087,0.58,2,less100
2781,2009,11,1716.7586206896551,7.44819326900538,0,NoWC,0,NoSA,buservices,2,sufficient,87,0.069,0.575,2,less100
2797,1998,0,2736.1447523584907,7.9143051839067144,0,NoWC,0,NoSA,construction,4,good,53,0.226,0.019,2,less100
2797,1999,1,3737.7590460526317,8.226241525277754,0,NoWC,0,NoSA,construction,2,sufficient,38,0.132,0.026,1,less50
2797,2000,2,2676.974407327586,7.892442483268298,0,NoWC,0,NoSA,construction,3,satisfactory,58,0.086,0.017,2,less100
2797,2001,3,2914.0089285714284,7.977285050776341,0,NoWC,0,NoSA,construction,4,good,49,0.224,0.041,1,less50
2797,2002,4,2845.6326530612246,7.953540695498555,0,NoWC,0,NoSA,construction,1,unsatisfactory,49,0.408,0.082,1,less50
2797,2003,5,2710.9583333333335,7.905057479898198,0,NoWC,0,NoSA,construction,3,satisfactory,48,0.25,0.083,1,less50
2797,2004,6,3474.2432432432433,8.153131962554623,0,NoWC,0,NoSA,construction,3,satisfactory,37,0.216,0.081,1,less50
2810,2012,14,1248.6458333333333,7.129814909733309,1,WC,0,NoSA,transcom,3,satisfactory,48,0.021,0.146,1,less50
2810,2013,15,1248.6458333333333,7.129814909733309,1,WC,0,NoSA,transcom,2,sufficient,48,0.062,0.146,1,less50
2810,2014,16,1549.6153846153845,7.345762040163911,1,WC,0,NoSA,transcom,3,satisfactory,39,0.077,0.128,1,less50
2810,2015,17,1689.6666666666667,7.43228654980424,1,WC,0,NoSA,transcom,3,satisfactory,36,0.194,0.139,1,less50
2810,2016,18,2691.527777777778,7.89786425850424,1,WC,0,NoSA,transcom,3,satisfactory,36,0.111,0.194,1,less50
2810,2017,19,2492.4,7.821001380670067,1,WC,0,NoSA,transcom,3,satisfactory,40,0.125,0.175,1,less50
2810,2018,20,3060.55,8.026349917357479,1,WC,0,NoSA,transcom,3,satisfactory,40,0.175,0.2,1,less50
2810,2019,21,3600.767441860465,8.18890228001951,1,WC,0,NoSA,transcom,3,satisfactory,43,0.163,0.186,1,less50
2810,2020,22,3213.657142857143,8.075164864458161,1,WC,0,NoSA,transcom,2,sufficient,35,0.229,0.143,1,less50
2811,2007,9,2170.9117647058824,7.682902526355847,1,WC,0,NoSA,manufacturing,5,very good,34,0.059,0.441,1,less50
2811,2008,10,2721.1612903225805,7.908814013146508,1,WC,0,NoSA,manufacturing,4,good,31,0.065,0.387,1,less50
2811,2009,11,3834.3636363636365,8.251758764273339,1,WC,0,NoSA,manufacturing,4,good,33,0.303,0.394,1,less50
2811,2010,12,2556.242424242424,7.846293656165175,1,WC,0,NoSA,manufacturing,5,very good,33,0.212,0.455,1,less50
2811,2011,13,2057.4634146341464,7.6292291509273475,1,WC,0,NoSA,manufacturing,4,good,41,0.049,0.366,1,less50
2811,2012,14,1570.4468085106382,7.35911544926195,1,WC,0,NoSA,manufacturing,5,very good,47,0.149,0.511,1,less50
2811,2013,15,1183.5714285714287,7.0762917808053505,1,WC,0,NoSA,manufacturing,2,sufficient,49,0.143,0.449,1,less50
2811,2014,16,2027.7948717948718,7.614704211565125,1,WC,0,NoSA,manufacturing,4,good,39,0.154,0.513,1,less50
2811,2015,17,2292.282608695652,7.73730337245677,1,WC,0,NoSA,manufacturing,4,good,46,0.109,0.457,1,less50
2811,2016,18,1476.22,7.297240045543863,1,WC,0,NoSA,manufacturing,4,good,50,0.12,0.44,1,less50
2811,2018,20,1537.7291666666667,7.338062040064118,1,WC,0,NoSA,manufacturing,5,very good,48,0.104,0.417,1,less50
2811,2020,22,3773.815789473684,8.2358419143169,1,WC,0,NoSA,manufacturing,4,good,38,0.132,0.447,1,less50
2815,2008,10,7787.895833333333,8.960325991124435,0,NoWC,0,NoSA,public,3,satisfactory,48,0.083,0.979,1,less50
2815,2009,11,8414.634146341463,9.037727629309188,0,NoWC,0,NoSA,public,4,good,41,0.098,0.756,1,less50
2815,2010,12,5300.734693877551,8.575600711419472,0,NoWC,0,NoSA,public,3,satisfactory,49,0.082,0.878,1,less50
2815,2011,13,6286.95652173913,8.746232372777651,0,NoWC,0,NoSA,public,4,good,46,0.087,0.848,1,less50
2815,2012,14,6612,8.796641458940915,0,NoWC,0,NoSA,public,3,satisfactory,50,0.08,0.68,1,less50
2815,2013,15,6400,8.764053269347762,0,NoWC,0,NoSA,public,2,sufficient,50,0.14,0.72,1,less50
2815,2014,16,7022.222222222223,8.856835002798729,0,NoWC,0,NoSA,public,3,satisfactory,45,0.156,0.844,1,less50
2815,2015,17,13847,9.535823881654714,0,NoWC,0,NoSA,public,4,good,48,0.167,0.833,1,less50
2815,2016,18,13570.333333333334,9.515641316516417,0,NoWC,0,NoSA,public,4,good,48,0.167,0.875,1,less50
2815,2017,19,14457.520833333334,9.57897003103658,0,NoWC,0,NoSA,public,4,good,48,0.208,0.792,1,less50
2815,2018,20,17059.325581395347,9.744452288106888,0,NoWC,0,NoSA,public,4,good,43,0.233,0.791,1,less50
2816,2019,21,3865.5692307692307,8.259864228513285,0,NoWC,0,NoSA,wholesretail,3,satisfactory,65,0.8,0.231,2,less100
2816,2020,22,4334.71186440678,8.374410419740723,0,NoWC,0,NoSA,transcom,3,satisfactory,59,0.576,0.203,2,less100
2816,2021,23,3356.0555555555557,8.118521621548874,0,NoWC,0,NoSA,transcom,2,sufficient,72,0.389,0.167,2,less100
2831,2009,11,2122.423076923077,7.6603136757964005,1,WC,1,SA,manufacturing,5,very good,52,0.019,0.5,2,less100
2831,2010,12,2500.5,7.824245990858959,1,WC,1,SA,manufacturing,2,sufficient,66,0.091,0.348,2,less100
2831,2011,13,2012.5853658536585,7.607175426208591,1,WC,1,SA,manufacturing,4,good,41,0.024,0.341,1,less50
2831,2012,14,665.4516129032259,6.500465927307862,1,WC,1,SA,manufacturing,3,satisfactory,124,0.008,0.581,3,less250
2831,2013,15,523.2028985507246,6.259969340171077,1,WC,1,SA,manufacturing,4,good,138,0.022,0.5,3,less250
2841,1998,0,2085.9753630705395,7.64299182488241,0,NoWC,0,NoSA,public,4,good,241,0.054,0.224,3,less250
2841,1999,1,1909.2285714285715,7.554454550151009,0,NoWC,0,NoSA,public,4,good,245,0.151,0.086,3,less250
2841,2000,2,2132.354822834646,7.664982198659015,0,NoWC,0,NoSA,public,5,very good,254,0.146,0.118,4,more250
2841,2001,3,2032.793918918919,7.617166440521216,0,NoWC,0,NoSA,public,4,good,259,0.143,0.124,4,more250
2855,1998,0,1391.3411177105831,7.238023393857973,0,NoWC,1,SA,health,4,good,463,0.017,0.298,4,more250
2855,1999,1,1367.3295454545455,7.220614879693104,0,NoWC,1,SA,health,4,good,473,0.021,0.294,4,more250
2855,2002,4,1266.9683257918552,7.144382180633634,0,NoWC,0,NoSA,health,3,satisfactory,442,0.027,0.267,4,more250
2855,2004,6,968.9922480620155,6.876256611922766,0,NoWC,0,NoSA,health,1,unsatisfactory,516,0.023,0.298,4,more250
2858,2003,5,253.84615384615384,5.536728389993034,1,WC,1,SA,buservices,2,sufficient,26,0.077,0.962,1,less50
2858,2006,8,299.2,5.7011122461003225,1,WC,0,NoSA,buservices,2,sufficient,25,0.16,0.96,1,less50
2858,2007,9,317.3076923076923,5.759871941307245,1,WC,0,NoSA,buservices,3,satisfactory,26,0.192,0.962,1,less50
2858,2008,10,403.84,6.001018759912793,1,WC,0,NoSA,buservices,3,satisfactory,25,0.08,0.96,1,less50
2858,2009,11,74.8,4.314817884980432,1,WC,0,NoSA,buservices,3,satisfactory,25,0.12,0.32,1,less50
2858,2010,12,293.3333333333333,5.681309618804143,1,WC,0,NoSA,buservices,1,unsatisfactory,24,0.083,0.958,1,less50
2858,2011,13,191.4814814814815,5.254791101498146,1,WC,0,NoSA,buservices,3,satisfactory,27,0.111,0.926,1,less50
2858,2012,14,167.46428571428572,5.120770108914383,1,WC,0,NoSA,buservices,1,unsatisfactory,28,0.071,1,1,less50
2865,2002,4,1089.2758620689656,6.993268407721397,1,WC,0,NoSA,finance,3,satisfactory,58,0.034,0.069,2,less100
2865,2003,5,885.3548387096774,6.785988512344432,1,WC,1,SA,finance,2,sufficient,62,0.032,0.081,2,less100
2865,2004,6,1018.1525423728814,6.925745031044805,1,WC,0,NoSA,buservices,3,satisfactory,59,0.034,0.085,2,less100
2865,2005,7,1072.6964285714287,6.977930784215375,1,WC,0,NoSA,buservices,3,satisfactory,56,0.036,0.089,2,less100
2904,2017,19,2162.6190476190477,7.679075288212891,1,WC,0,NoSA,buservices,2,sufficient,21,0.381,0.714,1,less50
2904,2018,20,1015.05,6.922693151346344,1,WC,0,NoSA,buservices,4,good,20,0.55,0.75,1,less50
2904,2019,21,1386.5,7.234537865055833,1,WC,0,NoSA,buservices,3,satisfactory,20,0.35,0.75,1,less50
2909,2013,15,1680.8181818181818,7.4270359668319825,1,WC,0,NoSA,manufacturing,4,good,22,0.045,0.273,1,less50
2909,2014,16,695.047619047619,6.543980359832915,1,WC,1,SA,manufacturing,3,satisfactory,21,0.19,0.286,1,less50
2909,2015,17,729.8333333333334,6.5928161975733435,1,WC,0,NoSA,manufacturing,2,sufficient,24,0.25,0.208,1,less50
2909,2016,18,1668.1904761904761,7.419494770757812,1,WC,0,NoSA,manufacturing,1,unsatisfactory,21,0.286,0.238,1,less50
2909,2017,19,1415.409090909091,7.255173878476145,1,WC,0,NoSA,manufacturing,4,good,22,0.318,0.273,1,less50
2909,2018,20,2167.3636363636365,7.681266793809918,1,WC,0,NoSA,manufacturing,2,sufficient,22,0.273,0.227,1,less50
2909,2019,21,1751.56,7.468262098402505,1,WC,0,NoSA,manufacturing,2,sufficient,25,0.2,0.2,1,less50
2909,2021,23,2054.3333333333335,7.627706662294133,1,WC,0,NoSA,manufacturing,3,satisfactory,27,0.148,0.185,1,less50
2936,2006,8,2134.2894736842104,7.665889071061636,0,NoWC,0,NoSA,manufacturing,5,very good,228,0.009,0.833,3,less250
2936,2007,9,1859.4633027522937,7.528043178162209,0,NoWC,0,NoSA,manufacturing,4,good,218,0.009,0.78,3,less250
2936,2008,10,1604.37339055794,7.380488548466625,0,NoWC,0,NoSA,manufacturing,3,satisfactory,233,0.009,0.635,3,less250
2936,2013,15,1198.5018726591761,7.08882761637566,0,NoWC,0,NoSA,manufacturing,3,satisfactory,267,0.191,0.685,4,more250
2936,2014,16,1166.0516605166051,7.061378671689348,0,NoWC,0,NoSA,manufacturing,3,satisfactory,271,0.631,0.701,4,more250
2936,2015,17,1981.82156133829,7.591771681239796,0,NoWC,0,NoSA,manufacturing,3,satisfactory,269,0.212,0.706,4,more250
2936,2017,19,2940.2330827067667,7.9862441370224815,0,NoWC,0,NoSA,manufacturing,3,satisfactory,266,0.5,0.767,4,more250
2936,2018,20,2263.4885496183206,7.724662508156931,0,NoWC,0,NoSA,manufacturing,3,satisfactory,262,0.531,0.733,4,more250
2936,2019,21,2711.297709923664,7.905182659007434,0,NoWC,0,NoSA,manufacturing,3,satisfactory,262,0.378,0.733,4,more250
2946,2005,7,3632.3028169014083,8.19762211094323,0,NoWC,1,SA,buservices,4,good,142,0.183,0.38,3,less250
2946,2006,8,3075,8.031060180240619,0,NoWC,1,SA,buservices,3,satisfactory,160,0.1,0.244,3,less250
2946,2007,9,2874.9148936170213,7.96377835057313,0,NoWC,1,SA,buservices,5,very good,141,0.099,0.426,3,less250
2946,2008,10,3367.738738738739,8.121996800719991,0,NoWC,1,SA,buservices,4,good,111,0.162,0.396,3,less250
2950,1998,0,783.8931525735294,6.664272726080022,0,NoWC,0,NoSA,manufacturing,4,good,68,0.015,0.353,2,less100
2950,1999,1,871.952392578125,6.770734826751294,0,NoWC,0,NoSA,manufacturing,4,good,64,0.016,0.469,2,less100
2950,2003,5,1413.2830188679245,7.253670659066604,0,NoWC,0,NoSA,manufacturing,4,good,53,0.019,0.34,2,less100
2954,2008,10,600.9951768488746,6.398586909293146,0,NoWC,0,NoSA,wholesretail,4,good,622,0.005,0.545,4,more250
2954,2013,15,537.8151260504202,6.28751486923028,0,NoWC,0,NoSA,wholesretail,4,good,595,0.057,0.555,4,more250
2954,2019,21,2594.8928,7.861300484534753,0,NoWC,0,NoSA,wholesretail,4,good,625,0.045,0.555,4,more250
2959,2008,10,1744.111111111111,7.464000312938987,1,WC,0,NoSA,transcom,4,good,36,0.083,0.556,1,less50
2959,2009,11,1362.327868852459,7.216950183769302,1,WC,0,NoSA,buservices,4,good,61,0.049,0.443,2,less100
2959,2010,12,1513.688524590164,7.322304682706662,1,WC,0,NoSA,buservices,3,satisfactory,61,0.049,0.525,2,less100
2983,2013,15,4507.042253521126,8.413396397734594,0,NoWC,0,NoSA,wholesretail,4,good,71,0.042,0.873,2,less100
2983,2014,16,4450.704225352113,8.400817615527734,0,NoWC,0,NoSA,wholesretail,4,good,71,0.014,0.887,2,less100
2983,2017,19,9900.891891891892,9.200380122154902,0,NoWC,0,NoSA,wholesretail,4,good,74,0.068,0.865,2,less100
3003,2013,15,3012.2386363636365,8.010438814321754,0,NoWC,0,NoSA,public,2,sufficient,88,0.148,0.727,2,less100
3003,2014,16,3160,8.058327306580958,0,NoWC,0,NoSA,public,2,sufficient,100,0.14,0.76,2,less100
3003,2015,17,3849.234693877551,8.255629626711281,0,NoWC,0,NoSA,public,3,satisfactory,98,0.122,0.357,2,less100
3009,2011,13,2458.7608695652175,7.807412790462269,1,WC,0,NoSA,construction,3,satisfactory,46,0.978,0.457,1,less50
3009,2012,14,2103.021739130435,7.6511305128487175,1,WC,0,NoSA,construction,4,good,46,0.913,0.391,1,less50
3009,2014,16,1903.2622950819673,7.55132469021115,1,WC,0,NoSA,construction,4,good,61,0.77,0.361,2,less100
3009,2016,18,2376.0526315789475,7.773195831575139,1,WC,0,NoSA,construction,4,good,57,0.632,0.491,2,less100
3009,2017,19,2147.9322033898306,7.672260892462967,1,WC,0,NoSA,construction,4,good,59,0.729,0.39,2,less100
3009,2018,20,3115.3389830508477,8.044093248110043,1,WC,1,SA,construction,3,satisfactory,59,0.814,0.458,2,less100
3009,2020,22,1285.581818181818,7.158966671652027,1,WC,0,NoSA,construction,1,unsatisfactory,55,0.655,0.4,2,less100
3009,2021,23,1611.62,7.38499516326749,1,WC,0,NoSA,construction,1,unsatisfactory,50,0.82,0.4,1,less50
3069,2015,17,1205.5,7.094649697621226,1,WC,0,NoSA,art,4,good,74,0.365,0.703,2,less100
3069,2016,18,1111.012048192771,7.013026634038769,1,WC,0,NoSA,art,5,very good,83,0.277,0.916,2,less100
3069,2017,19,1159.3253012048192,7.055593477991658,1,WC,0,NoSA,art,3,satisfactory,83,0.301,0.916,2,less100
3069,2018,20,1164,7.059617628291383,1,WC,0,NoSA,art,5,very good,93,0.398,0.882,2,less100
3069,2019,21,1258.2446808510638,7.137472918229345,1,WC,0,NoSA,art,5,very good,94,0.426,0.809,2,less100
3070,2003,5,2305.4521739130437,7.743032107086785,1,WC,0,NoSA,edu,2,sufficient,115,0.148,0.617,3,less250
3070,2005,7,3128.8260869565215,8.048413161094006,1,WC,0,NoSA,edu,4,good,92,0.141,0.598,2,less100
3070,2006,8,3048.6451612903224,8.02245256149822,1,WC,0,NoSA,edu,4,good,93,0.129,0.699,2,less100
3101,2018,20,1317.0947368421052,7.183183632977053,0,NoWC,1,SA,edu,5,very good,95,0.2,0.895,2,less100
3101,2019,21,1638.9333333333334,7.401800902708111,0,NoWC,0,NoSA,edu,4,good,90,0.378,0.944,2,less100
3101,2020,22,1695.4444444444443,7.435700194555516,0,NoWC,0,NoSA,buservices,5,very good,72,0.806,0.917,2,less100
3101,2021,23,2821.3387096774195,7.944966771032155,0,NoWC,0,NoSA,buservices,1,unsatisfactory,62,0.694,0.919,2,less100
3114,2007,9,1674.7826086956522,7.423438649982912,1,WC,0,NoSA,resthotels,2,sufficient,23,0.478,0.087,1,less50
3114,2008,10,1674.7826086956522,7.423438649982912,1,WC,0,NoSA,resthotels,3,satisfactory,23,0.522,0,1,less50
3114,2009,11,2415.904761904762,7.78982913853632,1,WC,0,NoSA,resthotels,3,satisfactory,21,0.619,0,1,less50
3116,2018,20,1357.9642857142858,7.213742008593346,1,WC,0,NoSA,transcom,1,unsatisfactory,28,0.036,0.643,1,less50
3116,2019,21,1180.857142857143,7.0739958460163646,1,WC,0,NoSA,transcom,4,good,28,0.036,0.786,1,less50
3116,2020,22,867.92,6.766099544514195,1,WC,0,NoSA,transcom,3,satisfactory,25,0.04,0.56,1,less50
3119,2001,3,1032.0640190972222,6.939315978126415,0,NoWC,0,NoSA,buservices,3,satisfactory,72,0.278,0.25,2,less100
3119,2003,5,981.7916666666666,6.889379133776428,0,NoWC,0,NoSA,buservices,1,unsatisfactory,72,0.264,0.208,2,less100
3119,2004,6,2376.315789473684,7.773306579678691,0,NoWC,0,NoSA,buservices,2,sufficient,76,0.487,0.197,2,less100
3119,2005,7,2328.3506493506493,7.75291542008219,0,NoWC,0,NoSA,buservices,3,satisfactory,77,0.571,0.182,2,less100
3119,2007,9,2203.5819672131147,7.697839482234671,0,NoWC,0,NoSA,buservices,2,sufficient,122,0.164,0.189,3,less250
3119,2009,11,1987.9380530973451,7.5948532263172135,0,NoWC,0,NoSA,buservices,3,satisfactory,113,0.336,0.159,3,less250
3119,2010,12,2335.969387755102,7.756182239305361,0,NoWC,0,NoSA,buservices,3,satisfactory,98,0.276,0.173,2,less100
3119,2011,13,1671.3271028037384,7.4213732621634865,0,NoWC,0,NoSA,buservices,2,sufficient,107,0.131,0.168,3,less250
3119,2012,14,1509.4545454545455,7.3195036363745585,0,NoWC,0,NoSA,buservices,1,unsatisfactory,110,0.382,0.155,3,less250
3123,2010,12,1542.6333333333334,7.341246191806133,1,WC,0,NoSA,manufacturing,3,satisfactory,30,0.067,0.033,1,less50
3123,2011,13,1651.75,7.409590610909995,1,WC,0,NoSA,manufacturing,3,satisfactory,28,0.071,0.036,1,less50
3123,2012,14,1488.3333333333333,7.30541220464249,1,WC,0,NoSA,manufacturing,5,very good,30,0.067,0.033,1,less50
3123,2013,15,1621.4827586206898,7.39109629270946,1,WC,0,NoSA,manufacturing,2,sufficient,29,0.069,0.034,1,less50
3162,2014,16,4103.896103896104,8.319692070715366,1,WC,0,NoSA,manufacturing,3,satisfactory,77,0.935,1,2,less100
3162,2016,18,5374.202380952381,8.589365447742932,1,WC,0,NoSA,manufacturing,2,sufficient,84,0.988,0.952,2,less100
3162,2017,19,5133.069767441861,8.54345915441063,1,WC,0,NoSA,manufacturing,2,sufficient,86,0.988,0.942,2,less100
3162,2018,20,4940.73,8.505268372543926,1,WC,0,NoSA,manufacturing,3,satisfactory,100,0.77,0.8,2,less100
3162,2019,21,5592.918918918919,8.62925659783092,1,WC,0,NoSA,manufacturing,4,good,111,0.802,0.874,3,less250
3162,2020,22,4964.201680672269,8.510007774159988,1,WC,0,NoSA,manufacturing,2,sufficient,119,0.765,0.95,3,less250
3162,2021,23,4981.765151515152,8.513539555312224,1,WC,0,NoSA,manufacturing,1,unsatisfactory,132,0.735,0.864,3,less250
3181,2013,15,2124.8440366972477,7.661453684169596,1,WC,0,NoSA,wholesretail,4,good,109,0.45,0.872,3,less250
3181,2014,16,2105.5272727272727,7.652321200606324,1,WC,0,NoSA,wholesretail,4,good,110,0.8,0.9,3,less250
3181,2015,17,1348.6517857142858,7.206860695173413,1,WC,0,NoSA,wholesretail,4,good,112,0.759,0.946,3,less250
3181,2016,18,2331,7.754052639035757,1,WC,0,NoSA,wholesretail,4,good,108,0.954,0.88,3,less250
3181,2017,19,2170.2413793103447,7.682593675053612,1,WC,0,NoSA,wholesretail,4,good,116,0.681,0.862,3,less250
3181,2018,20,2066.9824561403507,7.633845072050369,1,WC,0,NoSA,wholesretail,4,good,114,0.649,0.825,3,less250
3181,2019,21,2926.3076923076924,7.98149673405125,1,WC,0,NoSA,wholesretail,4,good,117,0.658,0.889,3,less250
3181,2020,22,3173.3025210084033,8.062528129303901,1,WC,0,NoSA,transcom,4,good,119,0.605,0.874,3,less250
3216,2008,10,1936.35,7.568560036620828,1,WC,0,NoSA,buservices,5,very good,20,0.6,0.7,1,less50
3216,2009,11,1942.7333333333333,7.571851195148079,1,WC,0,NoSA,transcom,3,satisfactory,30,0.367,0.733,1,less50
3216,2010,12,852.6603773584906,6.7483613173979204,1,WC,0,NoSA,transcom,4,good,53,0.698,0.811,2,less100
3216,2011,13,1324.8148148148148,7.189027966248735,1,WC,0,NoSA,transcom,4,good,27,0.222,0.741,1,less50
3216,2012,14,2281.3076923076924,7.732504106789735,1,WC,0,NoSA,transcom,3,satisfactory,26,0.192,0.692,1,less50
3216,2013,15,3069.8214285714284,8.02937467230039,1,WC,0,NoSA,transcom,4,good,28,0.25,0.679,1,less50
3216,2017,19,3874.84,8.262259650612398,1,WC,0,NoSA,transcom,4,good,25,0.44,0.68,1,less50
3216,2018,20,3777.6923076923076,8.236868601571754,1,WC,0,NoSA,transcom,3,satisfactory,26,0.269,0.615,1,less50
3216,2019,21,5335.074074074074,8.582058048189431,1,WC,0,NoSA,transcom,3,satisfactory,27,0.037,0.519,1,less50
3216,2020,22,5592.214285714285,8.629130603228502,1,WC,0,NoSA,resthotels,4,good,28,0.429,0.679,1,less50
3217,2015,17,1208.8444444444444,7.097420177691993,1,WC,0,NoSA,edu,4,good,45,0.111,0.156,1,less50
3217,2020,22,2844.3809523809523,7.953100731453736,1,WC,0,NoSA,buservices,4,good,21,0.238,0.286,1,less50
3217,2021,23,3065.809523809524,8.02806693219516,1,WC,0,NoSA,buservices,4,good,21,0.19,0.286,1,less50
3229,2003,5,2435.153846153846,7.797765214692855,1,WC,0,NoSA,health,3,satisfactory,52,0.692,0.404,2,less100
3229,2004,6,1784.111111111111,7.486675593213465,1,WC,0,NoSA,health,2,sufficient,54,0.852,0.519,2,less100
3229,2005,7,890.5957446808511,6.791890614839865,1,WC,0,NoSA,health,3,satisfactory,47,0.979,0.532,1,less50
3229,2006,8,350.6078431372549,5.859668342850878,1,WC,0,NoSA,health,3,satisfactory,51,0.804,0.49,2,less100
3229,2007,9,203.56,5.315960801720632,1,WC,0,NoSA,health,4,good,50,0.88,0.5,1,less50
3259,2004,6,2648.7014925373132,7.881824796073548,0,NoWC,0,NoSA,manufacturing,4,good,67,0.03,0.627,2,less100
3259,2005,7,2706.2,7.903300715829544,0,NoWC,0,NoSA,manufacturing,1,unsatisfactory,65,0.031,0.677,2,less100
3259,2006,8,2988.5223880597014,8.002534359639863,0,NoWC,0,NoSA,manufacturing,4,good,67,0.015,0.657,2,less100
3259,2007,9,3286.9701492537315,8.097721492166862,0,NoWC,0,NoSA,manufacturing,4,good,67,0.015,0.657,2,less100
3259,2008,10,3123.686567164179,8.046769175312866,0,NoWC,0,NoSA,manufacturing,3,satisfactory,67,0.015,0.657,2,less100
3281,2013,15,991.0178571428571,6.89873255348435,0,NoWC,0,NoSA,buservices,4,good,112,0.027,0.812,3,less250
3281,2014,16,995.024,6.902766857470711,0,NoWC,0,NoSA,buservices,4,good,125,0.024,0.832,3,less250
3281,2015,17,1289.7777777777778,7.162225217227804,0,NoWC,0,NoSA,buservices,4,good,135,0.007,0.859,3,less250
3281,2016,18,1180.0359712230215,7.073300201082387,0,NoWC,0,NoSA,buservices,4,good,139,0.029,0.863,3,less250
3281,2017,19,1192.6027397260275,7.083893373957897,0,NoWC,0,NoSA,buservices,4,good,146,0.021,0.836,3,less250
3281,2018,20,1154.9530201342282,7.0518149469201745,0,NoWC,0,NoSA,buservices,4,good,149,0.02,0.832,3,less250
3281,2019,21,1095.070588235294,6.998574104314699,0,NoWC,0,NoSA,buservices,4,good,170,0.006,0.847,3,less250
3281,2020,22,1073.7351351351351,6.978898629323835,0,NoWC,0,NoSA,buservices,4,good,185,0.016,0.854,3,less250
3298,2008,10,2690.836363636364,7.897607340121517,0,NoWC,0,NoSA,wholesretail,3,satisfactory,110,0.055,0.682,3,less250
3298,2009,11,2582.483333333333,7.856506747278228,0,NoWC,0,NoSA,wholesretail,4,good,120,0.05,0.833,3,less250
3298,2010,12,2319.0714285714284,7.748922138235005,0,NoWC,0,NoSA,wholesretail,1,unsatisfactory,112,0.054,0.857,3,less250
3298,2011,13,3076.595744680851,8.031578986996744,0,NoWC,0,NoSA,wholesretail,3,satisfactory,94,0.064,0.745,2,less100
3298,2012,14,3800,8.242756345714477,0,NoWC,0,NoSA,wholesretail,4,good,87,0.069,0.747,2,less100
3298,2013,15,3809.5238095238096,8.245259475932595,0,NoWC,0,NoSA,wholesretail,2,sufficient,84,0.202,0.786,2,less100
3298,2014,16,3950,8.281470857895167,0,NoWC,0,NoSA,wholesretail,2,sufficient,80,0.2,0.775,2,less100
3307,2016,18,1066.6818181818182,6.97230800456428,0,NoWC,0,NoSA,construction,4,good,22,0.091,0.545,1,less50
3307,2017,19,3469.0434782608695,8.151634180261306,0,NoWC,0,NoSA,construction,4,good,23,0.087,0.565,1,less50
3307,2018,20,3050.7,8.023126351465201,0,NoWC,0,NoSA,construction,5,very good,20,0.1,0.65,1,less50
3307,2019,21,2290.36,7.736464289433012,0,NoWC,0,NoSA,construction,5,very good,25,0.08,0.6,1,less50
3307,2020,22,2389.3636363636365,7.778782348536103,0,NoWC,0,NoSA,wholesretail,5,very good,22,0.091,0.636,1,less50
3352,2012,14,3116.1184210526317,8.044343410457405,0,NoWC,0,NoSA,wholesretail,2,sufficient,76,0.211,0.171,2,less100
3352,2013,15,2972.5875,7.997188064632954,0,NoWC,0,NoSA,wholesretail,2,sufficient,80,0.762,0.162,2,less100
3352,2014,16,3085.139534883721,8.034352165424814,0,NoWC,0,NoSA,wholesretail,4,good,86,0.465,0.151,2,less100
3352,2016,18,2711.088888888889,7.905105637190169,0,NoWC,0,NoSA,wholesretail,4,good,90,0.633,0.167,2,less100
3352,2017,19,2941.6195652173915,7.986715581181081,0,NoWC,0,NoSA,wholesretail,3,satisfactory,92,0.533,0.13,2,less100
3352,2018,20,2881.5252525252527,7.966075034511842,0,NoWC,0,NoSA,wholesretail,4,good,99,0.535,0.121,2,less100
3352,2019,21,3078.13,8.032077548724617,0,NoWC,0,NoSA,wholesretail,4,good,100,0.63,0.12,2,less100
3352,2020,22,3312.752808988764,8.105534787077,0,NoWC,0,NoSA,wholesretail,4,good,89,0.831,0.146,2,less100
3352,2021,23,3843.740740740741,8.254201322638949,0,NoWC,0,NoSA,wholesretail,3,satisfactory,81,0.926,0.16,2,less100
3391,2000,2,2351.976736111111,7.763011417860379,0,NoWC,0,NoSA,public,1,unsatisfactory,90,0.133,0.689,2,less100
3391,2001,3,1625.0829232283465,7.393314123140851,0,NoWC,0,NoSA,public,2,sufficient,127,0.079,0.85,3,less250
3391,2002,4,1178.8141592920354,7.072264262406633,0,NoWC,0,NoSA,public,3,satisfactory,113,0.097,0.655,3,less250
3391,2003,5,1269.3584905660377,7.146266926295201,0,NoWC,0,NoSA,public,4,good,106,0.104,0.66,3,less250
3391,2004,6,2683.3703703703704,7.8948288842717425,0,NoWC,0,NoSA,public,1,unsatisfactory,108,0.102,0.75,3,less250
3446,2008,10,1639.5570175438597,7.402181373077885,1,WC,0,NoSA,health,3,satisfactory,228,0.965,0.175,3,less250
3446,2009,11,1337.2093023255813,7.19834011109188,1,WC,0,NoSA,health,3,satisfactory,258,0.798,0.271,4,more250
3446,2010,12,1010.6459143968872,6.91834492463488,1,WC,0,NoSA,health,3,satisfactory,257,0.774,0.214,4,more250
3446,2011,13,1205,7.094234845924755,1,WC,0,NoSA,health,3,satisfactory,240,0.863,0.254,3,less250
3450,2015,17,771.696,6.648590690088714,0,NoWC,0,NoSA,buservices,3,satisfactory,125,0.016,0.6,3,less250
3450,2016,18,745.6846153846154,6.614302743231407,0,NoWC,0,NoSA,buservices,3,satisfactory,130,0.023,0.654,3,less250
3450,2017,19,728.5984251968504,6.5911227231623695,0,NoWC,0,NoSA,buservices,4,good,127,0.024,0.606,3,less250
3450,2018,20,730.7608695652174,6.594086278414042,0,NoWC,0,NoSA,buservices,4,good,138,0.022,0.594,3,less250
3450,2019,21,802.8740740740741,6.688197882314423,0,NoWC,0,NoSA,buservices,3,satisfactory,135,0.022,0.644,3,less250
3450,2020,22,847.9041095890411,6.742767551083259,0,NoWC,0,NoSA,buservices,1,unsatisfactory,146,0.021,0.664,3,less250
3450,2021,23,1445.4039735099338,7.276144127917977,0,NoWC,0,NoSA,buservices,1,unsatisfactory,151,0.013,0.623,3,less250
3454,2019,21,852.4418604651163,6.748105007964124,0,NoWC,0,NoSA,buservices,1,unsatisfactory,86,0.07,0.814,2,less100
3454,2020,22,713.6836734693877,6.570439829814268,0,NoWC,0,NoSA,buservices,3,satisfactory,98,0.704,0.878,2,less100
3454,2021,23,123.62765957446808,4.81727430295287,0,NoWC,0,NoSA,buservices,1,unsatisfactory,94,0.734,0.872,2,less100
3460,2014,16,5217.935483870968,8.559857101471323,1,WC,0,NoSA,finance,4,good,31,0.258,0.129,1,less50
3460,2016,18,5550.433333333333,8.621631281770624,1,WC,0,NoSA,finance,4,good,30,0.233,0.1,1,less50
3460,2017,19,5709.037037037037,8.64980564342562,1,WC,0,NoSA,finance,4,good,27,0.296,0.148,1,less50
3460,2018,20,6562.103448275862,8.789066478144706,1,WC,0,NoSA,finance,4,good,29,0.276,0.138,1,less50
3460,2020,22,3786.591836734694,8.239221641986076,1,WC,0,NoSA,buservices,4,good,49,0.184,0.122,1,less50
3460,2021,23,3964.6041666666665,8.28516129722329,1,WC,0,NoSA,buservices,4,good,48,0.167,0.125,1,less50
3464,2012,14,627.7184466019418,6.442091732500316,0,NoWC,1,SA,wholesretail,3,satisfactory,206,0.311,0.364,3,less250
3464,2013,15,487.1335740072202,6.188538364750512,0,NoWC,0,NoSA,wholesretail,2,sufficient,277,0.253,0.538,4,more250
3464,2014,16,957.2246376811594,6.864038095027205,0,NoWC,0,NoSA,wholesretail,3,satisfactory,276,0.283,0.656,4,more250
3464,2015,17,726.3623188405797,6.588048952098775,0,NoWC,0,NoSA,wholesretail,4,good,276,0.297,0.634,4,more250
3464,2017,19,842.425702811245,6.736285471763662,0,NoWC,0,NoSA,wholesretail,3,satisfactory,249,0.313,0.558,3,less250
3464,2018,20,789.5179282868526,6.671422541844264,0,NoWC,1,SA,wholesretail,4,good,251,0.307,0.606,4,more250
3464,2019,21,890.0610687022901,6.791290076891607,0,NoWC,0,NoSA,wholesretail,4,good,262,0.298,0.653,4,more250
3465,2012,14,1649.3461538461538,7.408134217962494,1,WC,0,NoSA,edu,4,good,26,0.192,0.231,1,less50
3465,2014,16,2300.7916666666665,7.741008545591564,1,WC,0,NoSA,edu,4,good,24,0.292,0.25,1,less50
3465,2015,17,1823.25,7.508375901864342,1,WC,0,NoSA,edu,4,good,28,0.321,0.393,1,less50
3465,2016,18,2442.423076923077,7.800745889837822,1,WC,0,NoSA,edu,3,satisfactory,26,0.154,0.231,1,less50
3465,2017,19,2442.423076923077,7.800745889837822,1,WC,1,SA,edu,4,good,26,0.308,0.231,1,less50
3465,2018,20,4043.24,8.30480162973893,1,WC,0,NoSA,edu,2,sufficient,25,0.16,0.28,1,less50
3528,2012,14,7674.424242424242,8.945648552367746,1,WC,0,NoSA,public,3,satisfactory,33,0.212,0.879,1,less50
3528,2013,15,5686.695652173913,8.645884629464321,1,WC,0,NoSA,public,3,satisfactory,46,0.152,0.87,1,less50
3528,2014,16,6774.111111111111,8.820863435828244,1,WC,1,SA,public,5,very good,45,0.511,0.911,1,less50
3528,2015,17,5897.977777777778,8.682364821612575,1,WC,1,SA,public,3,satisfactory,45,0.689,0.933,1,less50
3528,2016,18,6787.377777777778,8.82281995712283,1,WC,0,NoSA,public,4,good,45,0.844,0.933,1,less50
3528,2017,19,8789.422222222222,9.081304257258559,1,WC,0,NoSA,public,2,sufficient,45,0.889,0.911,1,less50
3528,2018,20,9033.577777777778,9.108703778104163,1,WC,0,NoSA,public,3,satisfactory,45,0.844,0.889,1,less50
3538,2000,2,4140.702792553191,8.32862080906769,0,NoWC,0,NoSA,manufacturing,3,satisfactory,47,0.021,0.17,1,less50
3538,2001,3,3798.0603125,8.242245771314602,0,NoWC,0,NoSA,manufacturing,4,good,50,0.06,0.22,1,less50
3538,2002,4,3782.06,8.238024113714454,0,NoWC,0,NoSA,manufacturing,4,good,50,0.08,0.14,1,less50
3538,2003,5,4200.441860465116,8.342945003610462,0,NoWC,0,NoSA,manufacturing,3,satisfactory,43,0.07,0.186,1,less50
3538,2004,6,4082.568181818182,8.314481525701654,1,WC,0,NoSA,manufacturing,4,good,44,0.023,0.205,1,less50
3538,2006,8,5387.690476190476,8.591872088996391,0,NoWC,0,NoSA,manufacturing,2,sufficient,42,0.071,0.167,1,less50
3538,2007,9,5436.261904761905,8.600846953794372,0,NoWC,0,NoSA,manufacturing,3,satisfactory,42,0.095,0.143,1,less50
3538,2008,10,5312.380952380952,8.577795404018003,0,NoWC,0,NoSA,manufacturing,3,satisfactory,42,0.095,0.262,1,less50
3538,2009,11,4519.8536585365855,8.41623489587219,0,NoWC,0,NoSA,manufacturing,4,good,41,0.098,0.195,1,less50
3538,2010,12,5459.317073170731,8.605078982742166,0,NoWC,0,NoSA,manufacturing,4,good,41,0.098,0.195,1,less50
3538,2011,13,6073.809523809524,8.711741285846534,0,NoWC,0,NoSA,manufacturing,4,good,42,0.095,0.19,1,less50
3538,2013,15,4482.739130434783,8.407989551615707,0,NoWC,0,NoSA,manufacturing,2,sufficient,46,0.109,0.217,1,less50
3538,2014,16,5314.586956521739,8.578210574966365,0,NoWC,0,NoSA,manufacturing,4,good,46,0.022,0.261,1,less50
3538,2015,17,6227.978723404255,8.736807116667427,0,NoWC,0,NoSA,manufacturing,4,good,47,0.021,0.319,1,less50
3538,2016,18,5812.106382978724,8.667698328545148,0,NoWC,0,NoSA,manufacturing,3,satisfactory,47,0.021,0.319,1,less50
3556,2010,12,1484.2057142857143,7.302635035606586,0,NoWC,0,NoSA,manufacturing,1,unsatisfactory,175,0.154,0.126,3,less250
3556,2011,13,1554.8387096774193,7.349127095553546,0,NoWC,0,NoSA,manufacturing,2,sufficient,186,0.145,0.108,3,less250
3556,2012,14,1787.027027027027,7.488308639290736,0,NoWC,0,NoSA,manufacturing,2,sufficient,185,0.157,0.108,3,less250
3556,2014,16,1556.6502463054187,7.350291513527262,0,NoWC,0,NoSA,manufacturing,4,good,203,0.143,0.118,3,less250
3556,2015,17,3119.683982683983,8.045486988072305,0,NoWC,0,NoSA,manufacturing,4,good,231,0.126,0.121,3,less250
3556,2016,18,4228.372759856631,8.34957250768679,0,NoWC,0,NoSA,manufacturing,4,good,279,0.108,0.108,4,more250
3556,2017,19,3968.6620689655174,8.28618430654435,0,NoWC,0,NoSA,manufacturing,3,satisfactory,290,0.103,0.11,4,more250
3556,2018,20,2720.1225165562914,7.908432201127222,0,NoWC,0,NoSA,manufacturing,4,good,302,0.096,0.109,4,more250
3556,2019,21,2153.5501432664755,7.674872988767536,0,NoWC,0,NoSA,manufacturing,4,good,349,0.175,0.1,4,more250
3556,2020,22,2531.7658730158732,7.8366723117753905,0,NoWC,0,NoSA,manufacturing,4,good,252,0.159,0.127,4,more250
3581,2005,7,1047.2727272727273,6.953944661451511,1,WC,0,NoSA,manufacturing,3,satisfactory,33,0.667,0.061,1,less50
3581,2006,8,1378.857142857143,7.229010277689609,1,WC,0,NoSA,manufacturing,2,sufficient,28,0.75,0.071,1,less50
3581,2007,9,1702.448275862069,7.439822656277019,1,WC,0,NoSA,manufacturing,4,good,29,0.828,0.103,1,less50
3581,2009,11,1119.0666666666666,7.0202502835405625,1,WC,0,NoSA,wholesretail,3,satisfactory,30,0.9,0.067,1,less50
3581,2010,12,2115.8928571428573,7.6572321570756365,1,WC,0,NoSA,wholesretail,3,satisfactory,28,0.929,0.071,1,less50
3581,2012,14,2674.25,7.89142424618624,1,WC,0,NoSA,wholesretail,4,good,24,0.875,0.042,1,less50
3581,2014,16,2567.28,7.850602251665985,1,WC,0,NoSA,wholesretail,4,good,25,0.84,0.08,1,less50
3581,2020,22,3200.423076923077,8.071038291587104,1,WC,0,NoSA,wholesretail,5,very good,26,0.115,0.115,1,less50
3584,2008,10,2759.135593220339,7.922672718794499,1,WC,0,NoSA,edu,4,good,59,0.322,0.068,2,less100
3584,2009,11,2536.915254237288,7.838704155114392,1,WC,0,NoSA,edu,3,satisfactory,59,0.322,0.051,2,less100
3584,2010,12,2337.6984126984125,7.7569221399983554,1,WC,0,NoSA,edu,3,satisfactory,63,0.302,0.048,2,less100
3584,2011,13,2200.913043478261,7.696627573012372,1,WC,0,NoSA,edu,5,very good,69,0.275,0.058,2,less100
3584,2012,14,2097.0694444444443,7.648296146445365,1,WC,0,NoSA,edu,5,very good,72,0.264,0.042,2,less100
3584,2013,15,2129.542857142857,7.663662614609383,1,WC,0,NoSA,edu,3,satisfactory,70,0.271,0.043,2,less100
3584,2014,16,3367.4246575342468,8.12190353462198,1,WC,0,NoSA,edu,5,very good,73,0.26,0.068,2,less100
3584,2015,17,3496.133333333333,8.159412874873484,1,WC,0,NoSA,edu,5,very good,75,0.253,0.067,2,less100
3584,2017,19,2062.175,7.631516530034896,1,WC,0,NoSA,edu,4,good,80,0.25,0.062,2,less100
3584,2018,20,2084.6206896551726,7.642342194256052,1,WC,0,NoSA,edu,4,good,87,0.241,0.092,2,less100
3584,2019,21,2286.720930232558,7.734874162192661,1,WC,0,NoSA,edu,5,very good,86,0.256,0.047,2,less100
3584,2020,22,2097.183908045977,7.648350727602936,1,WC,0,NoSA,buservices,5,very good,87,0.253,0.046,2,less100
3584,2021,23,2365.035294117647,7.768548224331655,1,WC,0,NoSA,buservices,4,good,85,0.282,0.118,2,less100
3605,2006,8,1983.8709677419354,7.592805249309463,0,NoWC,0,NoSA,manufacturing,3,satisfactory,248,0.536,0.31,3,less250
3605,2007,9,1634.5282258064517,7.399109494786316,0,NoWC,0,NoSA,manufacturing,3,satisfactory,248,0.577,0.476,3,less250
3605,2008,10,1415.9810606060605,7.25557789888601,0,NoWC,0,NoSA,manufacturing,2,sufficient,264,0.602,0.383,4,more250
3605,2010,12,1077.7427385892115,6.9826240760394445,0,NoWC,0,NoSA,manufacturing,2,sufficient,241,0.614,0.369,3,less250
3605,2011,13,1138.5826771653544,7.03753950224821,0,NoWC,0,NoSA,manufacturing,2,sufficient,254,0.571,0.386,4,more250
3605,2013,15,1216.7300380228137,7.103922242598145,0,NoWC,0,NoSA,manufacturing,3,satisfactory,263,0.525,0.411,4,more250
3605,2014,16,1206.1068702290077,7.0951529888079525,0,NoWC,0,NoSA,manufacturing,3,satisfactory,262,0.523,0.309,4,more250
3605,2015,17,3358.5018315018315,8.119250270040054,0,NoWC,0,NoSA,manufacturing,2,sufficient,273,0.48,0.275,4,more250
3605,2016,18,2873.3846153846152,7.963245922412016,0,NoWC,0,NoSA,manufacturing,1,unsatisfactory,273,0.531,0.421,4,more250
3605,2018,20,3080.9540983606557,8.032994600193138,0,NoWC,0,NoSA,manufacturing,3,satisfactory,305,0.38,0.292,4,more250
3605,2019,21,3579.469387755102,8.182969852698847,0,NoWC,0,NoSA,manufacturing,3,satisfactory,294,0.422,0.32,4,more250
3605,2020,22,3631.4455782312925,8.19738607890372,0,NoWC,0,NoSA,manufacturing,3,satisfactory,294,0.432,0.293,4,more250
3651,2014,16,438.3467741935484,6.083010319033064,0,NoWC,0,NoSA,buservices,2,sufficient,124,0.339,0.153,3,less250
3651,2015,17,246.74242424242425,5.508344975683908,0,NoWC,0,NoSA,buservices,3,satisfactory,132,0.394,0.114,3,less250
3651,2016,18,318.4927536231884,5.76359972317785,0,NoWC,0,NoSA,buservices,3,satisfactory,138,0.341,0.101,3,less250
3652,2000,2,1672.5913722826087,7.422129422667117,0,NoWC,0,NoSA,buservices,3,satisfactory,46,0.152,0.152,1,less50
3652,2003,5,2197.734693877551,7.695182424255916,0,NoWC,0,NoSA,buservices,4,good,49,0.122,0.122,1,less50
3652,2004,6,2505.235294117647,7.8261379388953225,0,NoWC,0,NoSA,buservices,4,good,51,0.137,0.216,2,less100
3652,2005,7,2566.75,7.8503957861790745,0,NoWC,0,NoSA,buservices,3,satisfactory,48,0.167,0.208,1,less50
3653,2016,18,2183.095238095238,7.688498982760578,1,WC,0,NoSA,manufacturing,3,satisfactory,42,0.048,0.071,1,less50
3653,2017,19,2358.7380952380954,7.765882049606153,1,WC,0,NoSA,manufacturing,3,satisfactory,42,0.048,0.024,1,less50
3653,2018,20,1603.7608695652175,7.380106693500155,1,WC,0,NoSA,manufacturing,3,satisfactory,46,0.043,0.065,1,less50
3672,2015,17,1975.8974358974358,7.588777972050502,1,WC,0,NoSA,health,4,good,39,0.333,0.692,1,less50
3672,2016,18,2469.871794871795,7.811921523364712,1,WC,0,NoSA,health,4,good,39,0.41,0.769,1,less50
3672,2017,19,2123.225,7.66069143818835,1,WC,0,NoSA,health,4,good,40,0.1,0.825,1,less50
3741,2000,2,1249.0743194842407,7.130158011545277,0,NoWC,1,SA,edu,3,satisfactory,349,0.117,0.679,4,more250
3741,2001,3,1476.1548611111111,7.297195919108729,0,NoWC,1,SA,edu,3,satisfactory,315,0.267,0.625,4,more250
3741,2002,4,2819.440476190476,7.944293731547343,0,NoWC,1,SA,edu,3,satisfactory,168,0.649,0.696,3,less250
3750,2013,15,871.9346049046321,6.770714426721339,0,NoWC,1,SA,wholesretail,3,satisfactory,367,0.302,0.608,4,more250
3750,2014,16,908.0459770114943,6.811295012794575,0,NoWC,1,SA,wholesretail,4,good,348,0.342,0.624,4,more250
3750,2015,17,791.028901734104,6.673334505322784,0,NoWC,1,SA,wholesretail,4,good,346,0.364,0.63,4,more250
3750,2016,18,733.7694369973191,6.598194860736693,0,NoWC,1,SA,wholesretail,4,good,373,0.477,0.633,4,more250
3750,2018,20,1679.6657534246576,7.4263500963080284,0,NoWC,1,SA,wholesretail,4,good,365,0.323,0.641,4,more250
3750,2019,21,1541.9464788732394,7.340800844618987,0,NoWC,1,SA,wholesretail,4,good,355,0.501,0.758,4,more250
3750,2020,22,3145.92816091954,8.053864248303316,0,NoWC,1,SA,wholesretail,5,very good,348,0.371,0.784,4,more250
3750,2021,23,3083.0086206896553,8.03366122408388,0,NoWC,1,SA,wholesretail,3,satisfactory,348,0.299,0.77,4,more250
3770,2002,4,4407.975609756098,8.391170817640514,1,WC,0,NoSA,wholesretail,1,unsatisfactory,41,0.585,0.073,1,less50
3770,2003,5,3709.7045454545455,8.218707515086471,1,WC,0,NoSA,wholesretail,3,satisfactory,44,0.523,0.023,1,less50
3770,2004,6,3361.2916666666665,8.12008060368822,1,WC,0,NoSA,wholesretail,3,satisfactory,48,0.521,0.083,1,less50
3770,2005,7,3801.3653846153848,8.243115592918363,1,WC,0,NoSA,wholesretail,2,sufficient,52,0.096,0.058,2,less100
3770,2006,8,3237.735849056604,8.082629552483878,1,WC,0,NoSA,wholesretail,3,satisfactory,53,0.245,0.075,2,less100
3770,2007,9,3679.2264150943397,8.210457795775485,1,WC,0,NoSA,manufacturing,2,sufficient,53,0.245,0.057,2,less100
3770,2008,10,4339.3877551020405,8.37548854689012,1,WC,0,NoSA,manufacturing,2,sufficient,49,0.245,0.061,1,less50
3803,2001,3,3217.376201923077,8.07632146224926,1,WC,0,NoSA,wholesretail,4,good,39,0.026,0.051,1,less50
3803,2002,4,7436.757575757576,8.914190223124482,1,WC,0,NoSA,wholesretail,4,good,33,0.061,0.061,1,less50
3803,2003,5,4273.058823529412,8.36008520187958,1,WC,0,NoSA,wholesretail,1,unsatisfactory,34,0.088,0.059,1,less50
3824,2007,9,1938.9615384615386,7.569907819286013,1,WC,0,NoSA,transcom,3,satisfactory,26,0.077,0.154,1,less50
3824,2008,10,1163.1363636363637,7.058875397267211,1,WC,0,NoSA,transcom,3,satisfactory,22,0.273,0.182,1,less50
3824,2009,11,1955.8333333333333,7.578571639057069,1,WC,0,NoSA,transcom,2,sufficient,24,0.417,0.167,1,less50
3825,2001,3,2020.3326759708739,7.611017467909854,0,NoWC,0,NoSA,public,3,satisfactory,103,0.165,0.524,3,less250
3825,2002,4,3022.254716981132,8.013758426832354,0,NoWC,0,NoSA,public,2,sufficient,106,0.34,0.557,3,less250
3825,2004,6,4118.043859649123,8.32313353824717,0,NoWC,0,NoSA,public,2,sufficient,114,0.211,0.43,3,less250
3835,2003,5,1168.0963302752293,7.063130634538044,1,WC,0,NoSA,buservices,3,satisfactory,218,0.133,0.688,3,less250
3835,2005,7,2553.0373134328356,7.845039032658703,1,WC,0,NoSA,buservices,3,satisfactory,134,0.216,0.604,3,less250
3835,2006,8,3600.7727272727275,8.18890374787559,1,WC,0,NoSA,buservices,3,satisfactory,110,0.218,0.627,3,less250
3843,2008,10,2098.5625,7.6490078655085965,1,WC,0,NoSA,wholesretail,2,sufficient,32,0.344,0.625,1,less50
3843,2009,11,2767.9777777777776,7.92587228844586,1,WC,1,SA,wholesretail,4,good,45,0.044,0.422,1,less50
3843,2010,12,2940.021739130435,7.9861722545674425,1,WC,0,NoSA,wholesretail,1,unsatisfactory,46,0.565,0.5,1,less50
3843,2015,17,1328.054054054054,7.191470032561976,1,WC,0,NoSA,wholesretail,4,good,37,0.243,0.189,1,less50
3843,2016,18,1241.2564102564102,7.123879379701664,1,WC,0,NoSA,wholesretail,4,good,39,0.949,0.205,1,less50
3843,2017,19,1121.6444444444444,7.022551141426448,1,WC,0,NoSA,wholesretail,5,very good,45,0.756,0.178,1,less50
3843,2018,20,1136.7777777777778,7.03595302854272,1,WC,0,NoSA,wholesretail,3,satisfactory,45,0.867,0.089,1,less50
3843,2019,21,615.0588235294117,6.421717911247842,1,WC,0,NoSA,wholesretail,2,sufficient,68,0.618,0.103,2,less100
3843,2020,22,613.0769230769231,6.418490414322724,1,WC,0,NoSA,wholesretail,1,unsatisfactory,78,0.577,0.141,2,less100
3843,2021,23,547.2307692307693,6.3048705950468635,1,WC,0,NoSA,wholesretail,1,unsatisfactory,78,0.551,0.141,2,less100
3845,2001,3,934.8703125,6.840407816459951,0,NoWC,0,NoSA,wholesretail,4,good,190,0.674,0.121,3,less250
3845,2002,4,804.0424528301887,6.6896520698125865,0,NoWC,0,NoSA,wholesretail,2,sufficient,212,0.009,0.179,3,less250
3845,2003,5,684.081081081081,6.528076450189512,0,NoWC,0,NoSA,wholesretail,2,sufficient,222,0.005,0.153,3,less250
3845,2004,6,720.0892857142857,6.5793752122582605,0,NoWC,0,NoSA,wholesretail,2,sufficient,224,0.504,0.165,3,less250
3845,2005,7,719.0755555555555,6.577966436422,0,NoWC,0,NoSA,wholesretail,3,satisfactory,225,0.009,0.156,3,less250
3845,2006,8,876.8217391304348,6.776303709602672,0,NoWC,0,NoSA,wholesretail,4,good,230,0.022,0.161,3,less250
3854,2016,18,2482.595238095238,7.8170597589680435,0,NoWC,0,NoSA,wholesretail,3,satisfactory,42,0.095,0.976,1,less50
3854,2017,19,2061.2926829268295,7.6310885809616975,0,NoWC,0,NoSA,wholesretail,4,good,41,0.098,0.951,1,less50
3854,2018,20,2284.135135135135,7.733742735021781,0,NoWC,0,NoSA,wholesretail,3,satisfactory,37,0.108,0.946,1,less50
3854,2019,21,2432.4594594594596,7.796658147717561,0,NoWC,0,NoSA,wholesretail,3,satisfactory,37,0.108,0.919,1,less50
3854,2020,22,2700.025,7.901016311208813,0,NoWC,0,NoSA,wholesretail,3,satisfactory,40,0.125,0.875,1,less50
3854,2021,23,3105.3414634146343,8.040878960435304,0,NoWC,0,NoSA,wholesretail,4,good,41,0.098,0.902,1,less50
3892,2019,21,1610.7222222222222,7.384437942625427,1,WC,0,NoSA,construction,2,sufficient,54,0.37,0.204,2,less100
3892,2020,22,2131.843137254902,7.664742207182545,1,WC,0,NoSA,wholesretail,2,sufficient,51,0.784,0.196,2,less100
3892,2021,23,2604.8541666666665,7.865131970534679,1,WC,0,NoSA,wholesretail,1,unsatisfactory,48,0.25,0.167,1,less50
3907,2000,2,1983.277027027027,7.592505819734297,0,NoWC,0,NoSA,public,3,satisfactory,296,0.037,0.253,4,more250
3907,2001,3,1959.1814829192547,7.580282054245425,0,NoWC,0,NoSA,public,3,satisfactory,322,0.022,0.236,4,more250
3907,2002,4,1681.6816816816818,7.4275495727308884,0,NoWC,0,NoSA,public,3,satisfactory,333,0.024,0.255,4,more250
3907,2003,5,1309.9682080924856,7.177758147269019,0,NoWC,0,NoSA,public,3,satisfactory,346,0.032,0.243,4,more250
3907,2006,8,1344.2622950819673,7.203600662073079,0,NoWC,0,NoSA,public,4,good,366,0.066,0.153,4,more250
3912,2005,7,1512.5718475073313,7.321566691260975,0,NoWC,0,NoSA,buservices,3,satisfactory,341,0.434,0.525,4,more250
3912,2006,8,2050,7.6255950721324535,0,NoWC,0,NoSA,buservices,4,good,240,0.592,0.588,3,less250
3912,2007,9,1641.1457489878542,7.403149904323321,0,NoWC,0,NoSA,buservices,2,sufficient,247,0.623,0.559,3,less250
3912,2008,10,1454.5486381322958,7.282450917137106,0,NoWC,0,NoSA,buservices,3,satisfactory,257,0.626,0.545,4,more250
3912,2009,11,1254.5454545454545,7.134528598346925,0,NoWC,0,NoSA,transcom,3,satisfactory,275,0.571,0.553,4,more250
3927,2007,9,832.3900414937759,6.724301130841207,0,NoWC,0,NoSA,manufacturing,3,satisfactory,241,0.004,0.046,3,less250
3927,2008,10,976.6620370370371,6.884140673096653,0,NoWC,0,NoSA,manufacturing,3,satisfactory,216,0.005,0.111,3,less250
3927,2009,11,862.4029126213592,6.759722577492906,0,NoWC,0,NoSA,manufacturing,1,unsatisfactory,206,0.005,0.053,3,less250
3927,2010,12,880.9074074074074,6.780952520988793,0,NoWC,0,NoSA,manufacturing,3,satisfactory,216,0.005,0.106,3,less250
3927,2011,13,672.6315789473684,6.511197748765086,0,NoWC,0,NoSA,manufacturing,4,good,247,0.004,0.117,3,less250
3927,2012,14,562.2775800711744,6.331995642675358,0,NoWC,0,NoSA,manufacturing,3,satisfactory,281,0.004,0.1,4,more250
3927,2013,15,472.91519434628975,6.158916079280189,0,NoWC,0,NoSA,manufacturing,3,satisfactory,283,0.004,0.102,4,more250
3927,2014,16,483.9505300353357,6.181982690821971,0,NoWC,0,NoSA,manufacturing,3,satisfactory,283,0.004,0.127,4,more250
3927,2015,17,490.65017667844523,6.195731402743022,0,NoWC,0,NoSA,manufacturing,2,sufficient,283,0.004,0.06,4,more250
3927,2017,19,505.6622516556291,6.225868959572358,0,NoWC,0,NoSA,manufacturing,1,unsatisfactory,302,0.003,0.116,4,more250
3927,2018,20,455.4957507082153,6.121386387805161,0,NoWC,0,NoSA,manufacturing,3,satisfactory,353,0.003,0.113,4,more250
3935,2011,13,1735.3880597014925,7.458986332905554,1,WC,0,NoSA,transcom,4,good,67,0.06,0.433,2,less100
3935,2013,15,1962.0625,7.581751494867686,1,WC,0,NoSA,transcom,2,sufficient,64,0.125,0.422,2,less100
3935,2014,16,2034.734375,7.618120561101613,1,WC,1,SA,transcom,2,sufficient,64,0.125,0.422,2,less100
3935,2015,17,1937.8472222222222,7.569332956640579,1,WC,1,SA,transcom,3,satisfactory,72,0.222,0.5,2,less100
3935,2016,18,2229.849315068493,7.709689290452928,1,WC,1,SA,transcom,1,unsatisfactory,73,0.178,0.493,2,less100
3935,2018,20,2415.847222222222,7.789805321220063,1,WC,1,SA,transcom,2,sufficient,72,0.097,0.514,2,less100
3935,2019,21,2449.0379746835442,7.803450563031843,1,WC,1,SA,transcom,2,sufficient,79,0.101,0.544,2,less100
3945,2004,6,2043.6976744186047,7.62251603158685,1,WC,0,NoSA,health,4,good,43,0.279,0.326,1,less50
3945,2005,7,2165.2045454545455,7.680270114243798,1,WC,0,NoSA,health,1,unsatisfactory,44,0.455,0.273,1,less50
3945,2006,8,2072.25,7.636390252471635,1,WC,0,NoSA,health,2,sufficient,48,0.479,0.292,1,less50
3947,1998,0,1886.685885608856,7.542577069195709,0,NoWC,0,NoSA,health,4,good,542,0.061,0.773,4,more250
3947,1999,1,484.68680811808116,6.183502925889413,0,NoWC,0,NoSA,health,4,good,542,0.09,0.668,4,more250
3947,2000,2,495.9380189114391,6.206450957044444,0,NoWC,0,NoSA,health,4,good,542,0.096,0.708,4,more250
3961,2016,18,2834.1521739130435,7.949498114614648,0,NoWC,0,NoSA,manufacturing,3,satisfactory,138,0.072,0.152,3,less250
3961,2017,19,3741.827338129496,8.227329364168595,0,NoWC,0,NoSA,manufacturing,2,sufficient,139,0.086,0.151,3,less250
3961,2020,22,3055.4527027027025,8.024683044818241,0,NoWC,0,NoSA,manufacturing,1,unsatisfactory,148,0.068,0.128,3,less250
4001,2001,3,2022.305431547619,7.6119934423507365,1,WC,0,NoSA,public,3,satisfactory,21,0.333,0.524,1,less50
4001,2002,4,1670.9545454545455,7.421150326223345,1,WC,0,NoSA,public,2,sufficient,22,0.455,0.5,1,less50
4001,2003,5,2131.608695652174,7.664632229815776,1,WC,0,NoSA,public,1,unsatisfactory,23,0.522,0.478,1,less50
4007,2002,4,1223.590909090909,7.109545182607851,1,WC,0,NoSA,buservices,4,good,22,0.045,0.727,1,less50
4007,2003,5,1387.1304347826087,7.2349924568324155,1,WC,0,NoSA,buservices,3,satisfactory,23,0.043,0.696,1,less50
4007,2004,6,1498.5217391304348,7.312234393912373,1,WC,0,NoSA,buservices,4,good,23,0.043,0.696,1,less50
4007,2005,7,2080.6521739130435,7.640436668700858,1,WC,0,NoSA,buservices,4,good,23,0.043,0.696,1,less50
4007,2006,8,1645.0416666666667,7.40552099215934,1,WC,0,NoSA,buservices,4,good,24,0.042,0.667,1,less50
4007,2007,9,4878.0952380952385,8.492510102590039,1,WC,0,NoSA,buservices,4,good,21,0.048,0.81,1,less50
4007,2008,10,1812.6818181818182,7.502562695177393,1,WC,0,NoSA,buservices,4,good,22,0.045,0.727,1,less50
4007,2009,11,1858,7.527255919373784,1,WC,1,SA,transcom,4,good,22,0.045,0.727,1,less50
4007,2010,12,1132.9545454545455,7.032584141471723,1,WC,0,NoSA,transcom,4,good,22,0.591,0.727,1,less50
4007,2013,15,1950.608695652174,7.575896754465112,1,WC,0,NoSA,transcom,4,good,23,0.478,0.739,1,less50
4007,2015,17,1931.6666666666667,7.566138467105742,1,WC,0,NoSA,transcom,4,good,24,0.458,0.75,1,less50
4007,2016,18,3323.2916666666665,8.10871103659634,1,WC,0,NoSA,transcom,4,good,24,0.542,0.75,1,less50
4007,2017,19,1578.5416666666667,7.364256704017528,1,WC,0,NoSA,transcom,4,good,24,0.5,0.542,1,less50
4007,2018,20,1590.9583333333333,7.372091839015172,1,WC,0,NoSA,transcom,4,good,24,0.625,0.458,1,less50
4007,2021,23,1342.076923076923,7.201973635618365,1,WC,0,NoSA,transcom,4,good,26,0.615,0.385,1,less50
4009,2011,13,2171.15873015873,7.683016281051174,0,NoWC,0,NoSA,health,3,satisfactory,63,0.27,0.016,2,less100
4009,2012,14,2558.470588235294,7.847164932472717,0,NoWC,0,NoSA,health,4,good,51,0.373,0.02,2,less100
4009,2013,15,2345.5454545454545,7.760273257050123,0,NoWC,0,NoSA,health,3,satisfactory,55,0.327,0,2,less100
4009,2014,16,4888.1509433962265,8.494569380774852,0,NoWC,0,NoSA,health,5,very good,53,0.264,0.019,2,less100
4009,2015,17,3950.5833333333335,8.281618526316544,0,NoWC,0,NoSA,health,4,good,36,0.528,0.056,1,less50
4016,1998,0,9281.41508152174,9.135769301388196,1,WC,0,NoSA,manufacturing,4,good,23,0.043,0.565,1,less50
4016,1999,1,7055.444661458333,8.861554890147424,1,WC,0,NoSA,manufacturing,3,satisfactory,24,0.042,0.5,1,less50
4016,2000,2,6617.851222826087,8.797526007543775,1,WC,0,NoSA,manufacturing,3,satisfactory,23,0.043,0.478,1,less50
4043,1998,0,2425.3953919491523,7.793749838307121,0,NoWC,0,NoSA,edu,4,good,59,0.475,0.559,2,less100
4043,1999,1,1651.1319010416667,7.409216332335061,0,NoWC,0,NoSA,edu,1,unsatisfactory,60,0.1,0.85,2,less100
4043,2000,2,2162.2784323770493,7.678917774540357,1,WC,0,NoSA,edu,2,sufficient,61,0.098,0.689,2,less100
4043,2001,3,1772.4955729166666,7.480143760753892,1,WC,0,NoSA,edu,1,unsatisfactory,60,0.717,0.433,2,less100
4043,2002,4,1489.090909090909,7.3059210846086895,0,NoWC,0,NoSA,edu,1,unsatisfactory,66,0.652,0.364,2,less100
4043,2003,5,1366.0470588235294,7.219676489627776,0,NoWC,0,NoSA,edu,4,good,85,0.506,0.576,2,less100
4043,2004,6,1478.5555555555557,7.298820914207523,0,NoWC,0,NoSA,edu,1,unsatisfactory,81,0.519,0.593,2,less100
4043,2005,7,1572.275,7.360278894076335,0,NoWC,0,NoSA,edu,2,sufficient,80,0.562,0.6,2,less100
4058,2001,3,1232.0717329545455,7.116452367199234,1,WC,0,NoSA,edu,3,satisfactory,220,0.114,0.109,3,less250
4058,2002,4,1198.2072538860104,7.088581763617487,1,WC,0,NoSA,edu,1,unsatisfactory,193,0.13,0.124,3,less250
4058,2005,7,1463.9947368421053,7.288924099461588,1,WC,0,NoSA,edu,3,satisfactory,190,0.189,0.132,3,less250
4058,2007,9,2157.4,7.676659071941328,1,WC,0,NoSA,edu,3,satisfactory,180,0.189,0.072,3,less250
4058,2008,10,2100.1067415730336,7.649743451740241,1,WC,0,NoSA,edu,3,satisfactory,178,0.191,0.067,3,less250
4058,2009,11,2118.4057971014495,7.6584191022860795,1,WC,0,NoSA,buservices,3,satisfactory,138,0.196,0.101,3,less250
4058,2010,12,2201.1525423728813,7.696736385064435,1,WC,0,NoSA,edu,3,satisfactory,118,0.246,0.076,3,less250
4058,2011,13,2142.222222222222,7.669598990828317,1,WC,0,NoSA,edu,3,satisfactory,135,0.207,0.163,3,less250
4058,2018,20,4230.861538461539,8.350160924696876,1,WC,0,NoSA,edu,3,satisfactory,130,0.438,0.1,3,less250
4058,2019,21,3209.648854961832,8.07391681916281,1,WC,0,NoSA,edu,4,good,131,0.435,0.099,3,less250
4058,2020,22,3255.8091603053435,8.088196113704866,1,WC,0,NoSA,buservices,3,satisfactory,131,0.489,0.099,3,less250
4058,2021,23,3176.937984496124,8.063673113932985,1,WC,0,NoSA,buservices,2,sufficient,129,0.45,0.101,3,less250
4061,2015,17,3017.4938271604938,8.012181907289559,0,NoWC,0,NoSA,health,3,satisfactory,243,0.095,0.914,3,less250
4061,2016,18,2587.9448529411766,7.858619346638415,0,NoWC,0,NoSA,health,4,good,272,0.062,0.908,4,more250
4061,2018,20,3907.9044585987263,8.270756565217644,0,NoWC,0,NoSA,health,4,good,314,0.051,0.866,4,more250
4061,2019,21,2252.4285714285716,7.7197642781821685,0,NoWC,0,NoSA,health,4,good,322,0.056,0.904,4,more250
4061,2020,22,2555.582857142857,7.846035600747816,0,NoWC,0,NoSA,buservices,4,good,350,0.051,0.709,4,more250
4061,2021,23,2605.2690058479534,7.865291214056733,0,NoWC,0,NoSA,buservices,4,good,342,0.05,0.889,4,more250
4074,2008,10,1507.1159420289855,7.317953131320043,1,WC,0,NoSA,buservices,4,good,69,0.246,0.072,2,less100
4074,2009,11,723.5945945945946,6.584231283336514,0,NoWC,0,NoSA,buservices,3,satisfactory,74,0.027,0.095,2,less100
4074,2010,12,564.9012345679013,6.336650909791567,0,NoWC,0,NoSA,buservices,4,good,81,0.099,0.111,2,less100
4149,2004,6,2451.5,7.804455361091288,1,WC,0,NoSA,health,3,satisfactory,30,0.067,0.1,1,less50
4149,2005,7,2654.4411764705883,7.883989431849989,1,WC,0,NoSA,health,3,satisfactory,34,0.059,0.118,1,less50
4149,2006,8,1914.0263157894738,7.556964321024689,1,WC,0,NoSA,health,5,very good,38,0.105,0.105,1,less50
4149,2007,9,2038.15,7.619797812644374,1,WC,0,NoSA,health,1,unsatisfactory,40,0.1,0.075,1,less50
4149,2008,10,1536.2666666666667,7.3371105097500635,1,WC,0,NoSA,health,3,satisfactory,45,0.044,0.067,1,less50
4150,2015,17,1877.9818181818182,7.5379529782420125,1,WC,0,NoSA,transcom,4,good,55,0.127,0.073,2,less100
4150,2016,18,2557.8490566037735,7.84692197203329,1,WC,0,NoSA,transcom,4,good,53,0.151,0.057,2,less100
4150,2017,19,3293.6428571428573,8.0997494826199,1,WC,0,NoSA,transcom,4,good,56,0.125,0.054,2,less100
4150,2018,20,3074.0666666666666,8.030756611132949,1,WC,0,NoSA,transcom,4,good,60,0.1,0.067,2,less100
4150,2019,21,3074.0666666666666,8.030756611132949,1,WC,0,NoSA,transcom,4,good,60,0.083,0.067,2,less100
4150,2020,22,3170.125,8.061526298270554,1,WC,0,NoSA,transcom,5,very good,64,0.062,0.062,2,less100
4157,2009,11,2331.2413793103447,7.754156185502326,1,WC,0,NoSA,wholesretail,5,very good,58,0.293,0.259,2,less100
4157,2010,12,2628.8888888888887,7.874316560196158,1,WC,0,NoSA,wholesretail,2,sufficient,54,0.333,0.259,2,less100
4157,2018,20,2930.9333333333334,7.983076195086581,0,NoWC,0,NoSA,wholesretail,3,satisfactory,60,0.3,0.25,2,less100
4157,2019,21,2840.7413793103447,7.951820346140814,0,NoWC,0,NoSA,wholesretail,4,good,58,0.569,0.259,2,less100
4163,2017,19,1417.078947368421,7.256352952583587,1,WC,0,NoSA,edu,5,very good,38,0.105,0.105,1,less50
4163,2020,22,1425.4117647058824,7.262216008650857,1,WC,0,NoSA,art,5,very good,34,0.176,0.147,1,less50
4163,2021,23,791.8823529411765,6.674412836514442,1,WC,0,NoSA,art,5,very good,34,0.324,0.147,1,less50
4210,2014,16,1103.5,7.006242225696791,0,NoWC,0,NoSA,wholesretail,5,very good,22,0.091,0.864,1,less50
4210,2020,22,3219.590909090909,8.07700958360114,0,NoWC,0,NoSA,wholesretail,4,good,22,0.091,0.909,1,less50
4210,2021,23,3737.8,8.226252482036202,1,WC,0,NoSA,wholesretail,3,satisfactory,20,0.1,0.8,1,less50
4215,2007,9,1383.1904761904761,7.232148049000146,0,NoWC,0,NoSA,manufacturing,4,good,21,0.571,0.143,1,less50
4215,2008,10,1279.952380952381,7.154578153840685,0,NoWC,0,NoSA,manufacturing,4,good,21,0.571,0.143,1,less50
4215,2009,11,1235.9130434782608,7.119565282369807,0,NoWC,0,NoSA,construction,5,very good,23,0.478,0.174,1,less50
4215,2010,12,1163.8695652173913,7.059505564639111,1,WC,0,NoSA,construction,4,good,23,0.652,0.174,1,less50
4215,2011,13,1384.4347826086957,7.233047236126801,1,WC,0,NoSA,construction,5,very good,23,0.391,0.174,1,less50
4215,2013,15,1193.8,7.084896775734549,1,WC,0,NoSA,construction,4,good,25,0.36,0.16,1,less50
4215,2014,16,1451.3076923076924,7.280220285750076,1,WC,0,NoSA,construction,3,satisfactory,26,0.462,0.154,1,less50
4215,2015,17,1448.96,7.2786013366946545,0,NoWC,0,NoSA,manufacturing,4,good,25,0.36,0.16,1,less50
4215,2016,18,1413.695652173913,7.2539625843741025,0,NoWC,0,NoSA,manufacturing,2,sufficient,23,0.522,0.13,1,less50
4215,2017,19,1413.695652173913,7.2539625843741025,0,NoWC,0,NoSA,manufacturing,3,satisfactory,23,0.478,0.13,1,less50
4215,2018,20,1507.9565217391305,7.3185107164142815,0,NoWC,0,NoSA,manufacturing,3,satisfactory,23,0.565,0.13,1,less50
4215,2021,23,1640.7826086956522,7.4029286074185094,0,NoWC,0,NoSA,manufacturing,4,good,23,0.739,0.174,1,less50
4224,2012,14,2353.5384615384614,7.76367520298022,0,NoWC,1,SA,edu,4,good,78,0.551,1,2,less100
4224,2013,15,2459.6233766233768,7.807763518271984,0,NoWC,1,SA,edu,4,good,77,0.597,1,2,less100
4224,2015,17,2130.320987654321,7.664027945778862,0,NoWC,0,NoSA,edu,5,very good,81,0.506,1,2,less100
4224,2016,18,2744.175675675676,7.917236008544166,0,NoWC,0,NoSA,edu,5,very good,74,0.608,1,2,less100
4224,2017,19,3013.617283950617,8.010896391678154,0,NoWC,0,NoSA,edu,5,very good,81,0.593,1,2,less100
4224,2019,21,3105.182926829268,8.040827906264854,1,WC,0,NoSA,edu,2,sufficient,82,0.537,0.976,2,less100
4224,2020,22,3271.987804878049,8.093152970600181,1,WC,0,NoSA,art,2,sufficient,82,0.549,0.963,2,less100
4259,2012,14,790.3469387755102,6.672472012064192,1,WC,0,NoSA,buservices,4,good,49,0.02,0.531,1,less50
4259,2014,16,2233.15,7.711168423789177,1,WC,0,NoSA,buservices,2,sufficient,20,0.05,0.6,1,less50
4259,2015,17,2336.35,7.756345161492032,1,WC,0,NoSA,buservices,2,sufficient,20,0.1,0.25,1,less50
4259,2016,18,1395.1944444444443,7.240789071240569,1,WC,0,NoSA,buservices,3,satisfactory,36,0.028,0.389,1,less50
4259,2017,19,1922.6666666666667,7.5614683902966755,1,WC,0,NoSA,buservices,4,good,33,0.061,0.455,1,less50
4259,2018,20,3020.04,8.013025355314314,1,WC,0,NoSA,buservices,4,good,25,0.16,0.48,1,less50
4259,2019,21,3272.095238095238,8.09318580429636,1,WC,0,NoSA,buservices,4,good,21,0.048,0.429,1,less50
4312,2014,16,1314.7272727272727,7.181384525936527,1,WC,0,NoSA,buservices,4,good,44,0.682,0.545,1,less50
4312,2016,18,1510.8292682926829,7.320413963362252,1,WC,0,NoSA,buservices,2,sufficient,41,0.878,0.634,1,less50
4312,2018,20,1522.5333333333333,7.328130893159384,1,WC,0,NoSA,buservices,4,good,45,0.689,0.511,1,less50
4312,2019,21,1459.3454545454545,7.285743295372978,1,WC,0,NoSA,buservices,4,good,55,0.691,0.509,2,less100
4312,2021,23,1675.5263157894738,7.423882613284685,1,WC,0,NoSA,buservices,2,sufficient,57,0.421,0.491,2,less100
4317,1998,0,1568.8544694767443,7.358100994751568,0,NoWC,1,SA,manufacturing,2,sufficient,172,0.035,0.814,3,less250
4317,1999,1,1461.1830486918604,7.287001693903836,0,NoWC,0,NoSA,manufacturing,4,good,172,0.029,0.814,3,less250
4317,2000,2,2081.0977470930234,7.640650796502931,0,NoWC,0,NoSA,manufacturing,4,good,172,0.041,0.814,3,less250
4317,2001,3,1374.685706967213,7.225980407221907,0,NoWC,0,NoSA,manufacturing,4,good,244,0.074,0.848,3,less250
4317,2002,4,1232.877729257642,7.117106333005981,0,NoWC,0,NoSA,manufacturing,3,satisfactory,229,0.083,0.821,3,less250
4317,2005,7,1035.8423236514523,6.942970213988619,0,NoWC,0,NoSA,manufacturing,4,good,241,0.124,0.884,3,less250
4317,2006,8,1197.3125,7.08783474082532,0,NoWC,0,NoSA,manufacturing,4,good,208,0.188,0.822,3,less250
4318,2016,18,314.6306306306306,5.751399349618364,1,WC,0,NoSA,manufacturing,2,sufficient,222,0.009,0.797,3,less250
4318,2017,19,1181.1341991341992,7.07423044152347,1,WC,0,NoSA,manufacturing,2,sufficient,231,0.004,0.766,3,less250
4318,2018,20,1301.8116591928251,7.171512157307141,1,WC,0,NoSA,manufacturing,3,satisfactory,223,0.027,0.857,3,less250
4318,2019,21,938.7627118644068,6.844562744253674,1,WC,0,NoSA,manufacturing,4,good,236,0.004,0.864,3,less250
4330,2011,13,2130.6,7.664158909177097,1,WC,0,NoSA,buservices,1,unsatisfactory,55,0.036,0.236,2,less100
4330,2012,14,1632,7.397561535524052,1,WC,0,NoSA,buservices,4,good,73,0.027,0.685,2,less100
4330,2013,15,1214.8,7.102334733171594,1,WC,0,NoSA,buservices,4,good,75,0.027,0.667,2,less100
4342,2007,9,6786.416666666667,8.822678344382686,1,WC,0,NoSA,finance,3,satisfactory,24,0.25,0.083,1,less50
4342,2008,10,6288.75,8.746517601805529,1,WC,0,NoSA,finance,2,sufficient,24,0.25,0.167,1,less50
4342,2009,11,5630.185185185185,8.635897613165644,1,WC,0,NoSA,finance,3,satisfactory,27,0.037,0.148,1,less50
4387,2001,3,591.26171875,6.382258759905707,1,WC,0,NoSA,public,1,unsatisfactory,27,0.074,0.074,1,less50
4387,2002,4,227.65625,5.427836815829578,1,WC,0,NoSA,public,3,satisfactory,32,0.062,0.062,1,less50
4387,2003,5,535.2571428571429,6.2827472722796625,1,WC,0,NoSA,public,4,good,35,0.057,0.057,1,less50
4387,2004,6,612.2058823529412,6.417068635012915,1,WC,0,NoSA,public,3,satisfactory,34,0.059,0.059,1,less50
4387,2005,7,465.2647058823529,6.142606503582418,1,WC,0,NoSA,public,1,unsatisfactory,34,0.059,0.059,1,less50
4387,2006,8,680.4333333333333,6.522729850111428,1,WC,0,NoSA,public,1,unsatisfactory,30,0.067,0.067,1,less50
4387,2007,9,1120.8076923076924,7.021804858228807,1,WC,0,NoSA,public,1,unsatisfactory,26,0.077,0.077,1,less50
4387,2008,10,1371.909090909091,7.22395854582018,1,WC,0,NoSA,public,5,very good,22,0.091,0.091,1,less50
4387,2009,11,1498.68,7.312339999662994,1,WC,0,NoSA,public,4,good,25,0.08,0.08,1,less50
4387,2010,12,1498.68,7.312339999662994,1,WC,0,NoSA,public,1,unsatisfactory,25,0.04,0.08,1,less50
4387,2011,13,1235.90625,7.119559785626353,1,WC,0,NoSA,public,1,unsatisfactory,32,0.062,0.094,1,less50
4387,2013,15,1850.2222222222222,7.5230610309786465,1,WC,0,NoSA,public,4,good,27,0.037,0.111,1,less50
4387,2014,16,2172,7.683403681053826,1,WC,0,NoSA,public,5,very good,23,0.043,0.174,1,less50
4401,1998,0,3420.01254180602,8.137399497244669,0,NoWC,1,SA,public,1,unsatisfactory,299,0.11,0.107,4,more250
4401,1999,1,3149.2615489130435,8.05492327542043,0,NoWC,1,SA,public,1,unsatisfactory,276,0.145,0.163,4,more250
4401,2000,2,2335.153917910448,7.755833085665187,0,NoWC,1,SA,public,1,unsatisfactory,268,0.142,0.093,4,more250
4401,2001,3,2153.09364334471,7.674660990772765,0,NoWC,0,NoSA,public,2,sufficient,293,0.212,0.102,4,more250
4401,2002,4,1958.041958041958,7.579700251891479,0,NoWC,1,SA,public,2,sufficient,286,0.266,0.196,4,more250
4401,2003,5,1842.4756097560976,7.51886538639438,0,NoWC,1,SA,public,3,satisfactory,246,0.451,0.122,3,less250
4401,2004,6,2109.7046413502107,7.654303236269198,0,NoWC,1,SA,public,3,satisfactory,237,0.726,0.148,3,less250
4401,2005,7,1315.783163265306,7.182187328754029,0,NoWC,1,SA,public,4,good,392,0.263,0.107,4,more250
4401,2006,8,1144.1860465116279,7.042448786786837,0,NoWC,1,SA,public,3,satisfactory,430,0.179,0.128,4,more250
4415,2012,14,382.4585635359116,5.946620316773337,1,WC,0,NoSA,public,3,satisfactory,181,0.072,0.541,3,less250
4415,2013,15,511.5,6.2373475853916815,1,WC,0,NoSA,public,3,satisfactory,178,0.062,0.551,3,less250
4415,2014,16,688.2962962962963,6.534219408445916,1,WC,0,NoSA,public,3,satisfactory,189,0.063,0.55,3,less250
4415,2017,19,428.87861271676303,6.061173924848791,1,WC,0,NoSA,public,4,good,173,0.098,0.474,3,less250
4415,2018,20,596.4728260869565,6.391033684904234,1,WC,0,NoSA,public,5,very good,184,0.087,0.462,3,less250
4415,2019,21,824.5434782608696,6.714829873490912,1,WC,0,NoSA,public,4,good,184,0.098,0.478,3,less250
4415,2020,22,499.125,6.212856565383386,1,WC,0,NoSA,public,4,good,184,0.109,0.462,3,less250
4415,2021,23,780.625,6.660094880879842,1,WC,0,NoSA,public,5,very good,184,0.103,0.462,3,less250
4422,2019,21,2118.681818181818,7.658549390401795,0,NoWC,0,NoSA,public,4,good,22,0.545,0.773,1,less50
4422,2020,22,1989.409090909091,7.595592934381689,0,NoWC,0,NoSA,buservices,4,good,22,0.182,0.773,1,less50
4422,2021,23,2397.681818181818,7.782257640454333,0,NoWC,0,NoSA,buservices,4,good,22,0.227,0.773,1,less50
4425,2006,8,342.54430379746833,5.836401003489945,0,NoWC,1,SA,manufacturing,4,good,79,0.038,0.278,2,less100
4425,2007,9,375.8452380952381,5.929177457848493,0,NoWC,0,NoSA,manufacturing,4,good,84,0.036,0.238,2,less100
4425,2008,10,567.5846153846154,6.341389840240281,0,NoWC,1,SA,manufacturing,4,good,65,0.015,0.262,2,less100
4425,2009,11,357.95238095238096,5.880399963454046,0,NoWC,0,NoSA,manufacturing,3,satisfactory,63,0.016,0.19,2,less100
4425,2010,12,801.8095238095239,6.686871078174186,0,NoWC,1,SA,manufacturing,4,good,63,0.016,0.127,2,less100
4425,2011,13,1148.0454545454545,7.045816170647457,0,NoWC,1,SA,manufacturing,4,good,44,0.023,0.159,1,less50
4425,2012,14,642.3636363636364,6.46515455512072,0,NoWC,1,SA,manufacturing,3,satisfactory,66,0.015,0.182,2,less100
4425,2013,15,769.7333333333333,6.646044134518669,0,NoWC,1,SA,manufacturing,3,satisfactory,75,0.013,0.133,2,less100
4425,2014,16,632.5974025974026,6.449834204946905,0,NoWC,0,NoSA,manufacturing,4,good,77,0.013,0.156,2,less100
4425,2015,17,717,6.57507584059962,0,NoWC,1,SA,manufacturing,4,good,78,0.013,0.231,2,less100
4425,2016,18,1032.4578313253012,6.939697482669731,0,NoWC,1,SA,manufacturing,4,good,83,0.012,0.157,2,less100
4425,2017,19,857.2278481012659,6.75370375035738,0,NoWC,1,SA,manufacturing,1,unsatisfactory,79,0.013,0.203,2,less100
4425,2018,20,1126.5394736842106,7.026905800256346,0,NoWC,1,SA,manufacturing,4,good,76,0.026,0.276,2,less100
4425,2019,21,1305.5217391304348,7.174358039957979,0,NoWC,1,SA,manufacturing,3,satisfactory,69,0.014,0.232,2,less100
4425,2020,22,1224.5774647887324,7.110351136774854,0,NoWC,1,SA,manufacturing,4,good,71,0.028,0.183,2,less100
4443,2000,2,307.3847468449519,5.728100209980584,0,NoWC,0,NoSA,resthotels,3,satisfactory,26,0.038,0.192,1,less50
4443,2001,3,449.057421875,6.107150767928264,0,NoWC,0,NoSA,resthotels,2,sufficient,25,0.04,0.2,1,less50
4443,2002,4,407.7826086956522,6.0107342105797885,0,NoWC,0,NoSA,resthotels,1,unsatisfactory,23,0.043,0.043,1,less50
4443,2003,5,491.7391304347826,6.197948353181016,0,NoWC,0,NoSA,resthotels,2,sufficient,23,0.043,0.13,1,less50
4443,2004,6,835.9090909090909,6.7285198642400506,1,WC,0,NoSA,resthotels,4,good,22,0.045,0.227,1,less50
4448,2008,10,1626.9130434782608,7.394439659864669,1,WC,0,NoSA,manufacturing,4,good,46,0.652,0.717,1,less50
4448,2018,20,2294.3846153846152,7.738219945093689,1,WC,0,NoSA,buservices,4,good,26,0.923,0.538,1,less50
4448,2019,21,2920.1153846153848,7.97937840976086,1,WC,0,NoSA,buservices,4,good,26,0.923,0.577,1,less50
4469,2018,20,1672.88,7.422301970978545,1,WC,0,NoSA,manufacturing,3,satisfactory,25,0.12,0.84,1,less50
4469,2019,21,1663.28,7.416546835435133,1,WC,0,NoSA,manufacturing,4,good,25,0.2,0.84,1,less50
4469,2020,22,1933.08,7.566869864797875,1,WC,0,NoSA,manufacturing,4,good,25,0.16,0.84,1,less50
4473,2009,11,1691.1764705882354,7.43317970216928,0,NoWC,0,NoSA,buservices,4,good,204,0.373,0.647,3,less250
4473,2010,12,1175.2760180995474,7.069258308012347,0,NoWC,0,NoSA,buservices,3,satisfactory,221,0.308,0.566,3,less250
4473,2012,14,1437.391304347826,7.270585155445866,0,NoWC,0,NoSA,buservices,4,good,230,0.283,0.6,3,less250
4570,2003,5,272.5769230769231,5.607920860788774,1,WC,0,NoSA,finance,4,good,26,0.077,0.077,1,less50
4570,2010,12,408,6.0112671744041615,1,WC,0,NoSA,finance,2,sufficient,22,0.091,0.091,1,less50
4570,2011,13,1799.7619047619048,7.495409660002854,1,WC,0,NoSA,finance,3,satisfactory,21,0.19,0.095,1,less50
4585,2019,21,2294.5263157894738,7.7382817028427615,1,WC,0,NoSA,construction,1,unsatisfactory,38,0.105,0.237,1,less50
4585,2020,22,2520.9411764705883,7.83238759350458,1,WC,0,NoSA,construction,5,very good,34,0.118,0.235,1,less50
4585,2021,23,2455.09375,7.80592022687221,1,WC,0,NoSA,construction,1,unsatisfactory,32,0.062,0.25,1,less50
4596,1998,0,2324.1012286324785,7.751088674954542,0,NoWC,0,NoSA,buservices,2,sufficient,117,0.009,0.513,3,less250
4596,1999,1,2021.0607269503546,7.611377764923667,0,NoWC,0,NoSA,buservices,4,good,141,0.007,0.433,3,less250
4596,2000,2,2000.6816810344828,7.60124324198639,0,NoWC,0,NoSA,buservices,3,satisfactory,145,0.014,0.483,3,less250
4596,2001,3,2284.812742248062,7.734039349094027,0,NoWC,0,NoSA,buservices,1,unsatisfactory,129,0.016,0.527,3,less250
4608,2005,7,1353.5555555555557,7.210490154060211,0,NoWC,0,NoSA,buservices,2,sufficient,99,0.04,0.384,2,less100
4608,2007,9,1527.3541666666667,7.331292214584035,0,NoWC,0,NoSA,buservices,5,very good,96,0.052,0.344,2,less100
4608,2008,10,1745.6741573033707,7.464896096591309,0,NoWC,0,NoSA,buservices,5,very good,89,0.067,0.404,2,less100
4608,2009,11,1919.7356321839081,7.559942763970591,0,NoWC,0,NoSA,buservices,3,satisfactory,87,0.069,0.46,2,less100
4608,2010,12,1975.9302325581396,7.5887945702746435,0,NoWC,0,NoSA,buservices,3,satisfactory,86,0.07,0.419,2,less100
4608,2011,13,2337.2441860465115,7.756727816049457,0,NoWC,1,SA,buservices,2,sufficient,86,0.07,0.372,2,less100
4608,2012,14,2929.2738095238096,7.982509824713169,0,NoWC,1,SA,buservices,3,satisfactory,84,0.095,0.298,2,less100
4608,2013,15,3051.809523809524,8.02348998017153,0,NoWC,1,SA,buservices,1,unsatisfactory,84,0.071,0.488,2,less100
4608,2014,16,3248.3333333333335,8.085897323273551,0,NoWC,1,SA,buservices,4,good,84,0.071,0.452,2,less100
4608,2015,17,3290.0823529411764,8.098667874735252,0,NoWC,0,NoSA,buservices,4,good,85,0.118,0.4,2,less100
4608,2016,18,3606.690476190476,8.190545865242129,0,NoWC,1,SA,buservices,4,good,84,0.071,0.405,2,less100
4608,2018,20,4418.730337078651,8.393607679751792,0,NoWC,0,NoSA,buservices,4,good,89,0.056,0.315,2,less100
4608,2019,21,4261.7444444444445,8.357433849444673,0,NoWC,0,NoSA,buservices,3,satisfactory,90,0.067,0.433,2,less100
4608,2020,22,4855.1547619047615,8.487796257025767,0,NoWC,0,NoSA,buservices,2,sufficient,84,0.06,0.44,2,less100
4611,2018,20,2266.802197802198,7.726125393856578,1,WC,0,NoSA,manufacturing,3,satisfactory,91,0.582,0.736,2,less100
4611,2019,21,1663.0444444444445,7.416405204298494,1,WC,0,NoSA,manufacturing,3,satisfactory,90,0.767,0.8,2,less100
4611,2020,22,1891.7444444444445,7.545254668842127,1,WC,0,NoSA,manufacturing,3,satisfactory,90,0.511,0.8,2,less100
4611,2021,23,2099.5670103092784,7.649486416885337,1,WC,0,NoSA,manufacturing,4,good,97,0.371,0.804,2,less100
4637,1998,0,3575.4676573426573,8.181851259815502,0,NoWC,1,SA,manufacturing,4,good,286,0.164,0.098,4,more250
4637,2000,2,2093.0476588628762,7.646376492785357,0,NoWC,1,SA,manufacturing,3,satisfactory,299,0.124,0.097,4,more250
4637,2001,3,2109.88775083612,7.654390026399146,0,NoWC,1,SA,manufacturing,4,good,299,0.13,0.094,4,more250
4637,2002,4,1800.6430868167204,7.4958991505320975,0,NoWC,1,SA,manufacturing,4,good,311,0.132,0.096,4,more250
4645,2014,16,860.5225806451613,6.757539856614864,1,WC,0,NoSA,buservices,4,good,155,0.529,0.852,3,less250
4645,2015,17,934.6013513513514,6.840120076179416,1,WC,0,NoSA,buservices,4,good,148,0.48,0.919,3,less250
4645,2016,18,1064.006993006993,6.969797242254986,1,WC,0,NoSA,buservices,4,good,143,0.497,0.86,3,less250
4645,2019,21,688.4193548387096,6.534398179628824,1,WC,0,NoSA,buservices,3,satisfactory,155,0.652,0.89,3,less250
4647,2008,10,1337.9,7.198856499479573,1,WC,0,NoSA,construction,3,satisfactory,20,0.05,0.1,1,less50
4647,2012,14,1547.2380952380952,7.344226746447421,1,WC,0,NoSA,construction,3,satisfactory,21,0.095,0.048,1,less50
4647,2019,21,2006.9,7.604346521944637,1,WC,0,NoSA,construction,4,good,20,0.1,0.05,1,less50
4656,2006,8,1330.1929824561403,7.193079310280955,1,WC,0,NoSA,transcom,2,sufficient,114,0.184,0.351,3,less250
4656,2007,9,1160.2619047619048,7.056401038583108,1,WC,0,NoSA,transcom,2,sufficient,126,0.135,0.31,3,less250
4656,2008,10,1282.3947368421052,7.156484497140091,1,WC,0,NoSA,transcom,2,sufficient,114,0.096,0.228,3,less250
4690,2018,20,3369.721739130435,8.12258544994635,1,WC,0,NoSA,manufacturing,2,sufficient,115,0.4,0.035,3,less250
4690,2019,21,3034.391304347826,8.01776612467978,1,WC,0,NoSA,manufacturing,1,unsatisfactory,115,0.452,0.096,3,less250
4690,2021,23,3331.0542635658917,8.11104412853409,1,WC,0,NoSA,manufacturing,2,sufficient,129,0.783,0.062,3,less250
4706,2004,6,726.0952380952381,6.58768118817056,0,NoWC,0,NoSA,manufacturing,3,satisfactory,189,0.423,0.714,3,less250
4706,2005,7,932.2826086956521,6.837635996935427,0,NoWC,0,NoSA,manufacturing,4,good,184,0.168,0.717,3,less250
4706,2006,8,1022.9943502824859,6.930489243240859,0,NoWC,0,NoSA,manufacturing,1,unsatisfactory,177,0.175,0.718,3,less250
4706,2007,9,1085.3314285714287,6.989640683451026,0,NoWC,0,NoSA,manufacturing,1,unsatisfactory,175,0.269,0.686,3,less250
4706,2008,10,1577.5595238095239,7.363634326704779,0,NoWC,0,NoSA,manufacturing,2,sufficient,168,0.173,0.685,3,less250
4706,2009,11,2183.5443037974683,7.68870466298653,0,NoWC,0,NoSA,construction,4,good,158,0.177,0.703,3,less250
4706,2010,12,1664.974358974359,7.417565002280563,0,NoWC,0,NoSA,construction,1,unsatisfactory,156,0.276,0.705,3,less250
4706,2011,13,1902.6315789473683,7.55099324842047,0,NoWC,0,NoSA,construction,3,satisfactory,152,0.105,0.711,3,less250
4706,2012,14,2175,7.684783943522785,0,NoWC,0,NoSA,construction,4,good,152,0.171,0.671,3,less250
4706,2013,15,2038.216560509554,7.619830469427601,0,NoWC,0,NoSA,construction,4,good,157,0.261,0.675,3,less250
4706,2014,16,1962.7329192546583,7.582093127584586,0,NoWC,0,NoSA,construction,4,good,161,0.267,0.677,3,less250
4706,2015,17,6932.439189189189,8.843967005607132,0,NoWC,0,NoSA,manufacturing,5,very good,148,0.257,0.689,3,less250
4706,2016,18,7650.852112676056,8.942572307895395,0,NoWC,0,NoSA,manufacturing,3,satisfactory,142,0.31,0.718,3,less250
4706,2018,20,8653.76510067114,9.065749776976544,0,NoWC,1,SA,manufacturing,3,satisfactory,149,0.423,0.705,3,less250
4706,2019,21,10012.866666666667,9.21162621159664,0,NoWC,1,SA,manufacturing,2,sufficient,150,0.327,0.687,3,less250
4706,2021,23,10600.59090909091,9.268665024687053,0,NoWC,1,SA,manufacturing,2,sufficient,154,0.636,0.669,3,less250
4731,2008,10,861.1724137931035,6.758294732688617,1,WC,0,NoSA,edu,2,sufficient,29,0.31,0.276,1,less50
4731,2009,11,1143.642857142857,7.041973935386796,1,WC,0,NoSA,edu,3,satisfactory,28,0.714,0.214,1,less50
4731,2010,12,1776.095238095238,7.482172547167969,1,WC,0,NoSA,edu,2,sufficient,21,0.762,0.095,1,less50
4750,1998,0,871.6452702702703,6.7703825409945795,0,NoWC,0,NoSA,manufacturing,4,good,481,0.04,0.823,4,more250
4750,2003,5,1146.7596685082874,7.044695564667627,0,NoWC,0,NoSA,manufacturing,2,sufficient,362,0.044,0.66,4,more250
4750,2004,6,664.8675675675676,6.4995878743086175,0,NoWC,0,NoSA,manufacturing,1,unsatisfactory,370,0.049,0.657,4,more250
4752,2013,15,2782.608695652174,7.9311441464126595,0,NoWC,0,NoSA,public,4,good,115,0.026,0.783,3,less250
4752,2014,16,2747.8260869565215,7.918565364205799,0,NoWC,0,NoSA,public,3,satisfactory,115,0.026,0.739,3,less250
4752,2015,17,7044.868421052632,8.860054747231839,0,NoWC,0,NoSA,public,4,good,114,0.026,0.763,3,less250
4825,2011,13,503.3933333333333,6.221371839334487,0,NoWC,0,NoSA,manufacturing,4,good,150,0.073,0.627,3,less250
4825,2012,14,487.1548387096774,6.1885820165114955,0,NoWC,0,NoSA,manufacturing,5,very good,155,0.09,0.626,3,less250
4825,2014,16,484.03205128205127,6.182151126181205,0,NoWC,0,NoSA,manufacturing,4,good,156,0.038,0.571,3,less250
4829,2014,16,1962.7329192546583,7.582093127584586,0,NoWC,0,NoSA,health,2,sufficient,161,0.323,0.149,3,less250
4829,2015,17,3907.25641025641,8.270590721326602,0,NoWC,0,NoSA,health,2,sufficient,156,0.417,0.128,3,less250
4829,2016,18,2901.48,7.97297623062052,0,NoWC,0,NoSA,health,4,good,225,0.28,0.324,3,less250
4829,2017,19,2649.9891304347825,7.882310817249132,0,NoWC,0,NoSA,health,3,satisfactory,276,0.29,0.312,4,more250
4829,2018,20,2913.7039711191337,7.9771803930974805,0,NoWC,0,NoSA,edu,5,very good,277,0.253,0.253,4,more250
4829,2019,21,5637.325088339223,8.63716495687093,0,NoWC,0,NoSA,edu,1,unsatisfactory,283,0.375,0.205,4,more250
4829,2020,22,4905.140893470791,8.498039096045801,0,NoWC,0,NoSA,buservices,1,unsatisfactory,291,0.361,0.278,4,more250
4829,2021,23,6855.835664335665,8.832855490377689,0,NoWC,0,NoSA,buservices,2,sufficient,286,0.395,0.22,4,more250
4884,2005,7,1116.422077922078,7.017884277462754,1,WC,0,NoSA,transcom,5,very good,462,0.03,0.755,4,more250
4884,2007,9,949.327868852459,6.855754227722674,1,WC,0,NoSA,transcom,5,very good,427,0.059,0.677,4,more250
4884,2008,10,905.1307506053269,6.808079409071293,1,WC,0,NoSA,transcom,3,satisfactory,413,0.039,0.705,4,more250
4884,2009,11,784.0909090909091,6.66452496910119,1,WC,0,NoSA,transcom,3,satisfactory,440,0.052,0.616,4,more250
4892,2000,2,1429.31640625,7.264951571370146,0,NoWC,0,NoSA,edu,3,satisfactory,74,0.257,0.189,2,less100
4892,2001,3,1378.725431743421,7.228914751183868,0,NoWC,0,NoSA,edu,3,satisfactory,76,0.263,0.237,2,less100
4892,2002,4,1353.6410256410256,7.210553296933611,0,NoWC,0,NoSA,edu,3,satisfactory,78,0.346,0.244,2,less100
4892,2004,6,1155.7462686567164,7.052501534359309,0,NoWC,0,NoSA,edu,3,satisfactory,67,0.328,0.269,2,less100
4892,2005,7,1337.9,7.198856499479573,0,NoWC,0,NoSA,edu,5,very good,70,0.257,0.257,2,less100
4892,2006,8,2539.576271186441,7.839752523728641,0,NoWC,0,NoSA,buservices,2,sufficient,59,0.492,0.373,2,less100
4892,2007,9,2364.0666666666666,7.768138578917976,0,NoWC,0,NoSA,buservices,4,good,60,0.283,0.417,2,less100
4892,2008,10,2766.1846153846154,7.925224254532678,0,NoWC,0,NoSA,buservices,4,good,65,0.554,0.431,2,less100
4901,2003,5,3308.2574257425745,8.104176872264128,1,WC,0,NoSA,manufacturing,3,satisfactory,101,0.02,0.426,3,less250
4901,2005,7,4808.131147540984,8.478063752785834,1,WC,0,NoSA,manufacturing,4,good,61,0.033,0.377,2,less100
4901,2006,8,5120.827586206897,8.541071342902585,1,WC,0,NoSA,manufacturing,4,good,58,0.017,0.397,2,less100
4901,2007,9,4861.746031746032,8.489152918165402,1,WC,0,NoSA,manufacturing,4,good,63,0.016,0.365,2,less100
4901,2008,10,5800.9375,8.665774821403541,1,WC,1,SA,manufacturing,3,satisfactory,64,0.047,0.5,2,less100
4901,2009,11,3335.546875,8.112391925416135,1,WC,1,SA,manufacturing,1,unsatisfactory,64,0.016,0.438,2,less100
4901,2010,12,4058.375,8.308537926170429,1,WC,1,SA,manufacturing,2,sufficient,64,0.016,0.453,2,less100
4901,2011,13,4381.818181818182,8.385219027240321,1,WC,1,SA,manufacturing,4,good,66,0.015,0.455,2,less100
4901,2012,14,4795.439393939394,8.475420618977289,1,WC,1,SA,manufacturing,4,good,66,0.015,0.515,2,less100
4901,2013,15,4507.042253521126,8.413396397734594,1,WC,1,SA,manufacturing,3,satisfactory,71,0.014,0.606,2,less100
4901,2014,16,4157.894736842105,8.332764152282717,1,WC,1,SA,manufacturing,4,good,76,0.013,0.421,2,less100
4901,2015,17,4053.9885057471265,8.30745649172108,1,WC,1,SA,manufacturing,3,satisfactory,87,0.057,0.368,2,less100
4901,2016,18,4088.0337078651687,8.315819377413433,1,WC,1,SA,manufacturing,3,satisfactory,89,0.045,0.382,2,less100
4901,2017,19,4323.219780219781,8.371755723120833,1,WC,1,SA,manufacturing,3,satisfactory,91,0.044,0.407,2,less100
4901,2018,20,4420.021505376344,8.393899840529668,1,WC,0,NoSA,manufacturing,3,satisfactory,93,0.043,0.344,2,less100
4901,2019,21,4430.989247311828,8.396378144500952,1,WC,1,SA,manufacturing,2,sufficient,93,0.075,0.366,2,less100
4901,2020,22,3348.6176470588234,8.11630289698969,1,WC,1,SA,manufacturing,3,satisfactory,102,0.039,0.451,3,less250
4913,2019,21,2663.2258064516127,7.887293376230243,1,WC,0,NoSA,buservices,5,very good,31,0.032,0.097,1,less50
4913,2020,22,3321.3793103448274,8.108135430556175,1,WC,0,NoSA,buservices,4,good,29,0.069,0.172,1,less50
4913,2021,23,2698.029411764706,7.900276938029522,1,WC,0,NoSA,manufacturing,2,sufficient,34,0.059,0.147,1,less50
4931,2016,18,3116.4333333333334,8.04444446450184,1,WC,0,NoSA,wholesretail,1,unsatisfactory,30,0.933,0.067,1,less50
4931,2017,19,3071.9142857142856,8.030056192092587,1,WC,0,NoSA,wholesretail,1,unsatisfactory,35,0.857,0.057,1,less50
4931,2018,20,2337.318181818182,7.756759474958186,1,WC,0,NoSA,wholesretail,3,satisfactory,44,0.5,0.045,1,less50
4931,2019,21,3213.8125,8.075213206076722,1,WC,0,NoSA,wholesretail,4,good,32,0.969,0.062,1,less50
4931,2020,22,3258.090909090909,8.08889669211552,1,WC,0,NoSA,wholesretail,4,good,33,0.848,0.091,1,less50
4931,2021,23,2932.027777777778,7.983449536964999,1,WC,0,NoSA,wholesretail,3,satisfactory,36,0.917,0.056,1,less50
4934,2007,9,594.3739002932551,6.387508583107836,0,NoWC,0,NoSA,public,4,good,682,0.012,0.57,4,more250
4934,2008,10,600.9951768488746,6.398586909293146,0,NoWC,0,NoSA,public,3,satisfactory,622,0.01,0.545,4,more250
4934,2009,11,549.3630573248407,6.308759529545298,0,NoWC,0,NoSA,public,4,good,628,0.011,0.503,4,more250
4934,2010,12,494.7352380952381,6.204022746938476,0,NoWC,1,SA,public,4,good,525,0.011,0.528,4,more250
4934,2011,13,486.0504201680672,6.186312363721117,0,NoWC,1,SA,public,4,good,595,0.012,0.511,4,more250
4934,2012,14,511.7647058823529,6.237864960586459,0,NoWC,1,SA,public,4,good,646,0.015,0.511,4,more250
4934,2013,15,537.8151260504202,6.28751486923028,0,NoWC,1,SA,public,4,good,595,0.025,0.555,4,more250
4934,2014,16,592.8705440900563,6.384976068403205,0,NoWC,1,SA,public,4,good,533,0.023,0.546,4,more250
4934,2015,17,2485.829411764706,7.818361650152553,0,NoWC,0,NoSA,public,4,good,510,0.069,0.524,4,more250
4934,2016,18,2362.295190713101,7.767388963848299,0,NoWC,1,SA,public,4,good,603,0.085,0.491,4,more250
4934,2018,20,2298.1157718120803,7.739844836518328,0,NoWC,0,NoSA,public,4,good,596,0.032,0.545,4,more250
4934,2019,21,2366.8016,7.769294786820563,0,NoWC,0,NoSA,public,4,good,625,0.045,0.555,4,more250
4947,2009,11,957.9736842105264,6.864820308084721,0,NoWC,0,NoSA,wholesretail,2,sufficient,38,0.474,0.737,1,less50
4947,2010,12,1244.5641025641025,7.126540629170636,0,NoWC,0,NoSA,wholesretail,4,good,39,0.872,0.744,1,less50
4947,2011,13,981.609756097561,6.889193832322006,0,NoWC,0,NoSA,wholesretail,4,good,41,0.854,0.732,1,less50
4947,2012,14,781.3414634146342,6.661012267368815,0,NoWC,0,NoSA,wholesretail,2,sufficient,41,0.854,0.707,1,less50
4947,2013,15,648.6585365853658,6.47490644047211,0,NoWC,0,NoSA,wholesretail,4,good,41,0.829,0.732,1,less50
4947,2015,17,1617.925,7.388899743021211,0,NoWC,0,NoSA,wholesretail,3,satisfactory,40,0.7,0.725,1,less50
4947,2016,18,731.5106382978723,6.595111763482074,0,NoWC,0,NoSA,wholesretail,4,good,47,0.787,0.553,1,less50
4953,2004,6,1079.5113636363637,6.984263776658477,1,WC,0,NoSA,edu,2,sufficient,88,0.034,0.182,2,less100
4953,2005,7,1012.9565217391304,6.920628583030573,1,WC,0,NoSA,edu,2,sufficient,92,0.043,0.217,2,less100
4953,2006,8,1349.1057692307693,7.207197258790805,1,WC,0,NoSA,edu,2,sufficient,104,0.058,0.26,3,less250
4953,2007,9,1398.5959595959596,7.243224126373816,1,WC,0,NoSA,edu,4,good,99,0.111,0.212,2,less100
4953,2008,10,1130.647619047619,7.030545861740596,0,NoWC,0,NoSA,edu,4,good,105,0.076,0.257,3,less250
4962,2004,6,801.7272727272727,6.68676849108981,0,NoWC,0,NoSA,finance,4,good,165,0.261,0.103,3,less250
4962,2005,7,1459.6896551724137,7.28597912715685,0,NoWC,0,NoSA,finance,4,good,145,0.297,0.179,3,less250
4962,2006,8,927.5310344827586,6.832526254280574,0,NoWC,0,NoSA,finance,5,very good,145,0.228,0.152,3,less250
4962,2007,9,1139.7625899280577,7.0385752652515,0,NoWC,0,NoSA,finance,4,good,139,0.266,0.144,3,less250
4962,2008,10,1301.3910256410256,7.171188991110432,0,NoWC,0,NoSA,finance,3,satisfactory,156,0.282,0.103,3,less250
4970,2006,8,1899.875,7.5495433735166255,1,WC,0,NoSA,public,4,good,32,0.156,0.906,1,less50
4970,2007,9,1806.7567567567567,7.499288669885865,1,WC,0,NoSA,public,5,very good,37,0.054,0.892,1,less50
4970,2008,10,2291.9736842105262,7.737168596185176,1,WC,0,NoSA,public,5,very good,38,0.132,0.868,1,less50
4970,2009,11,2068.2631578947367,7.634464479899318,1,WC,0,NoSA,public,5,very good,38,0.026,0.842,1,less50
4970,2011,13,1262.0735294117646,7.140511305597023,1,WC,0,NoSA,public,5,very good,68,0.029,0.824,2,less100
4982,2001,3,3254.1478125,8.087685711609014,1,WC,0,NoSA,wholesretail,4,good,25,0.04,0.36,1,less50
4982,2002,4,3002.72,8.007273823542963,1,WC,0,NoSA,wholesretail,1,unsatisfactory,25,0.12,0.44,1,less50
4982,2003,5,2610.5384615384614,7.867311786141214,1,WC,0,NoSA,wholesretail,3,satisfactory,26,0.038,0.5,1,less50
4982,2004,6,2515.5666666666666,7.830253371932276,1,WC,0,NoSA,wholesretail,4,good,30,0.033,0.433,1,less50
5008,2005,7,604.0061728395061,6.403584417815549,1,WC,0,NoSA,finance,4,good,162,0.068,0.611,3,less250
5008,2006,8,543.4725274725274,6.297979157855047,1,WC,0,NoSA,finance,4,good,182,0.038,0.632,3,less250
5008,2007,9,719.6042780748663,6.578701447132173,1,WC,0,NoSA,finance,5,very good,187,0.059,0.642,3,less250
5029,2017,19,1594.5714285714287,7.374360282293066,1,WC,0,NoSA,wholesretail,4,good,21,0.143,0.333,1,less50
5029,2018,20,1818.904761904762,7.505989819755872,1,WC,0,NoSA,wholesretail,4,good,21,0.048,0.333,1,less50
5029,2019,21,1754.1818181818182,7.469757826728541,1,WC,0,NoSA,wholesretail,3,satisfactory,22,0.091,0.273,1,less50
5076,2015,17,3781.9545454545455,8.237996230493229,1,WC,0,NoSA,edu,5,very good,22,0.136,0.5,1,less50
5076,2017,19,2844.5384615384614,7.953156105469815,1,WC,0,NoSA,edu,5,very good,26,0.462,0.731,1,less50
5076,2018,20,2773.4333333333334,7.927841302189389,1,WC,0,NoSA,edu,5,very good,30,0.4,0.467,1,less50
5076,2019,21,2773.4333333333334,7.927841302189389,0,NoWC,0,NoSA,edu,5,very good,30,0.4,0.533,1,less50
5076,2020,22,2709.655172413793,7.904576663125977,0,NoWC,0,NoSA,buservices,5,very good,29,0.483,0.414,1,less50
5077,2012,14,1056.6046511627908,6.9628158867296035,0,NoWC,0,NoSA,buservices,4,good,86,0.791,0.047,2,less100
5077,2013,15,1348.9550561797753,7.207085539255255,0,NoWC,0,NoSA,buservices,3,satisfactory,89,0.742,0.067,2,less100
5077,2014,16,1395.8241758241759,7.241240326840116,0,NoWC,0,NoSA,buservices,4,good,91,0.879,0.022,2,less100
5103,2002,4,1278.538812785388,7.153473152334886,0,NoWC,0,NoSA,manufacturing,2,sufficient,438,0.068,0.377,4,more250
5103,2004,6,1193.3174224343675,7.084492457482191,0,NoWC,1,SA,manufacturing,3,satisfactory,419,0.093,0.42,4,more250
5103,2005,7,1121.2760869565218,7.022222679061351,0,NoWC,0,NoSA,manufacturing,3,satisfactory,460,0.087,0.446,4,more250
5104,2004,6,2162.155844155844,7.678861078929603,0,NoWC,0,NoSA,public,4,good,77,0.026,1,2,less100
5104,2005,7,1809,7.500529485395295,1,WC,0,NoSA,public,4,good,77,0.026,1,2,less100
5104,2008,10,1201.1948051948052,7.091072011420175,0,NoWC,0,NoSA,public,4,good,77,0.039,0.961,2,less100
5104,2010,12,1897.2692307692307,7.548170884360854,0,NoWC,0,NoSA,public,3,satisfactory,78,0.038,1,2,less100
5104,2011,13,1947.1973684210527,7.574146370764114,0,NoWC,0,NoSA,public,3,satisfactory,76,0.053,1,2,less100
5104,2012,14,1520.4109589041095,7.326735944997634,0,NoWC,0,NoSA,public,4,good,73,0.123,1,2,less100
5104,2014,16,1401.3939393939395,7.245222691247433,0,NoWC,0,NoSA,public,4,good,66,0.061,1,2,less100
5104,2016,18,4784.068965517241,8.473046711395549,0,NoWC,0,NoSA,public,4,good,58,0.138,1,2,less100
5104,2017,19,5103.017241379311,8.537587259733417,0,NoWC,0,NoSA,public,4,good,58,0.155,1,2,less100
5104,2018,20,3923.909090909091,8.274843652962524,0,NoWC,0,NoSA,public,3,satisfactory,66,0.242,1,2,less100
5104,2019,21,4080.529411764706,8.313982016765861,0,NoWC,0,NoSA,public,3,satisfactory,68,0.235,0.985,2,less100
5110,2012,14,2197.0227272727275,7.694858417016006,0,NoWC,0,NoSA,health,3,satisfactory,44,0.886,0.886,1,less50
5110,2013,15,2471.9523809523807,7.812763555023262,0,NoWC,0,NoSA,health,3,satisfactory,42,0.952,0.905,1,less50
5110,2014,16,1961.8039215686274,7.581619697092754,0,NoWC,0,NoSA,health,3,satisfactory,51,0.765,0.902,2,less100
5110,2015,17,2197.4716981132074,7.695062750347025,0,NoWC,0,NoSA,health,2,sufficient,53,0.774,0.906,2,less100
5110,2017,19,2342.5178571428573,7.7589816371968015,0,NoWC,0,NoSA,health,2,sufficient,56,0.607,0.946,2,less100
5110,2018,20,2729.690909090909,7.911943661655904,0,NoWC,0,NoSA,health,3,satisfactory,55,0.527,0.909,2,less100
5110,2019,21,2337.2321428571427,7.7567226633056965,0,NoWC,0,NoSA,health,3,satisfactory,56,0.714,0.946,2,less100
5122,2013,15,2491.18,7.820511772788034,1,WC,0,NoSA,wholesretail,3,satisfactory,50,0.16,0.06,1,less50
5122,2014,16,2306.6481481481483,7.743550731651905,1,WC,0,NoSA,wholesretail,4,good,54,0.13,0.056,2,less100
5122,2015,17,3206.014492753623,8.072783853668833,1,WC,0,NoSA,wholesretail,4,good,69,0.014,0.058,2,less100
5122,2016,18,3203.6913580246915,8.072058973343669,1,WC,0,NoSA,wholesretail,4,good,81,0.074,0.062,2,less100
5122,2017,19,2471.4166666666665,7.812546814463271,1,WC,0,NoSA,wholesretail,4,good,84,0.012,0.06,2,less100
5122,2018,20,2215.9438202247193,7.703433695661658,1,WC,0,NoSA,wholesretail,4,good,89,0.011,0.056,2,less100
5122,2019,21,2549.858695652174,7.843793223147353,1,WC,0,NoSA,wholesretail,3,satisfactory,92,0.065,0.054,2,less100
5122,2021,23,3314.0843373493976,8.105936646470598,1,WC,0,NoSA,wholesretail,4,good,83,0.084,0.048,2,less100
5125,2001,3,2114.444698033708,7.656547502885832,0,NoWC,0,NoSA,transcom,5,very good,89,0.011,0.551,2,less100
5125,2002,4,2195.722222222222,7.694266302015724,0,NoWC,0,NoSA,transcom,3,satisfactory,90,0.278,0.4,2,less100
5125,2003,5,1396.195652173913,7.241506425488989,0,NoWC,0,NoSA,transcom,3,satisfactory,92,0.62,0.533,2,less100
5125,2004,6,1675.4347826086957,7.423827982282944,0,NoWC,0,NoSA,transcom,4,good,92,0.967,0.533,2,less100
5129,1999,1,608.7403067129629,6.411391751005897,1,WC,0,NoSA,manufacturing,4,good,27,0.519,0.444,1,less50
5129,2000,2,1792.6744791666667,7.49146390618393,1,WC,0,NoSA,manufacturing,3,satisfactory,24,0.875,0.708,1,less50
5129,2001,3,805.701316550926,6.691713098827894,1,WC,0,NoSA,manufacturing,1,unsatisfactory,27,0.667,0.556,1,less50
5129,2002,4,677.5833333333334,6.518532546419837,1,WC,0,NoSA,manufacturing,3,satisfactory,24,0.833,0.583,1,less50
5129,2003,5,618.5,6.427297191832543,1,WC,0,NoSA,manufacturing,2,sufficient,24,0.625,0.583,1,less50
5129,2004,6,602.75,6.401502517061281,1,WC,0,NoSA,manufacturing,2,sufficient,24,0.625,0.583,1,less50
5140,2000,2,145.37450848509934,4.979313229819179,1,WC,0,NoSA,construction,3,satisfactory,302,0.123,0.334,4,more250
5140,2001,3,130.9384375,4.874727269995359,1,WC,0,NoSA,construction,3,satisfactory,300,0.117,0.323,4,more250
5140,2002,4,129.5631399317406,4.864168329357872,1,WC,0,NoSA,construction,2,sufficient,293,0.048,0.198,4,more250
5140,2003,5,93.64414414414415,4.5395018977748345,1,WC,0,NoSA,construction,1,unsatisfactory,222,0.023,0.117,3,less250
5161,2012,14,1014.1104294478528,6.921767083002353,0,NoWC,0,NoSA,transcom,4,good,326,0.08,0.463,4,more250
5161,2013,15,1155.2346570397112,7.052058768588571,0,NoWC,0,NoSA,transcom,4,good,277,0.148,0.458,4,more250
5161,2014,16,1171.3171806167402,7.0658841899583,0,NoWC,0,NoSA,transcom,4,good,227,0.11,0.48,3,less250
5165,1998,0,2851.204391891892,7.955496777641428,0,NoWC,0,NoSA,public,2,sufficient,259,0.05,0.61,4,more250
5165,1999,1,3255.41643258427,8.088075482737331,0,NoWC,0,NoSA,public,1,unsatisfactory,267,0.041,0.607,4,more250
5165,2001,3,2503.3985615079364,7.82540451227841,0,NoWC,0,NoSA,public,3,satisfactory,252,0.087,0.563,4,more250
5165,2003,5,1812.996,7.502736004464497,0,NoWC,0,NoSA,public,3,satisfactory,250,0.072,0.456,3,less250
5165,2004,6,2487.5621890547263,7.819058469345253,0,NoWC,0,NoSA,public,1,unsatisfactory,201,0.055,0.458,3,less250
5171,1998,0,1856.4078282828282,7.526398624274111,0,NoWC,0,NoSA,wholesretail,4,good,99,0.03,0.182,2,less100
5171,1999,1,1769.66238317757,7.478544063406456,0,NoWC,0,NoSA,wholesretail,3,satisfactory,107,0.028,0.15,3,less250
5171,2000,2,1353.985378440367,7.21080765462541,0,NoWC,0,NoSA,wholesretail,5,very good,109,0.119,0.156,3,less250
5171,2001,3,1230.0705163043478,7.1148267770518805,0,NoWC,0,NoSA,wholesretail,4,good,115,0.113,0.148,3,less250
5171,2002,4,1374.7766990291261,7.226046596206159,0,NoWC,0,NoSA,wholesretail,1,unsatisfactory,103,0.165,0.165,3,less250
5187,2013,15,394.487323943662,5.977587007814457,1,WC,0,NoSA,wholesretail,3,satisfactory,355,0.231,0.566,4,more250
5187,2014,16,1320.1666666666667,7.185513270236225,1,WC,0,NoSA,wholesretail,3,satisfactory,204,0.358,0.598,3,less250
5187,2015,17,997.4583333333334,6.9052103767971795,1,WC,0,NoSA,wholesretail,3,satisfactory,216,0.343,0.593,3,less250
5187,2016,18,1349.8152610441766,7.207723018397545,1,WC,0,NoSA,wholesretail,3,satisfactory,249,0.361,0.618,3,less250
5189,2004,6,1454.3658536585365,7.282325245190051,1,WC,0,NoSA,manufacturing,4,good,123,0.016,0.049,3,less250
5189,2005,7,684.8167938931298,6.529151348319367,1,WC,0,NoSA,manufacturing,4,good,131,0.015,0.069,3,less250
5189,2007,9,831.4821428571429,6.7232098225841455,1,WC,0,NoSA,manufacturing,4,good,112,0.018,0.08,3,less250
5189,2008,10,1035.232142857143,6.942380973165238,1,WC,0,NoSA,manufacturing,4,good,112,0.018,0.045,3,less250
5189,2009,11,1379.638888888889,7.229577069190251,0,NoWC,0,NoSA,manufacturing,2,sufficient,108,0.019,0.028,3,less250
5189,2010,12,2378.8041237113403,7.774353171356807,0,NoWC,0,NoSA,manufacturing,2,sufficient,97,0.021,0.031,2,less100
5189,2011,13,2730.824742268041,7.91235894594985,1,WC,0,NoSA,manufacturing,4,good,97,0.165,0.031,2,less100
5190,2005,7,1966.7272727272727,7.584126157391864,0,NoWC,0,NoSA,manufacturing,4,good,77,0.169,0.195,2,less100
5190,2006,8,2027.870588235294,7.614741550167718,1,WC,0,NoSA,manufacturing,4,good,85,0.129,0.306,2,less100
5190,2007,9,2305.8172043010754,7.743190428086429,1,WC,1,SA,manufacturing,3,satisfactory,93,0.14,0.226,2,less100
5190,2009,11,1243.4455445544554,7.125641470209332,1,WC,0,NoSA,manufacturing,1,unsatisfactory,101,0.198,0.208,3,less250
5190,2010,12,812.8640776699029,6.70056390943277,0,NoWC,1,SA,manufacturing,1,unsatisfactory,103,0.155,0.214,3,less250
5203,2017,19,917.2272727272727,6.821355285307568,1,WC,0,NoSA,transcom,3,satisfactory,22,0.136,0.227,1,less50
5203,2018,20,1577.68,7.363710692501813,1,WC,0,NoSA,transcom,3,satisfactory,25,0.12,0.36,1,less50
5203,2019,21,886.6666666666666,6.787469113107635,1,WC,0,NoSA,transcom,3,satisfactory,30,0.1,0.467,1,less50
5203,2020,22,1070.1333333333334,6.975538530284598,1,WC,0,NoSA,transcom,4,good,30,0.1,0.467,1,less50
5206,2003,5,1612.9857651245552,7.3858422529929975,0,NoWC,0,NoSA,manufacturing,2,sufficient,281,0.484,0.11,4,more250
5206,2004,6,1792.1146953405018,7.491151595582963,0,NoWC,0,NoSA,manufacturing,3,satisfactory,279,0.054,0.125,4,more250
5206,2005,7,1848.6989247311828,7.522237386723127,0,NoWC,1,SA,manufacturing,3,satisfactory,279,0.065,0.125,4,more250
5219,2003,5,2851.829268292683,7.955715915889779,0,NoWC,0,NoSA,buservices,5,very good,82,0.049,0.085,2,less100
5219,2004,6,3813.182926829268,8.24621953322276,0,NoWC,0,NoSA,buservices,1,unsatisfactory,82,0.098,0.098,2,less100
5219,2005,7,3976,8.288031567776464,0,NoWC,0,NoSA,buservices,3,satisfactory,82,0.134,0.122,2,less100
5219,2006,8,3196.392156862745,8.069778001756447,0,NoWC,0,NoSA,buservices,3,satisfactory,102,0.108,0.069,3,less250
5219,2007,9,2686.9417475728155,7.896158929025379,0,NoWC,0,NoSA,buservices,2,sufficient,103,0.068,0.097,3,less250
5219,2008,10,2024.671755725191,7.613162870463496,0,NoWC,0,NoSA,buservices,3,satisfactory,131,0.145,0.069,3,less250
5219,2009,11,2237.4045801526718,7.713071803497832,0,NoWC,0,NoSA,manufacturing,2,sufficient,131,0.061,0.16,3,less250
5219,2010,12,1982.7175572519084,7.592223686328948,0,NoWC,0,NoSA,manufacturing,1,unsatisfactory,131,0.061,0.137,3,less250
5219,2012,14,1958.3684210526317,7.579866967316999,0,NoWC,0,NoSA,manufacturing,1,unsatisfactory,133,0.008,0.09,3,less250
5219,2013,15,1599.327485380117,7.377338498230546,0,NoWC,0,NoSA,manufacturing,2,sufficient,171,0.064,0.17,3,less250
5219,2014,16,1698.7619047619048,7.437654973394825,0,NoWC,0,NoSA,manufacturing,1,unsatisfactory,168,0.143,0.173,3,less250
5219,2015,17,1561.5730994152048,7.353448989213838,0,NoWC,1,SA,manufacturing,1,unsatisfactory,171,0.158,0.199,3,less250
5219,2016,18,1665.290909090909,7.417755107327472,0,NoWC,1,SA,manufacturing,3,satisfactory,165,0.242,0.061,3,less250
5219,2017,19,1469.0121951219512,7.2923454777881265,0,NoWC,0,NoSA,manufacturing,3,satisfactory,164,0.305,0.091,3,less250
5219,2018,20,1317.628048780488,7.1835884664180325,0,NoWC,0,NoSA,manufacturing,4,good,164,0.11,0.073,3,less250
5219,2019,21,1360.0261780104713,7.215259227081958,0,NoWC,0,NoSA,manufacturing,3,satisfactory,191,0.084,0.094,3,less250
5219,2020,22,1426.3979057591623,7.262907598347602,0,NoWC,0,NoSA,manufacturing,4,good,191,0.037,0.089,3,less250
5219,2021,23,1279.6572769953052,7.1543475687141855,0,NoWC,0,NoSA,manufacturing,4,good,213,0.052,0.164,3,less250
5231,2002,4,881.6455445544555,6.781790098310233,0,NoWC,0,NoSA,resthotels,2,sufficient,505,0.436,0.964,4,more250
5231,2003,5,944.26875,6.850410818424806,1,WC,0,NoSA,resthotels,3,satisfactory,480,0.498,0.844,4,more250
5231,2004,6,857.312030075188,6.753801948101347,0,NoWC,0,NoSA,resthotels,1,unsatisfactory,532,0.461,0.904,4,more250
5231,2005,7,809.8566176470588,6.696857216746891,0,NoWC,0,NoSA,resthotels,1,unsatisfactory,544,0.463,0.903,4,more250
5233,2019,21,2670.137931034483,7.889885409623463,1,WC,0,NoSA,buservices,5,very good,29,0.172,0.276,1,less50
5233,2020,22,3003.896551724138,8.007665575448234,1,WC,0,NoSA,buservices,5,very good,29,0.138,0.207,1,less50
5233,2021,23,3528.2258064516127,8.16855041917477,1,WC,0,NoSA,buservices,3,satisfactory,31,0.032,0.065,1,less50
5270,2013,15,2868.481012658228,7.961537904761949,1,WC,0,NoSA,transcom,3,satisfactory,79,0.734,0.013,2,less100
5270,2016,18,3911.5569620253164,8.271690773725304,0,NoWC,0,NoSA,transcom,2,sufficient,79,0.797,0.013,2,less100
5270,2017,19,2687.072463768116,7.896207576531763,1,WC,0,NoSA,transcom,4,good,69,0.87,0.014,2,less100
5292,2000,2,5087.977642276423,8.534635710803625,0,NoWC,0,NoSA,manufacturing,3,satisfactory,123,0.593,0.569,3,less250
5292,2001,3,4468.283514492754,8.404759612628215,0,NoWC,0,NoSA,manufacturing,3,satisfactory,138,0.638,0.529,3,less250
5292,2002,4,4087.5912408759123,8.315711136883207,0,NoWC,0,NoSA,manufacturing,3,satisfactory,137,0.277,0.526,3,less250
5292,2003,5,3237.4928571428572,8.082554499717439,0,NoWC,0,NoSA,manufacturing,2,sufficient,140,0.164,0.529,3,less250
5293,2013,15,1425.922077922078,7.262573955667804,0,NoWC,0,NoSA,manufacturing,4,good,77,0.052,0.078,2,less100
5293,2014,16,1963.9054054054054,7.58269032350061,0,NoWC,0,NoSA,manufacturing,4,good,74,0.027,0.081,2,less100
5293,2015,17,945.7972972972973,6.852028272621951,0,NoWC,0,NoSA,manufacturing,4,good,74,0.014,0.081,2,less100
5293,2017,19,2172.9473684210525,7.683839759264094,0,NoWC,0,NoSA,manufacturing,4,good,76,0.053,0.053,2,less100
5327,2018,20,5562.091954022989,8.623729567203632,1,WC,1,SA,public,5,very good,174,0.437,0.569,3,less250
5327,2019,21,5283.042328042328,8.57225740925456,1,WC,1,SA,public,4,good,189,0.413,0.593,3,less250
5327,2020,22,4198.685863874345,8.342526865757582,1,WC,1,SA,buservices,3,satisfactory,191,0.435,0.571,3,less250
5344,2004,6,2001.952380952381,7.601878173854209,1,WC,0,NoSA,health,2,sufficient,21,0.429,0.857,1,less50
5344,2005,7,2153.3,7.674756828112562,1,WC,0,NoSA,health,2,sufficient,20,0.4,0.8,1,less50
5344,2006,8,1471.2173913043478,7.293845494389592,1,WC,0,NoSA,health,2,sufficient,23,0.348,0.783,1,less50
5358,2002,4,1994.1515151515152,7.597973933167384,1,WC,0,NoSA,finance,4,good,33,0.121,0.273,1,less50
5358,2003,5,1621.030303030303,7.390817215595678,1,WC,0,NoSA,finance,1,unsatisfactory,33,0.182,0.212,1,less50
5358,2004,6,1154.96875,7.05182856631281,1,WC,0,NoSA,finance,4,good,32,0.188,0.25,1,less50
5358,2005,7,1503.121212121212,7.315299033288431,1,WC,0,NoSA,finance,4,good,33,0.424,0.242,1,less50
5358,2006,8,2231.121212121212,7.710259523804362,1,WC,0,NoSA,finance,4,good,33,0.061,0.212,1,less50
5369,1999,1,1250.9756283967392,7.13167902857989,1,WC,0,NoSA,manufacturing,3,satisfactory,23,0.087,0.783,1,less50
5369,2000,2,1843.1048828125,7.519206864793121,1,WC,0,NoSA,manufacturing,3,satisfactory,20,0.15,0.75,1,less50
5369,2001,3,1271.53173828125,7.147977545841445,1,WC,0,NoSA,manufacturing,4,good,20,0.1,0.7,1,less50
5384,1999,1,351.9359324433657,5.863449148928173,0,NoWC,0,NoSA,finance,4,good,618,0.196,0.298,4,more250
5384,2000,2,537.2848767885532,6.286528450658124,0,NoWC,0,NoSA,finance,4,good,629,0.094,0.321,4,more250
5384,2001,3,538.8203497615262,6.289382212496944,0,NoWC,0,NoSA,finance,4,good,629,0.118,0.293,4,more250
5384,2002,4,544.7612179487179,6.300347566451099,0,NoWC,0,NoSA,finance,3,satisfactory,624,0.115,0.293,4,more250
5384,2003,5,707.0116472545757,6.561047139954051,0,NoWC,0,NoSA,finance,3,satisfactory,601,0.17,0.288,4,more250
5407,2012,14,2448.8888888888887,7.8033896859306315,0,NoWC,0,NoSA,manufacturing,3,satisfactory,135,0.43,0.6,3,less250
5407,2013,15,2388.0597014925374,7.778236474824998,0,NoWC,0,NoSA,manufacturing,3,satisfactory,134,0.358,0.687,3,less250
5407,2014,16,2306.5693430656934,7.743516566740924,0,NoWC,0,NoSA,manufacturing,4,good,137,0.394,0.62,3,less250
5407,2015,17,2616.0132450331125,7.869406775650324,0,NoWC,0,NoSA,manufacturing,3,satisfactory,151,0.338,0.629,3,less250
5407,2016,18,2752.1794871794873,7.920148417558543,0,NoWC,0,NoSA,manufacturing,3,satisfactory,156,0.372,0.635,3,less250
5407,2017,19,2197.9221556886228,7.695267718362167,0,NoWC,0,NoSA,manufacturing,4,good,167,0.401,0.569,3,less250
5407,2018,20,2943.5988023952095,7.987388194201977,0,NoWC,0,NoSA,manufacturing,4,good,167,0.347,0.557,3,less250
5407,2021,23,1823.8474576271187,7.508703536450149,0,NoWC,0,NoSA,manufacturing,4,good,177,0.542,0.678,3,less250
5414,2009,11,1273.0627306273063,7.149180875133796,1,WC,1,SA,public,5,very good,271,0.015,0.472,4,more250
5414,2010,12,1002.8416988416989,6.910592947830562,1,WC,1,SA,public,4,good,259,0.046,0.537,4,more250
5414,2011,13,1067.1586715867159,6.9727549483870455,1,WC,0,NoSA,public,5,very good,271,0.048,0.506,4,more250
5414,2012,14,1136.0824742268042,7.035341197197568,1,WC,0,NoSA,public,5,very good,291,0.038,0.533,4,more250
5427,2000,2,4238.712109375,8.352014754296386,1,WC,0,NoSA,wholesretail,3,satisfactory,20,0.1,0.4,1,less50
5427,2001,3,1284.46748046875,7.158099499350325,1,WC,0,NoSA,wholesretail,1,unsatisfactory,20,0.05,0.25,1,less50
5427,2002,4,1256.1,7.135766961693207,1,WC,0,NoSA,wholesretail,1,unsatisfactory,20,0.05,0.25,1,less50
5443,2009,11,1906.0773480662983,7.552802664747671,0,NoWC,0,NoSA,manufacturing,1,unsatisfactory,181,0.807,0.646,3,less250
5443,2011,13,1514.1361256544503,7.322600341220117,0,NoWC,0,NoSA,manufacturing,2,sufficient,191,0.832,0.654,3,less250
5443,2012,14,1686.734693877551,7.4305498051385435,0,NoWC,0,NoSA,manufacturing,2,sufficient,196,0.852,0.679,3,less250
5443,2013,15,1711.2299465240642,7.444967657921323,0,NoWC,0,NoSA,manufacturing,2,sufficient,187,0.963,0.663,3,less250
5443,2014,16,1587.9396984924624,7.370192667844557,0,NoWC,0,NoSA,manufacturing,2,sufficient,199,0.955,0.658,3,less250
5459,2004,6,1292.0718562874251,7.164002299117553,0,NoWC,0,NoSA,buservices,4,good,334,0.171,0.066,4,more250
5459,2005,7,1490.9082278481012,7.307140762131381,0,NoWC,0,NoSA,buservices,4,good,316,0.18,0.063,4,more250
5459,2006,8,1242.1891891891892,7.124630577132243,0,NoWC,0,NoSA,buservices,4,good,333,0.168,0.06,4,more250
5477,2009,11,549.3630573248407,6.308759529545298,1,WC,0,NoSA,buservices,2,sufficient,628,0.045,0.49,4,more250
5477,2010,12,494.7352380952381,6.204022746938476,1,WC,0,NoSA,buservices,1,unsatisfactory,525,0.055,0.528,4,more250
5477,2011,13,486.0504201680672,6.186312363721117,1,WC,0,NoSA,buservices,4,good,595,0.052,0.511,4,more250
5477,2012,14,511.7647058823529,6.237864960586459,1,WC,0,NoSA,buservices,4,good,646,0.098,0.511,4,more250
5479,2011,13,1765.7093023255813,7.476307759644867,1,WC,0,NoSA,finance,4,good,86,0.093,0.081,2,less100
5479,2012,14,1661.7816091954023,7.415645564371835,1,WC,0,NoSA,finance,4,good,87,0.207,0.08,2,less100
5479,2013,15,1447.7471264367816,7.277763921256256,1,WC,0,NoSA,finance,2,sufficient,87,0.149,0.057,2,less100
5479,2014,16,1769.144578313253,7.478251419657505,1,WC,0,NoSA,finance,4,good,83,0.193,0.06,2,less100
5479,2015,17,1745.5492957746478,7.4648245677817355,1,WC,0,NoSA,finance,4,good,71,0.155,0.113,2,less100
5479,2017,19,1064.4,6.970166539103534,1,WC,0,NoSA,finance,2,sufficient,85,0.247,0.094,2,less100
5479,2018,20,1361.2117647058824,7.21613058548235,1,WC,0,NoSA,finance,4,good,85,0.235,0.094,2,less100
5479,2019,21,1046.6,6.953302093938107,1,WC,0,NoSA,finance,5,very good,85,0.294,0.082,2,less100
5479,2020,22,926.2439024390244,6.831137593526846,1,WC,0,NoSA,finance,4,good,82,0.329,0.085,2,less100
5496,2001,3,788.23310546875,6.6697938652348085,1,WC,0,NoSA,construction,2,sufficient,20,0.05,0.1,1,less50
5496,2002,4,379.6363636363636,5.939213856764104,1,WC,0,NoSA,construction,1,unsatisfactory,22,0.045,0.091,1,less50
5496,2003,5,546.1,6.302802109158108,1,WC,0,NoSA,construction,3,satisfactory,20,0.05,0.05,1,less50
5496,2006,8,656.2380952380952,6.486523673151722,1,WC,0,NoSA,construction,1,unsatisfactory,21,0.048,0.048,1,less50
5496,2007,9,787.0869565217391,6.668338733446794,1,WC,0,NoSA,construction,4,good,23,0.043,0.13,1,less50
5496,2009,11,709.5,6.564560496600097,1,WC,0,NoSA,manufacturing,4,good,22,0.045,0.227,1,less50
5496,2010,12,573.6538461538462,6.352026158927367,1,WC,0,NoSA,manufacturing,4,good,26,0.077,0.115,1,less50
5496,2011,13,655.96,6.486099811475245,1,WC,0,NoSA,manufacturing,2,sufficient,25,0.04,0.12,1,less50
5546,2009,11,1043.16,6.950009846878974,1,WC,0,NoSA,buservices,3,satisfactory,25,0.04,0.04,1,less50
5546,2011,13,1457,7.284134806195205,1,WC,0,NoSA,buservices,5,very good,28,0.036,0.036,1,less50
5546,2012,14,1230.7857142857142,7.115408036527841,1,WC,0,NoSA,buservices,4,good,28,0.214,0.036,1,less50
5546,2013,15,1277.607142857143,7.152744187725141,1,WC,0,NoSA,buservices,4,good,28,0.286,0.071,1,less50
5546,2014,16,1862.8,7.529836011108222,1,WC,0,NoSA,buservices,4,good,25,0.48,0.04,1,less50
5546,2015,17,1336.2307692307693,7.197608070640387,1,WC,0,NoSA,buservices,5,very good,26,0.154,0.038,1,less50
5546,2017,19,2209.1923076923076,7.700382256078325,1,WC,0,NoSA,buservices,4,good,26,0.115,0.038,1,less50
5546,2018,20,2128.9285714285716,7.663374114038769,1,WC,0,NoSA,buservices,5,very good,28,0.107,0.036,1,less50
5546,2019,21,2593.296296296296,7.860685046768525,1,WC,0,NoSA,buservices,4,good,27,0.185,0.037,1,less50
5546,2020,22,2501.730769230769,7.824738079014177,1,WC,0,NoSA,buservices,3,satisfactory,26,0.115,0.038,1,less50
5546,2021,23,2496.16,7.822508829998939,1,WC,0,NoSA,buservices,3,satisfactory,25,0.24,0.04,1,less50
5602,2004,6,1889.812244897959,7.544232761795181,0,NoWC,0,NoSA,construction,1,unsatisfactory,245,0.049,0.604,3,less250
5602,2005,7,2122.58024691358,7.660387725203943,0,NoWC,0,NoSA,construction,5,very good,243,0.045,0.646,3,less250
5602,2006,8,2075.9493670886077,7.638173854339314,0,NoWC,0,NoSA,construction,3,satisfactory,237,0.055,0.633,3,less250
5602,2007,9,1450.2707423580787,7.279505536852462,0,NoWC,0,NoSA,construction,2,sufficient,229,0.079,0.646,3,less250
5602,2008,10,1542.8481012658228,7.341385403749156,0,NoWC,0,NoSA,construction,3,satisfactory,237,0.114,0.675,3,less250
5602,2009,11,1561.0859728506787,7.353136994495744,0,NoWC,0,NoSA,construction,4,good,221,0.122,0.706,3,less250
5619,2015,17,2766.206896551724,7.92523230933757,1,WC,1,SA,manufacturing,3,satisfactory,29,0.069,0.172,1,less50
5619,2016,18,2199.3076923076924,7.695897904507908,1,WC,1,SA,manufacturing,3,satisfactory,39,0.026,0.077,1,less50
5619,2017,19,1919.4473684210527,7.559792594643757,1,WC,1,SA,manufacturing,2,sufficient,38,0.053,0.105,1,less50
5619,2018,20,1592.8444444444444,7.373276655703516,1,WC,1,SA,manufacturing,2,sufficient,45,0.067,0.089,1,less50
5619,2019,21,1095.6041666666667,6.999061240472844,1,WC,1,SA,manufacturing,4,good,48,0.042,0.104,1,less50
5629,2017,19,1933.3597122302158,7.567014552030328,1,WC,0,NoSA,health,3,satisfactory,139,0.496,0.216,3,less250
5629,2018,20,1469.7865853658536,7.2928724892099135,1,WC,0,NoSA,health,3,satisfactory,164,0.512,0.262,3,less250
5629,2020,22,2570.734939759036,7.851947105785824,1,WC,0,NoSA,edu,2,sufficient,83,0.988,0.253,2,less100
5629,2021,23,1533.015037593985,7.334991688082663,1,WC,0,NoSA,edu,5,very good,133,0.632,0.195,3,less250
5638,2012,14,1674.0281690140846,7.422988078275873,0,NoWC,0,NoSA,health,4,good,71,0.014,0.211,2,less100
5638,2013,15,1519.8676470588234,7.32637853574573,0,NoWC,0,NoSA,health,3,satisfactory,68,0.029,0.221,2,less100
5638,2014,16,1484.9444444444443,7.303132639388463,0,NoWC,0,NoSA,health,4,good,72,0.028,0.222,2,less100
5638,2015,17,1778.8902439024391,7.483744990373299,0,NoWC,0,NoSA,health,4,good,82,0.049,0.232,2,less100
5638,2016,18,1779.6588235294118,7.484176952740184,0,NoWC,0,NoSA,health,5,very good,85,0.071,0.259,2,less100
5638,2017,19,1899.7912087912089,7.549499269006281,0,NoWC,0,NoSA,health,3,satisfactory,91,0.11,0.242,2,less100
5638,2018,20,2066.75,7.633732604132785,0,NoWC,0,NoSA,health,3,satisfactory,84,0.083,0.262,2,less100
5638,2019,21,2938.407894736842,7.9856231812486635,0,NoWC,0,NoSA,health,3,satisfactory,76,0.092,0.237,2,less100
5657,2005,7,505.1782566111655,6.224911350379826,0,NoWC,0,NoSA,manufacturing,3,satisfactory,1021,0.009,0.288,4,more250
5657,2006,8,527.8969957081545,6.268901180788854,0,NoWC,0,NoSA,manufacturing,2,sufficient,932,0.011,0.357,4,more250
5657,2007,9,594.3739002932551,6.387508583107836,0,NoWC,0,NoSA,manufacturing,2,sufficient,682,0.015,0.503,4,more250
5657,2008,10,600.9951768488746,6.398586909293146,0,NoWC,0,NoSA,manufacturing,4,good,622,0.016,0.449,4,more250
5657,2009,11,549.3630573248407,6.308759529545298,0,NoWC,0,NoSA,manufacturing,4,good,628,0.024,0.398,4,more250
5663,1999,1,3516.4889204545457,8.16521830501214,1,WC,0,NoSA,wholesretail,4,good,110,0.027,0.6,3,less250
5663,2000,2,3805.3647629310344,8.24416712980914,1,WC,0,NoSA,wholesretail,4,good,116,0.017,0.466,3,less250
5663,2001,3,3190.577468487395,8.067957204000113,1,WC,0,NoSA,wholesretail,3,satisfactory,119,0.008,0.655,3,less250
5728,2000,2,873.3282844387755,6.772311526893347,1,WC,0,NoSA,wholesretail,4,good,49,0.02,0.551,1,less50
5728,2001,3,1981.379971590909,7.591548836276934,1,WC,0,NoSA,wholesretail,3,satisfactory,33,0.03,0.394,1,less50
5728,2002,4,2309.3939393939395,7.744740405193683,1,WC,0,NoSA,wholesretail,3,satisfactory,33,0.03,0.273,1,less50
5728,2003,5,4392.590909090909,8.387674516282123,1,WC,0,NoSA,wholesretail,3,satisfactory,22,0.045,0.5,1,less50
5737,1999,1,3022.8560697115386,8.013957381906499,1,WC,0,NoSA,public,4,good,26,0.077,0.115,1,less50
5737,2000,2,3200.6673677884614,8.071114619477676,1,WC,0,NoSA,public,3,satisfactory,26,0.038,0.115,1,less50
5737,2001,3,3414.053185096154,8.1356554817615,1,WC,0,NoSA,public,3,satisfactory,26,0.077,0.115,1,less50
5761,2006,8,1972.7058823529412,7.587161423624498,1,WC,0,NoSA,wholesretail,3,satisfactory,102,0.284,0.5,3,less250
5761,2007,9,2513.0636363636363,7.829257860089522,1,WC,0,NoSA,wholesretail,3,satisfactory,110,0.518,0.4,3,less250
5761,2008,10,1838.6454545454546,7.516784413491871,1,WC,0,NoSA,wholesretail,3,satisfactory,110,0.509,0.364,3,less250
5761,2009,11,2868.601694915254,7.961579975710964,1,WC,1,SA,wholesretail,3,satisfactory,118,0.475,0.475,3,less250
5761,2011,13,2350.6583333333333,7.762450709749777,1,WC,1,SA,wholesretail,3,satisfactory,120,0.433,0.558,3,less250
5761,2012,14,2316.808,7.747945655224109,1,WC,0,NoSA,wholesretail,3,satisfactory,125,0.416,0.728,3,less250
5761,2013,15,2387.968253968254,7.778198180440984,1,WC,0,NoSA,wholesretail,3,satisfactory,126,0.675,0.595,3,less250
5761,2014,16,2323.529411764706,7.750842606832997,1,WC,0,NoSA,wholesretail,3,satisfactory,136,0.691,0.485,3,less250
5761,2015,17,2098.1074380165287,7.648790997376493,1,WC,0,NoSA,wholesretail,3,satisfactory,121,0.802,0.537,3,less250
5761,2016,18,2502.211382113821,7.824930172715501,1,WC,0,NoSA,wholesretail,3,satisfactory,123,0.805,0.472,3,less250
5768,2001,3,930.5938430059524,6.835822923233441,0,NoWC,0,NoSA,construction,5,very good,84,0.083,0.06,2,less100
5768,2002,4,425.7922077922078,6.053951452132718,0,NoWC,0,NoSA,construction,4,good,77,0.091,0.065,2,less100
5768,2003,5,747.6486486486486,6.616933146563026,0,NoWC,0,NoSA,construction,2,sufficient,74,0.095,0.054,2,less100
5785,1998,0,3691.6380866425993,8.213825564448017,0,NoWC,0,NoSA,manufacturing,3,satisfactory,277,0.007,0.278,4,more250
5785,1999,1,3082.2559840425533,8.033417070199468,0,NoWC,0,NoSA,manufacturing,3,satisfactory,282,0.004,0.287,4,more250
5785,2000,2,2317.8564814814813,7.748398107177668,0,NoWC,0,NoSA,manufacturing,4,good,270,0.004,0.311,4,more250
5785,2002,4,2074.074074074074,7.637270103712957,0,NoWC,0,NoSA,manufacturing,3,satisfactory,270,0.004,0.285,4,more250
5797,2004,6,457.6412037037037,6.126085479070748,1,WC,0,NoSA,health,4,good,432,0.088,0.72,4,more250
5797,2005,7,470.3054892601432,6.153382460709685,1,WC,0,NoSA,health,4,good,419,0.095,0.73,4,more250
5797,2006,8,500.77906976744185,6.2161650253171485,1,WC,1,SA,health,4,good,430,0.109,0.735,4,more250
5797,2007,9,535.8321513002364,6.283820961469667,1,WC,1,SA,health,4,good,423,0.052,0.754,4,more250
5808,2001,3,877.5285885989011,6.777109534409204,1,WC,0,NoSA,public,4,good,91,0.033,0.099,2,less100
5808,2003,5,1103.685393258427,7.0064102163507975,1,WC,0,NoSA,public,4,good,89,0.742,0.124,2,less100
5808,2004,6,1075.4725274725274,6.980515404422934,1,WC,0,NoSA,public,4,good,91,0.604,0.121,2,less100
5808,2005,7,1075.6559139784947,6.9806859070325205,1,WC,0,NoSA,public,4,good,93,0.591,0.097,2,less100
5808,2006,8,1093.1847826086957,6.996850533913757,1,WC,0,NoSA,public,4,good,92,0.717,0.12,2,less100
5808,2007,9,1705.3510638297873,7.441526271062063,1,WC,0,NoSA,public,4,good,94,0.351,0.032,2,less100
5808,2008,10,1410.1875,7.2514779532547315,1,WC,0,NoSA,public,4,good,96,0.458,0.115,2,less100
5808,2009,11,1463.578947368421,7.288640048898678,0,NoWC,0,NoSA,public,4,good,95,0.074,0.105,2,less100
5808,2011,13,1514.41,7.322781203148536,1,WC,0,NoSA,public,4,good,100,0.44,0.12,2,less100
5808,2012,14,1636.2429906542056,7.400158033428353,1,WC,0,NoSA,public,3,satisfactory,107,0.411,0.112,3,less250
5808,2015,17,2016.4423076923076,7.609090003783792,1,WC,0,NoSA,public,4,good,104,0.26,0.096,3,less250
5808,2018,20,1754.3425925925926,7.469849474607857,1,WC,0,NoSA,public,4,good,108,0.157,0.148,3,less250
5808,2019,21,1763.6666666666667,7.475150254236022,1,WC,0,NoSA,public,4,good,114,0.14,0.114,3,less250
5808,2020,22,1542.622641509434,7.3412392608908466,1,WC,0,NoSA,public,4,good,106,0.198,0.104,3,less250
5819,2000,2,11175.379464285714,9.321468375440894,0,NoWC,0,NoSA,manufacturing,5,very good,56,0.125,0.5,2,less100
5819,2002,4,10370.37037037037,9.246708016147057,0,NoWC,0,NoSA,manufacturing,1,unsatisfactory,54,0.167,0.63,2,less100
5819,2003,5,7951.736842105263,8.981145654492193,0,NoWC,0,NoSA,manufacturing,3,satisfactory,57,0.158,0.474,2,less100
5819,2004,6,9259.25925925926,9.133379330840054,0,NoWC,1,SA,manufacturing,3,satisfactory,54,0.13,0.444,2,less100
5819,2005,7,9731.830188679245,9.18315725499237,0,NoWC,1,SA,manufacturing,4,good,53,0.132,0.491,2,less100
5819,2006,8,9283.018867924528,9.135942081922323,0,NoWC,1,SA,manufacturing,5,very good,53,0.151,0.34,2,less100
5819,2007,9,7370.236363636363,8.905205055718827,0,NoWC,1,SA,manufacturing,5,very good,55,0.109,0.382,2,less100
5819,2008,10,7053.188679245283,8.861235088480203,0,NoWC,1,SA,manufacturing,5,very good,53,0.226,0.396,2,less100
5819,2009,11,6900,8.83927669058535,0,NoWC,1,SA,buservices,5,very good,50,0.2,0.4,1,less50
5847,2017,19,2474.621212121212,7.813842617682526,1,WC,1,SA,health,4,good,66,0.727,0.682,2,less100
5847,2018,20,2857.5692307692307,7.957726623116242,1,WC,1,SA,health,5,very good,65,0.538,0.646,2,less100
5847,2019,21,2851.9402985074626,7.955754848112932,1,WC,1,SA,health,4,good,67,0.761,0.642,2,less100
5906,2003,5,8551.867924528302,9.05390500877462,1,WC,0,NoSA,manufacturing,2,sufficient,53,0.34,0.019,2,less100
5906,2008,10,7953.595744680851,8.981379400322266,1,WC,0,NoSA,manufacturing,4,good,47,0.447,0.021,1,less50
5906,2009,11,6764.705882352941,8.81947406328917,1,WC,0,NoSA,manufacturing,5,very good,51,0.431,0.039,2,less100
5965,2014,16,3401.6470588235293,8.132015022372117,1,WC,0,NoSA,manufacturing,2,sufficient,34,0.029,0.735,1,less50
5965,2016,18,4554.142857142857,8.423792615728257,1,WC,0,NoSA,manufacturing,2,sufficient,35,0.143,0.829,1,less50
5965,2017,19,3709.277777777778,8.218592467588406,1,WC,0,NoSA,manufacturing,3,satisfactory,36,0.139,0.778,1,less50
5965,2018,20,3301.1944444444443,8.10203963482739,0,NoWC,0,NoSA,manufacturing,3,satisfactory,36,0.139,0.722,1,less50
5999,2002,4,259.85185185185185,5.56011166804769,1,WC,0,NoSA,health,3,satisfactory,27,0.296,0.296,1,less50
5999,2003,5,365.34615384615387,5.9008452708687,1,WC,0,NoSA,health,2,sufficient,26,0.308,0.231,1,less50
5999,2004,6,464.34615384615387,6.140630295310905,1,WC,0,NoSA,health,3,satisfactory,26,0.077,0.308,1,less50
6016,2019,21,971.2835365853658,6.878618430388556,0,NoWC,0,NoSA,buservices,4,good,328,0.012,0.238,4,more250
6016,2020,22,1221.783606557377,7.108067042673841,0,NoWC,0,NoSA,buservices,4,good,305,0.023,0.187,4,more250
6016,2021,23,2351.8838951310863,7.762971943485045,0,NoWC,0,NoSA,buservices,3,satisfactory,267,0.03,0.273,4,more250
6029,1998,0,1829.3090339892665,7.511693597480257,0,NoWC,0,NoSA,mining,3,satisfactory,559,0.047,0.209,4,more250
6029,1999,1,1546.6124332740214,7.34382229124389,0,NoWC,0,NoSA,mining,3,satisfactory,562,0.046,0.201,4,more250
6029,2000,2,1279.7980572597137,7.154457576701171,0,NoWC,0,NoSA,mining,1,unsatisfactory,489,0.043,0.153,4,more250
6029,2001,3,1328.1188157894737,7.191518795755192,0,NoWC,0,NoSA,mining,1,unsatisfactory,475,0.055,0.147,4,more250
6038,2013,15,935.2,6.840760410157858,0,NoWC,0,NoSA,manufacturing,3,satisfactory,65,0.677,0.138,2,less100
6038,2014,16,1527.8,7.331584071107259,0,NoWC,0,NoSA,manufacturing,3,satisfactory,65,0.538,0.169,2,less100
6038,2015,17,1559.6470588235295,7.352214830302579,0,NoWC,0,NoSA,manufacturing,1,unsatisfactory,68,0.588,0.162,2,less100
6038,2017,19,1673.0735294117646,7.42241765065567,0,NoWC,0,NoSA,manufacturing,4,good,68,0.588,0.162,2,less100
6038,2018,20,2339.470588235294,7.757679938410743,0,NoWC,0,NoSA,manufacturing,3,satisfactory,68,0.25,0.191,2,less100
6043,2006,8,2315.660714285714,7.7474503315388334,0,NoWC,0,NoSA,health,1,unsatisfactory,56,0.107,0.893,2,less100
6043,2007,9,2301.9692307692308,7.7415202228889495,0,NoWC,0,NoSA,health,1,unsatisfactory,65,0.077,0.923,2,less100
6043,2008,10,2413.3548387096776,7.788773107739495,0,NoWC,0,NoSA,health,4,good,62,0.081,0.919,2,less100
6043,2009,11,2093.5555555555557,7.646619122272393,0,NoWC,0,NoSA,health,2,sufficient,81,0.062,0.84,2,less100
6043,2011,13,1553.4939759036145,7.348261851068013,0,NoWC,0,NoSA,health,1,unsatisfactory,83,0.06,0.892,2,less100
6044,2004,6,467.1409395973154,6.14663100999001,0,NoWC,0,NoSA,health,2,sufficient,149,0.463,0.577,3,less250
6044,2005,7,293.3092105263158,5.681227378580402,0,NoWC,0,NoSA,health,4,good,152,0.447,0.586,3,less250
6044,2007,9,653.556338028169,6.482428739031938,0,NoWC,0,NoSA,health,4,good,142,0.521,0.655,3,less250
6125,2000,2,1778.4596354166667,7.4835028952730225,0,NoWC,0,NoSA,health,3,satisfactory,96,0.01,0.656,2,less100
6125,2001,3,2416.3234160958905,7.790002414373783,0,NoWC,0,NoSA,health,3,satisfactory,73,0.014,0.712,2,less100
6125,2002,4,2582.2837837837837,7.856429473881335,0,NoWC,0,NoSA,health,2,sufficient,74,0.014,0.77,2,less100
6130,1998,0,939.7676282051282,6.845632640666998,0,NoWC,1,SA,wholesretail,3,satisfactory,156,0.058,0.346,3,less250
6130,1999,1,918.4723328025477,6.822711782048584,0,NoWC,1,SA,wholesretail,3,satisfactory,157,0.045,0.344,3,less250
6130,2000,2,865.7981366459627,6.763651782829499,0,NoWC,0,NoSA,wholesretail,4,good,161,0.043,0.335,3,less250
6134,2006,8,219.7,5.392262979390565,1,WC,0,NoSA,manufacturing,1,unsatisfactory,30,0.567,0.2,1,less50
6134,2007,9,800.3,6.684986657373001,1,WC,0,NoSA,manufacturing,3,satisfactory,30,0.533,0.2,1,less50
6134,2008,10,847.3666666666667,6.742133501410596,1,WC,0,NoSA,manufacturing,3,satisfactory,30,0.567,0.2,1,less50
6134,2009,11,376.6,5.931183616223052,1,WC,0,NoSA,manufacturing,2,sufficient,30,0.533,0.2,1,less50
6137,1999,1,3851.8624387254904,8.256312060630675,1,WC,0,NoSA,manufacturing,3,satisfactory,51,0.02,0.137,2,less100
6137,2000,2,2622.1,7.871730802421703,1,WC,0,NoSA,wholesretail,3,satisfactory,55,0.018,0.2,2,less100
6137,2001,3,2974.909114583333,7.99796876779319,1,WC,0,NoSA,wholesretail,4,good,60,0.017,0.183,2,less100
6137,2003,5,2229.218487394958,7.709406348947803,1,WC,0,NoSA,wholesretail,3,satisfactory,119,0.008,0.336,3,less250
6139,2004,6,2212.3893805309735,7.701828378132043,0,NoWC,0,NoSA,construction,4,good,226,0.204,0.726,3,less250
6139,2005,7,2223.219827586207,7.706711796878182,0,NoWC,0,NoSA,construction,4,good,232,0.638,0.763,3,less250
6139,2008,10,1384.5148148148148,7.233105043033951,0,NoWC,0,NoSA,construction,2,sufficient,270,0.522,0.748,4,more250
6139,2009,11,1142.3841059602648,7.040872678638627,0,NoWC,0,NoSA,construction,4,good,302,0.563,0.768,4,more250
6154,1998,0,811.2698184742648,6.6986006972721555,1,WC,0,NoSA,manufacturing,4,good,272,0.239,0.669,4,more250
6154,1999,1,673.2698759191177,6.512146253601447,1,WC,0,NoSA,manufacturing,4,good,272,0.199,0.349,4,more250
6154,2000,2,637.4094254032258,6.457412189139713,0,NoWC,0,NoSA,manufacturing,5,very good,310,0.155,0.416,4,more250
6154,2001,3,648.1210688694267,6.4740775135758915,0,NoWC,0,NoSA,manufacturing,3,satisfactory,314,0.115,0.277,4,more250
6154,2002,4,766.7063197026023,6.642103833262849,0,NoWC,0,NoSA,manufacturing,2,sufficient,269,0.115,0.268,4,more250
6169,2005,7,505.1782566111655,6.224911350379826,1,WC,0,NoSA,resthotels,2,sufficient,1021,0.002,0.066,4,more250
6169,2006,8,527.8969957081545,6.268901180788854,1,WC,0,NoSA,resthotels,3,satisfactory,932,0.002,0.073,4,more250
6169,2007,9,594.3739002932551,6.387508583107836,1,WC,0,NoSA,resthotels,3,satisfactory,682,0.003,0.091,4,more250
6169,2008,10,600.9951768488746,6.398586909293146,1,WC,0,NoSA,resthotels,4,good,622,0.003,0.428,4,more250
6177,2013,15,1571.047619047619,7.359497949093264,1,WC,0,NoSA,health,4,good,21,0.286,0.238,1,less50
6177,2014,16,1996.4347826086957,7.599118260108827,1,WC,0,NoSA,health,4,good,23,0.304,0.435,1,less50
6177,2015,17,163.2173913043478,5.095083001217304,1,WC,0,NoSA,health,3,satisfactory,23,0.261,0.391,1,less50
6177,2016,18,1624.7916666666667,7.393134881416652,1,WC,0,NoSA,health,4,good,24,0.208,0.417,1,less50
6177,2017,19,1802.48,7.49691877339713,1,WC,0,NoSA,health,4,good,25,0.2,0.6,1,less50
6177,2018,20,1798.0344827586207,7.494449393245116,1,WC,0,NoSA,health,5,very good,29,0.241,0.621,1,less50
6177,2019,21,2134.92,7.666184454234685,1,WC,0,NoSA,health,5,very good,25,0.32,0.48,1,less50
6177,2020,22,132.91666666666666,4.889722365430945,1,WC,0,NoSA,buservices,5,very good,24,0.25,0.417,1,less50
6190,2019,21,2096.1666666666665,7.647865558819101,1,WC,0,NoSA,health,3,satisfactory,54,0.204,0.574,2,less100
6190,2020,22,1956.7368421052631,7.579033488300649,1,WC,1,SA,art,2,sufficient,57,0.158,0.632,2,less100
6190,2021,23,1993.5373134328358,7.597665884194689,1,WC,0,NoSA,art,4,good,67,0.164,0.522,2,less100
6191,2002,4,487.9776536312849,6.190269613065503,1,WC,0,NoSA,manufacturing,2,sufficient,358,0.087,0.62,4,more250
6191,2004,6,419.80564263322884,6.039791848537813,0,NoWC,0,NoSA,construction,2,sufficient,319,0.009,0.552,4,more250
6191,2005,7,619.5627705627705,6.429014020492741,0,NoWC,0,NoSA,construction,3,satisfactory,231,0.048,0.424,3,less250
6191,2006,8,796.4611872146119,6.680178398990937,0,NoWC,0,NoSA,construction,3,satisfactory,219,0.059,0.571,3,less250
6191,2009,11,526.7225609756098,6.266673960156381,0,NoWC,0,NoSA,construction,2,sufficient,328,0.018,0.512,4,more250
6196,1998,0,591.1284215328467,6.382033289118736,0,NoWC,0,NoSA,manufacturing,3,satisfactory,1370,0.307,0.201,4,more250
6196,2001,3,556.3107914462081,6.321327115502135,0,NoWC,0,NoSA,manufacturing,5,very good,1134,0.126,0.286,4,more250
6196,2002,4,606.060606060606,6.406979991069647,0,NoWC,0,NoSA,manufacturing,2,sufficient,924,0.314,0.327,4,more250
6226,2015,17,3327.5797101449275,8.110000504947017,1,WC,0,NoSA,buservices,4,good,69,0.087,0.696,2,less100
6226,2016,18,2527.4,7.834946385324581,1,WC,0,NoSA,buservices,4,good,70,0.157,0.714,2,less100
6226,2017,19,2373.718309859155,7.772212911793738,1,WC,0,NoSA,buservices,4,good,71,0.07,0.549,2,less100
6226,2018,20,2599.521739130435,7.863082760601049,1,WC,0,NoSA,buservices,4,good,69,0.116,0.493,2,less100
6226,2020,22,3493.44262295082,8.158642953913397,1,WC,0,NoSA,buservices,4,good,61,0.164,0.492,2,less100
6226,2021,23,3315.3333333333335,8.106313450606574,1,WC,0,NoSA,buservices,4,good,63,0.222,0.524,2,less100
6242,2009,11,912.1071428571429,6.815757464376963,0,NoWC,0,NoSA,manufacturing,4,good,140,0.321,0.779,3,less250
6242,2010,12,1285.1333333333334,7.158617753295381,0,NoWC,0,NoSA,manufacturing,2,sufficient,120,0.183,0.767,3,less250
6242,2011,13,794,6.677083461247136,0,NoWC,0,NoSA,manufacturing,4,good,120,0.517,0.742,3,less250
6242,2013,15,1813.0106382978724,7.502744078524659,0,NoWC,0,NoSA,manufacturing,3,satisfactory,94,0.426,0.872,2,less100
6242,2014,16,2067.3255813953488,7.63401106125711,0,NoWC,0,NoSA,manufacturing,4,good,86,0.558,0.872,2,less100
6242,2015,17,2415.837837837838,7.7898014367018185,0,NoWC,0,NoSA,manufacturing,3,satisfactory,74,0.784,0.635,2,less100
6242,2016,18,1954.0851063829787,7.577677386609704,0,NoWC,0,NoSA,manufacturing,4,good,94,0.649,0.596,2,less100
6257,2012,14,930,6.835184586147301,0,NoWC,1,SA,public,5,very good,44,0.455,0.182,1,less50
6257,2013,15,897.8666666666667,6.800021579178755,0,NoWC,0,NoSA,public,4,good,45,0.533,0.156,1,less50
6257,2014,16,1064.5853658536585,6.970340674498826,0,NoWC,0,NoSA,public,5,very good,41,0.585,0.171,1,less50
6257,2015,17,812.8367346938776,6.700530271046395,0,NoWC,0,NoSA,public,4,good,49,0.531,0.143,1,less50
6257,2016,18,928.6808510638298,6.833765139493075,0,NoWC,0,NoSA,public,4,good,47,0.617,0.128,1,less50
6257,2017,19,1133.5,7.033065469947584,0,NoWC,1,SA,public,4,good,46,0.63,0.087,1,less50
6272,2001,3,2337.6904296875,7.756918725090555,1,WC,0,NoSA,edu,4,good,56,0.25,0.018,2,less100
6272,2002,4,2235.245614035088,7.712106395432578,1,WC,0,NoSA,edu,4,good,57,0.263,0.018,2,less100
6272,2003,5,2383.418181818182,7.776290947149125,1,WC,0,NoSA,edu,3,satisfactory,55,0.309,0.018,2,less100
6290,2007,9,3628.8,8.196657294093379,1,WC,0,NoSA,buservices,3,satisfactory,30,0.067,0.1,1,less50
6290,2008,10,4557.214285714285,8.424466813575979,1,WC,0,NoSA,buservices,3,satisfactory,28,0.071,0.107,1,less50
6290,2009,11,2890.5,7.969184776522531,1,WC,0,NoSA,buservices,3,satisfactory,36,0.083,0.056,1,less50
6290,2010,12,3064.8611111111113,8.02775753286107,1,WC,0,NoSA,buservices,3,satisfactory,36,0.056,0.056,1,less50
6290,2012,14,776.4193548387096,6.654692779936619,1,WC,0,NoSA,buservices,3,satisfactory,62,0.048,0.097,2,less100
6290,2013,15,752.7671232876712,6.623755914745327,1,WC,0,NoSA,buservices,3,satisfactory,73,0.041,0.096,2,less100
6298,2001,3,2316.487338362069,7.747807238993317,0,NoWC,0,NoSA,buservices,4,good,116,0.103,0.207,3,less250
6298,2002,4,2326.8130081300815,7.752254802587458,0,NoWC,0,NoSA,buservices,3,satisfactory,123,0.041,0.285,3,less250
6298,2003,5,2359.552,7.76622704949109,0,NoWC,0,NoSA,buservices,3,satisfactory,125,0.032,0.24,3,less250
6298,2004,6,2296.504132231405,7.739143303124736,0,NoWC,0,NoSA,buservices,3,satisfactory,121,0.058,0.248,3,less250
6301,2001,3,501.9159100506757,6.218432595801174,0,NoWC,0,NoSA,buservices,3,satisfactory,592,0.061,0.035,4,more250
6301,2002,4,532.4755480607082,6.277536977394444,0,NoWC,0,NoSA,buservices,3,satisfactory,593,0.056,0.034,4,more250
6301,2003,5,527.3001658374793,6.267769961039464,0,NoWC,0,NoSA,buservices,3,satisfactory,603,0.058,0.033,4,more250
6301,2004,6,491.48986486486484,6.197441318550326,0,NoWC,0,NoSA,buservices,2,sufficient,592,0.052,0.035,4,more250
6301,2005,7,471.27710843373495,6.155446261635568,0,NoWC,0,NoSA,buservices,4,good,581,0.052,0.033,4,more250
6301,2006,8,490.25618374558303,6.194928078450416,0,NoWC,1,SA,buservices,4,good,566,0.06,0.028,4,more250
6344,2000,2,143.6162109375,4.967144539779488,0,NoWC,0,NoSA,health,4,good,216,0.796,0.097,3,less250
6344,2001,3,240.56612124463518,5.482994984168952,0,NoWC,0,NoSA,health,4,good,233,0.811,0.056,3,less250
6344,2003,5,535.125,6.28250036446511,0,NoWC,0,NoSA,health,1,unsatisfactory,256,0.613,0.098,4,more250
6344,2004,6,636.0990990990991,6.455354367395592,0,NoWC,0,NoSA,health,3,satisfactory,222,0.874,0.126,3,less250
6344,2005,7,1158.2286995515694,7.0546471339282775,0,NoWC,0,NoSA,health,3,satisfactory,223,0.834,0.202,3,less250
6344,2006,8,2196.4285714285716,7.694587943619405,0,NoWC,0,NoSA,health,3,satisfactory,224,0.808,0.393,3,less250
6344,2007,9,1785.740088105727,7.487588223469896,0,NoWC,0,NoSA,health,2,sufficient,227,0.819,0.392,3,less250
6344,2008,10,1577.295358649789,7.363466860897194,0,NoWC,0,NoSA,health,3,satisfactory,237,0.671,0.11,3,less250
6344,2009,11,1358.267716535433,7.21396542899496,0,NoWC,0,NoSA,health,3,satisfactory,254,0.748,0.138,4,more250
6344,2010,12,1095.9324894514768,6.999360868394969,0,NoWC,0,NoSA,health,4,good,237,0.84,0.11,3,less250
6344,2011,13,1147.6190476190477,7.045444681755323,0,NoWC,0,NoSA,health,3,satisfactory,252,0.77,0.115,4,more250
6347,2000,2,1445.3146651270208,7.276082338173553,1,WC,0,NoSA,manufacturing,4,good,433,0.042,0.053,4,more250
6347,2002,4,1252.7964205816554,7.133133468097763,1,WC,0,NoSA,manufacturing,2,sufficient,447,0.036,0.051,4,more250
6347,2004,6,1165.5011655011656,7.060906458476312,1,WC,0,NoSA,manufacturing,2,sufficient,429,0.026,0.084,4,more250
6347,2006,8,1581.9935691318328,7.366441083295211,1,WC,0,NoSA,manufacturing,1,unsatisfactory,311,0.019,0.106,4,more250
6382,2000,2,1553.9514016544117,7.348556257371921,1,WC,0,NoSA,manufacturing,2,sufficient,34,0.824,0.971,1,less50
6382,2001,3,1427.9595352564102,7.264001805842864,1,WC,0,NoSA,manufacturing,3,satisfactory,39,0.769,0.897,1,less50
6382,2003,5,2506.3846153846152,7.826596601486609,1,WC,0,NoSA,manufacturing,2,sufficient,39,0.564,0.718,1,less50
6382,2004,6,3222.5128205128203,8.0779167132423,1,WC,0,NoSA,manufacturing,3,satisfactory,39,0.513,0.974,1,less50
6441,2017,19,4003.6,8.294949235344864,0,NoWC,0,NoSA,buservices,2,sufficient,140,0.586,0.357,3,less250
6441,2018,20,3211.755244755245,8.074572871900266,0,NoWC,0,NoSA,buservices,3,satisfactory,143,0.601,0.231,3,less250
6441,2019,21,2770.539534883721,7.926797358150986,0,NoWC,0,NoSA,buservices,3,satisfactory,215,0.4,0.312,3,less250
6441,2020,22,2489.7906976744184,7.819953928766885,0,NoWC,0,NoSA,buservices,3,satisfactory,215,0.665,0.502,3,less250
6442,2018,20,3192.3203125,8.068503302062691,0,NoWC,0,NoSA,transcom,3,satisfactory,384,0.083,0.099,4,more250
6442,2019,21,4683.456632653061,8.451791713004107,0,NoWC,0,NoSA,transcom,4,good,392,0.099,0.099,4,more250
6442,2020,22,4098.037313432836,8.318263434036268,0,NoWC,0,NoSA,wholesretail,3,satisfactory,402,0.095,0.104,4,more250
6442,2021,23,4581.911270983213,8.42987149813437,0,NoWC,0,NoSA,wholesretail,2,sufficient,417,0.091,0.108,4,more250
6443,2008,10,600.9951768488746,6.398586909293146,0,NoWC,0,NoSA,manufacturing,3,satisfactory,622,0.133,0.505,4,more250
6443,2011,13,486.0504201680672,6.186312363721117,0,NoWC,0,NoSA,manufacturing,3,satisfactory,595,0.121,0.472,4,more250
6443,2014,16,592.8705440900563,6.384976068403205,0,NoWC,0,NoSA,manufacturing,3,satisfactory,533,0.158,0.356,4,more250
6443,2015,17,1471.721568627451,7.294188129649718,0,NoWC,0,NoSA,manufacturing,3,satisfactory,510,0.194,0.396,4,more250
6443,2016,18,1342.336330935252,7.202166905308677,0,NoWC,0,NoSA,manufacturing,5,very good,556,0.153,0.358,4,more250
6443,2018,20,1283.980667838313,7.15772042793587,0,NoWC,0,NoSA,manufacturing,4,good,569,0.183,0.327,4,more250
6443,2019,21,1422.0949152542373,7.259886355853123,0,NoWC,0,NoSA,manufacturing,3,satisfactory,590,0.173,0.337,4,more250
6475,2012,14,2204.7611940298507,7.69837447998858,1,WC,0,NoSA,manufacturing,3,satisfactory,67,0.388,0.045,2,less100
6475,2013,15,2477.2280701754385,7.814895500412365,1,WC,0,NoSA,manufacturing,2,sufficient,57,0.333,0.088,2,less100
6475,2014,16,2803.016129032258,7.938451305351679,1,WC,0,NoSA,manufacturing,3,satisfactory,62,0.532,0.129,2,less100
6475,2015,17,2251.0434782608695,7.719149155807213,1,WC,0,NoSA,manufacturing,2,sufficient,69,0.072,0.087,2,less100
6475,2016,18,2038.380281690141,7.61991079190589,1,WC,0,NoSA,manufacturing,2,sufficient,71,0.127,0.211,2,less100
6480,2016,18,1844.2142857142858,7.519808604368437,0,NoWC,0,NoSA,wholesretail,5,very good,42,0.071,0.833,1,less50
6480,2018,20,2050.35,7.625765789266771,0,NoWC,0,NoSA,wholesretail,4,good,40,0.075,0.85,1,less50
6480,2019,21,1822.525,7.507978181209855,0,NoWC,0,NoSA,wholesretail,1,unsatisfactory,40,0.05,0.725,1,less50
6498,2015,17,1545.44,7.343063938430986,1,WC,0,NoSA,transcom,3,satisfactory,25,0.08,0.12,1,less50
6498,2016,18,2015.8260869565217,7.608784359079486,1,WC,0,NoSA,transcom,5,very good,23,0.087,0.13,1,less50
6498,2018,20,3606.05,8.19036826944639,1,WC,0,NoSA,transcom,4,good,20,0.1,0.15,1,less50
6510,2006,8,1140.5960591133005,7.039306263616786,0,NoWC,0,NoSA,public,4,good,203,0.03,0.409,3,less250
6510,2007,9,1794.0614525139665,7.492237296499164,0,NoWC,0,NoSA,public,4,good,179,0.117,0.352,3,less250
6510,2008,10,1737.3709677419354,7.460128311511192,0,NoWC,0,NoSA,public,4,good,186,0.113,0.419,3,less250
6531,1998,0,771.6982239906832,6.64859357203637,0,NoWC,0,NoSA,transcom,2,sufficient,161,0.137,0.584,3,less250
6531,1999,1,736.5524553571429,6.60198045584733,0,NoWC,0,NoSA,transcom,2,sufficient,161,0.36,0.416,3,less250
6531,2000,2,798.7875857469512,6.683095060292892,0,NoWC,0,NoSA,transcom,4,good,164,0.006,0.463,3,less250
6531,2001,3,1041.958850931677,6.948857731064903,0,NoWC,0,NoSA,transcom,4,good,161,0.335,0.441,3,less250
6531,2002,4,790.50625,6.672673563006633,0,NoWC,0,NoSA,transcom,4,good,160,0.325,0.481,3,less250
6531,2003,5,817.9487179487179,6.70679964264329,0,NoWC,0,NoSA,transcom,4,good,156,0.237,0.449,3,less250
6531,2004,6,754.0248447204968,6.625425318022787,0,NoWC,0,NoSA,transcom,3,satisfactory,161,0.36,0.416,3,less250
6531,2005,7,560.2933884297521,6.3284605544476324,0,NoWC,0,NoSA,transcom,3,satisfactory,242,0.223,0.496,3,less250
6549,2006,8,412.07377049180326,6.021202387912922,1,WC,0,NoSA,public,3,satisfactory,122,0.008,0.082,3,less250
6549,2007,9,348.1065088757396,5.852508492935428,1,WC,1,SA,public,4,good,169,0.024,0.118,3,less250
6549,2008,10,325.02762430939225,5.783910176592676,1,WC,0,NoSA,public,4,good,181,0.028,0.094,3,less250
6549,2009,11,292.25136612021856,5.677614274833018,1,WC,0,NoSA,public,2,sufficient,183,0.022,0.126,3,less250
6549,2010,12,344.03508771929825,5.840743651355842,1,WC,0,NoSA,public,1,unsatisfactory,171,0.023,0.117,3,less250
6609,2002,4,2196.078431372549,7.694428517552906,0,NoWC,1,SA,construction,3,satisfactory,255,0.047,0.392,4,more250
6609,2004,6,2136.7521367521367,7.667042262046627,0,NoWC,0,NoSA,construction,2,sufficient,234,0.197,0.248,3,less250
6609,2005,7,2054.9282868525897,7.627996229412708,0,NoWC,0,NoSA,construction,3,satisfactory,251,0.167,0.267,4,more250
6628,2007,9,2401.974358974359,7.784046327717989,1,WC,0,NoSA,manufacturing,4,good,39,0.026,0.308,1,less50
6628,2009,11,1893.775,7.546327470490675,1,WC,0,NoSA,manufacturing,4,good,40,0.05,0.325,1,less50
6628,2010,12,2331.051282051282,7.75407463881576,1,WC,0,NoSA,manufacturing,3,satisfactory,39,0.128,0.359,1,less50
6628,2011,13,2748.923076923077,7.918964505570418,1,WC,0,NoSA,manufacturing,4,good,39,0.026,0.308,1,less50
6628,2012,14,2651.9024390243903,7.883032562930875,1,WC,0,NoSA,manufacturing,3,satisfactory,41,0.024,0.317,1,less50
6628,2013,15,3079.4857142857145,8.032517886144333,1,WC,0,NoSA,manufacturing,4,good,35,0.029,0.257,1,less50
6628,2014,16,3093.4857142857145,8.037053796982594,1,WC,0,NoSA,manufacturing,4,good,35,0.029,0.286,1,less50
6628,2015,17,3265.75,8.091244724366673,1,WC,0,NoSA,manufacturing,3,satisfactory,36,0.028,0.278,1,less50
6628,2016,18,3371.4857142857145,8.123108790967295,1,WC,0,NoSA,manufacturing,4,good,35,0.029,0.286,1,less50
6628,2020,22,3569.548387096774,8.180194364557815,1,WC,0,NoSA,manufacturing,3,satisfactory,31,0.032,0.29,1,less50
6628,2021,23,3516.2258064516127,8.165143479283165,1,WC,0,NoSA,manufacturing,3,satisfactory,31,0.065,0.065,1,less50
6629,2009,11,2284.7682119205297,7.734019859198573,0,NoWC,0,NoSA,health,5,very good,151,0.411,0.748,3,less250
6629,2011,13,1865.8064516129032,7.5314486523475,0,NoWC,0,NoSA,health,5,very good,155,0.323,0.606,3,less250
6629,2012,14,2132.9032258064517,7.665239347449814,0,NoWC,0,NoSA,health,5,very good,155,0.316,0.735,3,less250
6629,2013,15,1882.3529411764705,7.540277837725648,0,NoWC,0,NoSA,health,5,very good,170,0.253,0.647,3,less250
6629,2014,16,1858.8235294117646,7.527699055518787,0,NoWC,0,NoSA,health,5,very good,170,0.318,0.582,3,less250
6629,2015,17,4397.136094674556,8.38870872041311,0,NoWC,0,NoSA,health,5,very good,169,0.325,0.609,3,less250
6629,2016,18,4240.494252873563,8.35243511050631,0,NoWC,0,NoSA,health,5,very good,174,0.408,0.603,3,less250
6629,2018,20,1938.5114942528735,7.569675686550652,0,NoWC,0,NoSA,health,4,good,174,0.511,0.603,3,less250
6629,2019,21,3331.816091954023,8.111272807271872,0,NoWC,0,NoSA,health,4,good,174,0.506,0.603,3,less250
6636,2000,2,360.63394657258067,5.8878634454747925,0,NoWC,0,NoSA,manufacturing,3,satisfactory,62,0.177,0.581,2,less100
6636,2001,3,364.9869684938525,5.899861650188565,0,NoWC,0,NoSA,manufacturing,3,satisfactory,61,0.328,0.443,2,less100
6636,2004,6,515.9076923076923,6.245927858602116,0,NoWC,0,NoSA,manufacturing,3,satisfactory,65,0.169,0.631,2,less100
6636,2005,7,1142.8490566037735,7.041279596109931,0,NoWC,0,NoSA,manufacturing,2,sufficient,53,0.208,0.717,2,less100
6636,2006,8,459.6904761904762,6.1305533851524485,0,NoWC,0,NoSA,manufacturing,2,sufficient,84,0.143,0.667,2,less100
6636,2007,9,938.1944444444445,6.843957224372289,0,NoWC,0,NoSA,manufacturing,3,satisfactory,36,0.333,0.306,1,less50
6636,2008,10,543.6037735849056,6.2982206240941485,0,NoWC,0,NoSA,manufacturing,2,sufficient,53,0.264,0.66,2,less100
6643,2000,2,584.4771686422414,6.370717718801461,0,NoWC,0,NoSA,edu,3,satisfactory,58,0.034,0.138,2,less100
6643,2001,3,633.9672934322034,6.451997365460171,0,NoWC,0,NoSA,edu,4,good,59,0.017,0.136,2,less100
6643,2003,5,748.26,6.617750511160711,0,NoWC,0,NoSA,edu,5,very good,50,0.02,0.1,1,less50
6643,2004,6,646.3962264150944,6.47141266934191,0,NoWC,0,NoSA,edu,3,satisfactory,53,0.075,0.151,2,less100
6643,2006,8,671.6363636363636,6.50971706852076,0,NoWC,0,NoSA,edu,3,satisfactory,55,0.109,0.164,2,less100
6643,2007,9,571.3174603174604,6.3479450276954985,1,WC,0,NoSA,edu,4,good,63,0.079,0.175,2,less100
6643,2008,10,555.6031746031746,6.320054324692473,1,WC,0,NoSA,edu,4,good,63,0.111,0.19,2,less100
6648,1998,0,1544.0424107142858,7.342159198286681,0,NoWC,1,SA,wholesretail,2,sufficient,182,0.379,0.753,3,less250
6648,1999,1,1749.9315767973856,7.467331967180252,0,NoWC,0,NoSA,wholesretail,3,satisfactory,153,0.451,0.745,3,less250
6648,2002,4,1881.6149068322982,7.539885680096553,0,NoWC,0,NoSA,wholesretail,4,good,161,0.174,0.714,3,less250
6648,2003,5,1677.6708860759493,7.425161733151352,0,NoWC,0,NoSA,wholesretail,2,sufficient,158,0.12,0.753,3,less250
6648,2004,6,1530.3552631578948,7.33325518557508,0,NoWC,0,NoSA,wholesretail,4,good,152,0.309,0.757,3,less250
6686,1998,0,4285.289273648648,8.362943337189378,0,NoWC,0,NoSA,construction,4,good,37,0.135,0.054,1,less50
6686,2000,2,3174.5282939189187,8.062914331444913,0,NoWC,0,NoSA,buservices,4,good,37,0.162,0.162,1,less50
6686,2001,3,3072.1733530405404,8.030140522701666,0,NoWC,0,NoSA,buservices,4,good,37,0.135,0.027,1,less50
6695,1998,0,1556.54296875,7.350222595507692,1,WC,0,NoSA,wholesretail,3,satisfactory,27,0.074,0.148,1,less50
6695,1999,1,2843.2751736111113,7.952711896840926,1,WC,0,NoSA,wholesretail,3,satisfactory,27,0.148,0.148,1,less50
6695,2000,2,2801.7698102678573,7.938006571583631,1,WC,0,NoSA,wholesretail,3,satisfactory,28,0.179,0.107,1,less50
6710,2014,16,4562.0847457627115,8.425534979121313,0,NoWC,0,NoSA,wholesretail,4,good,59,0.051,0.305,2,less100
6710,2015,17,5418.892857142857,8.597646803667912,0,NoWC,0,NoSA,wholesretail,4,good,56,0.125,0.286,2,less100
6710,2017,19,7205.4,8.882586023894692,0,NoWC,0,NoSA,wholesretail,4,good,45,0.133,0.533,1,less50
6712,2001,3,1102.8958697552448,7.005694608410035,0,NoWC,0,NoSA,manufacturing,3,satisfactory,572,0.005,0.743,4,more250
6712,2002,4,1007.1942446043165,6.914923768460749,0,NoWC,0,NoSA,manufacturing,3,satisfactory,556,0.009,0.773,4,more250
6712,2003,5,789.6324041811847,6.671567526007177,0,NoWC,0,NoSA,manufacturing,1,unsatisfactory,574,0.01,0.664,4,more250
6712,2004,6,818.3306055646481,6.7072664182327335,0,NoWC,0,NoSA,manufacturing,4,good,611,0.015,0.764,4,more250
6712,2005,7,831.9145161290322,6.723729690505355,0,NoWC,0,NoSA,manufacturing,4,good,620,0.023,0.747,4,more250
6712,2007,9,629.445652173913,6.444839514846945,0,NoWC,0,NoSA,manufacturing,4,good,644,0.017,0.604,4,more250
6712,2008,10,600.9951768488746,6.398586909293146,0,NoWC,0,NoSA,manufacturing,4,good,622,0.021,0.545,4,more250
6727,2001,3,1547.964554398148,7.344696156211902,0,NoWC,0,NoSA,manufacturing,2,sufficient,27,0.259,0.778,1,less50
6727,2002,4,1654.12,7.41102442434248,0,NoWC,0,NoSA,manufacturing,2,sufficient,25,0.56,0.76,1,less50
6727,2003,5,1831.8095238095239,7.513059568108949,0,NoWC,0,NoSA,manufacturing,4,good,21,0.905,0.762,1,less50
6735,1999,1,310.6871139171512,5.738786341181502,0,NoWC,0,NoSA,public,4,good,43,0.023,0.605,1,less50
6735,2001,3,790.6763950892857,6.672888775449637,0,NoWC,0,NoSA,public,3,satisfactory,35,0.029,0.6,1,less50
6735,2002,4,1132.7241379310344,7.032380752062629,0,NoWC,0,NoSA,public,4,good,29,0.034,0.483,1,less50
6735,2007,9,4179.958333333333,8.338056557367047,1,WC,0,NoSA,public,2,sufficient,24,0.042,0.583,1,less50
6735,2008,10,2999.5714285714284,8.006224700302337,1,WC,0,NoSA,public,2,sufficient,28,0.107,0.679,1,less50
6735,2010,12,1671.6756756756756,7.421581800951096,1,WC,0,NoSA,public,2,sufficient,37,0.081,0.784,1,less50
6735,2012,14,2457.4333333333334,7.8068727238134095,1,WC,0,NoSA,public,3,satisfactory,30,0.033,0.7,1,less50
6735,2013,15,3248.8888888888887,8.086068336527495,1,WC,0,NoSA,public,3,satisfactory,27,0.185,0.741,1,less50
6735,2014,16,3801.925925925926,8.243263039935362,1,WC,0,NoSA,public,4,good,27,0.037,0.778,1,less50
6735,2018,20,4666,8.448057452581375,1,WC,0,NoSA,public,3,satisfactory,24,0.125,0.792,1,less50
6735,2019,21,1684.9444444444443,7.429487871586802,1,WC,0,NoSA,public,4,good,72,0.042,0.556,2,less100
6736,2016,18,1543.7762557077626,7.341986807977577,0,NoWC,0,NoSA,health,4,good,219,0.484,0.137,3,less250
6736,2017,19,1510.7926267281107,7.320389710450506,0,NoWC,0,NoSA,health,5,very good,217,0.438,0.138,3,less250
6736,2018,20,1675.677966101695,7.423973118249211,0,NoWC,0,NoSA,health,5,very good,236,0.394,0.131,3,less250
6738,2003,5,1313.7652173913043,7.180652505295384,1,WC,0,NoSA,manufacturing,5,very good,345,0.009,0.11,4,more250
6738,2004,6,1488.095238095238,7.305252217441125,1,WC,0,NoSA,manufacturing,2,sufficient,336,0.009,0.107,4,more250
6738,2005,7,1562.990909090909,7.354356514083966,1,WC,0,NoSA,manufacturing,2,sufficient,330,0.009,0.079,4,more250
6738,2006,8,1537.5,7.337912999680673,1,WC,0,NoSA,manufacturing,2,sufficient,320,0.019,0.031,4,more250
6743,2002,4,2066.420664206642,7.633573241831631,0,NoWC,0,NoSA,manufacturing,3,satisfactory,271,0.306,0.177,4,more250
6743,2003,5,1666.3566176470588,7.418394856030746,0,NoWC,0,NoSA,manufacturing,3,satisfactory,272,0.158,0.176,4,more250
6743,2006,8,1556.9620253164558,7.350491781887533,0,NoWC,0,NoSA,manufacturing,2,sufficient,316,0.158,0.259,4,more250
6787,2008,10,1335.067857142857,7.196737398863076,1,WC,0,NoSA,wholesretail,3,satisfactory,280,0.096,0.554,4,more250
6787,2009,11,1138.6138613861385,7.037566890504127,1,WC,0,NoSA,wholesretail,4,good,303,0.033,0.637,4,more250
6787,2010,12,1030.6984126984128,6.937991922018677,1,WC,0,NoSA,wholesretail,4,good,252,0.171,0.615,4,more250
6787,2011,13,1241.2017167381973,7.123835315701046,1,WC,0,NoSA,wholesretail,3,satisfactory,233,0.258,0.519,3,less250
6794,2007,9,2873.5588235294117,7.963306548776865,0,NoWC,0,NoSA,construction,4,good,136,0.037,0.544,3,less250
6794,2008,10,2728.605839416058,7.911546076204201,0,NoWC,0,NoSA,construction,4,good,137,0.036,0.453,3,less250
6794,2009,11,2548.1526717557254,7.843123933168504,0,NoWC,0,NoSA,construction,4,good,131,0.084,0.489,3,less250
6794,2010,12,1895.8832116788321,7.547440083701975,0,NoWC,0,NoSA,construction,1,unsatisfactory,137,0.08,0.467,3,less250
6794,2011,13,2036.619718309859,7.619046711665486,0,NoWC,0,NoSA,construction,2,sufficient,142,0.042,0.387,3,less250
6794,2012,14,2119.230769230769,7.658808457119524,0,NoWC,0,NoSA,construction,3,satisfactory,156,0.071,0.494,3,less250
6794,2013,15,2051.2820512820513,7.626220267526373,0,NoWC,0,NoSA,construction,3,satisfactory,156,0.071,0.468,3,less250
6794,2014,16,1950.6172839506173,7.5759011573366655,0,NoWC,0,NoSA,construction,3,satisfactory,162,0.08,0.5,3,less250
6794,2015,17,2971.8481012658226,7.996939294594017,0,NoWC,0,NoSA,construction,3,satisfactory,158,0.038,0.487,3,less250
6794,2016,18,3405.240506329114,8.133070849372347,0,NoWC,0,NoSA,construction,2,sufficient,158,0.038,0.456,3,less250
6794,2017,19,5181.752941176471,8.55289868363978,0,NoWC,0,NoSA,construction,2,sufficient,170,0.035,0.447,3,less250
6794,2018,20,3534.7953216374267,8.170410676127478,0,NoWC,0,NoSA,construction,2,sufficient,171,0.064,0.322,3,less250
6804,2006,8,3540.6415094339623,8.172063207064166,0,NoWC,0,NoSA,transcom,2,sufficient,106,0.019,0.264,3,less250
6804,2007,9,3809.794117647059,8.245330429297699,0,NoWC,0,NoSA,transcom,1,unsatisfactory,102,0.02,0.304,3,less250
6804,2008,10,3893.9479166666665,8.26717881056449,0,NoWC,0,NoSA,transcom,2,sufficient,96,0.01,0.302,2,less100
6804,2009,11,3593.75,8.186951504545661,0,NoWC,0,NoSA,transcom,3,satisfactory,96,0.01,0.292,2,less100
6804,2010,12,2650.3673469387754,7.882453530859528,0,NoWC,0,NoSA,transcom,4,good,98,0.01,0.306,2,less100
6808,2007,9,2508.222222222222,7.827329503179352,1,WC,1,SA,construction,4,good,81,0.037,0.099,2,less100
6808,2008,10,2513.682926829268,7.829504258216414,1,WC,0,NoSA,construction,4,good,82,0.012,0.037,2,less100
6808,2009,11,3149.1363636363635,8.054883523953968,1,WC,0,NoSA,construction,3,satisfactory,66,0.015,0.045,2,less100
6826,2012,14,2732.2314049586776,7.91287391877232,0,NoWC,0,NoSA,wholesretail,5,very good,121,0.033,0.19,3,less250
6826,2013,15,2580.6451612903224,7.855794709170873,0,NoWC,0,NoSA,wholesretail,5,very good,124,0.016,0.121,3,less250
6826,2014,16,2468.75,7.811467228649432,0,NoWC,0,NoSA,wholesretail,5,very good,128,0.016,0.141,3,less250
6826,2016,18,3169.2083333333335,8.061237098562996,0,NoWC,0,NoSA,wholesretail,5,very good,120,0.033,0.117,3,less250
6826,2018,20,3914.7961165048546,8.272518529547712,0,NoWC,0,NoSA,wholesretail,4,good,103,0.049,0.058,3,less250
6826,2020,22,5719.381443298969,8.651615939242973,0,NoWC,0,NoSA,construction,3,satisfactory,97,0.072,0.052,2,less100
6826,2021,23,4744.63829787234,8.464770480082114,0,NoWC,0,NoSA,construction,1,unsatisfactory,94,0.043,0.138,2,less100
6840,2004,6,1851.853881278539,7.523942514295765,0,NoWC,0,NoSA,edu,3,satisfactory,219,0.014,0.064,3,less250
6840,2005,7,1827.3347639484978,7.51061377109207,0,NoWC,0,NoSA,edu,2,sufficient,233,0.013,0.06,3,less250
6840,2006,8,1915.1822033898304,7.557568042461992,0,NoWC,1,SA,edu,3,satisfactory,236,0.017,0.059,3,less250
6840,2007,9,1634.5282258064517,7.399109494786316,0,NoWC,0,NoSA,edu,2,sufficient,248,0.012,0.056,3,less250
6871,2000,2,3612.89921875,8.192265836695489,0,NoWC,1,SA,public,2,sufficient,60,0.117,0.567,2,less100
6871,2001,3,4489.2631740196075,8.409443863487976,0,NoWC,1,SA,public,2,sufficient,51,0.118,0.608,2,less100
6871,2002,4,3175.8333333333335,8.063325344079905,0,NoWC,1,SA,public,2,sufficient,54,0.037,0.519,2,less100
6883,2001,3,1124.5212789661318,7.025112694267136,0,NoWC,0,NoSA,manufacturing,3,satisfactory,561,0.485,0.043,4,more250
6883,2002,4,1056.6037735849056,6.962815056165164,0,NoWC,0,NoSA,manufacturing,1,unsatisfactory,530,0.385,0.04,4,more250
6883,2003,5,833.1783088235294,6.725247675470801,0,NoWC,0,NoSA,manufacturing,2,sufficient,544,0.401,0.031,4,more250
6883,2004,6,922.509225092251,6.827097375964683,0,NoWC,0,NoSA,manufacturing,2,sufficient,542,0.4,0.035,4,more250
6883,2007,9,788.6439688715953,6.670314975496133,0,NoWC,0,NoSA,manufacturing,1,unsatisfactory,514,0.467,0.033,4,more250
6883,2008,10,656.97539543058,6.487646567905995,0,NoWC,0,NoSA,manufacturing,3,satisfactory,569,0.387,0.028,4,more250
6898,2007,9,810.2142857142857,6.697298762943784,0,NoWC,0,NoSA,manufacturing,3,satisfactory,98,0.071,0.112,2,less100
6898,2008,10,390,5.966146739123692,0,NoWC,0,NoSA,manufacturing,4,good,147,0.014,0.456,3,less250
6898,2009,11,785.1685393258427,6.665898394515853,0,NoWC,0,NoSA,manufacturing,3,satisfactory,89,0.067,0.438,2,less100
6904,2012,14,1359.76,7.215063492569096,1,WC,0,NoSA,health,2,sufficient,25,0.48,0.44,1,less50
6904,2016,18,1642.3333333333333,7.4038732738758535,1,WC,0,NoSA,edu,3,satisfactory,21,0.762,0.81,1,less50
6904,2018,20,1897.8181818181818,7.548460179964933,1,WC,0,NoSA,edu,3,satisfactory,22,0.818,0.682,1,less50
6904,2019,21,1819.3809523809523,7.506251586157031,1,WC,0,NoSA,edu,4,good,21,0.81,0.762,1,less50
6904,2020,22,1845.2857142857142,7.5203894031767025,1,WC,0,NoSA,health,3,satisfactory,21,0.81,0.762,1,less50
6937,2006,8,1177.290909090909,7.0709712382255,1,WC,0,NoSA,buservices,3,satisfactory,55,0.091,0.964,2,less100
6937,2008,10,1423.1,7.2605928696896145,1,WC,0,NoSA,buservices,4,good,70,0.086,0.871,2,less100
6937,2009,11,1010.0379746835443,6.917743207825071,1,WC,0,NoSA,buservices,4,good,79,0.063,0.785,2,less100
6937,2010,12,1106.851851851852,7.009275095254026,1,WC,0,NoSA,buservices,3,satisfactory,81,0.062,0.864,2,less100
6959,2008,10,1473.5584415584415,7.29543546312076,0,NoWC,0,NoSA,wholesretail,4,good,77,0.818,0.506,2,less100
6959,2009,11,1939.5641025641025,7.570218537410982,0,NoWC,0,NoSA,wholesretail,3,satisfactory,78,0.192,0.5,2,less100
6959,2010,12,1430.423076923077,7.265725537484775,0,NoWC,0,NoSA,wholesretail,3,satisfactory,78,0.513,0.5,2,less100
6969,2017,19,3385.076923076923,8.12713190977855,1,WC,0,NoSA,resthotels,5,very good,39,0.051,0.615,1,less50
6969,2018,20,3231.74358974359,8.080777081637248,1,WC,0,NoSA,resthotels,5,very good,39,0.026,0.615,1,less50
6969,2021,23,3151.7083333333335,8.055699912855303,1,WC,0,NoSA,transcom,2,sufficient,48,0.021,0.562,1,less50
6982,2000,2,1968.126220703125,7.58483721209168,0,NoWC,0,NoSA,public,2,sufficient,256,0.016,0.461,4,more250
6982,2001,3,2022.9006024096386,7.612287702203667,0,NoWC,0,NoSA,public,3,satisfactory,249,0.016,0.466,3,less250
6982,2002,4,1967.6875,7.584614274353222,0,NoWC,0,NoSA,public,3,satisfactory,256,0.004,0.48,4,more250
7002,2001,3,1604.495481927711,7.380564644670416,1,WC,0,NoSA,buservices,3,satisfactory,83,0.566,0.036,2,less100
7002,2002,4,1187.7349397590363,7.079803360347861,1,WC,0,NoSA,buservices,3,satisfactory,83,0.325,0.048,2,less100
7002,2003,5,1974.7375,7.588190757109316,1,WC,0,NoSA,buservices,4,good,80,0.35,0.05,2,less100
7024,2019,21,2015.189054726368,7.608468293665159,0,NoWC,0,NoSA,transcom,3,satisfactory,201,0.209,0.274,3,less250
7024,2020,22,3407.2266666666665,8.133653945141733,0,NoWC,0,NoSA,wholesretail,3,satisfactory,150,0.327,0.3,3,less250
7024,2021,23,3496.2156862745096,8.15943643003097,0,NoWC,0,NoSA,wholesretail,4,good,153,0.301,0.359,3,less250
7046,2001,3,1760.396205357143,7.473294179377435,0,NoWC,0,NoSA,construction,4,good,28,0.321,0.036,1,less50
7046,2002,4,1984.92,7.59333389004213,0,NoWC,0,NoSA,construction,5,very good,25,0.28,0.04,1,less50
7046,2003,5,2290.6666666666665,7.736598174995981,0,NoWC,0,NoSA,construction,4,good,24,0.375,0.125,1,less50
7046,2004,6,2521.217391304348,7.832497155641638,0,NoWC,0,NoSA,construction,4,good,23,0.435,0.087,1,less50
7046,2005,7,2003.2592592592594,7.602530762766185,0,NoWC,1,SA,construction,4,good,27,0.37,0.074,1,less50
7046,2006,8,1850.896551724138,7.523425423234374,0,NoWC,0,NoSA,construction,4,good,29,0.31,0.069,1,less50
7046,2007,9,1425.8918918918919,7.262552785962833,0,NoWC,0,NoSA,construction,5,very good,37,0.243,0.108,1,less50
7046,2008,10,1364.5384615384614,7.218571527027403,0,NoWC,0,NoSA,construction,5,very good,39,0.128,0.128,1,less50
7046,2009,11,1541.45,7.3404788108611285,0,NoWC,0,NoSA,construction,4,good,40,0.2,0.125,1,less50
7046,2010,12,1866.3902439024391,7.531761493465975,0,NoWC,0,NoSA,construction,1,unsatisfactory,41,0.098,0.122,1,less50
7046,2011,13,2018.5714285714287,7.61014532662326,0,NoWC,0,NoSA,construction,4,good,42,0.167,0.119,1,less50
7046,2012,14,2255.4186046511627,7.721090868700568,0,NoWC,0,NoSA,construction,5,very good,43,0.116,0.093,1,less50
7046,2013,15,2028.340425531915,7.61497321331203,0,NoWC,0,NoSA,construction,4,good,47,0.106,0.128,1,less50
7046,2014,16,2194.4375,7.6936810284310795,0,NoWC,0,NoSA,construction,5,very good,48,0.104,0.104,1,less50
7046,2015,17,2610.7954545454545,7.867410225739727,0,NoWC,0,NoSA,construction,4,good,44,0.114,0.114,1,less50
7046,2016,18,2876.3720930232557,7.964285089131231,0,NoWC,0,NoSA,construction,5,very good,43,0.116,0.093,1,less50
7046,2017,19,2789.311111111111,7.933549930746987,0,NoWC,0,NoSA,construction,5,very good,45,0.111,0.111,1,less50
7046,2018,20,3033.9777777777776,8.017629835484085,0,NoWC,0,NoSA,construction,4,good,45,0.111,0.111,1,less50
7046,2019,21,3495.8,8.159317526900987,0,NoWC,0,NoSA,construction,5,very good,40,0.125,0.125,1,less50
7046,2020,22,3193.731707317073,8.06894532628538,0,NoWC,0,NoSA,construction,4,good,41,0.122,0.122,1,less50
7046,2021,23,3612.125,8.192051520804075,0,NoWC,0,NoSA,construction,4,good,40,0.15,0.125,1,less50
7058,2008,10,1814.6553398058252,7.5036508332427445,0,NoWC,0,NoSA,manufacturing,2,sufficient,206,0.544,0.583,3,less250
7058,2010,12,1331.9794871794873,7.194421450966353,0,NoWC,0,NoSA,construction,4,good,195,0.544,0.615,3,less250
7058,2011,13,1818.867924528302,7.505969567046515,0,NoWC,0,NoSA,construction,3,satisfactory,159,0.465,0.547,3,less250
7058,2012,14,2003.6363636363637,7.60271899046848,0,NoWC,0,NoSA,manufacturing,3,satisfactory,165,0.582,0.576,3,less250
7058,2013,15,1963.1901840490798,7.582326073969147,0,NoWC,0,NoSA,manufacturing,3,satisfactory,163,0.589,0.583,3,less250
7058,2014,16,1869.8224852071005,7.533598777645976,0,NoWC,0,NoSA,manufacturing,3,satisfactory,169,0.757,0.592,3,less250
7058,2015,17,9353.78612716763,9.143536473706247,0,NoWC,0,NoSA,manufacturing,3,satisfactory,173,0.74,0.601,3,less250
7058,2016,18,8759.117647058823,9.077850453635715,0,NoWC,0,NoSA,manufacturing,3,satisfactory,204,0.554,0.578,3,less250
7058,2017,19,8988.76404494382,9.103730636917925,0,NoWC,0,NoSA,manufacturing,4,good,178,0.86,0.652,3,less250
7058,2018,20,10000,9.210340371976184,0,NoWC,0,NoSA,manufacturing,3,satisfactory,190,0.784,0.632,3,less250
7058,2019,21,9512.512953367876,9.160363363889685,0,NoWC,0,NoSA,manufacturing,4,good,193,0.793,0.637,3,less250
7058,2020,22,9725.315068493152,9.18248756575035,0,NoWC,0,NoSA,manufacturing,4,good,219,0.534,0.603,3,less250
7058,2021,23,9462.95945945946,9.155140452388252,0,NoWC,0,NoSA,manufacturing,3,satisfactory,222,0.477,0.617,3,less250
7098,2012,14,10230.9,9.233167831615553,1,WC,0,NoSA,transcom,4,good,20,0.6,0.8,1,less50
7098,2013,15,7819.923076923077,8.964429996780373,1,WC,0,NoSA,transcom,4,good,26,0.577,0.654,1,less50
7098,2014,16,5287.820512820513,8.573161438599286,1,WC,0,NoSA,transcom,4,good,39,0.333,0.846,1,less50
7098,2015,17,4384.65306122449,8.38586578222908,1,WC,0,NoSA,transcom,4,good,49,0.327,0.735,1,less50
7098,2016,18,2285.6170212765956,7.734391298069703,1,WC,0,NoSA,transcom,4,good,94,0.17,0.66,2,less100
7098,2017,19,1303.2993630573249,7.172654299821236,1,WC,0,NoSA,transcom,4,good,157,0.096,0.694,3,less250
7098,2018,20,2606.5923566878982,7.865799036800407,1,WC,0,NoSA,transcom,3,satisfactory,157,0.102,0.783,3,less250
7098,2021,23,6825.523809523809,8.82842436575631,1,WC,0,NoSA,transcom,3,satisfactory,42,0.381,0.762,1,less50
7114,2004,6,872.8297872340426,6.771740562298145,1,WC,0,NoSA,buservices,3,satisfactory,47,0.064,0.234,1,less50
7114,2005,7,1117.4642857142858,7.01881736688466,1,WC,0,NoSA,buservices,3,satisfactory,56,0.25,0.214,2,less100
7114,2006,8,1476.5135135135135,7.297438853538649,1,WC,0,NoSA,buservices,3,satisfactory,37,0.189,0.243,1,less50
7132,2000,2,1202.069858033241,7.091800231570452,0,NoWC,0,NoSA,finance,4,good,361,0.302,0.219,4,more250
7132,2001,3,1732.512576219512,7.457327990038873,0,NoWC,0,NoSA,finance,4,good,328,0.351,0.607,4,more250
7132,2002,4,1336.6614583333333,7.197930335116186,0,NoWC,0,NoSA,finance,4,good,384,0.294,0.688,4,more250
7132,2003,5,1654.1934306569342,7.411068815938672,0,NoWC,0,NoSA,finance,2,sufficient,274,0.434,0.383,4,more250
7132,2004,6,1404.4943820224719,7.247432646552299,0,NoWC,0,NoSA,finance,4,good,356,0.357,0.584,4,more250
7132,2005,7,1353.7716535433071,7.210649793417791,0,NoWC,0,NoSA,finance,4,good,381,0.339,0.588,4,more250
7132,2006,8,1640,7.402451520818244,0,NoWC,0,NoSA,finance,5,very good,300,0.45,0.327,4,more250
7132,2007,9,1754.8181818181818,7.470120530429504,0,NoWC,0,NoSA,finance,5,very good,231,0.61,0.532,3,less250
7132,2008,10,1850.5891089108911,7.523259304631121,0,NoWC,0,NoSA,finance,5,very good,202,0.688,0.594,3,less250
7153,2007,9,2159.825,7.677782478877514,1,WC,0,NoSA,wholesretail,3,satisfactory,40,0.325,0.825,1,less50
7153,2008,10,1429.047619047619,7.264763500710989,1,WC,0,NoSA,wholesretail,3,satisfactory,42,0.357,0.905,1,less50
7153,2009,11,1302.090909090909,7.171726642981494,1,WC,0,NoSA,wholesretail,2,sufficient,44,0.455,0.864,1,less50
7153,2010,12,1480.4186046511627,7.300080167746707,1,WC,0,NoSA,wholesretail,2,sufficient,43,0.465,0.907,1,less50
7153,2012,14,1934.8936170212767,7.567807625668943,1,WC,0,NoSA,wholesretail,3,satisfactory,47,0.574,0.915,1,less50
7153,2014,16,3077.974358974359,8.032026983946439,1,WC,0,NoSA,wholesretail,3,satisfactory,39,0.718,0.897,1,less50
7153,2015,17,3747.818181818182,8.228929131460761,1,WC,0,NoSA,wholesretail,2,sufficient,33,0.97,0.97,1,less50
7153,2016,18,3429.7428571428572,8.140240568586671,1,WC,0,NoSA,wholesretail,2,sufficient,35,0.914,0.971,1,less50
7153,2017,19,2918.5348837209303,7.9788370171922285,1,WC,0,NoSA,wholesretail,2,sufficient,43,0.953,0.977,1,less50
7153,2018,20,2604.181818181818,7.86487382354144,1,WC,0,NoSA,wholesretail,2,sufficient,44,0.886,0.932,1,less50
7153,2019,21,2202.7555555555555,7.697464380843559,1,WC,0,NoSA,wholesretail,2,sufficient,45,0.844,0.911,1,less50
7153,2020,22,2471.6923076923076,7.812658339832167,1,WC,0,NoSA,wholesretail,2,sufficient,39,0.872,0.923,1,less50
7157,2016,18,3066.8387096774195,8.028402573777187,1,WC,0,NoSA,finance,3,satisfactory,31,0.032,0.516,1,less50
7157,2017,19,1703.8064516129032,7.440620116203815,1,WC,0,NoSA,finance,2,sufficient,31,0.065,0.516,1,less50
7157,2018,20,1840.0967741935483,7.517573443890387,1,WC,0,NoSA,finance,4,good,31,0.065,0.548,1,less50
7157,2019,21,1942.3548387096773,7.571656350342456,1,WC,0,NoSA,finance,3,satisfactory,31,0.065,0.548,1,less50
7157,2020,22,2521.6451612903224,7.832666809278849,1,WC,0,NoSA,buservices,3,satisfactory,31,0.032,0.548,1,less50
7157,2021,23,1955.7714285714285,7.578539987207929,1,WC,0,NoSA,buservices,2,sufficient,35,0.029,0.514,1,less50
7159,2006,8,2639.689655172414,7.878416634371313,0,NoWC,0,NoSA,edu,4,good,29,0.034,0.034,1,less50
7159,2007,9,1715.7931034482758,7.447630703692785,0,NoWC,0,NoSA,edu,4,good,29,0.103,0.034,1,less50
7159,2008,10,2445.4074074074074,7.801967016824422,0,NoWC,0,NoSA,edu,4,good,27,0.037,0.074,1,less50
7159,2010,12,2309.7241379310344,7.74488337557553,0,NoWC,0,NoSA,edu,4,good,29,0.138,0.034,1,less50
7159,2011,13,2174.757575757576,7.684672477888918,0,NoWC,0,NoSA,edu,1,unsatisfactory,33,0.091,0.03,1,less50
7159,2013,15,2279.6470588235293,7.731775911204312,0,NoWC,0,NoSA,edu,5,very good,34,0.147,0.059,1,less50
7159,2014,16,2511.84375,7.828772324220379,0,NoWC,0,NoSA,edu,3,satisfactory,32,0.156,0.031,1,less50
7159,2015,17,2885.625,7.967496793261254,0,NoWC,0,NoSA,edu,4,good,32,0.125,0.031,1,less50
7159,2018,20,4232.423076923077,8.350529939458928,0,NoWC,0,NoSA,edu,3,satisfactory,26,0.077,0.077,1,less50
7159,2019,21,3971.103448275862,8.2867992817302,0,NoWC,0,NoSA,edu,1,unsatisfactory,29,0.034,0.103,1,less50
7211,2006,8,2124.9565217391305,7.661506620791145,0,NoWC,0,NoSA,health,3,satisfactory,69,0.319,0.725,2,less100
7211,2007,9,1620.2089552238806,7.390310404614717,0,NoWC,0,NoSA,health,2,sufficient,67,0.254,0.731,2,less100
7211,2008,10,1664.9154929577464,7.417529646146134,0,NoWC,0,NoSA,health,1,unsatisfactory,71,0.239,0.732,2,less100
7211,2009,11,1551.4057971014493,7.346916764740166,0,NoWC,0,NoSA,health,2,sufficient,69,0.188,0.783,2,less100
7211,2010,12,1519.764705882353,7.326310803096147,0,NoWC,0,NoSA,health,1,unsatisfactory,68,0.221,0.721,2,less100
7214,2001,3,1102.1157525510205,7.004987022809233,0,NoWC,0,NoSA,manufacturing,3,satisfactory,49,0.061,0.898,1,less50
7214,2002,4,1418.1,7.2570732264673,0,NoWC,0,NoSA,manufacturing,2,sufficient,50,0.08,0.9,1,less50
7214,2003,5,1749.061224489796,7.466834479831768,0,NoWC,0,NoSA,manufacturing,3,satisfactory,49,0.02,0.898,1,less50
7214,2004,6,1854.1875,7.525201873698319,0,NoWC,0,NoSA,manufacturing,2,sufficient,48,0.062,0.917,1,less50
7222,2011,13,973.7096774193549,6.88111318674538,0,NoWC,0,NoSA,transcom,4,good,31,0.032,0.097,1,less50
7222,2016,18,1609.84,7.383890074158113,0,NoWC,0,NoSA,transcom,4,good,25,0.12,0.04,1,less50
7222,2017,19,617.8245614035088,6.426204535931693,0,NoWC,0,NoSA,transcom,4,good,57,0.07,0.053,2,less100
7222,2018,20,867.3793103448276,6.765476378620627,0,NoWC,0,NoSA,transcom,3,satisfactory,58,0.052,0.052,2,less100
7222,2019,21,733.6666666666666,6.598054792858352,0,NoWC,0,NoSA,transcom,3,satisfactory,48,0.083,0.062,1,less50
7222,2020,22,838.4583333333334,6.731564888118423,0,NoWC,0,NoSA,resthotels,3,satisfactory,48,0.083,0.062,1,less50
7235,2000,2,730.3980263157895,6.593589627080763,0,NoWC,0,NoSA,edu,2,sufficient,247,0.745,0.024,3,less250
7235,2001,3,955.0911027892562,6.861806731521704,0,NoWC,0,NoSA,edu,1,unsatisfactory,242,0.814,0.012,3,less250
7235,2002,4,955.8411214953271,6.862591708335693,0,NoWC,0,NoSA,edu,3,satisfactory,214,0.921,0.075,3,less250
7257,2014,16,2315.68,7.747458659889294,1,WC,0,NoSA,transcom,2,sufficient,25,0.08,0.48,1,less50
7257,2016,18,2168.5172413793102,7.681798914075868,1,WC,0,NoSA,transcom,3,satisfactory,29,0.724,0.414,1,less50
7257,2017,19,2422.8214285714284,7.7926880196159,1,WC,0,NoSA,transcom,4,good,28,0.786,0.5,1,less50
7257,2019,21,2500.785714285714,7.824360247193169,1,WC,0,NoSA,transcom,4,good,28,0.679,0.536,1,less50
7257,2020,22,2453,7.8050670442584895,1,WC,0,NoSA,resthotels,4,good,29,0.414,0.552,1,less50
7257,2021,23,2776.3076923076924,7.928877155652855,1,WC,0,NoSA,resthotels,2,sufficient,26,0.038,0.538,1,less50
7277,2019,21,2976.3076923076924,7.998438781840901,1,WC,0,NoSA,wholesretail,4,good,52,0.231,0.808,2,less100
7277,2020,22,2873.409090909091,7.963254440387682,1,WC,0,NoSA,wholesretail,1,unsatisfactory,44,0.273,0.795,1,less50
7277,2021,23,2690,7.897296472595885,1,WC,0,NoSA,wholesretail,1,unsatisfactory,47,0.043,0.894,1,less50
7302,2014,16,1173.090909090909,7.067397347006674,0,NoWC,0,NoSA,manufacturing,4,good,55,0.382,0.036,2,less100
7302,2015,17,1425.4705882352941,7.262257275544497,0,NoWC,0,NoSA,manufacturing,4,good,51,0.235,0.039,2,less100
7302,2016,18,2568.1739130434785,7.850950385664515,0,NoWC,0,NoSA,manufacturing,4,good,46,0.022,0.043,1,less50
7302,2017,19,2890.2195121951218,7.969087733998842,0,NoWC,0,NoSA,manufacturing,5,very good,41,0.415,0.049,1,less50
7302,2018,20,3180.575,8.064817277038753,0,NoWC,0,NoSA,manufacturing,5,very good,40,0.125,0.05,1,less50
7302,2019,21,3811.6388888888887,8.245814530194806,0,NoWC,0,NoSA,manufacturing,5,very good,36,0.472,0.056,1,less50
7302,2020,22,3699.1666666666665,8.21586284804008,0,NoWC,0,NoSA,manufacturing,5,very good,30,0.067,0.067,1,less50
7314,2004,6,1863.2962962962963,7.530102400519427,0,NoWC,0,NoSA,buservices,4,good,135,0.126,0.326,3,less250
7314,2005,7,2052.442857142857,7.626786000326533,0,NoWC,0,NoSA,buservices,4,good,140,0.193,0.436,3,less250
7314,2006,8,2342.0709219858154,7.758790826357485,0,NoWC,0,NoSA,buservices,4,good,141,0.106,0.426,3,less250
7314,2007,9,2310.4934210526317,7.745216382893426,0,NoWC,0,NoSA,buservices,4,good,152,0.138,0.441,3,less250
7351,2015,17,3027.0652173913045,8.015348854013048,1,WC,0,NoSA,health,3,satisfactory,46,0.152,0.5,1,less50
7351,2016,18,3570.3846153846152,8.180428604372496,1,WC,1,SA,health,4,good,39,0.179,0.513,1,less50
7351,2017,19,2197.153846153846,7.694918095492264,0,NoWC,1,SA,health,4,good,39,0.179,0.513,1,less50
7389,2000,2,2789.486793154762,7.9336129127896156,0,NoWC,0,NoSA,buservices,1,unsatisfactory,42,0.333,0.143,1,less50
7389,2001,3,2667.9209375,7.88905477297574,0,NoWC,0,NoSA,buservices,1,unsatisfactory,50,0.24,0.24,1,less50
7389,2002,4,2768.9411764705883,7.926220279344948,0,NoWC,0,NoSA,buservices,1,unsatisfactory,51,0.235,0.353,2,less100
7405,2004,6,1960.3552631578948,7.580880992512761,0,NoWC,0,NoSA,transcom,3,satisfactory,152,0.151,0.243,3,less250
7405,2005,7,2662.53164556962,7.887032695606998,0,NoWC,0,NoSA,transcom,2,sufficient,158,0.12,0.228,3,less250
7405,2006,8,2554.6863905325445,7.8456847516727235,0,NoWC,0,NoSA,transcom,3,satisfactory,169,0.101,0.189,3,less250
7405,2007,9,2179.3709677419356,7.686791567238097,0,NoWC,0,NoSA,transcom,3,satisfactory,186,0.188,0.253,3,less250
7405,2008,10,1411.6877828054298,7.252541276609899,0,NoWC,0,NoSA,transcom,4,good,221,0.104,0.231,3,less250
7405,2009,11,1429.4748858447488,7.265062443118881,0,NoWC,0,NoSA,transcom,2,sufficient,219,0.027,0.269,3,less250
7419,2013,15,1726.2758620689656,7.45372168625876,1,WC,0,NoSA,wholesretail,4,good,29,0.138,0.759,1,less50
7419,2014,16,1725,7.45298232946546,1,WC,0,NoSA,wholesretail,4,good,31,0.032,0.677,1,less50
7419,2016,18,1939.375,7.570121035202645,1,WC,0,NoSA,wholesretail,4,good,24,0.042,0.708,1,less50
7419,2018,20,2192.8,7.692934544988576,1,WC,0,NoSA,wholesretail,3,satisfactory,25,0.16,0.72,1,less50
7425,2001,3,1399.5821659482758,7.243929018163333,1,WC,0,NoSA,finance,3,satisfactory,29,0.138,0.138,1,less50
7425,2003,5,2058.655172413793,7.629808219672693,1,WC,0,NoSA,finance,3,satisfactory,29,0.207,0.241,1,less50
7425,2004,6,1359.5151515151515,7.214883408927782,1,WC,0,NoSA,finance,2,sufficient,33,0.121,0.333,1,less50
7433,2003,5,4642.961538461538,8.443107704216828,1,WC,0,NoSA,manufacturing,3,satisfactory,26,0.192,0.077,1,less50
7433,2004,6,4155.241379310345,8.332125799299009,1,WC,0,NoSA,manufacturing,2,sufficient,29,0.207,0.069,1,less50
7433,2006,8,2866.7631578947367,7.960938852737735,1,WC,0,NoSA,manufacturing,2,sufficient,38,0.132,0.026,1,less50
7433,2007,9,2556.0714285714284,7.846226760557439,1,WC,0,NoSA,manufacturing,3,satisfactory,42,0.071,0.048,1,less50
7433,2008,10,2714.265306122449,7.906276590268005,1,WC,0,NoSA,manufacturing,3,satisfactory,49,0.02,0.041,1,less50
7433,2009,11,2501.7555555555555,7.824747986635854,1,WC,0,NoSA,manufacturing,4,good,45,0.044,0.044,1,less50
7433,2010,12,2595.217391304348,7.861425565233546,1,WC,0,NoSA,manufacturing,3,satisfactory,46,0.022,0.043,1,less50
7433,2011,13,2879.0434782608695,7.965213392360203,1,WC,0,NoSA,manufacturing,2,sufficient,46,0.043,0.043,1,less50
7433,2013,15,2900.9795918367345,7.972803749224799,1,WC,0,NoSA,manufacturing,2,sufficient,49,0.041,0.041,1,less50
7433,2014,16,3152.326923076923,8.055896164849592,0,NoWC,0,NoSA,manufacturing,2,sufficient,52,0.038,0.038,2,less100
7433,2016,18,3538.7454545454543,8.171527551945017,1,WC,0,NoSA,manufacturing,3,satisfactory,55,0.036,0.073,2,less100
7433,2017,19,844.3508771929825,6.738568139474961,1,WC,0,NoSA,manufacturing,3,satisfactory,57,0.035,0.07,2,less100
7441,1999,1,1213.961155726257,7.101643974176936,0,NoWC,0,NoSA,manufacturing,4,good,716,0.18,0.813,4,more250
7441,2000,2,843.4248652291105,6.737470823008663,0,NoWC,0,NoSA,manufacturing,4,good,742,0.252,0.764,4,more250
7441,2001,3,1356.6805107526882,7.212796194202476,0,NoWC,0,NoSA,manufacturing,4,good,465,0.31,0.647,4,more250
7441,2002,4,1033.210332103321,6.940426061271686,0,NoWC,0,NoSA,manufacturing,2,sufficient,542,0.399,0.773,4,more250
7441,2003,5,940.350622406639,6.846252808276143,0,NoWC,0,NoSA,manufacturing,1,unsatisfactory,482,0.481,0.84,4,more250
7481,2005,7,2584.9821428571427,7.857473878933038,0,NoWC,0,NoSA,mining,1,unsatisfactory,112,0.339,0.188,3,less250
7481,2006,8,2584.285714285714,7.857204429334027,0,NoWC,0,NoSA,mining,1,unsatisfactory,112,0.33,0.205,3,less250
7481,2007,9,3406.4117647058824,8.133414747839769,0,NoWC,0,NoSA,mining,2,sufficient,119,0.345,0.218,3,less250
7532,2013,15,2249.0819672131147,7.718277397365923,0,NoWC,0,NoSA,health,4,good,122,0.164,0.869,3,less250
7532,2014,16,1575.3945578231292,7.362261032790189,0,NoWC,0,NoSA,health,3,satisfactory,147,0.143,0.81,3,less250
7532,2015,17,1816.0935251798562,7.504443058484826,0,NoWC,0,NoSA,health,4,good,139,0.129,0.813,3,less250
7532,2016,18,2081.558620689655,7.640872228952691,0,NoWC,0,NoSA,health,2,sufficient,145,0.11,0.814,3,less250
7532,2017,19,2369.712121212121,7.770523758908374,0,NoWC,0,NoSA,health,2,sufficient,132,0.152,0.788,3,less250
7532,2019,21,2803.963503649635,7.938789232252954,0,NoWC,0,NoSA,health,4,good,137,0.248,0.781,3,less250
7540,2013,15,1338.9121338912134,7.199612722844399,1,WC,0,NoSA,manufacturing,3,satisfactory,239,0.021,0.502,3,less250
7540,2014,16,1284.5528455284552,7.158165956636687,1,WC,0,NoSA,manufacturing,3,satisfactory,246,0.02,0.504,3,less250
7540,2015,17,2321.9958333333334,7.750182367826138,1,WC,0,NoSA,manufacturing,4,good,240,0.029,0.492,3,less250
7540,2016,18,2321.2330508474574,7.749853810905183,1,WC,0,NoSA,manufacturing,5,very good,236,0.008,0.487,3,less250
7547,2000,2,1783.5258152173913,7.486347479164274,0,NoWC,0,NoSA,public,4,good,161,0.093,0.565,3,less250
7547,2001,3,1833.8075457317073,7.514149710413588,0,NoWC,0,NoSA,public,4,good,164,0.146,0.549,3,less250
7547,2002,4,1574.7317073170732,7.361840192188862,0,NoWC,0,NoSA,public,4,good,164,0.128,0.555,3,less250
7586,2016,18,1918.252072968491,7.559169671713253,0,NoWC,0,NoSA,edu,3,satisfactory,603,0.033,0.491,4,more250
7586,2018,20,2668.5738255033557,7.889299460935012,0,NoWC,0,NoSA,edu,3,satisfactory,596,0.047,0.448,4,more250
7586,2019,21,2621.051948051948,7.871331023062877,0,NoWC,0,NoSA,edu,3,satisfactory,616,0.041,0.425,4,more250
7586,2020,22,2826.378555798687,7.946751508908415,0,NoWC,0,NoSA,art,3,satisfactory,457,0.042,0.457,4,more250
7593,2014,16,1055.1923076923076,6.961478311471594,1,WC,0,NoSA,wholesretail,4,good,26,0.538,0.308,1,less50
7593,2015,17,1050.4,6.956926322988586,1,WC,0,NoSA,wholesretail,2,sufficient,30,0.367,0.433,1,less50
7593,2016,18,703.3928571428571,6.555915565229802,0,NoWC,0,NoSA,wholesretail,4,good,28,0.393,0.464,1,less50
7594,1999,1,3471.5250618811883,8.152349275490671,0,NoWC,0,NoSA,construction,3,satisfactory,101,0.149,0.624,3,less250
7594,2001,3,2960.1486235119046,7.992994756703507,0,NoWC,0,NoSA,buservices,3,satisfactory,84,0.06,0.595,2,less100
7594,2002,4,2279.6375,7.731771718079971,0,NoWC,1,SA,buservices,2,sufficient,80,0.125,0.6,2,less100
7595,2015,17,2018.58,7.610149572898745,1,WC,0,NoSA,buservices,4,good,100,0.23,0.21,2,less100
7595,2016,18,6761.1375,8.8189464241121,1,WC,0,NoSA,buservices,4,good,80,0.288,0.175,2,less100
7595,2017,19,8148.9047619047615,9.005638812162069,1,WC,0,NoSA,buservices,5,very good,63,0.381,0.302,2,less100
7601,2009,11,860.3491271820449,6.757338268706928,1,WC,0,NoSA,manufacturing,2,sufficient,401,0.125,0.267,4,more250
7601,2010,12,951.4139194139194,6.85794921434514,1,WC,0,NoSA,manufacturing,1,unsatisfactory,273,0.198,0.154,4,more250
7601,2011,13,1095.4545454545455,6.9989246661204305,1,WC,0,NoSA,manufacturing,3,satisfactory,264,0.231,0.148,4,more250
7601,2012,14,1271.5384615384614,7.147982833353533,1,WC,0,NoSA,manufacturing,5,very good,260,0.258,0.146,4,more250
7601,2013,15,1146.9534050179211,7.044864492954543,1,WC,1,SA,manufacturing,4,good,279,0.262,0.154,4,more250
7603,2005,7,3368.030303030303,8.12208337265853,0,NoWC,0,NoSA,health,3,satisfactory,33,0.848,0.03,1,less50
7603,2006,8,3368.030303030303,8.12208337265853,0,NoWC,0,NoSA,health,4,good,33,0.848,0.061,1,less50
7603,2007,9,2911,7.976251943745623,0,NoWC,0,NoSA,health,3,satisfactory,33,0.848,0.03,1,less50
7603,2008,10,3202.1,8.071562123549947,0,NoWC,0,NoSA,health,3,satisfactory,30,0.1,0.033,1,less50
7611,2014,16,2837.2619047619046,7.95059474805293,0,NoWC,0,NoSA,manufacturing,5,very good,84,0.024,0.548,2,less100
7611,2016,18,2436.7739130434784,7.798430276668081,0,NoWC,0,NoSA,manufacturing,4,good,115,0.026,0.574,3,less250
7611,2017,19,3746.973451327434,8.228703713454317,0,NoWC,0,NoSA,manufacturing,5,very good,113,0.018,0.593,3,less250
7611,2018,20,4682.285714285715,8.451541670171395,0,NoWC,0,NoSA,manufacturing,4,good,112,0.027,0.652,3,less250
7623,2013,15,1239.92,7.122802140388796,1,WC,0,NoSA,manufacturing,3,satisfactory,25,0.2,0.2,1,less50
7623,2014,16,1483.1515151515152,7.301924504924204,1,WC,0,NoSA,manufacturing,3,satisfactory,33,0.091,0.152,1,less50
7623,2016,18,1044.1333333333334,6.950942474208673,1,WC,0,NoSA,manufacturing,1,unsatisfactory,30,0.133,0.133,1,less50
7623,2017,19,1651.5925925925926,7.409495309013135,1,WC,0,NoSA,manufacturing,3,satisfactory,27,0.148,0.148,1,less50
7680,2003,5,2797.182926829268,7.936368092146444,1,WC,1,SA,public,4,good,82,0.012,0.244,2,less100
7680,2005,7,3728.8024691358023,8.223842407238049,1,WC,1,SA,public,5,very good,81,0.049,0.235,2,less100
7680,2006,8,4503.416666666667,8.412591646926174,1,WC,1,SA,public,4,good,84,0.012,0.238,2,less100
7680,2008,10,4077.0632911392404,8.313132226647554,1,WC,1,SA,public,4,good,79,0.038,0.241,2,less100
7680,2010,12,3246.7,8.085394374856218,1,WC,1,SA,public,4,good,80,0.038,0.238,2,less100
7680,2011,13,3755.844155844156,8.231068347413062,1,WC,1,SA,public,4,good,77,0.013,0.273,2,less100
7680,2012,14,4184.810126582279,8.339216611902039,1,WC,1,SA,public,4,good,79,0.038,0.253,2,less100
7680,2013,15,4102.5641025641025,8.319367448086318,1,WC,1,SA,public,4,good,78,0.051,0.269,2,less100
7680,2014,16,4051.2820512820513,8.306788665879457,1,WC,1,SA,public,4,good,78,0.051,0.244,2,less100
7680,2015,17,5043.4,8.525835736797578,1,WC,1,SA,public,4,good,80,0.05,0.238,2,less100
7680,2016,18,4907.7464788732395,8.49857014982535,1,WC,1,SA,public,4,good,71,0.042,0.239,2,less100
7680,2018,20,5544.4375,8.620550451897596,1,WC,1,SA,public,3,satisfactory,64,0.047,0.266,2,less100
7680,2019,21,5398.1621621621625,8.593813834283107,1,WC,1,SA,public,3,satisfactory,74,0.041,0.257,2,less100
7680,2021,23,5696.846153846154,8.647667994349419,1,WC,1,SA,public,3,satisfactory,78,0.038,0.256,2,less100
7692,2009,11,944.1459854014598,6.850280799741504,0,NoWC,0,NoSA,wholesretail,3,satisfactory,137,0.036,0.613,3,less250
7692,2012,14,907.4166666666666,6.810601734558061,0,NoWC,0,NoSA,wholesretail,4,good,168,0.012,0.631,3,less250
7692,2013,15,1776.7582417582419,7.482545770366989,0,NoWC,0,NoSA,wholesretail,4,good,91,0.022,0.692,2,less100
7692,2014,16,1603.654761904762,7.380040529539705,0,NoWC,0,NoSA,wholesretail,4,good,84,0.048,0.476,2,less100
7702,2010,12,375.3805309734513,5.927940260722951,0,NoWC,1,SA,manufacturing,3,satisfactory,113,0.009,0.133,3,less250
7702,2011,13,390.32758620689657,5.966986351183887,0,NoWC,1,SA,manufacturing,3,satisfactory,116,0.043,0.129,3,less250
7702,2012,14,553.7008547008547,6.31662456744495,1,WC,0,NoSA,manufacturing,4,good,117,0.051,0.128,3,less250
7702,2013,15,578.8717948717949,6.361081027962949,1,WC,0,NoSA,manufacturing,4,good,117,0.103,0.128,3,less250
7702,2014,16,674.5,6.51397167564781,1,WC,0,NoSA,manufacturing,5,very good,120,0.175,0.125,3,less250
7702,2015,17,757.55,6.6300895418058445,1,WC,0,NoSA,manufacturing,5,very good,120,0.008,0.125,3,less250
7704,2017,19,991.047619047619,6.8987625846867715,0,NoWC,0,NoSA,health,5,very good,21,0.524,1,1,less50
7704,2018,20,991.047619047619,6.8987625846867715,0,NoWC,0,NoSA,health,4,good,21,0.81,1,1,less50
7704,2020,22,991.047619047619,6.8987625846867715,0,NoWC,0,NoSA,art,4,good,21,0.857,1,1,less50
7713,2005,7,1158.0535714285713,7.054495919091013,1,WC,0,NoSA,finance,4,good,56,0.054,0.214,2,less100
7713,2006,8,608.925925925926,6.411696628006548,1,WC,0,NoSA,finance,4,good,54,0.056,0.296,2,less100
7713,2007,9,845.7407407407408,6.74021285961477,1,WC,0,NoSA,finance,3,satisfactory,54,0.056,0.278,2,less100
7713,2008,10,676.5925925925926,6.51706930830056,1,WC,0,NoSA,finance,4,good,54,0.056,0.315,2,less100
7713,2020,22,2907,7.9748769005588755,1,WC,0,NoSA,buservices,1,unsatisfactory,27,0.037,0.185,1,less50
7722,2017,19,1954.8,7.578043165396,1,WC,0,NoSA,manufacturing,5,very good,65,0.108,0.4,2,less100
7722,2018,20,3473.0163934426228,8.152778772987071,1,WC,0,NoSA,manufacturing,2,sufficient,61,0.148,0.459,2,less100
7722,2019,21,3379.5068493150684,8.125485075262743,1,WC,0,NoSA,manufacturing,3,satisfactory,73,0.11,0.384,2,less100
7742,2001,3,2959.755015432099,7.992861778836167,1,WC,0,NoSA,transcom,3,satisfactory,81,0.123,0.049,2,less100
7742,2002,4,3322.230769230769,8.108391754717408,1,WC,0,NoSA,transcom,4,good,78,0.141,0.038,2,less100
7742,2004,6,2556.342105263158,7.846332650540787,1,WC,0,NoSA,buservices,4,good,76,0.132,0.039,2,less100
7742,2006,8,2993.108108108108,8.00406762751715,1,WC,0,NoSA,buservices,2,sufficient,74,0.176,0.054,2,less100
7742,2007,9,2512.095238095238,7.828872440123874,1,WC,0,NoSA,buservices,4,good,84,0.155,0.048,2,less100
7751,2012,14,824.7232142857143,6.715047832207193,1,WC,0,NoSA,health,4,good,224,0.326,0.433,3,less250
7751,2013,15,409.9075630252101,6.0159316782432475,1,WC,0,NoSA,health,4,good,238,0.336,0.504,3,less250
7751,2015,17,406.4600760456274,6.0074857102546675,1,WC,0,NoSA,health,4,good,263,0.118,0.395,4,more250
7751,2016,18,563.1782945736434,6.333596264636757,1,WC,0,NoSA,health,4,good,258,0.244,0.403,4,more250
7751,2017,19,660.4509090909091,6.49292279734089,1,WC,0,NoSA,health,5,very good,275,0.178,0.236,4,more250
7751,2018,20,778.3894080996885,6.65722692350749,1,WC,0,NoSA,health,4,good,321,0.206,0.386,4,more250
7751,2019,21,565.6868131868132,6.338040591465452,0,NoWC,0,NoSA,health,4,good,364,0.151,0.132,4,more250
7751,2020,22,690.9921052631579,6.538128398612907,0,NoWC,0,NoSA,buservices,4,good,380,0.15,0.261,4,more250
7757,2000,2,5991.293898809524,8.698062677600683,0,NoWC,1,SA,public,3,satisfactory,21,0.048,0.333,1,less50
7757,2006,8,2377.5555555555557,7.773828161362332,0,NoWC,0,NoSA,public,2,sufficient,27,0.037,0.556,1,less50
7757,2007,9,2560.1071428571427,7.847804389276381,0,NoWC,1,SA,public,3,satisfactory,28,0.036,0.607,1,less50
7757,2008,10,3204.483870967742,8.072306317687035,0,NoWC,1,SA,public,4,good,31,0.032,0.677,1,less50
7757,2009,11,4416.782608695652,8.393166793427136,0,NoWC,0,NoSA,public,4,good,23,0.043,0.565,1,less50
7757,2010,12,2638.162162162162,7.8778378030187985,0,NoWC,1,SA,public,1,unsatisfactory,37,0.027,0.486,1,less50
7757,2011,13,2633.6046511627906,7.8761087765666975,0,NoWC,0,NoSA,public,2,sufficient,43,0.07,0.744,1,less50
7757,2012,14,3082.2631578947367,8.033419397664764,0,NoWC,0,NoSA,public,4,good,38,0.026,0.579,1,less50
7757,2013,15,3237.8684210526317,8.082670497541827,0,NoWC,1,SA,public,2,sufficient,38,0.026,0.5,1,less50
7757,2016,18,3575.0243902439024,8.181727277550682,0,NoWC,1,SA,public,4,good,41,0.024,0.707,1,less50
7757,2018,20,3877.953488372093,8.263062842015378,0,NoWC,1,SA,public,5,very good,43,0.023,0.372,1,less50
7757,2019,21,4585.285714285715,8.430607697751404,0,NoWC,1,SA,public,5,very good,35,0.029,0.686,1,less50
7757,2020,22,7128.782608695652,8.871895756711824,0,NoWC,1,SA,public,4,good,23,0.043,0.261,1,less50
7757,2021,23,2488.695652173913,7.819514017741238,0,NoWC,1,SA,public,4,good,23,0.043,0.435,1,less50
7762,2008,10,856.04,6.75231710402194,0,NoWC,0,NoSA,health,4,good,25,0.48,0.44,1,less50
7762,2009,11,1085.5833333333333,6.9898727559095635,0,NoWC,0,NoSA,health,3,satisfactory,24,0.208,0.125,1,less50
7762,2010,12,1042.16,6.949050761389309,0,NoWC,0,NoSA,health,4,good,25,0.48,0.12,1,less50
7762,2011,13,1488.8,7.305725705328041,0,NoWC,0,NoSA,health,4,good,25,0.24,0.16,1,less50
7762,2012,14,1503.1153846153845,7.315295156344192,0,NoWC,0,NoSA,health,4,good,26,0.654,0.154,1,less50
7762,2013,15,1349.2,7.207267103187495,0,NoWC,0,NoSA,health,4,good,30,0.733,0.133,1,less50
7762,2014,16,1395.7333333333333,7.241175243107771,0,NoWC,0,NoSA,health,4,good,30,0.8,0.1,1,less50
7762,2015,17,1550.8333333333333,7.346547699848296,0,NoWC,0,NoSA,health,4,good,30,0.8,0.133,1,less50
7762,2017,19,986.8787878787879,6.894547223258437,0,NoWC,0,NoSA,health,4,good,33,0.879,0.152,1,less50
7762,2018,20,845.9090909090909,6.740411896277981,0,NoWC,0,NoSA,health,4,good,33,0.939,0.152,1,less50
7762,2021,23,2221.1935483870966,7.7057999648013284,0,NoWC,0,NoSA,art,4,good,31,0.968,0.129,1,less50
7774,2000,2,1212.2536590189873,7.100236434350869,1,WC,1,SA,wholesretail,3,satisfactory,79,0.025,0.228,2,less100
7774,2002,4,1281.607594936709,7.155870502433168,1,WC,1,SA,wholesretail,4,good,79,0.038,0.203,2,less100
7774,2003,5,1998.2894736842106,7.600046830437985,1,WC,1,SA,wholesretail,5,very good,76,0.013,0.211,2,less100
7774,2004,6,1334.5066666666667,7.196316964460926,1,WC,1,SA,wholesretail,2,sufficient,75,0.013,0.213,2,less100
7854,2000,2,3634.7560307017543,8.198297270989402,0,NoWC,0,NoSA,manufacturing,4,good,57,0.035,0.018,2,less100
7854,2001,3,4399.75,8.38930300011032,0,NoWC,0,NoSA,manufacturing,4,good,43,0.023,0.023,1,less50
7854,2003,5,2962.0793650793653,7.993646788891253,0,NoWC,0,NoSA,manufacturing,2,sufficient,63,0.016,0.016,2,less100
7892,2007,9,1306.2,7.174877437468557,1,WC,0,NoSA,construction,3,satisfactory,25,0.04,0.12,1,less50
7892,2008,10,1276.8333333333333,7.152138333288766,1,WC,0,NoSA,construction,4,good,24,0.458,0.208,1,less50
7892,2009,11,1582,7.366445148327599,1,WC,1,SA,construction,4,good,25,0.2,0.2,1,less50
7925,2003,5,4230.471428571429,8.350068714665216,0,NoWC,1,SA,transcom,3,satisfactory,70,0.257,0.771,2,less100
7925,2004,6,4104.671052631579,8.3198808853338,0,NoWC,0,NoSA,transcom,3,satisfactory,76,0.329,0.75,2,less100
7925,2005,7,3659.6623376623374,8.205126164670123,0,NoWC,0,NoSA,transcom,4,good,77,0.286,0.779,2,less100
7925,2006,8,3563.8735632183907,8.178603311872292,0,NoWC,0,NoSA,transcom,4,good,87,0.368,0.793,2,less100
7925,2007,9,3142.5,8.052773940464402,0,NoWC,0,NoSA,transcom,4,good,96,0.229,0.76,2,less100
7925,2008,10,2697.9122807017543,7.900233523526681,0,NoWC,0,NoSA,transcom,4,good,114,0.219,0.772,3,less250
7925,2009,11,2099.3700787401576,7.649392616209076,0,NoWC,0,NoSA,transcom,4,good,127,0.142,0.78,3,less250
7953,2005,7,412.96753246753246,6.023368975990733,0,NoWC,0,NoSA,manufacturing,3,satisfactory,154,0.032,0.695,3,less250
7953,2006,8,647.2312925170068,6.4727037151888505,0,NoWC,1,SA,manufacturing,4,good,147,0.034,0.823,3,less250
7953,2007,9,749.8965517241379,6.619935265982513,0,NoWC,1,SA,manufacturing,4,good,145,0.034,0.731,3,less250
7953,2008,10,857.4765100671141,6.753993785157148,0,NoWC,1,SA,manufacturing,3,satisfactory,149,0.034,0.644,3,less250
7953,2009,11,743.1510791366907,6.610899360705389,0,NoWC,1,SA,manufacturing,3,satisfactory,139,0.022,0.647,3,less250
7957,2005,7,1214.8214285714287,7.102352372603957,1,WC,0,NoSA,wholesretail,4,good,28,0.071,0.929,1,less50
7957,2006,8,1594.4285714285713,7.374270688600402,1,WC,0,NoSA,wholesretail,4,good,28,0.036,0.929,1,less50
7957,2007,9,1518.5,7.325478284485803,1,WC,0,NoSA,wholesretail,3,satisfactory,28,0.036,0.929,1,less50
7957,2008,10,1062.9642857142858,6.9688167801428085,1,WC,0,NoSA,wholesretail,3,satisfactory,28,0.036,0.929,1,less50
7957,2009,11,539.7837837837837,6.291168658976275,1,WC,0,NoSA,wholesretail,3,satisfactory,37,0.027,0.946,1,less50
7984,2009,11,1606.2264150943397,7.381642865325981,1,WC,0,NoSA,manufacturing,4,good,53,0.245,0.264,2,less100
7984,2010,12,1687.764705882353,7.431160273190109,1,WC,0,NoSA,manufacturing,3,satisfactory,51,0.255,0.235,2,less100
7984,2011,13,2409.3396226415093,7.7871079734341455,1,WC,0,NoSA,manufacturing,4,good,53,0.038,0.17,2,less100
7984,2012,14,2539.8703703703704,7.839868323422982,1,WC,0,NoSA,manufacturing,4,good,54,0.241,0.296,2,less100
7984,2013,15,2279.160714285714,7.731562546410767,1,WC,0,NoSA,manufacturing,4,good,56,0.107,0.357,2,less100
7984,2014,16,2726.9423076923076,7.910936226660048,1,WC,0,NoSA,manufacturing,4,good,52,0.058,0.25,2,less100
7984,2015,17,2717.8478260869565,7.907595605684923,1,WC,0,NoSA,manufacturing,4,good,46,0.087,0.261,1,less50
7984,2016,18,2715.478260869565,7.906723371870977,1,WC,0,NoSA,manufacturing,3,satisfactory,46,0.065,0.196,1,less50
7984,2018,20,3087.9166666666665,8.035251924597459,1,WC,0,NoSA,manufacturing,4,good,48,0.062,0.312,1,less50
7984,2019,21,3503.5625,8.161535586955024,1,WC,0,NoSA,manufacturing,5,very good,48,0.062,0.188,1,less50
7984,2020,22,3830.6458333333335,8.250788692850323,1,WC,0,NoSA,manufacturing,5,very good,48,0.062,0.188,1,less50
7990,2019,21,2245.103448275862,7.716506878524915,0,NoWC,0,NoSA,buservices,2,sufficient,29,0.138,0.207,1,less50
7990,2020,22,1470.8387096774193,7.293588067871523,0,NoWC,0,NoSA,health,4,good,31,0.161,0.194,1,less50
7990,2021,23,1891.2333333333333,7.544984452549966,0,NoWC,0,NoSA,health,4,good,30,0.167,0.167,1,less50
7991,2000,2,1832.3677734375,7.513364274779511,1,WC,0,NoSA,buservices,4,good,20,0.25,0.15,1,less50
7991,2001,3,1483.330775669643,7.3020453622230335,1,WC,0,NoSA,buservices,4,good,28,0.143,0.107,1,less50
7991,2002,4,1578.9565217391305,7.3645194785624986,1,WC,0,NoSA,buservices,4,good,23,0.13,0.174,1,less50
8043,2008,10,1656.5,7.4124622217399505,1,WC,0,NoSA,manufacturing,5,very good,30,0.167,0.2,1,less50
8043,2009,11,1459.8125,7.286063281797696,1,WC,1,SA,manufacturing,5,very good,32,0.188,0.188,1,less50
8043,2010,12,2409.4848484848485,7.787168247820254,1,WC,1,SA,manufacturing,3,satisfactory,33,0.182,0.182,1,less50
8043,2011,13,1911.5294117647059,7.5556589397639495,1,WC,0,NoSA,manufacturing,3,satisfactory,34,0.235,0.176,1,less50
8043,2012,14,1546.0833333333333,7.343480130238877,1,WC,0,NoSA,construction,3,satisfactory,36,0.167,0.167,1,less50
8043,2013,15,1760.2631578947369,7.473218598386068,1,WC,0,NoSA,construction,3,satisfactory,38,0.211,0.237,1,less50
8043,2014,16,1700.1052631578948,7.438445447632018,1,WC,0,NoSA,construction,3,satisfactory,38,0.158,0.184,1,less50
8043,2015,17,1647.7894736842106,7.407189955758288,1,WC,0,NoSA,construction,2,sufficient,38,0.211,0.158,1,less50
8043,2017,19,1821.6944444444443,7.507522360377659,1,WC,0,NoSA,construction,2,sufficient,36,0.139,0.194,1,less50
8043,2018,20,1794.2972972972973,7.492368746446126,1,WC,0,NoSA,construction,3,satisfactory,37,0.162,0.189,1,less50
8043,2019,21,2066.222222222222,7.633477205474256,1,WC,0,NoSA,construction,2,sufficient,36,0.111,0.139,1,less50
8043,2020,22,1965.7222222222222,7.583614999891571,1,WC,0,NoSA,wholesretail,3,satisfactory,36,0.139,0.167,1,less50
8043,2021,23,2149,7.67275789664251,1,WC,0,NoSA,wholesretail,3,satisfactory,37,0.162,0.162,1,less50
8117,2011,13,1785.3793103448277,7.48738617043169,1,WC,0,NoSA,buservices,1,unsatisfactory,87,0.046,0.046,2,less100
8117,2012,14,1032.0813953488373,6.93933281439337,1,WC,0,NoSA,buservices,1,unsatisfactory,86,0.023,0.047,2,less100
8117,2013,15,1329.851851851852,7.192822825426445,1,WC,0,NoSA,buservices,4,good,81,0.062,0.049,2,less100
8137,1998,0,3146.9719827586205,8.054195994183537,1,WC,0,NoSA,public,4,good,87,0.034,0.943,2,less100
8137,1999,1,1733.1729166666667,7.457709063541649,1,WC,0,NoSA,public,4,good,120,0.083,0.917,3,less250
8137,2000,2,1436.7389155982905,7.270131182444773,1,WC,0,NoSA,public,4,good,117,0.043,0.957,3,less250
8160,2016,18,2330.6,7.7538810241391625,0,NoWC,0,NoSA,public,4,good,180,0.083,0.072,3,less250
8160,2017,19,2668.3703703703704,7.889223216880131,0,NoWC,1,SA,public,4,good,189,0.101,0.063,3,less250
8160,2018,20,2749.673366834171,7.91923740790956,0,NoWC,0,NoSA,public,3,satisfactory,199,0.04,0.075,3,less250
8163,2009,11,582.1269841269841,6.366688609717577,0,NoWC,1,SA,transcom,3,satisfactory,252,0.052,0.012,4,more250
8163,2010,12,789.6708074534162,6.67161615919168,0,NoWC,1,SA,transcom,2,sufficient,161,0.056,0.012,3,less250
8163,2011,13,993.2578125,6.900990260256526,0,NoWC,1,SA,transcom,1,unsatisfactory,128,0.07,0.016,3,less250
8163,2012,14,1367.5084745762713,7.220745731407662,0,NoWC,1,SA,transcom,3,satisfactory,118,0.093,0.017,3,less250
8171,2000,2,2424.1502016129034,7.7932363096312525,1,WC,0,NoSA,manufacturing,5,very good,31,0.419,0.516,1,less50
8171,2001,3,1719.226680871212,7.449629864560606,1,WC,1,SA,manufacturing,3,satisfactory,33,0.273,0.667,1,less50
8171,2002,4,2542.5454545454545,7.840921005656892,1,WC,0,NoSA,manufacturing,1,unsatisfactory,33,0.273,0.606,1,less50
8180,2001,3,1039.3022034596377,6.946304808730335,0,NoWC,1,SA,manufacturing,2,sufficient,607,0.049,0.005,4,more250
8180,2002,4,1074.856046065259,6.9799420209579655,0,NoWC,1,SA,manufacturing,2,sufficient,521,0.06,0.002,4,more250
8180,2003,5,976.8297413793103,6.884312370100488,0,NoWC,1,SA,manufacturing,2,sufficient,464,0.069,0.002,4,more250
8209,1998,0,3238.1936363636364,8.08277093367366,0,NoWC,0,NoSA,public,4,good,275,0.015,0.4,4,more250
8209,1999,1,2210.107388316151,7.700796385329504,0,NoWC,0,NoSA,public,3,satisfactory,291,0.021,0.512,4,more250
8209,2000,2,2180.5618466898954,7.687337850416422,0,NoWC,0,NoSA,public,3,satisfactory,287,0.035,0.495,4,more250
8209,2001,3,1728.373801369863,7.454936246207342,0,NoWC,0,NoSA,public,2,sufficient,365,0.022,0.463,4,more250
8211,1998,0,2252.2265625,7.719674589216997,0,NoWC,0,NoSA,manufacturing,4,good,36,0.028,0.889,1,less50
8211,2002,4,2954.7105263157896,7.991155964404108,0,NoWC,0,NoSA,wholesretail,4,good,38,0.842,0.763,1,less50
8211,2004,6,3116.3611111111113,8.044421289592778,0,NoWC,0,NoSA,wholesretail,4,good,36,0.833,0.806,1,less50
8247,2012,14,1413.9565217391305,7.254147097567319,1,WC,0,NoSA,edu,4,good,23,0.087,0.13,1,less50
8247,2013,15,1596.8181818181818,7.375768291901557,1,WC,0,NoSA,edu,4,good,22,0.091,0.273,1,less50
8247,2014,16,1654.0434782608695,7.410978161973859,1,WC,0,NoSA,edu,4,good,23,0.087,0.304,1,less50
8247,2015,17,1374.5555555555557,7.225885725526612,1,WC,0,NoSA,edu,4,good,27,0.074,0.222,1,less50
8247,2016,18,1169.6666666666667,7.064474086915106,1,WC,0,NoSA,edu,4,good,27,0.074,0.259,1,less50
8247,2017,19,1064.8214285714287,6.9705623913820025,1,WC,0,NoSA,edu,5,very good,28,0.071,0.071,1,less50
8247,2019,21,983,6.890609120147166,1,WC,0,NoSA,edu,4,good,30,0.133,0.2,1,less50
8247,2020,22,1124.8620689655172,7.0254157017578835,1,WC,0,NoSA,buservices,5,very good,29,0.172,0.207,1,less50
8247,2021,23,1069.5172413793102,6.974962649364291,1,WC,0,NoSA,buservices,5,very good,29,0.138,0.241,1,less50
8282,2013,15,779.8612440191388,6.659116011575773,0,NoWC,0,NoSA,manufacturing,4,good,209,0.33,0.684,3,less250
8282,2015,17,881.1182795698925,6.781191872963115,0,NoWC,0,NoSA,manufacturing,4,good,186,0.64,0.29,3,less250
8282,2016,18,919.7150537634409,6.824063897898476,0,NoWC,0,NoSA,manufacturing,4,good,186,0.489,0.339,3,less250
8282,2017,19,1178.6524822695035,7.0721271007434,0,NoWC,0,NoSA,manufacturing,4,good,141,0.582,0.312,3,less250
8282,2018,20,719.3629032258065,6.578365963662556,0,NoWC,0,NoSA,manufacturing,5,very good,124,0.847,0.306,3,less250
8296,2006,8,2644.9172413793103,7.880395055099424,0,NoWC,0,NoSA,public,4,good,145,0.055,0.524,3,less250
8296,2007,9,2651.7602739726026,7.882978952790293,0,NoWC,0,NoSA,public,4,good,146,0.055,0.548,3,less250
8296,2008,10,2595.965277777778,7.861713702456325,0,NoWC,0,NoSA,public,3,satisfactory,144,0.056,0.556,3,less250
8296,2009,11,2363.013698630137,7.767693074305161,0,NoWC,0,NoSA,public,3,satisfactory,146,0.041,0.555,3,less250
8296,2011,13,1915.23178807947,7.557593932451822,0,NoWC,0,NoSA,public,3,satisfactory,151,0.046,0.523,3,less250
8296,2012,14,2119.230769230769,7.658808457119524,0,NoWC,0,NoSA,public,4,good,156,0.179,0.532,3,less250
8296,2013,15,2025.3164556962026,7.613481241748943,0,NoWC,0,NoSA,public,3,satisfactory,158,0.12,0.557,3,less250
8296,2014,16,1926.8292682926829,7.56363106474485,0,NoWC,0,NoSA,public,3,satisfactory,164,0.098,0.591,3,less250
8296,2015,17,4174,8.336630087637147,0,NoWC,0,NoSA,public,3,satisfactory,162,0.198,0.562,3,less250
8296,2016,18,4099.572327044025,8.318637936774616,0,NoWC,0,NoSA,public,3,satisfactory,159,0.176,0.553,3,less250
8296,2019,21,2441.0359281437127,7.800177788901485,0,NoWC,0,NoSA,public,4,good,167,0.138,0.581,3,less250
8296,2020,22,4087.375722543353,8.315658410472551,0,NoWC,0,NoSA,art,5,very good,173,0.04,0.566,3,less250
8307,2005,7,495.10714285714283,6.204774189363172,0,NoWC,0,NoSA,manufacturing,3,satisfactory,28,0.393,0.107,1,less50
8307,2006,8,692.4583333333334,6.540248067779578,0,NoWC,0,NoSA,manufacturing,2,sufficient,24,0.833,0.125,1,less50
8307,2007,9,565.8965517241379,6.338411290693154,0,NoWC,0,NoSA,manufacturing,3,satisfactory,29,0.793,0.138,1,less50
8307,2008,10,405.28125,6.004581270536015,0,NoWC,0,NoSA,manufacturing,3,satisfactory,32,0.906,0.156,1,less50
8307,2009,11,573.34375,6.351485449578993,0,NoWC,0,NoSA,manufacturing,5,very good,32,0.094,0.125,1,less50
8307,2011,13,664.6785714285714,6.49930357256876,0,NoWC,0,NoSA,manufacturing,2,sufficient,28,0.357,0.179,1,less50
8307,2012,14,612.6551724137931,6.417802253049432,0,NoWC,1,SA,manufacturing,3,satisfactory,29,0.241,0.172,1,less50
8307,2013,15,661.7586206896551,6.494900868131773,0,NoWC,0,NoSA,manufacturing,4,good,29,0.207,0.172,1,less50
8307,2014,16,483.75,6.181568244343992,0,NoWC,0,NoSA,manufacturing,4,good,28,0.214,0.179,1,less50
8307,2015,17,1054.44,6.960765099295752,0,NoWC,0,NoSA,manufacturing,2,sufficient,25,0.08,0.2,1,less50
8307,2018,20,932.9565217391304,6.838358599267542,0,NoWC,0,NoSA,manufacturing,2,sufficient,23,0.087,0.217,1,less50
8307,2019,21,997.2307692307693,6.904982206799901,0,NoWC,0,NoSA,manufacturing,2,sufficient,26,0.077,0.192,1,less50
8307,2020,22,972.2916666666666,6.87965582803597,0,NoWC,0,NoSA,manufacturing,2,sufficient,24,0.083,0.292,1,less50
8321,1999,1,1734.1935606060606,7.458297777757791,0,NoWC,0,NoSA,edu,4,good,165,0.121,0.139,3,less250
8321,2001,3,1116.3399174528302,7.0178106820957105,0,NoWC,0,NoSA,edu,4,good,159,0.201,0.17,3,less250
8321,2002,4,1180.0949367088608,7.073350169061412,0,NoWC,0,NoSA,edu,4,good,158,0.266,0.171,3,less250
8321,2003,5,1079.8741721854306,6.984599806095058,0,NoWC,0,NoSA,edu,3,satisfactory,151,0.232,0.126,3,less250
8321,2004,6,1106.7448275862068,7.009178398085366,0,NoWC,0,NoSA,edu,4,good,145,0.234,0.172,3,less250
8321,2005,7,677.1063829787234,6.517828399383695,0,NoWC,0,NoSA,edu,3,satisfactory,141,0.241,0.121,3,less250
8321,2006,8,607.8680555555555,6.409957844526357,0,NoWC,0,NoSA,edu,4,good,144,0.236,0.167,3,less250
8321,2007,9,525.2042253521126,6.263787187621169,0,NoWC,0,NoSA,edu,1,unsatisfactory,142,0.211,0.197,3,less250
8321,2008,10,485.7226277372263,6.185637736154568,0,NoWC,0,NoSA,edu,4,good,137,0.146,0.182,3,less250
8321,2009,11,585.4926470588235,6.372453624562371,0,NoWC,0,NoSA,edu,3,satisfactory,136,0.154,0.051,3,less250
8321,2010,12,552.3649635036496,6.314208993570784,0,NoWC,0,NoSA,edu,4,good,137,0.161,0.168,3,less250
8321,2011,13,352.95714285714286,5.866346641226002,0,NoWC,0,NoSA,edu,4,good,140,0.171,0.179,3,less250
8321,2021,23,704.3103448275862,6.5572190897417295,0,NoWC,0,NoSA,edu,4,good,116,0.707,0.147,3,less250
8353,1998,0,1240.777622767857,7.123493577179925,0,NoWC,0,NoSA,manufacturing,4,good,28,0.393,0.5,1,less50
8353,1999,1,1240.777622767857,7.123493577179925,0,NoWC,0,NoSA,manufacturing,4,good,28,0.393,0.643,1,less50
8353,2001,3,2227.034114583333,7.70842598576749,0,NoWC,1,SA,manufacturing,4,good,30,0.4,0.667,1,less50
8353,2002,4,2200.7631578947367,7.696559469146151,0,NoWC,0,NoSA,manufacturing,4,good,38,0.395,0.816,1,less50
8353,2003,5,1650.578947368421,7.408881382544602,0,NoWC,0,NoSA,manufacturing,2,sufficient,38,0.421,0.711,1,less50
8353,2004,6,2127.6176470588234,7.662758157183654,0,NoWC,0,NoSA,manufacturing,4,good,34,0.382,0.529,1,less50
8353,2005,7,1547.611111111111,7.344467802376128,0,NoWC,0,NoSA,manufacturing,4,good,36,0.417,0.694,1,less50
8353,2007,9,1524.7073170731708,7.329557747391184,1,WC,0,NoSA,manufacturing,3,satisfactory,41,0.561,0.756,1,less50
8353,2008,10,1462.2325581395348,7.287719696154566,1,WC,0,NoSA,manufacturing,5,very good,43,0.651,0.791,1,less50
8361,2016,18,1783.4833333333333,7.486323659834246,1,WC,0,NoSA,edu,4,good,60,0.117,0.117,2,less100
8361,2017,19,1683.4833333333333,7.428620338542224,1,WC,0,NoSA,edu,4,good,60,0.083,0.167,2,less100
8361,2018,20,1596.9032258064517,7.375821548887647,1,WC,0,NoSA,edu,3,satisfactory,62,0.065,0.177,2,less100
8361,2019,21,1638.6,7.401597497707714,1,WC,0,NoSA,edu,5,very good,65,0.108,0.154,2,less100
8361,2020,22,2717.6304347826085,7.90751561592357,1,WC,0,NoSA,buservices,4,good,46,0.043,0.109,1,less50
8361,2021,23,3049.048780487805,8.022584945708358,1,WC,0,NoSA,buservices,5,very good,41,0.049,0.122,1,less50
8376,2000,2,1617.9174107142858,7.388895052257725,1,WC,0,NoSA,health,1,unsatisfactory,35,0.486,0.543,1,less50
8376,2001,3,1769.59716796875,7.478507210947412,1,WC,0,NoSA,health,1,unsatisfactory,32,0.25,0.562,1,less50
8376,2002,4,1394.857142857143,7.240547282457538,1,WC,0,NoSA,health,1,unsatisfactory,28,0.071,0.429,1,less50
8386,2001,3,2907.1725230414745,7.974936246249373,0,NoWC,0,NoSA,public,3,satisfactory,217,0.336,0.585,3,less250
8386,2002,4,2871.7948717948716,7.962692504147585,0,NoWC,0,NoSA,public,3,satisfactory,195,0.297,0.569,3,less250
8386,2006,8,3055.9006211180126,8.024829630489982,0,NoWC,0,NoSA,public,4,good,161,0.354,0.621,3,less250
8386,2007,9,2441.9457831325303,7.800550452594755,0,NoWC,0,NoSA,public,3,satisfactory,166,0.319,0.566,3,less250
8386,2008,10,2148.385057471264,7.672471702817797,0,NoWC,0,NoSA,public,3,satisfactory,174,0.356,0.586,3,less250
8386,2009,11,2041.4201183431953,7.6214009810904235,0,NoWC,0,NoSA,public,3,satisfactory,169,0.473,0.592,3,less250
8386,2010,12,1555.3053892215569,7.349427197113345,0,NoWC,0,NoSA,public,3,satisfactory,167,0.509,0.599,3,less250
8386,2011,13,1785.1851851851852,7.487277434034363,0,NoWC,0,NoSA,public,3,satisfactory,162,0.488,0.599,3,less250
8397,1998,0,1737.676625,7.46030422694872,0,NoWC,1,SA,manufacturing,4,good,125,0.096,0.104,3,less250
8397,1999,1,1491.4708581349207,7.307518065134971,0,NoWC,1,SA,manufacturing,3,satisfactory,126,0.079,0.111,3,less250
8397,2000,2,1144.2103174603174,7.042469998976362,0,NoWC,0,NoSA,manufacturing,5,very good,126,0.968,0.079,3,less250
8398,2019,21,3409.4761904761904,8.134313948647335,1,WC,0,NoSA,health,4,good,63,0.19,0.365,2,less100
8398,2020,22,2715.222222222222,7.90662907882413,1,WC,0,NoSA,health,4,good,63,0.603,0.349,2,less100
8398,2021,23,2620.9166666666665,7.871279408337473,1,WC,0,NoSA,health,4,good,60,0.7,0.383,2,less100
8399,2014,16,2176.2,7.685335515516911,0,NoWC,0,NoSA,manufacturing,3,satisfactory,125,0.168,0.184,3,less250
8399,2015,17,3636.09022556391,8.198664269501021,0,NoWC,0,NoSA,manufacturing,3,satisfactory,133,0.143,0.18,3,less250
8399,2016,18,2213.4469696969695,7.702306294214987,0,NoWC,0,NoSA,manufacturing,3,satisfactory,132,0.083,0.242,3,less250
8399,2017,19,2378.0694444444443,7.774044279702567,0,NoWC,0,NoSA,manufacturing,3,satisfactory,144,0.257,0.236,3,less250
8399,2018,20,2852.268965517241,7.955870084772363,0,NoWC,0,NoSA,manufacturing,4,good,145,0.269,0.221,3,less250
8399,2019,21,2717.288235294118,7.907389689664241,0,NoWC,0,NoSA,manufacturing,3,satisfactory,170,0.165,0.206,3,less250
8399,2020,22,1689.5449438202247,7.432214507647355,0,NoWC,0,NoSA,manufacturing,2,sufficient,178,0.146,0.18,3,less250
8404,2000,2,1456.9014616935483,7.284067172949685,1,WC,0,NoSA,manufacturing,4,good,31,0.129,0.097,1,less50
8404,2001,3,1377.2719254032259,7.2278599559234955,1,WC,0,NoSA,manufacturing,3,satisfactory,31,0.323,0.097,1,less50
8404,2002,4,1921.5217391304348,7.560872723565899,0,NoWC,0,NoSA,manufacturing,3,satisfactory,23,0.174,0.087,1,less50
8416,2013,15,1251.1,7.131778443323355,1,WC,0,NoSA,manufacturing,4,good,20,0.15,0.05,1,less50
8416,2015,17,2072.2380952380954,7.636384507606826,1,WC,0,NoSA,manufacturing,3,satisfactory,21,0.143,0.048,1,less50
8416,2016,18,1359.875,7.215148062741247,1,WC,0,NoSA,manufacturing,4,good,24,0.125,0.042,1,less50
8423,2008,10,1069.467741935484,6.974916366249429,1,WC,0,NoSA,manufacturing,4,good,124,0.452,0.105,3,less250
8423,2009,11,841.1074380165289,6.73471940213049,0,NoWC,0,NoSA,manufacturing,5,very good,121,0.124,0.099,3,less250
8423,2010,12,752.2032520325204,6.623006569388391,1,WC,0,NoSA,manufacturing,4,good,123,0.407,0.098,3,less250
8423,2011,13,2370.4918032786886,7.77085272453349,1,WC,0,NoSA,manufacturing,4,good,122,0.074,0.025,3,less250
8426,2019,21,1714.5,7.446876771902975,1,WC,1,SA,wholesretail,5,very good,48,0.083,0.938,1,less50
8426,2020,22,2286,7.734558844354756,1,WC,1,SA,transcom,4,good,48,0.146,0.917,1,less50
8426,2021,23,1406.7692307692307,7.249051028573055,1,WC,1,SA,transcom,4,good,65,0.108,0.954,2,less100
8437,2006,8,345.80441640378547,5.845873344722826,0,NoWC,0,NoSA,manufacturing,4,good,317,0.073,0.142,4,more250
8437,2008,10,410.9230769230769,6.018406036208369,0,NoWC,0,NoSA,construction,4,good,364,0.055,0.099,4,more250
8437,2009,11,439.848,6.086429212683686,0,NoWC,0,NoSA,construction,4,good,375,0.069,0.144,4,more250
8437,2010,12,484.3581661891117,6.182824645829597,0,NoWC,0,NoSA,construction,4,good,349,0.06,0.123,4,more250
8437,2011,13,617.5013698630137,6.425681286901313,0,NoWC,0,NoSA,construction,4,good,365,0.088,0.121,4,more250
8444,2015,17,388.121546961326,5.961318555930166,1,WC,0,NoSA,manufacturing,1,unsatisfactory,181,0.271,0.232,3,less250
8444,2016,18,355.3121387283237,5.87299666717269,1,WC,0,NoSA,manufacturing,2,sufficient,173,0.254,0.231,3,less250
8444,2017,19,490.66473988439304,6.195761083746955,1,WC,0,NoSA,manufacturing,2,sufficient,173,0.249,0.243,3,less250
8444,2018,20,309.3658536585366,5.734524568953931,1,WC,0,NoSA,manufacturing,3,satisfactory,205,0.21,0.234,3,less250
8444,2020,22,1280.163120567376,7.1547427867374,1,WC,0,NoSA,manufacturing,3,satisfactory,141,0.369,0.248,3,less250
8444,2021,23,1582.2072072072071,7.3665761177578135,1,WC,0,NoSA,manufacturing,1,unsatisfactory,111,0.505,0.252,3,less250
8445,2018,20,2371.4754098360654,7.771267576229961,0,NoWC,0,NoSA,buservices,4,good,61,0.066,0.098,2,less100
8445,2019,21,1994.6363636363637,7.598217038843579,0,NoWC,1,SA,buservices,4,good,66,0.03,0.106,2,less100
8445,2020,22,2273.7972972972975,7.7292065310661435,0,NoWC,1,SA,buservices,4,good,74,0.041,0.122,2,less100
8449,2017,19,1361.4411764705883,7.216299106237808,0,NoWC,0,NoSA,public,4,good,102,0.353,0.245,3,less250
8449,2018,20,1755.1083333333333,7.470285862389909,0,NoWC,0,NoSA,public,4,good,120,0.292,0.25,3,less250
8449,2019,21,1888.8181818181818,7.5437066118464156,0,NoWC,0,NoSA,public,4,good,121,0.306,0.231,3,less250
8470,2015,17,1653.0384615384614,7.410370365268703,0,NoWC,0,NoSA,construction,4,good,26,0.154,0.115,1,less50
8470,2016,18,1599.6666666666667,7.377550553190136,0,NoWC,0,NoSA,construction,4,good,27,0.593,0.074,1,less50
8470,2017,19,1356.392857142857,7.212584144197259,0,NoWC,0,NoSA,construction,5,very good,28,0.714,0.107,1,less50
8480,2000,2,2968.931703629032,7.995957471342912,0,NoWC,0,NoSA,edu,1,unsatisfactory,62,0.048,0.194,2,less100
8480,2001,3,3953.0248015873017,8.282236337394712,0,NoWC,0,NoSA,edu,2,sufficient,63,0.048,0.175,2,less100
8480,2004,6,3905.6721311475408,8.270185168115106,1,WC,0,NoSA,edu,2,sufficient,61,0.066,0.213,2,less100
8480,2005,7,3541.1475409836066,8.172206117717646,1,WC,0,NoSA,edu,3,satisfactory,61,0.082,0.213,2,less100
8480,2006,8,4411.969696969697,8.392076512029249,1,WC,0,NoSA,edu,3,satisfactory,66,0.076,0.227,2,less100
8489,2004,6,7359.870967741936,8.90379768001244,0,NoWC,0,NoSA,finance,3,satisfactory,31,0.355,0.839,1,less50
8489,2005,7,7359.870967741936,8.90379768001244,1,WC,0,NoSA,finance,3,satisfactory,31,0.355,0.839,1,less50
8489,2006,8,5904.666666666667,8.68349827770142,1,WC,0,NoSA,finance,4,good,42,0.286,0.762,1,less50
8489,2007,9,4539.593220338983,8.420592687976882,0,NoWC,0,NoSA,finance,3,satisfactory,59,0.254,0.797,2,less100
8489,2008,10,5951.9,8.69146577529652,0,NoWC,0,NoSA,finance,4,good,50,0.28,0.8,1,less50
8489,2009,11,5227.272727272727,8.561644953987072,0,NoWC,0,NoSA,finance,4,good,66,0.227,0.773,2,less100
8489,2010,12,3876.6567164179105,8.262728390139134,0,NoWC,0,NoSA,finance,5,very good,67,0.254,0.851,2,less100
8489,2011,13,2629.090909090909,7.874393403474331,0,NoWC,0,NoSA,finance,4,good,110,0.145,0.791,3,less250
8489,2012,14,2084,7.642044402873258,0,NoWC,0,NoSA,finance,4,good,119,0.134,0.773,3,less250
8489,2013,15,1774.2764227642276,7.481147969651101,0,NoWC,0,NoSA,finance,4,good,123,0.179,0.772,3,less250
8489,2014,16,1745.888,7.465018587721217,0,NoWC,0,NoSA,finance,5,very good,125,0.112,0.768,3,less250
8489,2015,17,2149.3,7.6728974867132305,1,WC,0,NoSA,finance,5,very good,120,0.1,0.775,3,less250
8489,2016,18,2295.495867768595,7.738704163543285,1,WC,0,NoSA,finance,5,very good,121,0.107,0.785,3,less250
8489,2017,19,2210.48031496063,7.700965107983773,1,WC,0,NoSA,finance,5,very good,127,0.094,0.764,3,less250
8489,2018,20,2005.2214285714285,7.60350977183306,1,WC,0,NoSA,finance,5,very good,140,0.093,0.736,3,less250
8489,2019,21,1970.8278145695365,7.586208943909741,1,WC,0,NoSA,finance,5,very good,151,0.086,0.748,3,less250
8489,2020,22,1467.4319526627219,7.291269181061714,1,WC,0,NoSA,finance,5,very good,169,0.071,0.793,3,less250
8489,2021,23,1710.316091954023,7.444433481510137,0,NoWC,0,NoSA,finance,4,good,174,0.109,0.799,3,less250
8498,2008,10,804.247311827957,6.689906823655305,1,WC,0,NoSA,wholesretail,3,satisfactory,93,0.011,0.161,2,less100
8498,2009,11,1184.2625,7.076875496951871,1,WC,0,NoSA,wholesretail,2,sufficient,80,0.013,0.175,2,less100
8498,2010,12,1214.628205128205,7.1021933049361605,1,WC,0,NoSA,wholesretail,1,unsatisfactory,78,0.013,0.179,2,less100
8498,2011,13,1368.051282051282,7.221142584359472,1,WC,0,NoSA,wholesretail,2,sufficient,78,0.013,0.179,2,less100
8498,2012,14,1406.4102564102564,7.24879581957373,1,WC,0,NoSA,wholesretail,3,satisfactory,78,0.013,0.179,2,less100
8498,2013,15,1443.421052631579,7.274771305976991,1,WC,0,NoSA,wholesretail,3,satisfactory,76,0.013,0.184,2,less100
8498,2014,16,1789.974358974359,7.4899565741368725,1,WC,0,NoSA,wholesretail,5,very good,78,0.013,0.179,2,less100
8498,2015,17,1502.3766233766235,7.314803548812596,1,WC,0,NoSA,wholesretail,4,good,77,0.013,0.169,2,less100
8498,2016,18,1605.4814814814815,7.381178979038557,1,WC,0,NoSA,wholesretail,1,unsatisfactory,81,0.012,0.173,2,less100
8498,2017,19,2100.7558139534885,7.650052470365363,1,WC,0,NoSA,wholesretail,4,good,86,0.012,0.163,2,less100
8498,2018,20,2241.074074074074,7.714710527281461,1,WC,0,NoSA,wholesretail,4,good,81,0.012,0.16,2,less100
8498,2019,21,2553.0133333333333,7.845029639841765,1,WC,0,NoSA,wholesretail,5,very good,75,0.013,0.173,2,less100
8498,2020,22,2526.4133333333334,7.834555921089309,1,WC,0,NoSA,construction,5,very good,75,0.013,0.173,2,less100
8498,2021,23,1645.150684931507,7.405587260786357,1,WC,0,NoSA,construction,5,very good,73,0.027,0.178,2,less100
8499,2012,14,1777.4193548387098,7.4829177906558595,1,WC,0,NoSA,manufacturing,3,satisfactory,186,0.145,0.624,3,less250
8499,2013,15,1553.3980582524273,7.3482001059863284,1,WC,0,NoSA,manufacturing,3,satisfactory,206,0.102,0.636,3,less250
8499,2014,16,1645.8333333333333,7.406002120541268,1,WC,0,NoSA,manufacturing,4,good,192,0.031,0.62,3,less250
8499,2016,18,3482.4861111111113,8.155501717451065,1,WC,0,NoSA,transcom,4,good,144,0.083,0.549,3,less250
8499,2018,20,3465.5620915032678,8.150630118237862,1,WC,0,NoSA,transcom,2,sufficient,153,0.085,0.595,3,less250
8529,2004,6,454.4353205849269,6.1190555945466,0,NoWC,0,NoSA,mining,4,good,889,0.004,0.541,4,more250
8529,2005,7,548.8214285714286,6.307773121880128,0,NoWC,0,NoSA,mining,4,good,728,0.008,0.437,4,more250
8529,2006,8,562.8038632986627,6.332931189642158,1,WC,0,NoSA,mining,4,good,673,0.009,0.487,4,more250
8529,2007,9,615.3639191290824,6.422213831219646,1,WC,0,NoSA,mining,4,good,643,0.009,0.47,4,more250
8529,2008,10,600.9951768488746,6.398586909293146,1,WC,0,NoSA,mining,4,good,622,0.013,0.453,4,more250
8533,2009,11,433.69565217391306,6.072343025828914,1,WC,1,SA,buservices,3,satisfactory,23,0.783,0.13,1,less50
8533,2010,12,349.95652173913044,5.857808923164584,1,WC,0,NoSA,buservices,4,good,23,0.739,0.087,1,less50
8533,2011,13,410.77272727272725,6.01804008654364,1,WC,0,NoSA,buservices,4,good,22,0.955,0.091,1,less50
8533,2015,17,465,6.142037405587356,1,WC,0,NoSA,buservices,4,good,24,0.167,0.125,1,less50
8552,2014,16,800,6.684611727667927,1,WC,0,NoSA,public,3,satisfactory,395,0.263,0.737,4,more250
8552,2015,17,3168.1658415841584,8.060908100549055,1,WC,0,NoSA,public,3,satisfactory,404,0.163,0.661,4,more250
8552,2016,18,2780.1279826464206,7.930252242548189,1,WC,0,NoSA,public,3,satisfactory,461,0.386,0.642,4,more250
8552,2017,19,3047.813025210084,8.02217957148994,1,WC,0,NoSA,public,3,satisfactory,476,0.298,0.609,4,more250
8552,2018,20,2856.049689440994,7.95719472157178,1,WC,0,NoSA,public,2,sufficient,483,0.213,0.673,4,more250
8552,2019,21,3141.956,8.05260081489829,1,WC,0,NoSA,public,1,unsatisfactory,500,0.138,0.694,4,more250
8552,2020,22,2682.1683569979714,7.894380834801378,1,WC,0,NoSA,public,3,satisfactory,493,0.142,0.72,4,more250
8552,2021,23,2782.858037578288,7.931233749652867,1,WC,0,NoSA,public,3,satisfactory,479,0.221,0.664,4,more250
8559,1998,0,969.4911355475763,6.876771331317107,0,NoWC,0,NoSA,manufacturing,5,very good,557,0.269,0.402,4,more250
8559,1999,1,1067.1178772070625,6.972716720557872,0,NoWC,0,NoSA,manufacturing,4,good,623,0.257,0.567,4,more250
8559,2000,2,798.4674479166666,6.682694200282657,0,NoWC,0,NoSA,manufacturing,4,good,720,0.211,0.115,4,more250
8570,2007,9,1305.5882352941176,7.17440897321192,0,NoWC,0,NoSA,edu,3,satisfactory,34,0.118,0.706,1,less50
8570,2008,10,578.4545454545455,6.360359970434422,0,NoWC,0,NoSA,edu,4,good,66,0.045,0.561,2,less100
8570,2009,11,939.9814814814815,6.845860174518376,0,NoWC,0,NoSA,edu,4,good,54,0.056,0.519,2,less100
8570,2010,12,559.0869565217391,6.326305018341289,0,NoWC,0,NoSA,edu,4,good,69,0.072,0.754,2,less100
8582,2004,6,2233.2933333333335,7.711232606102793,0,NoWC,0,NoSA,buservices,4,good,75,0.147,0.213,2,less100
8582,2005,7,2061.780821917808,7.631325364998017,0,NoWC,0,NoSA,buservices,5,very good,73,0.178,0.219,2,less100
8582,2006,8,3116,8.044305406990638,0,NoWC,0,NoSA,buservices,5,very good,76,0.197,0.197,2,less100
8582,2007,9,3495.4605263157896,8.159220413173584,0,NoWC,0,NoSA,buservices,4,good,76,0.224,0.184,2,less100
8582,2008,10,2858.7631578947367,7.958144348000552,0,NoWC,0,NoSA,buservices,4,good,76,0.289,0.145,2,less100
8582,2009,11,2236.6,7.712712134594088,0,NoWC,0,NoSA,transcom,5,very good,80,0.288,0.225,2,less100
8582,2010,12,1893.3736263736264,7.546115504356004,0,NoWC,0,NoSA,transcom,5,very good,91,0.297,0.209,2,less100
8582,2011,13,2185.3870967741937,7.689548252833589,0,NoWC,0,NoSA,transcom,5,very good,93,0.29,0.215,2,less100
8582,2012,14,1940.1720430107528,7.5705319300896665,0,NoWC,0,NoSA,transcom,4,good,93,0.323,0.215,2,less100
8582,2013,15,1773.2608695652175,7.480575429805532,0,NoWC,0,NoSA,transcom,4,good,92,0.261,0.207,2,less100
8582,2014,16,1923.9569892473119,7.5621392761147135,1,WC,0,NoSA,transcom,3,satisfactory,93,0.258,0.194,2,less100
8582,2015,17,2181.1505376344085,7.687607786118832,0,NoWC,0,NoSA,transcom,3,satisfactory,93,0.28,0.194,2,less100
8582,2016,18,2653.967741935484,7.883811060310179,0,NoWC,0,NoSA,transcom,4,good,93,0.269,0.194,2,less100
8582,2017,19,2371.351063829787,7.771215140827992,0,NoWC,0,NoSA,transcom,4,good,94,0.287,0.202,2,less100
8582,2018,20,1997.4583333333333,7.599630818015276,0,NoWC,0,NoSA,transcom,4,good,96,0.292,0.25,2,less100
8582,2019,21,309.70873786407765,5.7356323005433,0,NoWC,0,NoSA,transcom,4,good,103,0.272,0.233,3,less250
8582,2020,22,244.58252427184465,5.4995527745512245,0,NoWC,0,NoSA,transcom,3,satisfactory,103,0.291,0.223,3,less250
8582,2021,23,240.57142857142858,5.4830170457469585,0,NoWC,0,NoSA,transcom,3,satisfactory,105,0.305,0.219,3,less250
8593,2004,6,355.8181818181818,5.874419875157651,1,WC,0,NoSA,finance,2,sufficient,22,0.136,0.545,1,less50
8593,2005,7,197.1818181818182,5.284126238028504,1,WC,0,NoSA,finance,5,very good,22,0.136,0.545,1,less50
8593,2006,8,209.4,5.3442462984364365,1,WC,0,NoSA,finance,2,sufficient,20,0.05,0.6,1,less50
8593,2007,9,212.85,5.360587692274161,1,WC,0,NoSA,finance,1,unsatisfactory,20,0.25,0.55,1,less50
8609,2000,2,2083.98484375,7.642037130174066,1,WC,0,NoSA,manufacturing,4,good,25,0.24,0.28,1,less50
8609,2001,3,2170.8175455729165,7.682859124694322,1,WC,0,NoSA,manufacturing,3,satisfactory,24,0.25,0.292,1,less50
8609,2002,4,1743.5217391304348,7.463662334710433,0,NoWC,0,NoSA,manufacturing,3,satisfactory,23,0.261,0.261,1,less50
8647,1998,0,2481.9993932038833,7.816819721285829,0,NoWC,0,NoSA,public,3,satisfactory,412,0.153,0.799,4,more250
8647,2000,2,1533.8756127450981,7.335552891771881,0,NoWC,1,SA,public,4,good,408,0.172,0.782,4,more250
8647,2001,3,1520.1359939759036,7.326555079559134,0,NoWC,1,SA,public,3,satisfactory,415,0.178,0.773,4,more250
8647,2002,4,1359.2233009708739,7.214668713361806,0,NoWC,1,SA,public,3,satisfactory,412,0.197,0.765,4,more250
8647,2003,5,1130.296758104738,7.0302354950201735,0,NoWC,0,NoSA,public,4,good,401,0.234,0.741,4,more250
8647,2005,7,1591.9351851851852,7.372705652752162,0,NoWC,1,SA,public,3,satisfactory,324,0.293,0.735,4,more250
8647,2006,8,1673.469387755102,7.422654228135763,0,NoWC,1,SA,public,5,very good,294,0.391,0.81,4,more250
8666,2004,6,2296.6785714285716,7.73921925882191,0,NoWC,0,NoSA,wholesretail,4,good,28,0.071,0.071,1,less50
8666,2005,7,2041.5357142857142,7.621457604746073,0,NoWC,0,NoSA,wholesretail,4,good,28,0.071,0.107,1,less50
8666,2006,8,2156.0384615384614,7.676027771173323,0,NoWC,0,NoSA,wholesretail,4,good,26,0.077,0.077,1,less50
8687,2004,6,2583.1560283687945,7.856767197144029,0,NoWC,0,NoSA,wholesretail,2,sufficient,141,0.319,0.163,3,less250
8687,2005,7,3217.5,8.076359939470281,0,NoWC,0,NoSA,wholesretail,3,satisfactory,120,0.292,0.133,3,less250
8687,2006,8,1597.4780701754387,7.376181458567756,0,NoWC,0,NoSA,wholesretail,2,sufficient,228,0.149,0.215,3,less250
8703,2008,10,1161.343949044586,7.057333190230863,0,NoWC,0,NoSA,manufacturing,4,good,157,0.006,0.51,3,less250
8703,2009,11,1139.4117647058824,7.038267412344825,0,NoWC,0,NoSA,manufacturing,4,good,153,0.033,0.621,3,less250
8703,2010,12,1145.8013245033112,7.0438595179376,0,NoWC,0,NoSA,manufacturing,4,good,151,0.053,0.318,3,less250
8703,2011,13,1295.381679389313,7.166560663827525,0,NoWC,0,NoSA,manufacturing,3,satisfactory,131,0.061,0.473,3,less250
8703,2012,14,1251.95,7.13245761476034,0,NoWC,0,NoSA,manufacturing,2,sufficient,140,0.193,0.564,3,less250
8738,2014,16,1084,6.988413181999592,1,WC,0,NoSA,manufacturing,4,good,39,0.179,0.051,1,less50
8738,2015,17,1135.8461538461538,7.035133162157574,1,WC,0,NoSA,manufacturing,4,good,39,0.128,0.026,1,less50
8738,2017,19,1088.342105263158,6.992410812976089,1,WC,0,NoSA,manufacturing,4,good,38,0.105,0.053,1,less50
8738,2018,20,1523.6842105263158,7.328886503834701,1,WC,0,NoSA,manufacturing,3,satisfactory,38,0.132,0.053,1,less50
8738,2019,21,1493.45,7.308844158689323,1,WC,0,NoSA,manufacturing,3,satisfactory,40,0.1,0.05,1,less50
8738,2021,23,2389.5142857142855,7.778845396537394,1,WC,0,NoSA,manufacturing,4,good,35,0.057,0.143,1,less50
8791,2000,2,2099.0597290640394,7.649244775377675,0,NoWC,0,NoSA,manufacturing,2,sufficient,203,0.163,0.034,3,less250
8791,2001,3,1723.2638007614214,7.451975330299729,0,NoWC,0,NoSA,manufacturing,3,satisfactory,197,0.152,0.025,3,less250
8791,2002,4,1942.7178217821781,7.57184321072077,0,NoWC,0,NoSA,manufacturing,2,sufficient,202,0.228,0.035,3,less250
8791,2003,5,2336.3350515463917,7.756338763263415,0,NoWC,0,NoSA,manufacturing,2,sufficient,194,0.263,0.041,3,less250
8811,2017,19,2616.199275362319,7.869477885273093,0,NoWC,1,SA,health,4,good,552,0.002,0.525,4,more250
8811,2018,20,2349.021812080537,7.761754270303556,0,NoWC,0,NoSA,health,4,good,596,0.002,0.545,4,more250
8811,2019,21,2783.2944,7.9313905410550065,0,NoWC,0,NoSA,health,4,good,625,0.005,0.555,4,more250
8811,2021,23,1622.1723625557206,7.391521494477009,0,NoWC,0,NoSA,edu,2,sufficient,673,0.001,0.473,4,more250
8841,2012,14,1647.878787878788,7.407244156719981,1,WC,0,NoSA,resthotels,3,satisfactory,33,0.818,0.212,1,less50
8841,2013,15,1812.4516129032259,7.502435690043222,1,WC,0,NoSA,resthotels,1,unsatisfactory,31,0.903,0.226,1,less50
8841,2014,16,2104.875,7.652011361930473,1,WC,0,NoSA,resthotels,2,sufficient,32,0.875,0.219,1,less50
8841,2015,17,1809.5151515151515,7.500814216284658,1,WC,0,NoSA,resthotels,3,satisfactory,33,0.848,0.212,1,less50
8841,2016,18,1693.078947368421,7.434304012687037,1,WC,0,NoSA,resthotels,4,good,38,0.684,0.132,1,less50
8841,2017,19,2475.8,7.81431885509771,1,WC,0,NoSA,resthotels,3,satisfactory,35,0.543,0.114,1,less50
8841,2018,20,2224.6944444444443,7.7073748568303655,1,WC,0,NoSA,resthotels,4,good,36,0.5,0.111,1,less50
8841,2019,21,2511.5833333333335,7.828668643341736,1,WC,0,NoSA,resthotels,4,good,36,0.583,0.083,1,less50
8841,2020,22,2200.1388888888887,7.696275768666841,1,WC,0,NoSA,resthotels,1,unsatisfactory,36,0.583,0.083,1,less50
8857,2008,10,216.95454545454547,5.379687863647581,1,WC,0,NoSA,construction,4,good,22,0.227,0.318,1,less50
8857,2010,12,310.75,5.738988730390821,1,WC,0,NoSA,construction,4,good,24,0.208,0.333,1,less50
8857,2011,13,554.5769230769231,6.318205522285165,1,WC,0,NoSA,construction,5,very good,26,0.154,0.462,1,less50
8857,2012,14,573.6923076923077,6.35209320327723,1,WC,0,NoSA,construction,4,good,26,0.154,0.346,1,less50
8857,2013,15,604.2692307692307,6.404019844926116,1,WC,0,NoSA,construction,4,good,26,0.154,0.346,1,less50
8857,2014,16,662.9166666666666,6.496649290983886,1,WC,0,NoSA,construction,5,very good,24,0.208,0.542,1,less50
8857,2015,17,611.3703703703703,6.415702946343212,1,WC,0,NoSA,construction,5,very good,27,0.222,0.481,1,less50
8857,2016,18,754.0833333333334,6.625502883563133,1,WC,0,NoSA,construction,5,very good,24,0.25,0.458,1,less50
8857,2017,19,954.6,6.861292404571796,1,WC,0,NoSA,construction,5,very good,25,0.2,0.36,1,less50
8857,2018,20,301.85714285714283,5.709953868560743,1,WC,0,NoSA,construction,4,good,28,0.143,0.464,1,less50
8857,2019,21,548.6206896551724,6.307407291345359,1,WC,0,NoSA,construction,5,very good,29,0.172,0.448,1,less50
8874,2014,16,1977.4761904761904,7.589576659355009,0,NoWC,0,NoSA,health,4,good,21,0.095,0.714,1,less50
8874,2015,17,1713.695652173913,7.446407517564859,0,NoWC,0,NoSA,health,4,good,23,0.087,0.739,1,less50
8874,2016,18,1832.7727272727273,7.513585250666682,0,NoWC,0,NoSA,health,4,good,22,0.091,0.773,1,less50
8913,1998,0,3323.6528716216217,8.10881971960196,0,NoWC,0,NoSA,buservices,4,good,148,0.014,0.851,3,less250
8913,1999,1,2884.1906459731545,7.966999600926384,0,NoWC,0,NoSA,buservices,4,good,149,0.013,0.779,3,less250
8913,2000,2,2699.1356803797466,7.900686882365724,0,NoWC,0,NoSA,buservices,4,good,158,0.013,0.804,3,less250
8913,2001,3,2335.6841032608695,7.756060105035285,0,NoWC,0,NoSA,buservices,4,good,184,0.033,0.81,3,less250
8913,2002,4,2093.2319587628867,7.646464542278923,0,NoWC,0,NoSA,buservices,4,good,194,0.041,0.784,3,less250
8913,2004,6,1216.0628272251308,7.103373728317342,0,NoWC,0,NoSA,buservices,3,satisfactory,191,0.052,0.832,3,less250
8913,2005,7,1020.1256281407035,6.927681063537977,0,NoWC,0,NoSA,buservices,3,satisfactory,199,0.05,0.497,3,less250
8913,2006,8,782.5113636363636,6.662508444527857,0,NoWC,0,NoSA,buservices,4,good,176,0.057,0.96,3,less250
8923,2003,5,2211.8571428571427,7.701587777761524,1,WC,0,NoSA,wholesretail,3,satisfactory,21,0.095,0.762,1,less50
8923,2005,7,2558.809523809524,7.847297399551831,1,WC,0,NoSA,wholesretail,4,good,21,0.095,0.667,1,less50
8923,2006,8,2602.190476190476,7.864108860155859,1,WC,0,NoSA,wholesretail,3,satisfactory,21,0.143,0.714,1,less50
8952,2009,11,1218.7391304347825,7.105572103654671,0,NoWC,0,NoSA,transcom,4,good,23,0.348,0.087,1,less50
8952,2010,12,1773.5238095238096,7.480723699284997,1,WC,0,NoSA,transcom,4,good,21,0.19,0.048,1,less50
8952,2011,13,917.3333333333334,6.821470910385124,0,NoWC,0,NoSA,transcom,4,good,21,0.048,0.048,1,less50
8958,2010,12,1780.9032258064517,7.4848759448152915,1,WC,0,NoSA,manufacturing,3,satisfactory,31,0.032,0.71,1,less50
8958,2011,13,1866.5483870967741,7.531846221992245,1,WC,0,NoSA,manufacturing,3,satisfactory,31,0.032,0.806,1,less50
8958,2012,14,1960.076923076923,7.580738997922258,1,WC,0,NoSA,manufacturing,4,good,26,0.038,0.654,1,less50
8958,2014,16,2163.8571428571427,7.679647622471712,1,WC,0,NoSA,manufacturing,3,satisfactory,21,0.048,1,1,less50
8958,2015,17,2447.8055555555557,7.802947210557377,1,WC,0,NoSA,manufacturing,2,sufficient,36,0.028,0.75,1,less50
8958,2016,18,1701.939393939394,7.439523699768053,1,WC,0,NoSA,manufacturing,3,satisfactory,33,0.03,0.758,1,less50
8958,2018,20,2305.9473684210525,7.743246876813574,1,WC,0,NoSA,manufacturing,3,satisfactory,57,0.018,0.842,2,less100
8973,2018,20,3533.1735537190084,8.169951769764001,1,WC,1,SA,manufacturing,3,satisfactory,121,0.132,0.884,3,less250
8973,2019,21,3805.9830508474574,8.24432959457436,1,WC,0,NoSA,manufacturing,3,satisfactory,118,0.102,0.847,3,less250
8973,2020,22,3823.1428571428573,8.248828100809622,1,WC,0,NoSA,manufacturing,1,unsatisfactory,119,0.008,0.857,3,less250
8973,2021,23,3924.190476190476,8.274915360840106,1,WC,0,NoSA,manufacturing,1,unsatisfactory,126,0.032,0.873,3,less250
8982,2003,5,537.4230769230769,6.286785637058966,1,WC,0,NoSA,public,4,good,26,0.731,0.923,1,less50
8982,2004,6,429.96153846153845,6.063695759248843,1,WC,0,NoSA,public,4,good,26,0.731,0.923,1,less50
8982,2006,8,986.4166666666666,6.8940788481658934,1,WC,0,NoSA,public,4,good,24,0.667,0.917,1,less50
8991,2005,7,4473.205882352941,8.405860630174393,0,NoWC,0,NoSA,manufacturing,2,sufficient,102,0.902,0.951,3,less250
8991,2006,8,3394.5882352941176,8.129937747009446,0,NoWC,0,NoSA,manufacturing,2,sufficient,102,0.941,0.951,3,less250
8991,2007,9,3227.622641509434,8.07950112091735,0,NoWC,0,NoSA,manufacturing,2,sufficient,106,0.877,0.943,3,less250
8992,1998,0,2641.6062911184213,7.879142454719062,0,NoWC,0,NoSA,public,2,sufficient,152,0.059,0.039,3,less250
8992,1999,1,948.4722612359551,6.854852544072316,0,NoWC,0,NoSA,public,2,sufficient,178,0.045,0.034,3,less250
8992,2000,2,1140.2914907094594,7.039039202309292,0,NoWC,0,NoSA,health,3,satisfactory,148,0.074,0.061,3,less250
8992,2002,4,1815.5045871559632,7.504118717513806,0,NoWC,0,NoSA,health,3,satisfactory,109,0.119,0.073,3,less250
9002,2001,3,1597.0984693877551,7.375943805292106,0,NoWC,0,NoSA,transcom,3,satisfactory,245,0.584,0.869,3,less250
9002,2002,4,1641.469696969697,7.403347276198417,0,NoWC,1,SA,transcom,3,satisfactory,264,0.534,0.894,4,more250
9002,2004,6,2183.406113537118,7.688641373850089,0,NoWC,1,SA,transcom,2,sufficient,229,0.528,0.908,3,less250
9002,2005,7,2292.3866666666668,7.737348766340072,0,NoWC,1,SA,transcom,3,satisfactory,225,0.453,0.809,3,less250
9019,2015,17,1725.3714285714286,7.453197627198213,1,WC,1,SA,buservices,4,good,35,0.286,0.057,1,less50
9019,2016,18,2058.4,7.629684260967535,1,WC,1,SA,buservices,5,very good,35,0.457,0.057,1,less50
9019,2017,19,2288.6,7.7356955558836145,1,WC,1,SA,buservices,5,very good,40,0.425,0.125,1,less50
9019,2020,22,3452.6285714285714,8.14689112468522,1,WC,1,SA,buservices,4,good,35,0.571,0.057,1,less50
9019,2021,23,4010.46875,8.296663408730742,1,WC,1,SA,buservices,2,sufficient,32,0.469,0.062,1,less50
9026,2012,14,2102.7419354838707,7.650997455611733,1,WC,0,NoSA,resthotels,4,good,31,0.129,0.71,1,less50
9026,2014,16,1552.0333333333333,7.347321178175752,1,WC,0,NoSA,resthotels,2,sufficient,30,0.133,0.667,1,less50
9026,2020,22,931.2166666666667,6.836491974869697,1,WC,0,NoSA,resthotels,2,sufficient,60,0.033,0.583,2,less100
9031,2013,15,932.3571428571429,6.837715941773531,1,WC,0,NoSA,finance,2,sufficient,28,0.643,0.929,1,less50
9031,2014,16,779.3333333333334,6.658438853363904,1,WC,0,NoSA,finance,1,unsatisfactory,30,0.6,0.933,1,less50
9031,2015,17,791.1333333333333,6.673466516562929,1,WC,0,NoSA,finance,2,sufficient,30,0.633,0.9,1,less50
9051,2002,4,2373.8846153846152,7.77228297052786,1,WC,0,NoSA,wholesretail,2,sufficient,26,0.115,0.462,1,less50
9051,2003,5,3002.809523809524,8.007303637336792,1,WC,0,NoSA,wholesretail,4,good,21,0.286,0.571,1,less50
9051,2004,6,2326.809523809524,7.7522533051215445,1,WC,0,NoSA,wholesretail,1,unsatisfactory,21,0.143,0.333,1,less50
9051,2005,7,1812.4285714285713,7.502422977085285,1,WC,0,NoSA,wholesretail,2,sufficient,21,0.143,0.571,1,less50
9062,2000,2,2883.9688940092165,7.966922712635584,0,NoWC,0,NoSA,mining,3,satisfactory,217,0.028,0.793,3,less250
9062,2001,3,2907.1725230414745,7.974936246249373,0,NoWC,0,NoSA,mining,2,sufficient,217,0.028,0.779,3,less250
9062,2002,4,2616.822429906542,7.86971604768948,0,NoWC,0,NoSA,mining,2,sufficient,214,0.023,0.771,3,less250
9062,2003,5,2243.8069306930693,7.715929224925539,0,NoWC,0,NoSA,mining,3,satisfactory,202,0.025,0.777,3,less250
9081,2014,16,2891.090909090909,7.969389187073972,1,WC,0,NoSA,health,4,good,44,0.068,0.068,1,less50
9081,2015,17,2051.7419354838707,7.626444435947141,1,WC,0,NoSA,health,4,good,62,0.516,0.032,2,less100
9081,2016,18,1881.1739130434783,7.539651282785437,1,WC,0,NoSA,health,5,very good,69,0.464,0.029,2,less100
9081,2017,19,2211.3898305084745,7.701376479431034,1,WC,0,NoSA,health,4,good,59,0.593,0.051,2,less100
9081,2018,20,2191.616666666667,7.692394754429406,1,WC,0,NoSA,health,4,good,60,0.567,0.067,2,less100
9081,2019,21,1938.4927536231885,7.569666018967906,1,WC,0,NoSA,health,4,good,69,0.667,0.058,2,less100
9082,2013,15,2099.8,7.649597381080841,1,WC,0,NoSA,public,1,unsatisfactory,25,0.64,0.08,1,less50
9082,2014,16,2088,7.643961949002529,1,WC,0,NoSA,public,3,satisfactory,24,0.917,0.083,1,less50
9082,2015,17,2186.125,7.689885849169356,1,WC,0,NoSA,public,2,sufficient,24,0.417,0.083,1,less50
9082,2016,18,1904.375,7.5519091497399735,1,WC,0,NoSA,public,2,sufficient,24,0.875,0.083,1,less50
9082,2017,19,1918.4583333333333,7.559277191094806,1,WC,0,NoSA,public,3,satisfactory,24,0.708,0.083,1,less50
9082,2018,20,2418.125,7.790747725454778,1,WC,0,NoSA,public,3,satisfactory,24,0.542,0.083,1,less50
9082,2020,22,2052.2916666666665,7.626712333941834,1,WC,0,NoSA,buservices,3,satisfactory,24,0.917,0.042,1,less50
9082,2021,23,1494.625,7.309630618239744,1,WC,0,NoSA,buservices,3,satisfactory,24,0.625,0.042,1,less50
9085,2013,15,2408.9322033898306,7.786938859167719,1,WC,0,NoSA,health,3,satisfactory,59,0.017,0.237,2,less100
9085,2014,16,2986.7166666666667,8.001929958232164,1,WC,0,NoSA,health,3,satisfactory,60,0.067,0.233,2,less100
9085,2015,17,2969.55,7.99616570516565,1,WC,0,NoSA,health,3,satisfactory,60,0.017,0.067,2,less100
9085,2016,18,3849.4754098360654,8.255692160812538,1,WC,0,NoSA,health,3,satisfactory,61,0.016,0.246,2,less100
9085,2019,21,3629.9836065573772,8.196983411148803,1,WC,0,NoSA,health,5,very good,61,0.098,0.23,2,less100
9085,2020,22,3812.25,8.245974844995121,1,WC,0,NoSA,health,4,good,64,0.078,0.234,2,less100
9091,2017,19,1433.6046511627908,7.267947286609091,0,NoWC,0,NoSA,manufacturing,4,good,172,0.215,0.517,3,less250
9091,2018,20,2840.323699421965,7.9516733033298825,0,NoWC,0,NoSA,manufacturing,4,good,173,0.092,0.538,3,less250
9091,2019,21,3182.9884393063585,8.06557579526367,0,NoWC,0,NoSA,manufacturing,4,good,173,0.197,0.584,3,less250
9091,2020,22,3021.8,8.013607959305741,0,NoWC,0,NoSA,manufacturing,5,very good,175,0.166,0.514,3,less250
9091,2021,23,3557.505681818182,8.176814927100661,0,NoWC,0,NoSA,manufacturing,4,good,176,0.193,0.545,3,less250
9196,1998,0,1222.6270604395604,7.108757150868053,0,NoWC,0,NoSA,public,4,good,455,0.281,0.982,4,more250
9196,1999,1,997.2951017130621,6.905046715847643,0,NoWC,0,NoSA,public,4,good,467,0.208,0.822,4,more250
9196,2000,2,1268.8552989130435,7.145870433563445,0,NoWC,0,NoSA,public,4,good,460,0.289,0.826,4,more250
9196,2001,3,1020.3707880434782,6.927921357911454,0,NoWC,0,NoSA,public,3,satisfactory,460,0.343,0.826,4,more250
9197,2011,13,1554.4,7.348844898063231,1,WC,0,NoSA,construction,3,satisfactory,20,0.1,0.05,1,less50
9197,2012,14,1943,7.57198844937744,1,WC,0,NoSA,construction,4,good,20,0.1,0.05,1,less50
9197,2013,15,2507.3333333333335,7.826975050362172,1,WC,0,NoSA,construction,4,good,21,0.048,0.095,1,less50
9197,2014,16,1378.3478260869565,7.228640833428688,1,WC,0,NoSA,construction,3,satisfactory,23,0.087,0.043,1,less50
9197,2015,17,3262.714285714286,8.090314730919008,1,WC,0,NoSA,construction,3,satisfactory,21,0.095,0.048,1,less50
9197,2018,20,3519.5833333333335,8.166097890373596,1,WC,0,NoSA,construction,2,sufficient,24,0.083,0.042,1,less50
9198,2008,10,2831.962121212121,7.948725079445954,1,WC,0,NoSA,construction,4,good,132,0.174,0.326,3,less250
9198,2009,11,1381.8484848484848,7.2311773636201035,1,WC,0,NoSA,construction,5,very good,132,0.114,0.447,3,less250
9198,2010,12,1456.611510791367,7.2838681342593645,1,WC,0,NoSA,construction,4,good,139,0.194,0.295,3,less250
9198,2011,13,1238.4225352112676,7.121593699707421,1,WC,0,NoSA,construction,4,good,142,0.141,0.366,3,less250
9198,2012,14,1231.9933333333333,7.116388732823413,1,WC,0,NoSA,construction,4,good,150,0.267,0.32,3,less250
9201,2015,17,1592.90625,7.373315456954142,1,WC,0,NoSA,public,4,good,32,0.156,0.969,1,less50
9201,2016,18,1770.551724137931,7.47904648554936,1,WC,0,NoSA,public,5,very good,29,0.172,0.966,1,less50
9201,2017,19,2083.6,7.641852445871036,1,WC,0,NoSA,public,4,good,25,0.2,1,1,less50
9201,2018,20,2821.6666666666665,7.945083005899126,1,WC,0,NoSA,public,4,good,24,0.083,0.792,1,less50
9201,2019,21,2652.1666666666665,7.883132194982129,1,WC,0,NoSA,public,4,good,24,0.042,0.875,1,less50
9266,2019,21,2937.464,7.9853019030581684,0,NoWC,0,NoSA,finance,4,good,625,0.421,0.555,4,more250
9266,2020,22,3155.3244444444445,8.05684660469432,0,NoWC,0,NoSA,resthotels,3,satisfactory,675,0.416,0.526,4,more250
9266,2021,23,3121.5111441307577,8.046072504615804,0,NoWC,0,NoSA,resthotels,4,good,673,0.38,0.473,4,more250
9287,2010,12,1348.7052631578947,7.206900346908536,0,NoWC,0,NoSA,buservices,4,good,95,0.095,0.158,2,less100
9287,2011,13,1622.9375,7.391993057839031,0,NoWC,0,NoSA,buservices,5,very good,96,0.073,0.156,2,less100
9287,2013,15,2116.8695652173915,7.657693656207603,1,WC,0,NoSA,buservices,4,good,92,0.098,0.152,2,less100
9287,2014,16,1799.3369565217392,7.495173518536049,0,NoWC,0,NoSA,buservices,4,good,92,0.098,0.163,2,less100
9287,2015,17,1991.784090909091,7.596786044172283,0,NoWC,0,NoSA,buservices,4,good,88,0.102,0.148,2,less100
9287,2017,19,2434.4,7.797455598582761,0,NoWC,0,NoSA,buservices,4,good,80,0.013,0.212,2,less100
9287,2018,20,2465.215189873418,7.810034380789621,0,NoWC,0,NoSA,buservices,4,good,79,0.025,0.215,2,less100
9287,2021,23,4072.090909090909,8.311911883396403,1,WC,0,NoSA,buservices,4,good,55,0.073,0.2,2,less100
9294,2013,15,4295.673076923077,8.365363533880302,1,WC,0,NoSA,transcom,4,good,52,0.385,0.788,2,less100
9294,2014,16,3957.2741935483873,8.28331073227472,1,WC,0,NoSA,transcom,4,good,62,0.452,0.871,2,less100
9294,2015,17,3807.8548387096776,8.244821275097923,1,WC,0,NoSA,transcom,4,good,62,0.5,0.71,2,less100
9304,2015,17,3172.950980392157,8.062417342485654,0,NoWC,1,SA,buservices,5,very good,510,0.414,0.194,4,more250
9304,2016,18,2963.283582089552,7.994053250752747,0,NoWC,1,SA,buservices,4,good,603,0.007,0.335,4,more250
9304,2018,20,3161.238255033557,8.058719082685398,0,NoWC,1,SA,buservices,5,very good,596,0.034,0.319,4,more250
9304,2019,21,2937.464,7.9853019030581684,0,NoWC,1,SA,buservices,5,very good,625,0.016,0.33,4,more250
9304,2020,22,2809.9155555555553,7.940909710472522,0,NoWC,1,SA,public,4,good,675,0.007,0.289,4,more250
9304,2021,23,3121.5111441307577,8.046072504615804,0,NoWC,1,SA,public,4,good,673,0.022,0.26,4,more250
9305,2014,16,911.3809523809524,6.81496097931465,0,NoWC,0,NoSA,health,4,good,63,0.048,0.825,2,less100
9305,2016,18,1844.7228915662652,7.520084350921311,0,NoWC,0,NoSA,health,4,good,83,0.012,0.855,2,less100
9305,2017,19,1820.9518072289156,7.507114614374062,0,NoWC,0,NoSA,health,4,good,83,0.048,0.735,2,less100
9305,2019,21,3099.285714285714,8.038926949177137,0,NoWC,0,NoSA,health,4,good,84,0.012,0.869,2,less100
9305,2020,22,3299.714285714286,8.10159116361972,0,NoWC,0,NoSA,buservices,4,good,84,0.048,0.786,2,less100
9305,2021,23,2278.4523809523807,7.731251711188805,0,NoWC,0,NoSA,buservices,4,good,84,0.048,0.786,2,less100
9306,2009,11,1527.3809523809523,7.331309751760414,1,WC,0,NoSA,manufacturing,3,satisfactory,21,0.143,0.952,1,less50
9306,2011,13,1857.142857142857,7.5267944873883605,1,WC,0,NoSA,manufacturing,4,good,21,0.143,0.952,1,less50
9306,2013,15,1857.7142857142858,7.527102132368483,1,WC,0,NoSA,manufacturing,4,good,21,0.143,0.952,1,less50
9306,2015,17,2312.6,7.746127711694862,1,WC,0,NoSA,manufacturing,4,good,20,0.1,0.95,1,less50
9306,2016,18,2104.05,7.6516193378337904,1,WC,0,NoSA,manufacturing,5,very good,20,0.2,0.95,1,less50
9306,2017,19,2438.3,7.799056354152686,1,WC,0,NoSA,manufacturing,4,good,20,0.35,0.95,1,less50
9306,2020,22,1181.45,7.074497776645577,1,WC,0,NoSA,manufacturing,4,good,20,0.35,0.95,1,less50
9306,2021,23,1723.6666666666667,7.452209083728111,1,WC,0,NoSA,manufacturing,3,satisfactory,21,0.238,0.857,1,less50
9355,2018,20,1531.6,7.3340682196031395,1,WC,0,NoSA,buservices,2,sufficient,45,0.578,0.644,1,less50
9355,2019,21,1997.7391304347825,7.599771385336145,1,WC,0,NoSA,buservices,1,unsatisfactory,46,0.652,0.63,1,less50
9355,2020,22,2069.3703703703704,7.634999671087469,1,WC,0,NoSA,edu,2,sufficient,54,0.519,0.667,2,less100
9355,2021,23,2189.872340425532,7.691598529068363,1,WC,0,NoSA,edu,2,sufficient,47,0.447,0.872,1,less50
9359,2017,19,2854.706451612903,7.956724297754098,0,NoWC,0,NoSA,buservices,3,satisfactory,310,0.429,0.6,4,more250
9359,2018,20,3128.517571884984,8.048314552135121,0,NoWC,0,NoSA,buservices,3,satisfactory,313,0.463,0.492,4,more250
9359,2019,21,3532.214285714286,8.169680229678045,0,NoWC,0,NoSA,buservices,4,good,308,0.481,0.477,4,more250
9359,2020,22,3825.925806451613,8.249555757875845,0,NoWC,0,NoSA,buservices,2,sufficient,310,0.481,0.477,4,more250
9365,2015,17,2303.1686274509802,7.742041117917847,1,WC,0,NoSA,public,4,good,510,0.061,0.133,4,more250
9365,2016,18,2125.039800995025,7.661545811063127,1,WC,0,NoSA,public,3,satisfactory,603,0.051,0.113,4,more250
9365,2017,19,2708.271739130435,7.904065975796298,1,WC,0,NoSA,public,3,satisfactory,552,0.056,0.125,4,more250
9365,2018,20,2651.6644295302012,7.882942808431593,1,WC,0,NoSA,public,4,good,596,0.052,0.106,4,more250
9365,2019,21,2819.0784,7.944165302007982,1,WC,0,NoSA,public,4,good,625,0.059,0.09,4,more250
9365,2020,22,2278.9115853658536,7.731453233129304,1,WC,0,NoSA,buservices,3,satisfactory,656,0.056,0.079,4,more250
9365,2021,23,1861.515055467512,7.529145981095006,1,WC,0,NoSA,buservices,3,satisfactory,631,0.054,0.078,4,more250
9367,2000,2,4502.311151079137,8.412346133045352,0,NoWC,0,NoSA,edu,2,sufficient,139,0.137,0.468,3,less250
9367,2001,3,3142.862362132353,8.052889243962237,0,NoWC,0,NoSA,edu,2,sufficient,136,0.14,0.485,3,less250
9367,2002,4,1543.6715328467153,7.341918970159249,0,NoWC,0,NoSA,edu,2,sufficient,274,0.073,0.577,4,more250
9367,2004,6,1708.2605363984674,7.443230901590625,0,NoWC,0,NoSA,edu,1,unsatisfactory,261,0.054,0.579,4,more250
9369,1999,1,2226.0087394067796,7.707965457886534,0,NoWC,0,NoSA,buservices,2,sufficient,59,0.22,0.475,2,less100
9369,2000,2,2703.9268092105262,7.902460369196863,0,NoWC,0,NoSA,buservices,1,unsatisfactory,57,0.228,0.579,2,less100
9369,2001,3,2646.7247807017543,7.881078222775998,0,NoWC,0,NoSA,buservices,1,unsatisfactory,57,0.211,0.421,2,less100
9391,2003,5,3874.5,8.262171901204004,1,WC,0,NoSA,buservices,3,satisfactory,30,0.267,0.667,1,less50
9391,2004,6,3906.8,8.270473903573322,1,WC,0,NoSA,buservices,1,unsatisfactory,30,0.233,0.7,1,less50
9391,2005,7,3006.0689655172414,8.008388512670248,0,NoWC,0,NoSA,buservices,1,unsatisfactory,29,0.276,0.724,1,less50
9392,1998,0,986.0981195756991,6.893755862405828,1,WC,0,NoSA,construction,4,good,1037,0.405,0.536,4,more250
9392,1999,1,875.3234516616315,6.7745934770924086,1,WC,0,NoSA,construction,3,satisfactory,993,0.252,0.46,4,more250
9392,2000,2,659.4533719704953,6.491411267566115,1,WC,0,NoSA,public,3,satisfactory,949,0.341,0.522,4,more250
9392,2001,3,741.3119124559342,6.608421471216459,1,WC,0,NoSA,public,4,good,851,0.217,0.516,4,more250
9392,2002,4,606.060606060606,6.406979991069647,0,NoWC,0,NoSA,public,4,good,924,0.098,0.451,4,more250
9392,2003,5,623.4511691884456,6.435270444793224,0,NoWC,0,NoSA,public,3,satisfactory,727,0.164,0.557,4,more250
9392,2004,6,562.429696287964,6.3322661418904245,0,NoWC,0,NoSA,public,4,good,889,0.198,0.541,4,more250
9392,2005,7,547.5445859872611,6.305443893968129,0,NoWC,0,NoSA,public,4,good,942,0.189,0.521,4,more250
9398,2010,12,1781.8636363636363,7.48541508229894,1,WC,0,NoSA,manufacturing,5,very good,22,0.636,0.045,1,less50
9398,2011,13,1171.3939393939395,7.065949719828007,1,WC,0,NoSA,manufacturing,3,satisfactory,33,0.606,0.061,1,less50
9398,2012,14,1893.7391304347825,7.546308529536802,1,WC,0,NoSA,manufacturing,5,very good,23,0.652,0.087,1,less50
9398,2013,15,1984.7727272727273,7.593259691489518,1,WC,0,NoSA,manufacturing,5,very good,22,0.864,0.091,1,less50
9470,2019,21,1138.84,7.037765479479684,1,WC,0,NoSA,wholesretail,4,good,25,0.32,0.44,1,less50
9470,2020,22,1444.1739130434783,7.275292750596411,1,WC,0,NoSA,transcom,4,good,23,0.261,0.435,1,less50
9470,2021,23,813.4642857142857,6.701302023684659,1,WC,0,NoSA,transcom,4,good,28,0.286,0.393,1,less50
9502,2015,17,1148.090909090909,7.0458557628478,1,WC,0,NoSA,transcom,3,satisfactory,22,0.5,0.136,1,less50
9502,2016,18,1515.4545454545455,7.323470702946469,1,WC,0,NoSA,transcom,4,good,22,0.636,0.136,1,less50
9502,2017,19,1414.44,7.254488972026478,1,WC,0,NoSA,transcom,4,good,25,0.72,0.12,1,less50
9517,2000,2,989.3798253676471,6.89707830781115,1,WC,0,NoSA,construction,3,satisfactory,34,0.029,0.029,1,less50
9517,2002,4,1613.4,7.386099032502874,1,WC,0,NoSA,construction,2,sufficient,35,0.057,0.029,1,less50
9517,2003,5,878.0243902439024,6.777674372570352,1,WC,0,NoSA,construction,4,good,41,0.024,0.024,1,less50
9517,2004,6,737.829268292683,6.6037124540595205,1,WC,0,NoSA,construction,1,unsatisfactory,41,0.024,0.024,1,less50
9517,2006,8,448.15555555555557,6.105140394369522,1,WC,0,NoSA,construction,2,sufficient,45,0.044,0.044,1,less50
9517,2007,9,1120.4222222222222,7.021460877375462,1,WC,0,NoSA,construction,1,unsatisfactory,45,0.044,0.022,1,less50
9517,2008,10,1490.6304347826087,7.306954420045813,1,WC,0,NoSA,construction,1,unsatisfactory,46,0.043,0.022,1,less50
9517,2010,12,938.0232558139535,6.843774741677512,1,WC,0,NoSA,construction,4,good,43,0.116,0.047,1,less50
9517,2011,13,712.9069767441861,6.569350944503226,1,WC,0,NoSA,construction,1,unsatisfactory,43,0.047,0.023,1,less50
9558,2007,9,3306.5714285714284,8.10366710935271,1,WC,0,NoSA,wholesretail,3,satisfactory,21,0.048,0.095,1,less50
9558,2009,11,2977.625,7.9988812818763835,1,WC,0,NoSA,wholesretail,3,satisfactory,24,0.5,0.292,1,less50
9558,2010,12,2628.925925925926,7.874330648572544,1,WC,0,NoSA,wholesretail,4,good,27,0.296,0.407,1,less50
9558,2011,13,2000.2962962962963,7.601050596717378,1,WC,0,NoSA,wholesretail,4,good,27,0.444,0.259,1,less50
9558,2012,14,2078.8518518518517,7.6395710259884275,1,WC,0,NoSA,wholesretail,4,good,27,0.407,0.296,1,less50
9558,2013,15,1428.7777777777778,7.2645746569342196,1,WC,0,NoSA,wholesretail,3,satisfactory,27,0.444,0.407,1,less50
9558,2017,19,2066.6071428571427,7.633663480106974,1,WC,0,NoSA,wholesretail,4,good,28,0.286,0.357,1,less50
9558,2018,20,2169.9285714285716,7.682449529600386,1,WC,0,NoSA,wholesretail,4,good,28,0.286,0.357,1,less50
9558,2019,21,2238.8214285714284,7.713704858425493,1,WC,0,NoSA,wholesretail,2,sufficient,28,0.286,0.25,1,less50
9558,2020,22,2307.714285714286,7.744012826946928,1,WC,0,NoSA,wholesretail,1,unsatisfactory,28,0.357,0.571,1,less50
9558,2021,23,1770.139240506329,7.47881348942652,1,WC,0,NoSA,wholesretail,2,sufficient,79,0.127,0.19,2,less100
9614,1998,0,6626.028245192308,8.79876084563257,1,WC,0,NoSA,buservices,3,satisfactory,26,0.038,0.192,1,less50
9614,1999,1,7010.952524038462,8.855228851544968,1,WC,0,NoSA,buservices,3,satisfactory,26,0.115,0.462,1,less50
9614,2003,5,2104.769230769231,7.651961111018522,1,WC,0,NoSA,buservices,3,satisfactory,65,0.6,0.185,2,less100
9614,2004,6,2835.4307692307693,7.949949151437718,1,WC,0,NoSA,buservices,4,good,65,0.585,0.292,2,less100
9614,2005,7,2536.246153846154,7.83844037466619,1,WC,0,NoSA,buservices,4,good,65,0.662,0.415,2,less100
9621,1998,0,1309.3261843790012,7.1772679207956696,0,NoWC,0,NoSA,public,4,good,781,0.128,0.722,4,more250
9621,1999,1,1128.8262175324676,7.028933626289851,0,NoWC,0,NoSA,public,3,satisfactory,770,0.132,0.723,4,more250
9621,2000,2,806.4706829896908,6.692667545992824,0,NoWC,0,NoSA,public,3,satisfactory,776,0.144,0.719,4,more250
9621,2001,3,790.546914160401,6.672725002340024,0,NoWC,0,NoSA,public,3,satisfactory,798,0.162,0.699,4,more250
9621,2002,4,699.1260923845193,6.549831115642973,0,NoWC,0,NoSA,public,3,satisfactory,801,0.162,0.608,4,more250
9621,2004,6,636.1323155216285,6.4554065849751225,0,NoWC,0,NoSA,public,4,good,786,0.128,0.612,4,more250
9622,2007,9,2717.495238095238,7.907465866682969,1,WC,0,NoSA,wholesretail,3,satisfactory,105,0.467,0.971,3,less250
9622,2008,10,3594.4134615384614,8.187136102890953,1,WC,0,NoSA,wholesretail,3,satisfactory,104,0.346,0.933,3,less250
9622,2009,11,2410.009009009009,7.787385764655726,1,WC,0,NoSA,wholesretail,5,very good,111,0.36,0.829,3,less250
9622,2010,12,2258.573913043478,7.72248888116685,1,WC,0,NoSA,wholesretail,3,satisfactory,115,0.33,0.826,3,less250
9622,2011,13,2754.285714285714,7.920913419109223,1,WC,0,NoSA,wholesretail,4,good,105,0.362,0.867,3,less250
9627,2003,5,2411.429906542056,7.787975172755287,0,NoWC,1,SA,health,3,satisfactory,107,0.019,0.533,3,less250
9627,2004,6,1911.3983050847457,7.555590350091467,0,NoWC,1,SA,health,4,good,118,0.017,0.61,3,less250
9627,2005,7,2293.677966101695,7.737911906885422,0,NoWC,1,SA,health,3,satisfactory,118,0.017,0.517,3,less250
9627,2006,8,1537.4378698224853,7.337872588992618,0,NoWC,1,SA,health,4,good,169,0.012,0.698,3,less250
9627,2007,9,1443.4882352941177,7.274817848944469,0,NoWC,0,NoSA,health,4,good,170,0.012,0.606,3,less250
9627,2008,10,1466.701754385965,7.290771454397058,0,NoWC,1,SA,health,5,very good,171,0.023,0.614,3,less250
9627,2009,11,1567.94578313253,7.357521623228706,0,NoWC,1,SA,health,3,satisfactory,166,0.012,0.602,3,less250
9627,2010,12,1449.5254237288136,7.278991487862127,0,NoWC,1,SA,health,1,unsatisfactory,177,0.017,0.667,3,less250
9627,2011,13,1419.909090909091,7.258348128059352,0,NoWC,1,SA,health,4,good,176,0.017,0.67,3,less250
9627,2013,15,1339.923076923077,7.200367486015925,0,NoWC,1,SA,health,1,unsatisfactory,169,0.024,0.651,3,less250
9627,2014,16,1366.7724550898204,7.22020736719187,0,NoWC,1,SA,health,1,unsatisfactory,167,0.03,0.653,3,less250
9627,2015,17,2452.5242718446602,7.804873088167165,0,NoWC,1,SA,health,2,sufficient,103,0.049,0.68,3,less250
9627,2016,18,2419.0857142857144,7.7911449437506475,0,NoWC,1,SA,health,4,good,105,0.048,0.743,3,less250
9627,2017,19,2475,7.813995675002791,0,NoWC,1,SA,health,4,good,113,0.018,0.69,3,less250
9627,2018,20,2126.3875968992247,7.662179855031522,0,NoWC,0,NoSA,health,4,good,129,0.016,0.659,3,less250
9628,2009,11,512.0506329113924,6.238423512555039,0,NoWC,0,NoSA,resthotels,3,satisfactory,158,0.392,0.481,3,less250
9628,2010,12,493.62179487179486,6.201769626543029,1,WC,0,NoSA,resthotels,3,satisfactory,156,0.404,0.494,3,less250
9628,2011,13,484.3416149068323,6.182790473668925,1,WC,0,NoSA,resthotels,3,satisfactory,161,0.391,0.491,3,less250
9637,2003,5,1386.0825688073394,7.234236751429489,0,NoWC,0,NoSA,manufacturing,3,satisfactory,327,0.11,0.373,4,more250
9637,2004,6,1572.3270440251572,7.360311994624152,0,NoWC,0,NoSA,manufacturing,3,satisfactory,318,0.123,0.343,4,more250
9637,2005,7,1621.9716981132076,7.391397785764315,0,NoWC,0,NoSA,manufacturing,3,satisfactory,318,0.066,0.355,4,more250
9637,2006,8,1602.6058631921824,7.379386247887248,0,NoWC,0,NoSA,manufacturing,3,satisfactory,307,0.065,0.362,4,more250
9637,2007,9,1614.9920318725099,7.387085301819514,0,NoWC,1,SA,manufacturing,4,good,251,0.084,0.442,4,more250
9654,2000,2,482.357421875,6.1786853784060325,1,WC,0,NoSA,manufacturing,2,sufficient,66,0.015,0.197,2,less100
9654,2001,3,557.53985595703125,6.323533991284835,1,WC,1,SA,manufacturing,3,satisfactory,64,0.062,0.281,2,less100
9654,2002,4,423.46774193548384,6.048477341026868,1,WC,0,NoSA,manufacturing,3,satisfactory,62,0.048,0.306,2,less100
9654,2003,5,641,6.46302945692067,1,WC,0,NoSA,manufacturing,3,satisfactory,62,0.016,0.177,2,less100
9654,2004,6,669.516129032258,6.506555256001993,1,WC,0,NoSA,manufacturing,2,sufficient,62,0.016,0.21,2,less100
9654,2005,7,879.4406779661017,6.779286112176913,1,WC,0,NoSA,manufacturing,2,sufficient,59,0.051,0.169,2,less100
9654,2006,8,691.8333333333334,6.539345078824984,1,WC,0,NoSA,manufacturing,3,satisfactory,54,0.056,0.167,2,less100
9654,2007,9,864.7916666666666,6.7624886301391935,1,WC,0,NoSA,manufacturing,2,sufficient,48,0.062,0.229,1,less50
9654,2008,10,756.6875,6.628950354467959,1,WC,0,NoSA,manufacturing,2,sufficient,48,0.062,0.229,1,less50
9654,2009,11,886.4166666666666,6.787187118463665,1,WC,1,SA,manufacturing,2,sufficient,48,0.021,0.167,1,less50
9654,2010,12,996.24,6.903988192412893,1,WC,0,NoSA,manufacturing,2,sufficient,50,0.06,0.24,1,less50
9654,2011,13,1660.4,7.414813816178884,1,WC,0,NoSA,manufacturing,2,sufficient,50,0.02,0.22,1,less50
9654,2012,14,1837.6875,7.516263266697508,1,WC,0,NoSA,manufacturing,2,sufficient,48,0.021,0.229,1,less50
9654,2015,17,3537.7727272727275,8.171252635028573,1,WC,0,NoSA,manufacturing,3,satisfactory,22,0.045,0.5,1,less50
9654,2017,19,3791.769230769231,8.240588004658404,1,WC,0,NoSA,manufacturing,3,satisfactory,26,0.115,0.423,1,less50
9654,2021,23,1729.5666666666666,7.455626174420477,1,WC,0,NoSA,manufacturing,4,good,30,0.1,0.4,1,less50
9659,2000,2,2065.0149147727275,7.632892728019281,0,NoWC,0,NoSA,buservices,4,good,22,0.273,0.727,1,less50
9659,2001,3,944.4291294642857,6.850580649149365,0,NoWC,0,NoSA,buservices,3,satisfactory,28,0.179,0.857,1,less50
9659,2002,4,1884.5384615384614,7.541438221911742,0,NoWC,0,NoSA,buservices,3,satisfactory,26,0.192,0.808,1,less50
9659,2003,5,1633.2666666666667,7.398337378271068,0,NoWC,0,NoSA,buservices,3,satisfactory,30,0.667,0.767,1,less50
9659,2004,6,979.8918918918919,6.887442251183509,0,NoWC,0,NoSA,buservices,3,satisfactory,37,0.486,0.811,1,less50
9659,2005,7,660.6216216216217,6.493181242699027,0,NoWC,0,NoSA,buservices,3,satisfactory,37,0.486,0.892,1,less50
9659,2006,8,848.3888888888889,6.743339126057017,0,NoWC,0,NoSA,buservices,3,satisfactory,36,0.5,0.944,1,less50
9659,2007,9,1283.8684210526317,7.157633003183194,0,NoWC,0,NoSA,buservices,3,satisfactory,38,0.5,0.842,1,less50
9678,2009,11,674.7391304347826,6.514326142742475,1,WC,0,NoSA,construction,5,very good,23,0.739,0.174,1,less50
9678,2010,12,590.3913043478261,6.380785544769645,1,WC,0,NoSA,construction,1,unsatisfactory,23,0.304,0.174,1,less50
9678,2011,13,620.76,6.430944533803424,0,NoWC,0,NoSA,construction,2,sufficient,25,0.28,0.2,1,less50
9678,2012,14,670.2666666666667,6.507675643150311,1,WC,0,NoSA,construction,3,satisfactory,30,0.233,0.167,1,less50
9678,2013,15,703.5333333333333,6.55611525756888,1,WC,0,NoSA,construction,2,sufficient,30,0.4,0.2,1,less50
9678,2015,17,969.9333333333333,6.877227340613179,1,WC,0,NoSA,construction,2,sufficient,30,0.867,0.2,1,less50
9678,2017,19,909.3125,6.812688819475608,1,WC,0,NoSA,construction,2,sufficient,32,0.688,0.312,1,less50
9693,2002,4,1652.349315068493,7.409953381527895,0,NoWC,0,NoSA,public,4,good,292,0.038,0.151,4,more250
9693,2003,5,1412.943661971831,7.253430510673677,0,NoWC,0,NoSA,public,2,sufficient,284,0.053,0.158,4,more250
9693,2004,6,1342.0804195804196,7.201976240907884,0,NoWC,0,NoSA,public,4,good,286,0.056,0.154,4,more250
9693,2005,7,1271.716723549488,7.148123017486343,0,NoWC,0,NoSA,public,4,good,293,0.065,0.154,4,more250
9693,2006,8,1181.9621993127148,7.074931217177773,0,NoWC,0,NoSA,public,5,very good,291,0.11,0.162,4,more250
9697,1999,1,3923.607481060606,8.274766785371135,1,WC,0,NoSA,construction,4,good,132,0.03,0.273,3,less250
9697,2000,2,4151.2371183206105,8.331161669601675,0,NoWC,0,NoSA,construction,4,good,131,0.031,0.221,3,less250
9697,2001,3,3715.3307291666665,8.220222978537027,0,NoWC,0,NoSA,construction,4,good,144,0.014,0.194,3,less250
9741,2004,6,1605.280701754386,7.38105391233109,0,NoWC,0,NoSA,edu,3,satisfactory,114,0.132,0.316,3,less250
9741,2005,7,1694.462962962963,7.435121133601366,0,NoWC,0,NoSA,edu,2,sufficient,108,0.13,0.37,3,less250
9741,2006,8,1530.1759259259259,7.333137992041609,0,NoWC,0,NoSA,edu,2,sufficient,108,0.472,0.352,3,less250
9741,2007,9,1613.6767676767677,7.3862705609153485,0,NoWC,0,NoSA,edu,3,satisfactory,99,0.091,0.434,2,less100
9741,2008,10,1432.41,7.267113619390051,0,NoWC,0,NoSA,edu,3,satisfactory,100,0.09,0.38,2,less100
9741,2009,11,2036.8877551020407,7.6191783116658875,0,NoWC,0,NoSA,edu,3,satisfactory,98,0.071,0.255,2,less100
9769,2011,13,1514.1361256544503,7.322600341220117,0,NoWC,0,NoSA,wholesretail,4,good,191,0.398,0.581,3,less250
9769,2012,14,1730.890052356021,7.456391036322431,0,NoWC,0,NoSA,wholesretail,4,good,191,0.545,0.613,3,less250
9769,2014,16,2257.1428571428573,7.721855069959745,0,NoWC,0,NoSA,wholesretail,4,good,140,0.629,0.65,3,less250
9781,2012,14,1636.6336633663366,7.400396766967856,1,WC,0,NoSA,health,4,good,202,0.431,0.545,3,less250
9781,2013,15,1600,7.3777589082278725,1,WC,0,NoSA,health,3,satisfactory,200,0.515,0.535,3,less250
9781,2014,16,1564.3564356435643,7.355229795167844,1,WC,0,NoSA,health,2,sufficient,202,0.639,0.535,3,less250
9781,2015,17,4114.424242424242,8.322254186535572,1,WC,0,NoSA,health,2,sufficient,198,0.667,0.545,3,less250
9781,2016,18,4039.2425742574255,8.30381247175887,1,WC,0,NoSA,health,3,satisfactory,202,0.733,0.564,3,less250
9781,2017,19,4013.0837438423646,8.29731523818832,1,WC,0,NoSA,health,3,satisfactory,203,0.739,0.567,3,less250
9781,2018,20,4478.71875,8.407092291201575,1,WC,0,NoSA,health,4,good,192,0.922,0.573,3,less250
9783,2000,2,2383.766311813187,7.776436999812322,0,NoWC,0,NoSA,manufacturing,3,satisfactory,91,0.066,0.89,2,less100
9783,2001,3,2425.2263586956524,7.793680142807345,0,NoWC,0,NoSA,manufacturing,5,very good,115,0.026,0.904,3,less250
9783,2002,4,1862.983606557377,7.529934571076763,0,NoWC,0,NoSA,manufacturing,3,satisfactory,122,0.016,0.902,3,less250
9787,2002,4,1904.3333333333333,7.551887270056353,0,NoWC,0,NoSA,public,3,satisfactory,117,0.179,0.615,3,less250
9787,2003,5,1428.253846153846,7.264207890514544,0,NoWC,0,NoSA,public,3,satisfactory,130,0.138,0.538,3,less250
9787,2004,6,1730.6879432624114,7.456274263512981,0,NoWC,0,NoSA,public,3,satisfactory,141,0.135,0.411,3,less250
9787,2005,7,2706.591836734694,7.903445497578851,0,NoWC,0,NoSA,public,4,good,98,0.184,0.347,2,less100
9800,2000,2,464.86797930743245,6.141753449807842,1,WC,0,NoSA,buservices,4,good,74,0.054,0.324,2,less100
9800,2001,3,1075.00400390625,6.98007966511878,1,WC,0,NoSA,buservices,2,sufficient,40,0.025,0.425,1,less50
9800,2002,4,2195.95,7.694370033699902,1,WC,0,NoSA,buservices,5,very good,20,0.25,0.45,1,less50
9826,2017,19,1510.6190476190477,7.32027481110678,1,WC,0,NoSA,buservices,4,good,42,0.071,0.19,1,less50
9826,2018,20,2893.675675675676,7.970282833072962,1,WC,1,SA,buservices,4,good,37,0.081,0.135,1,less50
9826,2019,21,2363.974358974359,7.768099532009619,1,WC,0,NoSA,buservices,3,satisfactory,39,0.026,0.179,1,less50
9826,2020,22,1304.3947368421052,7.173494408980702,1,WC,0,NoSA,art,4,good,38,0.053,0.263,1,less50
9830,1998,0,68.59072004045758,4.2281572492029955,1,WC,0,NoSA,manufacturing,2,sufficient,112,0.071,0.304,3,less250
9830,1999,1,95.90676345038659,4.563376505475399,1,WC,0,NoSA,manufacturing,2,sufficient,97,0.082,0.268,2,less100
9830,2000,2,72.63643523185483,4.28546665863751,1,WC,0,NoSA,construction,3,satisfactory,93,0.065,0.269,2,less100
9830,2001,3,82.60336232739826,4.414050385841296,1,WC,0,NoSA,construction,1,unsatisfactory,86,0.07,0.291,2,less100
9837,2008,10,2453.4102564102564,7.80523427707832,1,WC,0,NoSA,finance,2,sufficient,78,0.487,0.821,2,less100
9837,2009,11,3883.4166666666665,8.26447062932296,1,WC,0,NoSA,finance,4,good,72,0.528,0.319,2,less100
9837,2010,12,3607.4444444444443,8.190754890514045,1,WC,0,NoSA,finance,1,unsatisfactory,72,0.431,0.319,2,less100
9837,2011,13,3691.472222222222,8.213780633676713,1,WC,0,NoSA,finance,1,unsatisfactory,72,0.431,0.306,2,less100
9837,2012,14,3786.5342465753424,8.239206432901025,1,WC,0,NoSA,finance,2,sufficient,73,0.055,0.301,2,less100
9844,2011,13,888.88,6.789962243275753,1,WC,0,NoSA,construction,4,good,25,0.04,0.28,1,less50
9844,2012,14,1054,6.960347729101308,1,WC,0,NoSA,construction,3,satisfactory,23,0.043,0.261,1,less50
9844,2013,15,1473.0416666666667,7.295084703005309,1,WC,0,NoSA,construction,4,good,24,0.042,0.292,1,less50
9844,2014,16,1476.2692307692307,7.297273394196737,1,WC,0,NoSA,construction,4,good,26,0.038,0.077,1,less50
9847,2013,15,1565.7727272727273,7.356134736562976,1,WC,0,NoSA,health,1,unsatisfactory,22,0.045,0.182,1,less50
9847,2014,16,1559.8695652173913,7.352357484707768,1,WC,0,NoSA,health,3,satisfactory,23,0.043,0.174,1,less50
9847,2017,19,1887.75,7.543140922683535,1,WC,0,NoSA,health,3,satisfactory,20,0.05,0.2,1,less50
9847,2018,20,2073.2,7.636848586315551,1,WC,0,NoSA,health,3,satisfactory,20,0.05,0.2,1,less50
9847,2019,21,1230.4347826086957,7.115122867702179,1,WC,0,NoSA,health,3,satisfactory,23,0.043,0.087,1,less50
9847,2021,23,2339.4285714285716,7.757661978285812,1,WC,0,NoSA,edu,3,satisfactory,21,0.048,0.048,1,less50
9860,2001,3,2004.779197080292,7.603289207531848,0,NoWC,1,SA,manufacturing,3,satisfactory,137,0.431,0.241,3,less250
9860,2002,4,1585.1515151515152,7.368435274898177,0,NoWC,0,NoSA,manufacturing,4,good,231,0.069,0.121,3,less250
9860,2003,5,352.47474747474746,5.864978981316662,0,NoWC,0,NoSA,manufacturing,4,good,198,0.01,0.091,3,less250
9860,2005,7,221.0268817204301,5.398284330864632,0,NoWC,0,NoSA,manufacturing,3,satisfactory,186,0.038,0.145,3,less250
9860,2006,8,1529.5568181818182,7.332733311107465,0,NoWC,0,NoSA,manufacturing,4,good,176,0.028,0.426,3,less250
9874,1998,0,406.7249391233766,6.008137131720078,0,NoWC,0,NoSA,manufacturing,2,sufficient,231,0.009,0.16,3,less250
9874,1999,1,392.31934400826447,5.972076161223055,0,NoWC,0,NoSA,manufacturing,2,sufficient,242,0.012,0.207,3,less250
9874,2002,4,446.9336099585062,6.102410060000089,0,NoWC,0,NoSA,manufacturing,1,unsatisfactory,241,0.025,0.166,3,less250
9887,2015,17,2812.3432835820895,7.941773323567146,0,NoWC,1,SA,public,3,satisfactory,67,0.284,0.657,2,less100
9887,2017,19,3696.0615384615385,8.215023082639615,0,NoWC,1,SA,public,4,good,65,0.431,0.631,2,less100
9887,2019,21,4145.386666666666,8.329751348301041,0,NoWC,0,NoSA,public,4,good,75,0.347,0.613,2,less100
9887,2020,22,3720.8354430379745,8.221703503514371,0,NoWC,1,SA,public,4,good,79,0.38,0.633,2,less100
9887,2021,23,3393.456790123457,8.12960438293278,0,NoWC,1,SA,public,3,satisfactory,81,0.222,0.654,2,less100
9949,2012,14,4577.754385964912,8.42896384812631,1,WC,0,NoSA,transcom,3,satisfactory,57,0.088,0.912,2,less100
9949,2013,15,1373.3333333333333,7.2249961536754626,1,WC,0,NoSA,transcom,2,sufficient,57,0.035,0.965,2,less100
9949,2014,16,1831.1052631578948,7.512675032458373,1,WC,0,NoSA,transcom,4,good,57,0.035,1,2,less100
9966,2006,8,1843.7727272727273,7.519569146668552,1,WC,0,NoSA,health,2,sufficient,44,0.023,1,1,less50
9966,2007,9,1767.7948717948718,7.477488213725973,1,WC,0,NoSA,health,2,sufficient,39,0.026,1,1,less50
9966,2008,10,1490.3207547169811,7.306746647394029,1,WC,0,NoSA,health,4,good,53,0.019,1,2,less100
9966,2014,16,2676.9285714285716,7.892425360844078,1,WC,0,NoSA,health,2,sufficient,42,0.024,1,1,less50
9966,2016,18,2375.0222222222224,7.772762073150114,1,WC,0,NoSA,health,2,sufficient,45,0.022,1,1,less50
9966,2017,19,2593.088888888889,7.8606050652784845,1,WC,0,NoSA,health,3,satisfactory,45,0.022,1,1,less50
9966,2018,20,2816.4418604651164,7.943229615645273,1,WC,0,NoSA,health,2,sufficient,43,0.023,1,1,less50
9966,2019,21,2975.5,7.998167371084906,1,WC,0,NoSA,health,2,sufficient,40,0.025,1,1,less50
9970,2009,11,1468.0851063829787,7.291714181869338,1,WC,0,NoSA,health,1,unsatisfactory,235,0.494,0.498,3,less250
9970,2010,12,1144.2114537444934,7.042470992048697,1,WC,0,NoSA,health,1,unsatisfactory,227,0.546,0.621,3,less250
9970,2011,13,1274.0088105726873,7.1499237517853445,1,WC,0,NoSA,health,3,satisfactory,227,0.511,0.692,3,less250
9970,2012,14,1360.4938271604938,7.215603021028512,1,WC,0,NoSA,health,4,good,243,0.387,0.617,3,less250
9970,2013,15,1300.8130081300812,7.170744738843546,1,WC,0,NoSA,health,4,good,246,0.504,0.622,3,less250
9970,2016,18,3121.18085106383,8.045966687103906,0,NoWC,0,NoSA,health,4,good,282,0.312,0.606,4,more250
9970,2017,19,3394.6701754385963,8.129961885181697,0,NoWC,0,NoSA,health,4,good,285,0.274,0.604,4,more250
9970,2018,20,3360.996527777778,8.11999279463257,0,NoWC,0,NoSA,health,5,very good,288,0.267,0.604,4,more250
9970,2019,21,3552.1672727272726,8.175313195550334,0,NoWC,0,NoSA,health,3,satisfactory,275,0.324,0.582,4,more250
10006,2005,7,2374.6521739130435,7.772606252654196,1,WC,0,NoSA,buservices,2,sufficient,23,0.652,0.87,1,less50
10006,2006,8,2238.4583333333335,7.713542663852807,1,WC,0,NoSA,buservices,4,good,24,0.75,0.875,1,less50
10006,2007,9,1676.625,7.424538123222255,1,WC,0,NoSA,buservices,4,good,48,0.312,0.917,1,less50
10006,2009,11,2157.6774193548385,7.676787653344747,1,WC,0,NoSA,manufacturing,3,satisfactory,31,0.419,0.839,1,less50
10010,2013,15,1068.267857142857,6.973793790642652,0,NoWC,0,NoSA,manufacturing,4,good,56,0.679,0.75,2,less100
10010,2014,16,898.4150943396227,6.8006322046406416,0,NoWC,1,SA,manufacturing,3,satisfactory,53,0.83,0.774,2,less100
10010,2015,17,2458.9411764705883,7.807486120201958,0,NoWC,0,NoSA,manufacturing,3,satisfactory,51,0.922,0.627,2,less100
10010,2016,18,2085.75,7.642883781782184,0,NoWC,0,NoSA,manufacturing,3,satisfactory,60,0.817,0.617,2,less100
10010,2017,19,2364.0588235294117,7.768135261266077,0,NoWC,1,SA,manufacturing,4,good,68,0.676,0.588,2,less100
10010,2018,20,2347.9384615384615,7.761292971719716,0,NoWC,1,SA,manufacturing,4,good,65,0.708,0.615,2,less100
10010,2019,21,2707.7096774193546,7.903858419060088,0,NoWC,1,SA,manufacturing,4,good,62,0.71,0.565,2,less100
10026,2015,17,1906.4074074074074,7.552975811324302,0,NoWC,0,NoSA,construction,4,good,27,0.074,0.222,1,less50
10026,2017,19,1803.642857142857,7.497563708264427,0,NoWC,0,NoSA,construction,4,good,28,0.071,0.5,1,less50
10026,2018,20,1812.8666666666666,7.5026646651197515,0,NoWC,0,NoSA,construction,4,good,30,0.067,0.5,1,less50
10026,2019,21,1736.3636363636363,7.459548341236351,0,NoWC,0,NoSA,construction,4,good,33,0.061,0.455,1,less50
10026,2020,22,1713.8529411764705,7.446499296863319,0,NoWC,0,NoSA,wholesretail,4,good,34,0.176,0.471,1,less50
10026,2021,23,1765.7878787878788,7.476352260013,0,NoWC,0,NoSA,wholesretail,4,good,33,0.152,0.455,1,less50
10035,1999,1,5143.172707100592,8.545425426214507,0,NoWC,0,NoSA,manufacturing,4,good,169,0.278,0.609,3,less250
10035,2000,2,4172.141666666666,8.336184772079788,0,NoWC,0,NoSA,manufacturing,4,good,150,0.24,0.587,3,less250
10035,2001,3,4320.934503424657,8.371226978081497,0,NoWC,0,NoSA,manufacturing,3,satisfactory,146,0.226,0.685,3,less250
10035,2002,4,4341.085271317829,8.37587965834966,0,NoWC,0,NoSA,manufacturing,2,sufficient,129,0.233,0.667,3,less250
10049,2015,17,1087.3030303030303,6.991455624997917,1,WC,0,NoSA,health,5,very good,33,0.636,0.909,1,less50
10049,2016,18,1239.638888888889,7.122575397548708,1,WC,0,NoSA,health,5,very good,36,0.806,0.944,1,less50
10049,2017,19,3159.4736842105262,8.058160737079449,1,WC,0,NoSA,health,4,good,38,0.658,0.895,1,less50
10049,2018,20,2949.128205128205,7.989264881972782,1,WC,0,NoSA,health,5,very good,39,0.385,0.872,1,less50
10049,2019,21,3394.2571428571428,8.129840206877423,1,WC,0,NoSA,health,5,very good,35,0.286,0.857,1,less50
10063,1999,1,2006.379408713693,7.6040870875837525,0,NoWC,0,NoSA,edu,4,good,241,0.012,0.49,3,less250
10063,2001,3,1310.3484011627907,7.178048335921512,0,NoWC,0,NoSA,edu,2,sufficient,215,0.493,0.433,3,less250
10063,2002,4,1271.4835680751173,7.147939661518832,0,NoWC,0,NoSA,edu,2,sufficient,213,0.286,0.577,3,less250
10063,2005,7,93.79797979797979,4.541143318445277,0,NoWC,0,NoSA,edu,4,good,792,0.071,0.275,4,more250
10094,1999,1,824.664314516129,6.714976412036274,0,NoWC,0,NoSA,public,3,satisfactory,1054,0.001,0.699,4,more250
10094,2001,3,665.4603771097046,6.500479097534811,0,NoWC,0,NoSA,public,3,satisfactory,948,0.003,0.589,4,more250
10094,2004,6,429.6029246344207,6.062861350979723,0,NoWC,0,NoSA,public,3,satisfactory,889,0.007,0.541,4,more250
10096,1998,0,1947.7717461340205,7.574441303894642,0,NoWC,0,NoSA,manufacturing,1,unsatisfactory,194,0.005,0.139,3,less250
10096,1999,1,1403.7642045454545,7.246912625000889,0,NoWC,1,SA,manufacturing,3,satisfactory,187,0.005,0.134,3,less250
10096,2000,2,1267.255892857143,7.144609127455786,0,NoWC,0,NoSA,wholesretail,3,satisfactory,175,0.006,0.143,3,less250
10096,2001,3,1738.9727182539682,7.46104982605064,0,NoWC,0,NoSA,wholesretail,3,satisfactory,126,0.008,0.127,3,less250
10096,2002,4,1557.2704918032787,7.350689883015908,0,NoWC,0,NoSA,wholesretail,3,satisfactory,122,0.016,0.131,3,less250
10110,1998,0,553.6549609375,6.31654167852572,1,WC,0,NoSA,manufacturing,3,satisfactory,200,0.005,0.145,3,less250
10110,1999,1,708.5404005524862,6.563207080162008,1,WC,0,NoSA,manufacturing,3,satisfactory,181,0.017,0.138,3,less250
10110,2000,2,875.0063374125874,6.774231129088628,1,WC,0,NoSA,manufacturing,2,sufficient,143,0.021,0.049,3,less250
10110,2002,4,993.0915492957746,6.90082285445389,1,WC,0,NoSA,manufacturing,3,satisfactory,142,0.021,0.092,3,less250
10110,2003,5,853.3507462686567,6.749170654380886,1,WC,0,NoSA,manufacturing,2,sufficient,134,0.007,0.052,3,less250
10132,2013,15,749.2222222222222,6.619035631398362,1,WC,0,NoSA,resthotels,3,satisfactory,63,0.143,0.032,2,less100
10132,2014,16,518.6984126984127,6.251322621199236,1,WC,0,NoSA,resthotels,4,good,63,0.19,0.095,2,less100
10132,2015,17,547.5079365079365,6.305376957490498,1,WC,0,NoSA,resthotels,4,good,63,0.206,0.111,2,less100
10132,2016,18,1000.0338983050848,6.907789176712687,1,WC,0,NoSA,resthotels,4,good,59,0.22,0.085,2,less100
10132,2017,19,608.2680412371134,6.410615642115024,1,WC,0,NoSA,resthotels,3,satisfactory,97,0.134,0.124,2,less100
10132,2018,20,621.5045045045046,6.432143158719359,1,WC,0,NoSA,resthotels,5,very good,111,0.126,0.18,3,less250
10141,2009,11,600.9560439560439,6.398521793684181,0,NoWC,0,NoSA,manufacturing,2,sufficient,91,0.132,0.462,2,less100
10141,2010,12,1144.3962264150944,7.042632463735264,0,NoWC,0,NoSA,manufacturing,1,unsatisfactory,53,0.623,0.057,2,less100
10141,2012,14,1551.1333333333334,7.346741125525083,0,NoWC,0,NoSA,manufacturing,2,sufficient,75,0.427,0.067,2,less100
10141,2013,15,2351.9423076923076,7.762996779675289,0,NoWC,0,NoSA,manufacturing,2,sufficient,52,0.519,0.019,2,less100
10147,2003,5,2496.6363636363635,7.822699650374181,1,WC,0,NoSA,buservices,2,sufficient,99,0.222,0.111,2,less100
10147,2004,6,2631.84,7.875438500323848,1,WC,0,NoSA,buservices,2,sufficient,100,0.22,0.14,2,less100
10147,2005,7,2660.3979591836733,7.8862309993011435,0,NoWC,0,NoSA,buservices,3,satisfactory,98,0.184,0.122,2,less100
10147,2006,8,2566.381443298969,7.850252187011301,1,WC,0,NoSA,buservices,2,sufficient,97,0.299,0.175,2,less100
10150,2009,11,5905.622222222222,8.683660095175425,1,WC,0,NoSA,public,4,good,45,0.356,0.556,1,less50
10150,2010,12,4561.829787234043,8.425479091151777,1,WC,0,NoSA,health,3,satisfactory,47,0.255,0.766,1,less50
10150,2011,13,5236.666666666667,8.563440442581557,1,WC,0,NoSA,health,3,satisfactory,45,0.289,0.711,1,less50
10150,2013,15,3280.6323529411766,8.09579147332733,1,WC,0,NoSA,health,4,good,68,0.235,0.603,2,less100
10150,2014,16,3157.7763157894738,8.057623361334654,1,WC,0,NoSA,health,4,good,76,0.211,0.803,2,less100
10150,2015,17,3030.721518987342,8.01655599523447,1,WC,0,NoSA,health,4,good,79,0.177,0.709,2,less100
10172,1999,1,1957.6861795774648,7.579518534237461,1,WC,0,NoSA,public,3,satisfactory,71,0.028,0.056,2,less100
10172,2000,2,1323.76875,7.188238061121252,1,WC,0,NoSA,public,3,satisfactory,75,0.053,0.04,2,less100
10172,2001,3,1423.0547916666667,7.260561101682147,1,WC,0,NoSA,public,4,good,75,0.013,0.04,2,less100
10172,2002,4,1378.9565217391305,7.22908234846314,0,NoWC,0,NoSA,public,4,good,69,0.058,0.116,2,less100
10172,2003,5,2113.1323529411766,7.6559266531088275,0,NoWC,0,NoSA,public,4,good,68,0.059,0.044,2,less100
10172,2004,6,2868.5757575757575,7.961570933864269,0,NoWC,0,NoSA,public,4,good,66,0.136,0.076,2,less100
10172,2005,7,1618.1666666666667,7.38904910014209,0,NoWC,0,NoSA,public,3,satisfactory,66,0.03,0.061,2,less100
10172,2006,8,2942.121212121212,7.98688610089771,0,NoWC,0,NoSA,public,2,sufficient,66,0.03,0.061,2,less100
10172,2007,9,2391.0298507462685,7.779479452008694,0,NoWC,0,NoSA,public,3,satisfactory,67,0.03,0.06,2,less100
10172,2008,10,2035.758064516129,7.61862354178659,0,NoWC,0,NoSA,public,4,good,62,0.016,0.065,2,less100
10172,2009,11,2517.1481481481483,7.830881852421129,0,NoWC,0,NoSA,public,4,good,81,0.012,0.123,2,less100
10172,2010,12,2008,7.60489448081162,0,NoWC,0,NoSA,public,1,unsatisfactory,88,0.045,0.148,2,less100
10172,2011,13,2157.5555555555557,7.676731172593871,0,NoWC,0,NoSA,public,3,satisfactory,90,0.011,0.122,2,less100
10172,2012,14,2140.1612903225805,7.668636474485391,0,NoWC,0,NoSA,public,4,good,93,0.022,0.14,2,less100
10172,2013,15,3042.16,8.02032306841174,0,NoWC,0,NoSA,public,3,satisfactory,75,0.053,0.133,2,less100
10172,2014,16,2647.909090909091,7.881525585239884,0,NoWC,0,NoSA,public,4,good,88,0.045,0.148,2,less100
10172,2015,17,2502.319587628866,7.824973415734963,0,NoWC,0,NoSA,public,3,satisfactory,97,0.01,0.175,2,less100
10172,2016,18,2674.9285714285716,7.891677956703902,0,NoWC,0,NoSA,public,1,unsatisfactory,98,0.041,0.184,2,less100
10172,2017,19,2404.9816513761466,7.78529755314533,0,NoWC,0,NoSA,public,1,unsatisfactory,109,0.018,0.229,3,less250
10172,2018,20,1794.9411764705883,7.492727529616931,0,NoWC,0,NoSA,public,1,unsatisfactory,119,0.008,0.193,3,less250
10181,2013,15,2571.810810810811,7.8523655254245215,1,WC,0,NoSA,transcom,4,good,37,0.865,0.027,1,less50
10181,2014,16,2911.842105263158,7.97654118575281,1,WC,0,NoSA,transcom,4,good,38,0.974,0.026,1,less50
10181,2015,17,2843.837837837838,7.9529097702531235,1,WC,0,NoSA,transcom,4,good,37,0.351,0.027,1,less50
10181,2016,18,4178.081081081081,8.337607348601512,1,WC,1,SA,transcom,5,very good,37,0.541,0.108,1,less50
10181,2017,19,2708.6976744186045,7.9042232354212025,1,WC,0,NoSA,transcom,4,good,43,0.628,0.023,1,less50
10181,2019,21,2685.9777777777776,7.8958001036974235,1,WC,1,SA,transcom,4,good,45,0.733,0.022,1,less50
10181,2020,22,2197.6222222222223,7.695131246771357,1,WC,0,NoSA,transcom,4,good,45,0.689,0.022,1,less50
10181,2021,23,2555.3488372093025,7.8459440245156475,1,WC,1,SA,transcom,4,good,43,0.93,0.023,1,less50
10187,2008,10,2199.6153846153848,7.69603779888788,0,NoWC,0,NoSA,wholesretail,2,sufficient,26,0.154,0.154,1,less50
10187,2009,11,2581.5,7.856125904319704,0,NoWC,0,NoSA,wholesretail,2,sufficient,24,0.167,0.125,1,less50
10187,2010,12,1588.6,7.370608404199031,0,NoWC,0,NoSA,wholesretail,3,satisfactory,30,0.233,0.1,1,less50
10187,2011,13,1401.7058823529412,7.245445261245026,0,NoWC,0,NoSA,wholesretail,2,sufficient,34,0.206,0.118,1,less50
10187,2012,14,2085.0625,7.6425541098028145,0,NoWC,0,NoSA,wholesretail,2,sufficient,32,0.219,0.125,1,less50
10187,2014,16,2060.891891891892,7.630894125313763,0,NoWC,0,NoSA,wholesretail,3,satisfactory,37,0.216,0.189,1,less50
10187,2015,17,2077.4102564102564,7.638877327919415,0,NoWC,0,NoSA,wholesretail,3,satisfactory,39,0.256,0.179,1,less50
10187,2016,18,2199.6153846153848,7.69603779888788,0,NoWC,0,NoSA,wholesretail,2,sufficient,39,0.154,0.179,1,less50
10187,2017,19,1985.7708333333333,7.593762446876227,0,NoWC,0,NoSA,wholesretail,4,good,48,0.083,0.146,1,less50
10187,2019,21,1264.408163265306,7.142359436557022,0,NoWC,0,NoSA,wholesretail,4,good,49,0.082,0.224,1,less50
10218,2000,2,1074.5625,6.979668880980066,0,NoWC,0,NoSA,public,2,sufficient,198,0.015,0.586,3,less250
10218,2001,3,1255.6963488520407,7.13544555733125,0,NoWC,1,SA,public,2,sufficient,196,0.015,0.413,3,less250
10218,2002,4,1260.1386138613861,7.138977004895858,1,WC,1,SA,public,3,satisfactory,202,0.015,0.277,3,less250
10220,2019,21,1615.9130434782608,7.387655427904447,1,WC,0,NoSA,manufacturing,1,unsatisfactory,23,0.043,0.217,1,less50
10220,2020,22,1800.5652173913043,7.495855904255376,1,WC,0,NoSA,manufacturing,3,satisfactory,23,0.087,0.13,1,less50
10220,2021,23,1477.391304347826,7.298033179296773,1,WC,0,NoSA,manufacturing,2,sufficient,23,0.087,0.13,1,less50
10223,2011,13,699.3571428571429,6.5501615457388125,0,NoWC,1,SA,manufacturing,4,good,56,0.143,0.196,2,less100
10223,2012,14,534.0545454545454,6.28049797878971,0,NoWC,1,SA,manufacturing,4,good,55,0.109,0.2,2,less100
10223,2014,16,391.6363636363636,5.970333765477909,1,WC,0,NoSA,manufacturing,4,good,55,0.127,0.218,2,less100
10225,2000,2,3077.4919871794873,8.031870254376742,0,NoWC,0,NoSA,public,3,satisfactory,39,0.256,0.077,1,less50
10225,2001,3,1236.948482789855,7.1204027246293995,0,NoWC,0,NoSA,public,3,satisfactory,69,0.116,0.029,2,less100
10225,2002,4,1912.7166666666667,7.556279849044239,0,NoWC,0,NoSA,public,3,satisfactory,60,0.133,0.033,2,less100
10225,2004,6,1132.2713178294573,7.031980910105809,0,NoWC,0,NoSA,public,3,satisfactory,129,0.047,0.023,3,less250
10225,2005,7,1094.3776223776224,6.997941099270367,0,NoWC,1,SA,public,4,good,143,0.021,0.035,3,less250
10225,2006,8,639.6130653266332,6.460863408091115,0,NoWC,1,SA,public,4,good,199,0.02,0.025,3,less250
10225,2007,9,587.7746478873239,6.376343622546544,0,NoWC,0,NoSA,public,4,good,213,0.019,0.155,3,less250
10225,2008,10,613.7058823529412,6.419515794411753,0,NoWC,0,NoSA,public,5,very good,187,0.016,0.027,3,less250
10225,2009,11,1227.9557522123894,7.113106075657571,0,NoWC,0,NoSA,public,4,good,113,0.027,0.044,3,less250
10276,2015,17,3172.950980392157,8.062417342485654,0,NoWC,0,NoSA,health,4,good,510,0.414,0.524,4,more250
10276,2016,18,2963.283582089552,7.994053250752747,0,NoWC,0,NoSA,health,4,good,603,0.362,0.491,4,more250
10276,2017,19,2898.550724637681,7.971966140932914,0,NoWC,0,NoSA,health,4,good,552,0.362,0.525,4,more250
10276,2018,20,3187.9194630872485,8.06712377707132,0,NoWC,0,NoSA,health,5,very good,596,0.435,0.545,4,more250
10276,2019,21,2937.464,7.9853019030581684,0,NoWC,0,NoSA,health,1,unsatisfactory,625,0.421,0.555,4,more250
10293,2019,21,1639.4448,7.402112926916432,1,WC,1,SA,health,4,good,625,0.037,0.555,4,more250
10293,2020,22,1662.5762962962963,7.41612366398603,1,WC,1,SA,buservices,3,satisfactory,675,0.039,0.526,4,more250
10293,2021,23,1232.5126300148588,7.116810153340899,1,WC,1,SA,buservices,2,sufficient,673,0.037,0.473,4,more250
10329,2018,20,3050.961409395973,8.02321203612667,0,NoWC,0,NoSA,public,3,satisfactory,596,0.03,0.545,4,more250
10329,2019,21,1934.088,7.567391176529265,0,NoWC,0,NoSA,public,3,satisfactory,625,0.059,0.555,4,more250
10329,2020,22,1743.0720858895706,7.463404402031191,0,NoWC,0,NoSA,buservices,2,sufficient,652,0.064,0.544,4,more250
10329,2021,23,2084.4702290076334,7.64227001514049,0,NoWC,0,NoSA,buservices,3,satisfactory,655,0.06,0.485,4,more250
10349,2006,8,1344.2622950819673,7.203600662073079,1,WC,0,NoSA,health,3,satisfactory,366,0.117,0.295,4,more250
10349,2007,9,1104.5313351498637,7.007176392896728,1,WC,0,NoSA,health,3,satisfactory,367,0.447,0.414,4,more250
10349,2008,10,1018.5803814713896,6.926165153977755,0,NoWC,0,NoSA,health,4,good,367,0.531,0.414,4,more250
10355,1999,1,1843.6360887096773,7.519495035784768,0,NoWC,0,NoSA,construction,1,unsatisfactory,31,0.032,0.226,1,less50
10355,2000,2,3001.970458984375,8.007024171700078,0,NoWC,0,NoSA,construction,2,sufficient,32,0.125,0.219,1,less50
10355,2004,6,6214.448275862069,8.734632227013439,0,NoWC,0,NoSA,construction,1,unsatisfactory,29,0.138,0.276,1,less50
10357,2002,4,716.8235294117648,6.574829686752223,1,WC,0,NoSA,wholesretail,5,very good,119,0.042,0.613,3,less250
10357,2004,6,949.918918918919,6.856376632445794,1,WC,0,NoSA,wholesretail,1,unsatisfactory,111,0.126,0.631,3,less250
10357,2005,7,1003.5545454545454,6.911303521970508,1,WC,0,NoSA,wholesretail,3,satisfactory,110,0.045,0.7,3,less250
10357,2006,8,1225.4375,7.111053202075641,1,WC,0,NoSA,wholesretail,2,sufficient,96,0.188,0.698,2,less100
10357,2008,10,1200.5416666666667,7.090528122819663,1,WC,0,NoSA,wholesretail,3,satisfactory,96,0.312,0.542,2,less100
10357,2009,11,1196.21875,7.086920819123959,1,WC,0,NoSA,wholesretail,4,good,96,0.031,0.552,2,less100
10385,2007,9,744.4074074074074,6.612588475561423,1,WC,0,NoSA,wholesretail,4,good,27,0.074,0.926,1,less50
10385,2008,10,1366.6,7.220081182346678,1,WC,0,NoSA,wholesretail,4,good,30,0.033,0.9,1,less50
10385,2009,11,1139.9333333333334,7.038725060146383,1,WC,0,NoSA,wholesretail,5,very good,30,0.033,0.933,1,less50
10385,2010,12,1203.2666666666667,7.0927953594620385,1,WC,0,NoSA,wholesretail,4,good,30,0.1,0.933,1,less50
10385,2011,13,1142.7857142857142,7.041224169653454,1,WC,0,NoSA,wholesretail,4,good,28,0.107,0.929,1,less50
10385,2013,15,660.6333333333333,6.493198970862192,1,WC,0,NoSA,wholesretail,4,good,30,0.2,0.933,1,less50
10385,2014,16,1268.896551724138,7.145902944867565,1,WC,0,NoSA,wholesretail,3,satisfactory,29,0.172,0.931,1,less50
10385,2015,17,1266.6,7.14409142408233,1,WC,0,NoSA,wholesretail,4,good,30,0.067,0.933,1,less50
10385,2017,19,1272.6666666666667,7.148869715617583,1,WC,0,NoSA,wholesretail,3,satisfactory,33,0.303,0.939,1,less50
10388,2010,12,2219.222222222222,7.704912063128952,1,WC,0,NoSA,manufacturing,3,satisfactory,45,0.267,0.133,1,less50
10388,2011,13,1319.65,7.185121828906387,0,NoWC,0,NoSA,manufacturing,4,good,80,0.112,0.15,2,less100
10388,2012,14,1761.2962962962963,7.4738053489121565,0,NoWC,0,NoSA,manufacturing,3,satisfactory,81,0.099,0.148,2,less100
10388,2013,15,2204.205479452055,7.69812239616854,0,NoWC,0,NoSA,manufacturing,4,good,73,0.151,0.164,2,less100
10388,2015,17,3591.1944444444443,8.186240140475114,0,NoWC,0,NoSA,manufacturing,4,good,36,0.278,0.278,1,less50
10388,2016,18,3982.5,8.289665041784204,0,NoWC,0,NoSA,manufacturing,4,good,36,0.361,0.222,1,less50
10424,2017,19,1472.6759259259259,7.294836382702277,1,WC,0,NoSA,health,4,good,108,0.019,0.065,3,less250
10424,2018,20,1349.712643678161,7.207646992240612,1,WC,0,NoSA,health,3,satisfactory,87,0.011,0.126,2,less100
10424,2019,21,1916.6461538461538,7.558332142724879,1,WC,0,NoSA,health,3,satisfactory,65,0.169,0.077,2,less100
10479,2008,10,965.9405684754522,6.873102309002544,0,NoWC,0,NoSA,transcom,2,sufficient,387,0.07,0.561,4,more250
10479,2010,12,664.2864450127877,6.498713449544734,0,NoWC,0,NoSA,construction,2,sufficient,391,0.09,0.488,4,more250
10479,2011,13,876.3636363636364,6.775781114806221,0,NoWC,0,NoSA,construction,3,satisfactory,330,0.121,0.5,4,more250
10485,2007,9,1664.2285714285715,7.4171169745851335,1,WC,0,NoSA,finance,3,satisfactory,35,0.086,0.286,1,less50
10485,2008,10,2157.3333333333335,7.676628170070218,1,WC,0,NoSA,finance,3,satisfactory,30,0.033,0.267,1,less50
10485,2011,13,2542.766666666667,7.841008006067517,1,WC,0,NoSA,finance,3,satisfactory,30,0.133,0.267,1,less50
10485,2012,14,2311.4285714285716,7.745621041557169,1,WC,1,SA,finance,3,satisfactory,28,0.107,0.286,1,less50
10485,2013,15,1858.9,7.527740193913099,1,WC,1,SA,finance,3,satisfactory,30,0.133,0.267,1,less50
10485,2014,16,2405.866666666667,7.785665477986022,1,WC,1,SA,finance,3,satisfactory,30,0.033,0.333,1,less50
10500,2002,4,148.56578947368422,5.0010278868941915,1,WC,0,NoSA,wholesretail,3,satisfactory,76,0.171,0.539,2,less100
10500,2003,5,173.7536231884058,5.157638337110394,1,WC,0,NoSA,wholesretail,2,sufficient,69,0.072,0.522,2,less100
10500,2005,7,185.56923076923076,5.223428024115295,1,WC,0,NoSA,wholesretail,3,satisfactory,65,0.108,0.508,2,less100
10500,2006,8,197.56896551724137,5.286087715880029,1,WC,0,NoSA,wholesretail,3,satisfactory,58,0.086,0.517,2,less100
10500,2007,9,371.6530612244898,5.917960787985193,1,WC,0,NoSA,wholesretail,3,satisfactory,49,0.082,0.49,1,less50
10500,2008,10,258.4117647058824,5.554554299919563,1,WC,1,SA,wholesretail,3,satisfactory,51,0.098,0.471,2,less100
10500,2009,11,239.84,5.4799720343542875,1,WC,1,SA,wholesretail,3,satisfactory,50,0.08,0.48,1,less50
10509,2008,10,3461.287037037037,8.149395774908106,1,WC,1,SA,manufacturing,4,good,108,0.204,0.083,3,less250
10509,2009,11,2974.137931034483,7.9977095049071325,1,WC,0,NoSA,manufacturing,5,very good,116,0.095,0.103,3,less250
10509,2010,12,1641.3840579710145,7.403295102690187,1,WC,0,NoSA,manufacturing,2,sufficient,138,0.08,0.087,3,less250
10509,2012,14,1470.8306010928961,7.293582554957823,1,WC,0,NoSA,manufacturing,3,satisfactory,183,0.137,0.098,3,less250
10509,2013,15,1568.6274509803923,7.357956280931693,1,WC,0,NoSA,manufacturing,5,very good,204,0.088,0.088,3,less250
10527,2016,18,1979.3428571428572,7.590520178268905,1,WC,0,NoSA,resthotels,4,good,70,0.086,0.543,2,less100
10527,2017,19,1908.8923076923077,7.5542784091917365,1,WC,0,NoSA,resthotels,4,good,65,0.092,0.462,2,less100
10527,2018,20,3022.4153846153845,8.013811586932604,1,WC,0,NoSA,resthotels,4,good,65,0.092,0.462,2,less100
10527,2019,21,2363.3968253968255,7.767855195968346,1,WC,0,NoSA,resthotels,5,very good,63,0.159,0.46,2,less100
10527,2020,22,2712.098360655738,7.905477917080963,1,WC,0,NoSA,finance,4,good,61,0.082,0.475,2,less100
10539,2001,3,1290.2056790865386,7.162556925798683,1,WC,0,NoSA,buservices,2,sufficient,26,0.115,0.308,1,less50
10539,2002,4,251.73103448275862,5.528361194034984,1,WC,0,NoSA,buservices,2,sufficient,145,0.014,0.255,3,less250
10539,2003,5,367.64285714285717,5.907111970037496,1,WC,0,NoSA,buservices,3,satisfactory,112,0.027,0.125,3,less250
10539,2004,6,408.53684210526313,6.012582098985471,1,WC,0,NoSA,buservices,2,sufficient,95,0.021,0.095,2,less100
10539,2006,8,616.0370370370371,6.423307086786206,1,WC,0,NoSA,buservices,2,sufficient,54,0.074,0.259,2,less100
10543,2017,19,1395.2727272727273,7.240845178568472,1,WC,0,NoSA,construction,4,good,33,0.061,0.727,1,less50
10543,2019,21,1654.5757575757575,7.411299915117113,1,WC,0,NoSA,construction,4,good,33,0.061,0.758,1,less50
10543,2020,22,2051.5714285714284,7.626361329005305,1,WC,0,NoSA,construction,3,satisfactory,35,0.114,0.743,1,less50
10555,2015,17,1652.3255813953488,7.409939017831684,0,NoWC,0,NoSA,manufacturing,5,very good,43,0.326,0.977,1,less50
10555,2016,18,1764.7777777777778,7.475780056498936,0,NoWC,0,NoSA,manufacturing,5,very good,45,0.244,0.956,1,less50
10555,2017,19,2726.021276595745,7.9105984172868204,0,NoWC,0,NoSA,manufacturing,4,good,47,0.128,0.957,1,less50
10555,2018,20,2705.9841269841268,7.903220942854005,0,NoWC,0,NoSA,manufacturing,5,very good,63,0.206,0.857,2,less100
10555,2019,21,3888.3492063492063,8.265739977994915,0,NoWC,0,NoSA,manufacturing,5,very good,63,0.159,0.952,2,less100
10555,2020,22,4937.7169811320755,8.504658353789537,0,NoWC,0,NoSA,manufacturing,4,good,53,0.113,0.962,2,less100
10588,2016,18,2763.4285714285716,7.924227423799261,0,NoWC,0,NoSA,wholesretail,4,good,21,0.238,0.619,1,less50
10588,2018,20,3385.15,8.127153497510811,0,NoWC,0,NoSA,wholesretail,5,very good,20,0.3,0.75,1,less50
10588,2019,21,2533.1428571428573,7.837216046809631,0,NoWC,0,NoSA,wholesretail,3,satisfactory,21,0.286,0.429,1,less50
10599,2002,4,461.23809523809524,6.133914385239751,1,WC,0,NoSA,manufacturing,2,sufficient,42,0.048,0.119,1,less50
10599,2004,6,764.6842105263158,6.639462951904898,1,WC,0,NoSA,manufacturing,2,sufficient,38,0.053,0.105,1,less50
10599,2005,7,1047.1351351351352,6.9538132714388405,1,WC,0,NoSA,manufacturing,2,sufficient,37,0.054,0.108,1,less50
10599,2006,8,1076.2222222222222,6.981212245626955,1,WC,0,NoSA,manufacturing,2,sufficient,36,0.25,0.083,1,less50
10599,2008,10,1130.0277777777778,7.029997493508479,1,WC,0,NoSA,manufacturing,4,good,36,0.028,0.083,1,less50
10599,2009,11,1305.9375,7.174676452642235,1,WC,0,NoSA,transcom,1,unsatisfactory,32,0.094,0.062,1,less50
10599,2010,12,968.6129032258065,6.875865051401982,1,WC,0,NoSA,transcom,1,unsatisfactory,31,0.097,0.065,1,less50
10599,2011,13,1156.0645161290322,7.052776857475215,1,WC,0,NoSA,transcom,3,satisfactory,31,0.097,0.065,1,less50
10599,2012,14,1178.4666666666667,7.0719694374336735,1,WC,0,NoSA,transcom,3,satisfactory,30,0.133,0.067,1,less50
10599,2013,15,1226.9,7.112245941797137,1,WC,0,NoSA,transcom,4,good,30,0.067,0.067,1,less50
10599,2014,16,1234.1935483870968,7.118173038509098,1,WC,0,NoSA,transcom,4,good,31,0.065,0.065,1,less50
10599,2015,17,1504.5666666666666,7.3162602065982885,1,WC,0,NoSA,construction,4,good,30,0.067,0.067,1,less50
10599,2016,18,968.6,6.875851729969129,1,WC,0,NoSA,construction,4,good,40,0.025,0.05,1,less50
10599,2018,20,1400.9268292682927,7.244889317470101,1,WC,0,NoSA,construction,5,very good,41,0.024,0.049,1,less50
10599,2019,21,1624.4565217391305,7.392928590663043,1,WC,0,NoSA,construction,4,good,46,0.022,0.022,1,less50
10602,1998,0,2368.7528582317073,7.770118875471362,1,WC,0,NoSA,public,3,satisfactory,41,0.122,0.878,1,less50
10602,1999,1,2253.9832589285716,7.7204542672999885,1,WC,0,NoSA,public,3,satisfactory,49,0.163,0.918,1,less50
10602,2000,2,1555.0779587765958,7.349280957618131,1,WC,0,NoSA,public,3,satisfactory,47,0.191,0.957,1,less50
10602,2001,3,2346.0627604166666,7.7604937809513554,1,WC,0,NoSA,public,3,satisfactory,30,0.267,0.867,1,less50
10603,2005,7,2591.894472361809,7.86014434382,0,NoWC,0,NoSA,buservices,5,very good,199,0.101,0.312,3,less250
10603,2006,8,2120.689655172414,7.659496623808136,0,NoWC,0,NoSA,buservices,3,satisfactory,232,0.073,0.28,3,less250
10603,2007,9,1559.0884615384616,7.351856609935771,0,NoWC,0,NoSA,buservices,5,very good,260,0.069,0.265,4,more250
10618,2015,17,1903.6,7.551502109246956,1,WC,0,NoSA,health,3,satisfactory,20,0.55,0.05,1,less50
10618,2016,18,2418.05,7.790716709207431,1,WC,0,NoSA,health,3,satisfactory,20,0.55,0.05,1,less50
10618,2017,19,2418.05,7.790716709207431,1,WC,0,NoSA,health,3,satisfactory,20,0.35,0.05,1,less50
10651,2017,19,5023.621621621622,8.521906391144109,0,NoWC,0,NoSA,public,3,satisfactory,74,0.041,0.203,2,less100
10651,2018,20,6714.916666666667,8.812086698853031,0,NoWC,0,NoSA,public,3,satisfactory,72,0.056,0.194,2,less100
10651,2019,21,5020.294871794872,8.521243950362052,0,NoWC,0,NoSA,public,5,very good,78,0.051,0.192,2,less100
10736,1998,0,1742.0506814310052,7.46281825080726,0,NoWC,0,NoSA,mining,4,good,587,0.174,0.583,4,more250
10736,1999,1,1594.855389908257,7.374538346474337,0,NoWC,1,SA,mining,3,satisfactory,545,0.138,0.55,4,more250
10736,2000,2,1210.4859767891683,7.098777191667614,0,NoWC,0,NoSA,construction,4,good,517,0.184,0.571,4,more250
10736,2001,3,1350.8703158458245,7.208504342120936,0,NoWC,0,NoSA,construction,2,sufficient,467,0.176,0.527,4,more250
10736,2002,4,1201.716738197425,7.091506428585686,0,NoWC,0,NoSA,mining,3,satisfactory,466,0.172,0.515,4,more250
10736,2003,5,1135.9624060150377,7.03523550543688,0,NoWC,0,NoSA,mining,4,good,399,0.193,0.576,4,more250
10736,2004,6,1288.659793814433,7.1613580377810555,0,NoWC,0,NoSA,mining,1,unsatisfactory,388,0.26,0.49,4,more250
10736,2005,7,1394.0189189189189,7.239946162906222,0,NoWC,0,NoSA,mining,2,sufficient,370,0.265,0.484,4,more250
10750,1998,0,1755.5239762931035,7.470522653329577,0,NoWC,0,NoSA,manufacturing,1,unsatisfactory,464,0.241,0.168,4,more250
10750,1999,1,1600.5448684210526,7.378099393019505,0,NoWC,0,NoSA,manufacturing,1,unsatisfactory,475,0.234,0.185,4,more250
10750,2000,2,1378.4609030837005,7.228722868134695,0,NoWC,0,NoSA,manufacturing,1,unsatisfactory,454,0.236,0.236,4,more250
10750,2001,3,1365.4901244588746,7.2192687087080945,0,NoWC,0,NoSA,manufacturing,1,unsatisfactory,462,0.251,0.126,4,more250
10750,2002,4,1214.7505422993493,7.102294019714684,0,NoWC,0,NoSA,manufacturing,1,unsatisfactory,461,0.206,0.171,4,more250
10802,2014,16,706.4135338345865,6.560200807988705,1,WC,0,NoSA,wholesretail,4,good,266,0.004,0.053,4,more250
10802,2015,17,4656.069767441861,8.445926973715215,1,WC,0,NoSA,wholesretail,2,sufficient,43,0.047,0.116,1,less50
10802,2016,18,691.8181818181819,6.539323178057361,1,WC,0,NoSA,wholesretail,2,sufficient,308,0.003,0.045,4,more250
10802,2017,19,648.4875776397515,6.474642848044504,1,WC,0,NoSA,wholesretail,2,sufficient,322,0.012,0.065,4,more250
10802,2018,20,653.042735042735,6.481642571304634,1,WC,0,NoSA,wholesretail,3,satisfactory,351,0.009,0.06,4,more250
10818,2000,2,2390.096920289855,7.779089196525862,0,NoWC,0,NoSA,transcom,4,good,138,0.246,0.094,3,less250
10818,2001,3,2050.9152298850577,7.626041426104164,0,NoWC,0,NoSA,transcom,4,good,174,0.201,0.115,3,less250
10818,2002,4,1845.6797752808989,7.520602930503249,0,NoWC,0,NoSA,transcom,4,good,178,0.247,0.09,3,less250
10826,2002,4,2757.576923076923,7.922107646686686,0,NoWC,0,NoSA,resthotels,4,good,26,0.038,0.885,1,less50
10826,2003,5,3483.1153846153848,8.155682397757388,0,NoWC,0,NoSA,resthotels,4,good,26,0.038,0.962,1,less50
10826,2004,6,3756.5384615384614,8.231253190420041,0,NoWC,0,NoSA,resthotels,4,good,26,0.038,0.962,1,less50
10836,1998,0,1694.0689102564102,7.434888553402582,0,NoWC,1,SA,public,4,good,312,0.202,0.881,4,more250
10836,1999,1,1441.311677631579,7.2733088652081666,0,NoWC,0,NoSA,public,1,unsatisfactory,304,0.51,0.875,4,more250
10836,2000,2,1246.4386535234898,7.1280456867693545,0,NoWC,0,NoSA,public,4,good,298,0.386,0.862,4,more250
10836,2001,3,1249.5724085365853,7.130556698605242,0,NoWC,1,SA,public,4,good,287,0.62,0.868,4,more250
10836,2002,4,1265.7714285714285,7.143437040251593,0,NoWC,1,SA,public,3,satisfactory,280,0.711,0.868,4,more250
10836,2003,5,1164.572463768116,7.060109314754705,0,NoWC,0,NoSA,public,1,unsatisfactory,276,0.913,0.855,4,more250
10836,2004,6,1066.366533864542,6.972012386024484,0,NoWC,1,SA,public,4,good,251,0.793,0.896,4,more250
10879,2010,12,3975.9565217391305,8.2880206325404,1,WC,0,NoSA,wholesretail,4,good,23,0.13,0.913,1,less50
10879,2011,13,5495.576923076923,8.611698851877449,1,WC,0,NoSA,wholesretail,3,satisfactory,26,0.154,0.885,1,less50
10879,2012,14,3069.3703703703704,8.02922772846262,1,WC,0,NoSA,wholesretail,3,satisfactory,27,0.185,0.889,1,less50
10879,2013,15,3010.12,8.009735224057884,1,WC,0,NoSA,wholesretail,3,satisfactory,25,0.48,0.88,1,less50
10890,2003,5,2326.8,7.752249212036607,0,NoWC,0,NoSA,buservices,3,satisfactory,35,0.086,0.029,1,less50
10890,2004,6,2088.153846153846,7.644035627396374,0,NoWC,0,NoSA,buservices,2,sufficient,39,0.051,0.026,1,less50
10890,2005,7,2012.2790697674418,7.607023224269019,1,WC,0,NoSA,buservices,3,satisfactory,43,0.047,0.023,1,less50
10890,2006,8,1836.7826086956522,7.5157707378180385,0,NoWC,0,NoSA,buservices,4,good,46,0.065,0.022,1,less50
10890,2007,9,3098.1739130434785,8.038568156600496,0,NoWC,0,NoSA,buservices,4,good,46,0.043,0.022,1,less50
10890,2008,10,3032.255319148936,8.017061951379532,0,NoWC,0,NoSA,buservices,4,good,47,0.043,0.021,1,less50
10890,2009,11,2349.173076923077,7.7618186630527575,0,NoWC,0,NoSA,buservices,3,satisfactory,52,0.115,0.019,2,less100
10890,2010,12,2994.0392156862745,8.004378662985403,0,NoWC,0,NoSA,buservices,4,good,51,0.098,0.02,2,less100
10890,2011,13,3992.0392156862745,8.29205746095181,0,NoWC,0,NoSA,buservices,3,satisfactory,51,0.098,0.02,2,less100
10890,2012,14,2462.8387096774195,7.809069910664637,0,NoWC,0,NoSA,buservices,3,satisfactory,62,0.081,0.032,2,less100
10890,2013,15,2544.921875,7.841855231067474,0,NoWC,0,NoSA,buservices,4,good,64,0.531,0.031,2,less100
10890,2014,16,4241.55,8.352684047460755,0,NoWC,0,NoSA,buservices,4,good,60,0.117,0.05,2,less100
10890,2015,17,2791.2096774193546,7.934230356984408,0,NoWC,0,NoSA,buservices,3,satisfactory,62,0.081,0.048,2,less100
10890,2016,18,3447.967741935484,8.145540276152664,0,NoWC,0,NoSA,buservices,2,sufficient,62,0.129,0.048,2,less100
10890,2017,19,4925.6612903225805,8.502213816739209,0,NoWC,0,NoSA,buservices,4,good,62,0.129,0.032,2,less100
10890,2019,21,7755.9682539682535,8.956217923260851,0,NoWC,0,NoSA,buservices,3,satisfactory,63,0.222,0.048,2,less100
10890,2020,22,7755.9682539682535,8.956217923260851,0,NoWC,0,NoSA,buservices,2,sufficient,63,0.175,0.032,2,less100
10890,2021,23,8256.873015873016,9.018801225332599,0,NoWC,0,NoSA,buservices,1,unsatisfactory,63,0.175,0.032,2,less100
10896,1998,0,1389.2936921296296,7.2365507618217775,0,NoWC,0,NoSA,manufacturing,3,satisfactory,27,0.593,0.63,1,less50
10896,2001,3,1789.1716694078948,7.489508037210155,0,NoWC,1,SA,manufacturing,4,good,38,0.289,0.632,1,less50
10896,2004,6,2213.5862068965516,7.702369197380188,0,NoWC,0,NoSA,manufacturing,4,good,29,0.448,0.379,1,less50
10896,2005,7,1031.7,6.93896320610633,0,NoWC,0,NoSA,manufacturing,4,good,40,0.325,0.85,1,less50
10897,2007,9,3555.815789473684,8.176339792556803,0,NoWC,0,NoSA,edu,4,good,114,0.079,0.912,3,less250
10897,2008,10,2810.6691729323306,7.941177873810572,0,NoWC,0,NoSA,edu,4,good,133,0.008,0.94,3,less250
10897,2012,14,1979.6407185628743,7.590670651952306,0,NoWC,0,NoSA,edu,4,good,167,0.048,0.922,3,less250
10897,2013,15,1839.0804597701149,7.517020975561381,0,NoWC,0,NoSA,edu,4,good,174,0.029,0.891,3,less250
10897,2014,16,1637.3056994818653,7.4008073036641635,0,NoWC,0,NoSA,edu,4,good,193,0.026,0.865,3,less250
10897,2015,17,2932.824120603015,7.983721101479817,0,NoWC,0,NoSA,edu,4,good,199,0.03,0.92,3,less250
10897,2016,18,4254.256281407035,8.355675238752081,0,NoWC,0,NoSA,edu,4,good,199,0.04,0.899,3,less250
10897,2017,19,2362.369230769231,7.767420305780564,0,NoWC,0,NoSA,edu,4,good,195,0.031,0.826,3,less250
10897,2018,20,3618.2677595628415,8.193750670835065,0,NoWC,0,NoSA,edu,4,good,183,0.033,0.913,3,less250
10897,2019,21,3516.240837696335,8.165147754097532,0,NoWC,0,NoSA,edu,4,good,191,0.026,0.864,3,less250
10897,2021,23,3315.6894736842105,8.106420867022287,0,NoWC,0,NoSA,buservices,3,satisfactory,190,0.105,0.884,3,less250
10900,2007,9,1363.6774193548388,7.217940314359636,1,WC,0,NoSA,manufacturing,2,sufficient,31,0.226,0.645,1,less50
10900,2008,10,1393.967741935484,7.239909450403856,1,WC,0,NoSA,manufacturing,5,very good,31,0.323,0.645,1,less50
10900,2009,11,1167.1515151515152,7.062321456893694,1,WC,0,NoSA,manufacturing,4,good,33,0.212,0.636,1,less50
10900,2010,12,1460.9655172413793,7.286852809310206,1,WC,0,NoSA,manufacturing,3,satisfactory,29,0.241,0.724,1,less50
10900,2011,13,1684.4827586206898,7.429213827484455,1,WC,0,NoSA,manufacturing,3,satisfactory,29,0.241,0.724,1,less50
10940,2016,18,3525.3478260869565,8.167734384445625,0,NoWC,0,NoSA,health,2,sufficient,23,0.609,0.217,1,less50
10940,2017,19,2831.8260869565215,7.948677042954961,0,NoWC,0,NoSA,health,2,sufficient,23,0.261,0.13,1,less50
10940,2018,20,3337.0454545454545,8.112841100038722,0,NoWC,0,NoSA,health,4,good,22,0.273,0.227,1,less50
10940,2019,21,2191.5,7.692341519858864,0,NoWC,0,NoSA,health,4,good,26,0.077,0.115,1,less50
10964,2000,2,825.5330255681819,6.7160292693051575,1,WC,0,NoSA,manufacturing,4,good,88,0.011,0.182,2,less100
10964,2008,10,1311.3820224719102,7.178836839082138,1,WC,0,NoSA,manufacturing,5,very good,89,0.011,0.045,2,less100
10964,2010,12,1322.7865168539327,7.187495788172361,1,WC,0,NoSA,manufacturing,4,good,89,0.011,0.045,2,less100
10983,2002,4,2200.842105263158,7.696595341226318,1,WC,0,NoSA,public,4,good,38,0.605,0.368,1,less50
10983,2003,5,2016.5813953488373,7.609158978164716,1,WC,0,NoSA,public,2,sufficient,43,0.581,0.372,1,less50
10983,2004,6,1891.139534883721,7.544934854875225,1,WC,0,NoSA,public,3,satisfactory,43,0.837,0.372,1,less50
10983,2005,7,1973.0238095238096,7.587322573625326,1,WC,0,NoSA,public,3,satisfactory,42,0.881,0.381,1,less50
10993,2013,15,4570.15,8.427301306106706,1,WC,0,NoSA,buservices,4,good,20,0.2,0.05,1,less50
10993,2014,16,4532.85,8.41910615972491,1,WC,0,NoSA,buservices,4,good,20,0.1,0.15,1,less50
10993,2015,17,2819.9117647058824,7.944460874331256,1,WC,0,NoSA,buservices,5,very good,34,0.176,0.147,1,less50
10993,2016,18,2582.5454545454545,7.856530801824554,1,WC,0,NoSA,buservices,5,very good,33,0.333,0.152,1,less50
10993,2017,19,972.6739130434783,6.8800488903973,1,WC,0,NoSA,buservices,5,very good,46,0.13,0.022,1,less50
10993,2018,20,1047.8979591836735,6.954541492949343,1,WC,0,NoSA,buservices,5,very good,49,0.122,0.02,1,less50
10993,2019,21,987.3035714285714,6.894977561980021,1,WC,0,NoSA,buservices,5,very good,56,0.268,0.018,2,less100
10994,2015,17,3893.6666666666665,8.267106580487587,1,WC,0,NoSA,finance,2,sufficient,21,0.238,0.095,1,less50
10994,2016,18,2472.8064516129034,7.813108999845927,1,WC,0,NoSA,finance,1,unsatisfactory,31,0.194,0.226,1,less50
10994,2017,19,2637.6451612903224,7.877641813725863,1,WC,0,NoSA,finance,4,good,31,0.129,0.097,1,less50
11003,2006,8,1547.1698113207547,7.344182612694269,0,NoWC,0,NoSA,buservices,4,good,318,0.113,0.123,4,more250
11003,2007,9,1080.968,6.985612214980887,1,WC,0,NoSA,buservices,4,good,375,0.059,0.096,4,more250
11003,2008,10,978.5837696335078,6.8861063934257505,0,NoWC,0,NoSA,buservices,4,good,382,0.031,0.092,4,more250
11003,2009,11,889.1752577319587,6.790294356390223,0,NoWC,0,NoSA,transcom,4,good,388,0.082,0.121,4,more250
11003,2010,12,737.8863636363636,6.6037898339320025,0,NoWC,0,NoSA,transcom,2,sufficient,352,0.045,0.071,4,more250
11024,1998,0,2091.18375,7.64548557218177,1,WC,0,NoSA,construction,2,sufficient,25,0.08,0.48,1,less50
11024,1999,1,2013.000679347826,7.607381763120026,1,WC,0,NoSA,construction,1,unsatisfactory,23,0.13,0.522,1,less50
11024,2000,2,2263.3961292613635,7.72462167638695,1,WC,0,NoSA,construction,1,unsatisfactory,22,0.136,0.5,1,less50
11024,2001,3,1877.9518821022727,7.537937037556189,1,WC,0,NoSA,construction,1,unsatisfactory,22,0.136,0.364,1,less50
11024,2002,4,2218.15,7.704428794117748,1,WC,0,NoSA,construction,2,sufficient,20,0.15,0.45,1,less50
11033,2001,3,483.048125,6.180116286370228,1,WC,0,NoSA,manufacturing,5,very good,25,0.36,0.64,1,less50
11033,2004,6,602.6896551724138,6.401402396201016,0,NoWC,0,NoSA,manufacturing,5,very good,29,0.414,0.517,1,less50
11033,2006,8,745.9655172413793,6.614679375598395,1,WC,0,NoSA,manufacturing,4,good,29,0.586,0.552,1,less50
11071,2006,8,2720.4375,7.908547991944014,0,NoWC,0,NoSA,wholesretail,2,sufficient,32,0.062,0.062,1,less50
11071,2007,9,2232.153846153846,7.710722248614093,0,NoWC,0,NoSA,wholesretail,3,satisfactory,39,0.051,0.051,1,less50
11071,2008,10,3652.951219512195,8.20329067316443,0,NoWC,0,NoSA,wholesretail,3,satisfactory,41,0.049,0.024,1,less50
11071,2009,11,1164.888888888889,7.060380987107077,0,NoWC,0,NoSA,wholesretail,1,unsatisfactory,45,0.044,0.089,1,less50
11111,2012,14,1176.5124555160141,7.070309795035315,0,NoWC,0,NoSA,buservices,4,good,281,0.89,0.448,4,more250
11111,2013,15,1035.598705501618,6.942734997878164,0,NoWC,0,NoSA,buservices,4,good,309,0.816,0.269,4,more250
11111,2014,16,1046.3576158940398,6.953070475194179,0,NoWC,0,NoSA,buservices,3,satisfactory,302,0.705,0.262,4,more250
11111,2015,17,6799.180672268908,8.824557394532551,0,NoWC,0,NoSA,buservices,4,good,238,0.887,0.487,3,less250
11126,2015,17,1885.77,7.542091504537236,0,NoWC,1,SA,manufacturing,4,good,100,0.61,0.35,2,less100
11126,2017,19,2167.96,7.681541912204828,0,NoWC,1,SA,manufacturing,1,unsatisfactory,100,0.15,0.43,2,less100
11126,2018,20,2188.0089285714284,7.690747244233467,0,NoWC,1,SA,manufacturing,3,satisfactory,112,0.143,0.286,3,less250
11126,2019,21,2701.4601769911505,7.901547712102418,0,NoWC,1,SA,manufacturing,1,unsatisfactory,113,0.15,0.442,3,less250
11126,2020,22,2523.9473684210525,7.833579370995611,0,NoWC,1,SA,manufacturing,1,unsatisfactory,95,0.179,0.432,2,less100
11126,2021,23,2016.1682242990655,7.608954070302743,0,NoWC,1,SA,manufacturing,1,unsatisfactory,107,0.159,0.393,3,less250
11133,1998,0,1411.7620442708333,7.252593879963929,1,WC,0,NoSA,buservices,1,unsatisfactory,24,0.042,0.708,1,less50
11133,1999,1,1102.0991030092594,7.004971915804831,1,WC,0,NoSA,buservices,2,sufficient,27,0.074,0.741,1,less50
11133,2000,2,1714.2976888020833,7.446758764824977,1,WC,0,NoSA,buservices,3,satisfactory,24,0.042,0.833,1,less50
11156,2018,20,2755.4117647058824,7.92132217129213,1,WC,0,NoSA,finance,5,very good,51,0.118,0.941,2,less100
11156,2019,21,2775.6666666666665,7.928646237567709,1,WC,0,NoSA,finance,4,good,51,0.902,0.941,2,less100
11156,2021,23,2193.4561403508774,7.693233725125247,1,WC,0,NoSA,transcom,2,sufficient,57,0.404,0.947,2,less100
11169,2000,2,1704.655481557377,7.441118305697305,0,NoWC,0,NoSA,construction,3,satisfactory,61,0.049,0.721,2,less100
11169,2001,3,1899.71484375,7.549459071654224,0,NoWC,0,NoSA,construction,2,sufficient,52,0.038,0.846,2,less100
11169,2002,4,2440.5,7.7999582153272025,0,NoWC,0,NoSA,construction,2,sufficient,50,0.06,0.7,1,less50
11169,2004,6,1817.404255319149,7.5051645286908535,0,NoWC,0,NoSA,construction,1,unsatisfactory,47,0.021,0.702,1,less50
11169,2005,7,1687.0588235294117,7.430741950657341,0,NoWC,1,SA,construction,1,unsatisfactory,51,0.02,0.745,2,less100
11169,2006,8,1063.4166666666667,6.9692422739459765,0,NoWC,0,NoSA,construction,3,satisfactory,84,0.012,0.75,2,less100
11171,2019,21,1448.2173913043478,7.278088693793226,1,WC,0,NoSA,resthotels,4,good,23,0.043,0.043,1,less50
11171,2020,22,1538.7391304347825,7.338718613580802,0,NoWC,0,NoSA,finance,4,good,23,0.087,0.043,1,less50
11171,2021,23,1448.2173913043478,7.278088693793226,1,WC,0,NoSA,finance,1,unsatisfactory,23,0.13,0.043,1,less50
11174,2014,16,1882.7826086956522,7.5405060725476645,1,WC,0,NoSA,finance,4,good,23,0.565,0.217,1,less50
11174,2017,19,922.2222222222222,6.82678621644847,1,WC,0,NoSA,finance,5,very good,27,0.222,0.296,1,less50
11174,2019,21,619.5945945945946,6.429065384480441,1,WC,0,NoSA,finance,4,good,37,0.459,0.324,1,less50
11174,2020,22,1095.325,6.998806401866078,1,WC,0,NoSA,finance,5,very good,40,0.225,0.3,1,less50
11174,2021,23,639.7906976744187,6.461141087982427,1,WC,0,NoSA,finance,4,good,43,0.651,0.279,1,less50
11193,2002,4,462.2962962962963,6.136206019489659,0,NoWC,0,NoSA,public,4,good,27,0.074,0.185,1,less50
11193,2003,5,768.7916666666666,6.644820018193936,0,NoWC,0,NoSA,public,4,good,24,0.083,0.208,1,less50
11193,2004,6,620.1904761904761,6.430026650518898,0,NoWC,1,SA,public,4,good,21,0.095,0.333,1,less50
11193,2005,7,749.4285714285714,6.619311011371506,0,NoWC,0,NoSA,public,4,good,21,0.095,0.238,1,less50
11193,2007,9,1248.15,7.129417734014549,0,NoWC,0,NoSA,public,4,good,20,0.1,0.25,1,less50
11193,2009,11,838.6818181818181,6.731831395183566,0,NoWC,1,SA,public,4,good,22,0.091,0.227,1,less50
11193,2010,12,1480.0454545454545,7.299828078817253,0,NoWC,0,NoSA,public,4,good,22,0.091,0.227,1,less50
11193,2011,13,1912.2857142857142,7.556054514605274,0,NoWC,0,NoSA,public,4,good,21,0.095,0.238,1,less50
11193,2012,14,1343.7619047619048,7.203228351194426,0,NoWC,0,NoSA,public,4,good,21,0.095,0.238,1,less50
11193,2013,15,2119.0476190476193,7.6587220304309085,0,NoWC,0,NoSA,public,3,satisfactory,21,0.095,0.238,1,less50
11193,2014,16,2170.714285714286,7.68281155629558,0,NoWC,0,NoSA,public,4,good,21,0.048,0.238,1,less50
11193,2017,19,2604.85,7.865130370955688,0,NoWC,0,NoSA,public,5,very good,20,0.1,0.25,1,less50
11193,2018,20,2604.85,7.865130370955688,0,NoWC,0,NoSA,public,4,good,20,0.05,0.25,1,less50
11193,2019,21,3147.55,8.054379651415838,0,NoWC,0,NoSA,public,4,good,20,0.1,0.25,1,less50
11193,2020,22,2007.9,7.604844678774707,0,NoWC,0,NoSA,public,4,good,20,0.1,0.25,1,less50
11234,1998,0,333.41344401041664,5.809383293470161,1,WC,0,NoSA,manufacturing,2,sufficient,30,0.167,0.1,1,less50
11234,1999,1,916.8826822916667,6.820979527639695,1,WC,0,NoSA,manufacturing,3,satisfactory,30,0.067,0.133,1,less50
11234,2000,2,909.474609375,6.812867080443693,1,WC,0,NoSA,manufacturing,3,satisfactory,27,0.074,0.111,1,less50
11234,2001,3,673.2337740384615,6.512092630455805,1,WC,0,NoSA,manufacturing,2,sufficient,26,0.115,0.115,1,less50
11236,2008,10,24.75,3.2088254890146994,0,NoWC,0,NoSA,construction,3,satisfactory,32,0.062,0.094,1,less50
11236,2009,11,225.78125,5.419566610180906,0,NoWC,1,SA,construction,3,satisfactory,32,0.062,0.125,1,less50
11236,2010,12,247.15625,5.510020727719691,0,NoWC,1,SA,construction,3,satisfactory,32,0.062,0.094,1,less50
11236,2011,13,263.53125,5.574171956774915,0,NoWC,1,SA,construction,1,unsatisfactory,32,0.031,0.094,1,less50
11236,2013,15,431.3333333333333,6.066881186392736,0,NoWC,1,SA,construction,2,sufficient,33,0.091,0.091,1,less50
11236,2014,16,962.939393939394,6.869990475175284,0,NoWC,1,SA,construction,3,satisfactory,33,0.091,0.121,1,less50
11279,2016,18,1147.878787878788,7.045670985833534,0,NoWC,0,NoSA,construction,5,very good,33,0.939,0.091,1,less50
11279,2017,19,860.9090909090909,6.7579889133817534,0,NoWC,0,NoSA,construction,5,very good,33,0.939,0.03,1,less50
11279,2018,20,1226.6,7.112001393191883,0,NoWC,0,NoSA,construction,5,very good,35,0.886,0.114,1,less50
11279,2019,21,901.9,6.804503649171663,0,NoWC,0,NoSA,construction,5,very good,40,0.675,0.15,1,less50
11322,2013,15,2374.4285714285716,7.772512086015797,1,WC,0,NoSA,buservices,3,satisfactory,35,0.629,0.857,1,less50
11322,2014,16,2052.027027027027,7.626583377269725,1,WC,0,NoSA,buservices,4,good,37,0.73,0.865,1,less50
11322,2017,19,2565.4285714285716,7.849880828025441,1,WC,0,NoSA,buservices,4,good,35,0.857,0.686,1,less50
11322,2018,20,2860.5,7.958751713708583,1,WC,0,NoSA,buservices,4,good,30,0.933,0.8,1,less50
11322,2019,21,2193.2727272727275,7.693150103326959,1,WC,0,NoSA,buservices,4,good,33,0.879,0.909,1,less50
11340,2006,8,1475.4583333333333,7.296723954969242,0,NoWC,0,NoSA,construction,2,sufficient,24,0.042,0.667,1,less50
11340,2007,9,1196.8846153846155,7.087477306078456,0,NoWC,0,NoSA,construction,4,good,26,0.038,0.654,1,less50
11340,2008,10,1238.1538461538462,7.121376715437929,0,NoWC,0,NoSA,construction,4,good,26,0.077,0.308,1,less50
11340,2009,11,2043.904761904762,7.622617356258004,1,WC,0,NoSA,construction,3,satisfactory,21,0.095,0.619,1,less50
11349,2001,3,2414.6671316964284,7.789316722920665,1,WC,0,NoSA,finance,4,good,28,0.286,0.107,1,less50
11349,2002,4,3182.1363636363635,8.065308062673514,0,NoWC,0,NoSA,finance,5,very good,22,0.227,0.091,1,less50
11349,2003,5,3103.9615384615386,8.040434490266785,0,NoWC,0,NoSA,finance,4,good,26,0.192,0.192,1,less50
11349,2004,6,2238.740740740741,7.713668817460502,0,NoWC,0,NoSA,finance,5,very good,27,0.222,0.185,1,less50
11353,2014,16,1513.4878048780488,7.322172070866079,1,WC,0,NoSA,construction,4,good,41,0.049,0.39,1,less50
11353,2015,17,1589.1463414634147,7.3709522588746985,1,WC,0,NoSA,construction,5,very good,41,0.049,0.463,1,less50
11353,2018,20,2135.8695652173915,7.666629133242413,1,WC,0,NoSA,construction,4,good,46,0.065,0.37,1,less50
11353,2019,21,1530.62,7.333428161061652,1,WC,0,NoSA,construction,3,satisfactory,50,0.06,0.38,1,less50
11353,2020,22,1683.1176470588234,7.428403094931782,1,WC,0,NoSA,construction,2,sufficient,51,0.078,0.392,2,less100
11353,2021,23,1691.3541666666667,7.433284769113324,1,WC,0,NoSA,wholesretail,4,good,48,0.125,0.417,1,less50
11381,2018,20,2610.9545454545455,7.867471159682999,1,WC,0,NoSA,transcom,2,sufficient,22,0.045,0.136,1,less50
11381,2020,22,1504.590909090909,7.316276319030844,1,WC,0,NoSA,transcom,2,sufficient,22,0.045,0.136,1,less50
11381,2021,23,1995.8,7.598800251450212,1,WC,0,NoSA,transcom,2,sufficient,20,0.1,0.15,1,less50
11416,2002,4,2370.85,7.771003819618745,1,WC,0,NoSA,construction,3,satisfactory,20,0.05,0.2,1,less50
11416,2008,10,2439.35,7.799486889355588,1,WC,0,NoSA,construction,3,satisfactory,20,0.55,0.1,1,less50
11416,2015,17,2207.809523809524,7.699756137285212,1,WC,0,NoSA,construction,2,sufficient,21,0.143,0.048,1,less50
11416,2016,18,2508.8571428571427,7.8275826068646275,1,WC,0,NoSA,construction,2,sufficient,21,0.238,0.095,1,less50
11416,2017,19,2203.2272727272725,7.697678506586624,1,WC,0,NoSA,construction,3,satisfactory,22,0.5,0.091,1,less50
11416,2018,20,2061.608695652174,7.6312418772435855,1,WC,0,NoSA,construction,4,good,23,0.435,0.087,1,less50
11416,2019,21,2508.8571428571427,7.8275826068646275,1,WC,0,NoSA,construction,3,satisfactory,21,0.19,0.19,1,less50
11460,2014,16,2633.3333333333335,7.876005749787003,1,WC,0,NoSA,manufacturing,3,satisfactory,120,0.158,0.058,3,less250
11460,2015,17,3338.39837398374,8.113246442212684,1,WC,0,NoSA,manufacturing,4,good,123,0.154,0.057,3,less250
11460,2016,18,3658.8861788617887,8.2049140573645,1,WC,0,NoSA,manufacturing,4,good,123,0.179,0.057,3,less250
11460,2017,19,4086.1951219512193,8.315369528018895,1,WC,0,NoSA,manufacturing,4,good,123,0.163,0.057,3,less250
11460,2018,20,4193.024390243902,8.3411775640496,1,WC,0,NoSA,manufacturing,3,satisfactory,123,0.122,0.057,3,less250
11460,2019,21,3923.788617886179,8.274812950194045,1,WC,0,NoSA,manufacturing,4,good,123,0.122,0.057,3,less250
11466,2002,4,3203.4848484848485,8.07199451139249,1,WC,0,NoSA,mining,3,satisfactory,33,0.121,0.03,1,less50
11466,2003,5,2997.7272727272725,8.005609704787144,1,WC,0,NoSA,mining,2,sufficient,33,0.03,0.03,1,less50
11466,2004,6,2292.6363636363635,7.737457684863837,1,WC,0,NoSA,buservices,2,sufficient,33,0.03,0.03,1,less50
11466,2005,7,2489.25,7.819736739268194,1,WC,0,NoSA,buservices,1,unsatisfactory,32,0.031,0.062,1,less50
11466,2006,8,1992.2857142857142,7.597037858725643,1,WC,0,NoSA,buservices,1,unsatisfactory,28,0.107,0.071,1,less50
11466,2007,9,1526.188679245283,7.330528847219113,1,WC,0,NoSA,buservices,1,unsatisfactory,53,0.075,0.038,2,less100
11466,2008,10,3601.622641509434,8.189139756646878,1,WC,0,NoSA,buservices,3,satisfactory,53,0.189,0.038,2,less100
11473,2001,3,4248.54140625,8.354331004482958,1,WC,0,NoSA,manufacturing,1,unsatisfactory,40,0.375,0.1,1,less50
11473,2002,4,4497.282051282052,8.411228504679826,1,WC,0,NoSA,manufacturing,1,unsatisfactory,39,0.282,0.103,1,less50
11473,2003,5,4258.069767441861,8.356571230345462,1,WC,0,NoSA,manufacturing,1,unsatisfactory,43,0.047,0.116,1,less50
11473,2004,6,4479.785714285715,8.40733049263241,1,WC,0,NoSA,manufacturing,4,good,42,0.619,0.095,1,less50
11473,2005,7,4582.227272727273,8.429940462989643,1,WC,0,NoSA,manufacturing,5,very good,44,0.591,0.091,1,less50
11473,2006,8,4312.191489361702,8.369201520081864,1,WC,0,NoSA,manufacturing,5,very good,47,0.553,0.085,1,less50
11473,2007,9,4378.434782608696,8.384446583934984,1,WC,0,NoSA,manufacturing,5,very good,46,0.565,0.087,1,less50
11473,2008,10,3163.0851063829787,8.05930312979886,1,WC,0,NoSA,manufacturing,3,satisfactory,47,0.596,0.085,1,less50
11473,2010,12,4625.277777777777,8.439291708203053,1,WC,0,NoSA,manufacturing,5,very good,36,0.722,0.111,1,less50
11473,2011,13,4335.375,8.374563390663596,1,WC,0,NoSA,manufacturing,5,very good,40,0.35,0.05,1,less50
11473,2012,14,4534.1621621621625,8.419395596233398,1,WC,0,NoSA,manufacturing,5,very good,37,0.73,0.054,1,less50
11473,2013,15,4497.675,8.41131587557353,1,WC,0,NoSA,manufacturing,5,very good,40,0.325,0.1,1,less50
11473,2014,16,4568.725,8.426989451526893,1,WC,0,NoSA,manufacturing,4,good,40,0.325,0.1,1,less50
11473,2015,17,4480.309523809524,8.407447413158472,1,WC,0,NoSA,manufacturing,4,good,42,0.548,0.095,1,less50
11473,2017,19,3648.1132075471696,8.201965383483321,1,WC,0,NoSA,manufacturing,4,good,53,0.34,0.113,2,less100
11473,2018,20,3774.264150943396,8.235960715779996,1,WC,0,NoSA,manufacturing,4,good,53,0.34,0.113,2,less100
11473,2019,21,4526.490566037736,8.417702208750667,1,WC,0,NoSA,manufacturing,5,very good,53,0.377,0.113,2,less100
11473,2020,22,4146.745098039216,8.330078991764326,1,WC,0,NoSA,manufacturing,4,good,51,0.392,0.118,2,less100
11477,2001,3,1465.0003255208333,7.289610743649664,1,WC,0,NoSA,wholesretail,3,satisfactory,24,0.042,0.75,1,less50
11477,2002,4,1354.12,7.210907075837609,1,WC,0,NoSA,wholesretail,3,satisfactory,25,0.48,0.52,1,less50
11477,2003,5,1645.44,7.40576310463747,1,WC,0,NoSA,wholesretail,3,satisfactory,25,0.52,0.68,1,less50
11482,2014,16,2996.722222222222,8.005274377743246,0,NoWC,0,NoSA,health,4,good,36,0.944,0.417,1,less50
11482,2015,17,2580.8947368421054,7.855891415021027,0,NoWC,0,NoSA,health,4,good,38,0.895,0.474,1,less50
11482,2021,23,646.6461538461539,6.471799242029684,0,NoWC,0,NoSA,art,4,good,65,0.415,0.477,2,less100
11503,2000,2,605.5339006696429,6.406110549319596,1,WC,0,NoSA,manufacturing,5,very good,28,0.286,0.357,1,less50
11503,2001,3,581.7443426724138,6.366031077463718,1,WC,0,NoSA,manufacturing,5,very good,29,0.483,0.379,1,less50
11503,2002,4,352.3125,5.864518565841794,1,WC,0,NoSA,manufacturing,3,satisfactory,32,0.438,0.375,1,less50
11521,2017,19,1116.0566037735848,7.017556861882255,1,WC,0,NoSA,manufacturing,4,good,53,0.132,0.34,2,less100
11521,2018,20,1075.4727272727273,6.9805155902019065,1,WC,0,NoSA,manufacturing,4,good,55,0.127,0.327,2,less100
11521,2019,21,1254.709090909091,7.134659024623658,1,WC,0,NoSA,manufacturing,4,good,55,0.127,0.327,2,less100
11521,2020,22,1908.0967741935483,7.553861570949231,1,WC,1,SA,manufacturing,4,good,62,0.371,0.274,2,less100
11552,2011,13,987.5217391304348,6.895198510842267,1,WC,1,SA,transcom,3,satisfactory,23,0.087,0.087,1,less50
11552,2013,15,1150.0869565217392,7.047592832865403,1,WC,0,NoSA,transcom,2,sufficient,23,0.087,0.087,1,less50
11552,2014,16,1173.36,7.0676267069384995,1,WC,0,NoSA,transcom,2,sufficient,25,0.04,0.08,1,less50
11553,2001,3,3981.411551339286,8.289391696541612,1,WC,0,NoSA,public,2,sufficient,28,0.071,0.321,1,less50
11553,2002,4,3633.9,8.198061730690867,1,WC,0,NoSA,public,2,sufficient,30,0.067,0.333,1,less50
11553,2003,5,3351.259259259259,8.117091452473398,1,WC,0,NoSA,public,2,sufficient,27,0.074,0.296,1,less50
11586,2008,10,1520.8048780487804,7.3269949987235075,0,NoWC,0,NoSA,buservices,4,good,82,0.061,0.598,2,less100
11586,2009,11,1647.5365853658536,7.4070364727254585,0,NoWC,1,SA,buservices,4,good,82,0.037,0.659,2,less100
11586,2010,12,1640.8684210526317,7.40298090570143,0,NoWC,1,SA,buservices,4,good,76,0.053,0.684,2,less100
11586,2011,13,2352.943396226415,7.763422332435638,0,NoWC,1,SA,buservices,4,good,53,0.038,0.472,2,less100
11586,2013,15,2797.903846153846,7.936625789429013,0,NoWC,0,NoSA,buservices,5,very good,52,0.038,0.481,2,less100
11586,2014,16,2901.1458333333335,7.972861052879741,0,NoWC,0,NoSA,buservices,5,very good,48,0.083,0.479,1,less50
11586,2015,17,2981.6862745098038,8.000244283388293,0,NoWC,0,NoSA,buservices,4,good,51,0.098,0.412,2,less100
11586,2017,19,2941.188679245283,7.986569091288848,0,NoWC,0,NoSA,buservices,5,very good,53,0.075,0.396,2,less100
11586,2018,20,2569.7090909090907,7.851547977283522,0,NoWC,0,NoSA,buservices,5,very good,55,0.073,0.418,2,less100
11586,2019,21,2886.722222222222,7.967876958276696,0,NoWC,1,SA,buservices,4,good,54,0.074,0.407,2,less100
11631,2015,17,1515.7362637362637,7.323656582556341,0,NoWC,0,NoSA,manufacturing,4,good,182,0.324,0.44,3,less250
11631,2016,18,1317.149732620321,7.183225387475439,0,NoWC,0,NoSA,manufacturing,4,good,187,0.342,0.439,3,less250
11631,2017,19,2048.5548780487807,7.624889886009976,0,NoWC,0,NoSA,manufacturing,3,satisfactory,164,0.39,0.427,3,less250
11631,2018,20,2225.4575163398695,7.707717798783642,0,NoWC,0,NoSA,manufacturing,4,good,153,0.392,0.425,3,less250
11631,2019,21,2179.007299270073,7.68662468476465,0,NoWC,0,NoSA,manufacturing,3,satisfactory,137,0.474,0.46,3,less250
11631,2020,22,1117.985815602837,7.0192839663383495,0,NoWC,0,NoSA,manufacturing,3,satisfactory,141,0.525,0.511,3,less250
11631,2021,23,1942.7042253521126,7.571836212031875,0,NoWC,0,NoSA,manufacturing,3,satisfactory,142,0.479,0.528,3,less250
11640,2015,17,2586.175226586103,7.8579353167369534,1,WC,1,SA,public,4,good,331,0.012,0.06,4,more250
11640,2016,18,3129.1624548736463,8.048520661424247,1,WC,1,SA,public,4,good,277,0.018,0.061,4,more250
11640,2017,19,3247.806569343066,8.085735145734485,1,WC,1,SA,public,4,good,274,0.022,0.062,4,more250
11640,2018,20,3379.889733840304,8.125598364820748,1,WC,1,SA,public,4,good,263,0.019,0.061,4,more250
11670,2017,19,2482.25,7.816920685913703,1,WC,0,NoSA,buservices,4,good,40,0.05,0.075,1,less50
11670,2019,21,2072.1521739130435,7.636343043690793,1,WC,0,NoSA,buservices,4,good,46,0.022,0.087,1,less50
11670,2020,22,1774.5531914893618,7.481303947117353,1,WC,0,NoSA,health,4,good,47,0.043,0.085,1,less50
11694,2000,2,267.16021875,5.587848548654824,1,WC,0,NoSA,wholesretail,4,good,125,0.088,0.816,3,less250
11694,2001,3,297.1602555614407,5.6942715742961605,1,WC,0,NoSA,wholesretail,4,good,118,0.136,0.78,3,less250
11694,2002,4,309.7567567567568,5.735787333852475,1,WC,0,NoSA,wholesretail,4,good,111,0.054,0.766,3,less250
11694,2003,5,206.0873786407767,5.328300247014808,1,WC,0,NoSA,wholesretail,2,sufficient,103,0.165,0.816,3,less250
11694,2004,6,222.67045454545453,5.405692896155525,1,WC,0,NoSA,wholesretail,4,good,88,0.023,0.761,2,less100
11707,1998,0,3292.8506097560976,8.099508915345504,0,NoWC,1,SA,public,3,satisfactory,246,0.008,0.045,3,less250
11707,1999,1,3073.6674440298507,8.030626734781698,0,NoWC,1,SA,public,4,good,268,0.007,0.056,4,more250
11707,2000,2,2284.019160583942,7.733691959787973,0,NoWC,1,SA,public,4,good,274,0.022,0.066,4,more250
11707,2001,3,3235.161217948718,8.081834041226086,0,NoWC,0,NoSA,public,3,satisfactory,195,0.031,0.092,3,less250
11707,2002,4,3043.478260869565,8.020756305102346,0,NoWC,0,NoSA,public,3,satisfactory,184,0.011,0.06,3,less250
11707,2003,5,3001.6490066225165,8.00691708551182,0,NoWC,0,NoSA,public,2,sufficient,151,0.013,0.053,3,less250
11707,2005,7,4262.702479338843,8.357658622947751,0,NoWC,0,NoSA,public,4,good,121,0.025,0.091,3,less250
11707,2007,9,7111.631578947368,8.869486973116748,0,NoWC,0,NoSA,public,4,good,57,0.018,0.14,2,less100
11716,2002,4,3638.48,8.199321291001386,1,WC,1,SA,construction,4,good,25,0.92,0.28,1,less50
11716,2004,6,1928.945945945946,7.56472899071215,1,WC,0,NoSA,construction,3,satisfactory,37,0.703,0.189,1,less50
11716,2005,7,1598.225806451613,7.376649422007853,1,WC,1,SA,construction,4,good,31,0.806,0.258,1,less50
11728,2002,4,3466.013698630137,8.15076042255572,0,NoWC,0,NoSA,edu,3,satisfactory,146,0.075,0.486,3,less250
11728,2003,5,2924.1870967741934,7.980771805407496,0,NoWC,0,NoSA,edu,1,unsatisfactory,155,0.103,0.503,3,less250
11728,2004,6,3755.6693548387098,8.23102180526008,0,NoWC,0,NoSA,edu,3,satisfactory,124,0.105,0.46,3,less250
11728,2005,7,5555.6024096385545,8.62256214077344,0,NoWC,0,NoSA,edu,4,good,83,0.145,0.386,2,less100
11729,1999,1,1698.286075367647,7.437374830517744,1,WC,0,NoSA,edu,1,unsatisfactory,34,0.118,0.147,1,less50
11729,2000,2,1706.1548477564102,7.44199749049555,1,WC,0,NoSA,edu,1,unsatisfactory,39,0.103,0.154,1,less50
11729,2001,3,1636.00615234375,7.400013277756935,1,WC,0,NoSA,edu,1,unsatisfactory,40,0.125,0.15,1,less50
11729,2002,4,836.5370370370371,6.729270795641621,1,WC,0,NoSA,edu,3,satisfactory,54,0.185,0.204,2,less100
11729,2003,5,852.4691358024692,6.748137004165,1,WC,0,NoSA,edu,2,sufficient,81,0.173,0.198,2,less100
11729,2004,6,603.3536585365854,6.402503523206513,1,WC,0,NoSA,edu,2,sufficient,82,0.171,0.171,2,less100
11729,2005,7,597.5222222222222,6.39279147511778,1,WC,0,NoSA,edu,1,unsatisfactory,90,0.033,0.2,2,less100
11729,2007,9,678.9923664122138,6.520609885098171,1,WC,0,NoSA,edu,3,satisfactory,131,0.107,0.244,3,less250
11743,2002,4,952.2576419213974,6.858835630447434,1,WC,0,NoSA,manufacturing,4,good,458,0.017,0.048,4,more250
11743,2004,6,846.172744721689,6.740723528740642,1,WC,0,NoSA,manufacturing,4,good,521,0.027,0.065,4,more250
11743,2005,7,851.91875,6.74749115843213,1,WC,0,NoSA,manufacturing,4,good,480,0.033,0.06,4,more250
11743,2006,8,1179.8561151079136,7.073147773675644,1,WC,0,NoSA,manufacturing,4,good,417,0.137,0.041,4,more250
11743,2008,10,706.6521739130435,6.560538570174026,1,WC,0,NoSA,manufacturing,3,satisfactory,529,0.032,0.102,4,more250
11759,2002,4,2194.4242424242425,7.6936749869667835,1,WC,1,SA,wholesretail,5,very good,33,0.061,0.03,1,less50
11759,2003,5,1299.3333333333333,7.169606591399396,1,WC,0,NoSA,wholesretail,2,sufficient,33,0.121,0.061,1,less50
11759,2004,6,1455.7222222222222,7.283257429114756,1,WC,0,NoSA,wholesretail,4,good,36,0.083,0.028,1,less50
11769,2001,3,2403.1458333333335,7.784533921923878,0,NoWC,0,NoSA,mining,4,good,249,0.016,0.454,3,less250
11769,2002,4,1487.4243697478992,7.304801292260233,0,NoWC,0,NoSA,mining,4,good,238,0.004,0.437,3,less250
11769,2005,7,2252.3449781659388,7.719727164990252,0,NoWC,0,NoSA,mining,3,satisfactory,229,0.009,0.533,3,less250
11769,2006,8,2102.5641025641025,7.650912880116744,0,NoWC,0,NoSA,mining,4,good,234,0.013,0.504,3,less250
11771,2016,18,4395.138888888889,8.388254411187397,1,WC,0,NoSA,buservices,4,good,108,0.491,0.611,3,less250
11771,2017,19,3369.2432432432433,8.122443441228617,1,WC,0,NoSA,buservices,4,good,111,0.55,0.604,3,less250
11771,2018,20,3364.495327102804,8.121033253744306,0,NoWC,0,NoSA,buservices,4,good,107,0.458,0.636,3,less250
11771,2019,21,2998.146788990826,8.005749639769073,1,WC,0,NoSA,buservices,2,sufficient,109,0.394,0.725,3,less250
11776,1998,0,263.96426156850964,5.575813721136031,1,WC,0,NoSA,manufacturing,1,unsatisfactory,26,0.115,0.038,1,less50
11776,1999,1,644.7147042410714,6.468807899937775,1,WC,0,NoSA,manufacturing,4,good,21,0.143,0.048,1,less50
11776,2000,2,565.5817649147727,6.33785487381294,1,WC,0,NoSA,construction,3,satisfactory,22,0.227,0.045,1,less50
11808,2000,2,2028.0523518041236,7.61483117887696,0,NoWC,0,NoSA,manufacturing,4,good,194,0.005,0.784,3,less250
11808,2001,3,2942.7257853403144,7.987091568676734,0,NoWC,0,NoSA,manufacturing,4,good,191,0.037,0.791,3,less250
11808,2002,4,1517.2552083333333,7.32465819745572,0,NoWC,0,NoSA,manufacturing,4,good,192,0.016,0.792,3,less250
11808,2003,5,1794.765306122449,7.492629543695724,0,NoWC,0,NoSA,manufacturing,2,sufficient,196,0.01,0.781,3,less250
11808,2004,6,2617.801047120419,7.870089949357699,0,NoWC,0,NoSA,manufacturing,4,good,191,0.005,0.812,3,less250
11808,2005,7,2743.5478723404253,7.917007205714543,0,NoWC,0,NoSA,manufacturing,4,good,188,0.011,0.771,3,less250
11808,2006,8,2472.020304568528,7.812791032366068,0,NoWC,0,NoSA,manufacturing,4,good,197,0.015,0.792,3,less250
11808,2007,9,1876.6805555555557,7.537259833267133,0,NoWC,0,NoSA,manufacturing,4,good,216,0.051,0.801,3,less250
11808,2008,10,1841.472906403941,7.518321022990539,0,NoWC,0,NoSA,manufacturing,4,good,203,0.054,0.818,3,less250
11808,2009,11,1716.4179104477612,7.447994787954421,0,NoWC,0,NoSA,manufacturing,4,good,201,0.035,0.811,3,less250
11808,2010,12,1338.8453608247423,7.199562850466772,0,NoWC,0,NoSA,manufacturing,2,sufficient,194,0.015,0.814,3,less250
11808,2011,13,1606.6666666666667,7.381916918376536,0,NoWC,0,NoSA,manufacturing,4,good,180,0.022,0.811,3,less250
11808,2012,14,1749.2063492063492,7.466917449309419,0,NoWC,0,NoSA,manufacturing,3,satisfactory,189,0.058,0.81,3,less250
11844,2015,17,3772.1372549019607,8.235397030923236,1,WC,0,NoSA,health,2,sufficient,102,0.01,0.176,3,less250
11844,2016,18,2530.3809523809523,7.836125144450047,1,WC,0,NoSA,health,4,good,105,0.01,0.162,3,less250
11844,2017,19,2558.5,7.847176428245146,1,WC,0,NoSA,health,4,good,108,0.065,0.167,3,less250
11844,2019,21,2435.5,7.797907353246598,1,WC,0,NoSA,health,3,satisfactory,120,0.042,0.158,3,less250
11844,2020,22,1980.4102564102564,7.591059302432783,1,WC,0,NoSA,edu,4,good,117,0.103,0.145,3,less250
11844,2021,23,1909.7226890756303,7.5547133215340985,1,WC,0,NoSA,edu,4,good,119,0.067,0.185,3,less250
11846,2009,11,3842.4444444444443,8.253864017128516,0,NoWC,0,NoSA,wholesretail,2,sufficient,54,0.037,0.556,2,less100
11846,2010,12,4809.925925925926,8.478436962965825,0,NoWC,0,NoSA,wholesretail,4,good,54,0.037,0.556,2,less100
11846,2011,13,5902.040816326531,8.68305347115612,0,NoWC,0,NoSA,wholesretail,4,good,49,0.041,0.571,1,less50
11856,2009,11,1182.111111111111,7.075057196180147,0,NoWC,0,NoSA,finance,3,satisfactory,45,0.067,0.044,1,less50
11856,2010,12,1224.3333333333333,7.110151757151558,0,NoWC,0,NoSA,finance,2,sufficient,45,0.022,0.044,1,less50
11856,2012,14,1585.3111111111111,7.368535951662765,0,NoWC,0,NoSA,finance,4,good,45,0.067,0.044,1,less50
11860,2017,19,676.5142857142857,6.516953564482168,0,NoWC,0,NoSA,construction,4,good,105,0.01,0.838,3,less250
11860,2018,20,710.3416666666667,6.56574607494311,0,NoWC,0,NoSA,construction,5,very good,120,0.008,0.883,3,less250
11860,2020,22,686.3188405797101,6.531342301934267,0,NoWC,0,NoSA,manufacturing,5,very good,138,0.014,0.862,3,less250
11880,2013,15,1131.0731707317073,7.030922169630618,1,WC,0,NoSA,health,4,good,41,0.073,0.122,1,less50
11880,2014,16,1249.4285714285713,7.130441582917553,1,WC,0,NoSA,health,4,good,42,0.071,0.143,1,less50
11880,2015,17,2060.525,7.6307160836827,1,WC,0,NoSA,health,3,satisfactory,40,0.075,0.15,1,less50
11880,2016,18,3145.7428571428572,8.053805343832245,1,WC,0,NoSA,health,4,good,35,0.086,0.171,1,less50
11880,2017,19,2949.9714285714285,7.989550764056939,1,WC,0,NoSA,health,5,very good,35,0.086,0.229,1,less50
11880,2018,20,3815.264705882353,8.246765326863878,1,WC,0,NoSA,health,5,very good,34,0.088,0.176,1,less50
11880,2019,21,3137,8.051022208190679,1,WC,0,NoSA,health,5,very good,38,0.105,0.132,1,less50
11886,2019,21,2813.980769230769,7.942355403688925,1,WC,1,SA,manufacturing,4,good,52,0.115,0.173,2,less100
11886,2020,22,3077.7884615384614,8.031966586091169,1,WC,0,NoSA,manufacturing,2,sufficient,52,0.058,0.096,2,less100
11886,2021,23,2761.2115384615386,7.923424825605733,1,WC,1,SA,manufacturing,1,unsatisfactory,52,0.038,0.096,2,less100
11888,2016,18,1605.76,7.3813524437380025,1,WC,1,SA,edu,4,good,25,0.12,0.2,1,less50
11888,2018,20,1965.090909090909,7.583293787401609,1,WC,0,NoSA,edu,4,good,22,0.136,0.182,1,less50
11888,2019,21,1834.9130434782608,7.514752371615569,1,WC,0,NoSA,edu,1,unsatisfactory,23,0.087,0.174,1,less50
11888,2020,22,2058.6666666666665,7.629813803036503,1,WC,0,NoSA,art,2,sufficient,24,0.167,0.292,1,less50
11888,2021,23,2282.4347826086955,7.732998039271733,1,WC,0,NoSA,art,3,satisfactory,23,0.174,0.304,1,less50
11891,2004,6,546.5234375,6.303577193247769,0,NoWC,0,NoSA,mining,2,sufficient,128,0.016,0.398,3,less250
11891,2006,8,537.8607594936709,6.287599715314293,0,NoWC,0,NoSA,mining,4,good,158,0.006,0.43,3,less250
11891,2007,9,484.45255474452557,6.183019500311846,0,NoWC,0,NoSA,mining,5,very good,137,0.007,0.423,3,less250
11891,2008,10,459.1029411764706,6.129274457630801,0,NoWC,0,NoSA,mining,4,good,136,0.103,0.426,3,less250
11891,2009,11,386.27131782945736,5.956540018480419,0,NoWC,0,NoSA,mining,5,very good,129,0.008,0.411,3,less250
11891,2010,12,566.6153846153846,6.339680739543474,0,NoWC,0,NoSA,mining,5,very good,130,0.008,0.408,3,less250
11891,2011,13,331.1783439490446,5.8026570337460255,0,NoWC,0,NoSA,mining,4,good,157,0.032,0.395,3,less250
11891,2012,14,399.4096385542169,5.989987553274948,0,NoWC,0,NoSA,mining,5,very good,166,0.018,0.38,3,less250
11891,2013,15,458.2327044025157,6.127377143296172,0,NoWC,0,NoSA,mining,4,good,159,0.025,0.233,3,less250
11891,2015,17,386.9261363636364,5.958233812703825,0,NoWC,0,NoSA,mining,4,good,176,0.011,0.42,3,less250
11891,2016,18,409.6514285714286,6.015306623879262,0,NoWC,0,NoSA,mining,5,very good,175,0.017,0.48,3,less250
11891,2017,19,450.9367816091954,6.11132715586188,0,NoWC,0,NoSA,mining,4,good,174,0.017,0.374,3,less250
11891,2018,20,424.01142857142855,6.049760409046598,0,NoWC,0,NoSA,mining,3,satisfactory,175,0.029,0.389,3,less250
11906,2005,7,2491.7246376811595,7.820730375279123,0,NoWC,0,NoSA,wholesretail,2,sufficient,207,0.86,0.256,3,less250
11906,2007,9,1876.6805555555557,7.537259833267133,0,NoWC,0,NoSA,wholesretail,4,good,216,0.727,0.278,3,less250
11906,2008,10,1714.7660550458716,7.447031939243237,0,NoWC,0,NoSA,wholesretail,5,very good,218,0.739,0.362,3,less250
11906,2009,11,1642.857142857143,7.4041921652960285,0,NoWC,0,NoSA,wholesretail,5,very good,210,0.767,0.376,3,less250
11906,2010,12,1285.8217821782177,7.159153312128895,0,NoWC,0,NoSA,wholesretail,4,good,202,0.985,0.322,3,less250
11924,2014,16,2778.5,7.929666492719976,1,WC,0,NoSA,buservices,3,satisfactory,26,0.538,0.462,1,less50
11924,2015,17,3010.0416666666665,8.009709200393512,1,WC,0,NoSA,buservices,3,satisfactory,24,0.333,0.5,1,less50
11924,2017,19,1736.576923076923,7.459671168972619,1,WC,0,NoSA,buservices,3,satisfactory,26,0.731,0.462,1,less50
11924,2018,20,1556.9310344827586,7.350471877007627,1,WC,0,NoSA,buservices,4,good,29,0.621,0.483,1,less50
11924,2020,22,1556.9310344827586,7.350471877007627,1,WC,0,NoSA,health,4,good,29,0.586,0.379,1,less50
11924,2021,23,1505.037037037037,7.316572786207106,1,WC,0,NoSA,health,3,satisfactory,27,0.407,0.407,1,less50
11926,2001,3,3972.6850754310344,8.287197486483851,1,WC,0,NoSA,manufacturing,2,sufficient,29,0.379,0.034,1,less50
11926,2002,4,1335.939393939394,7.197389989249803,1,WC,0,NoSA,manufacturing,4,good,33,0.364,0.03,1,less50
11926,2003,5,1236.4137931034484,7.119970366054234,1,WC,0,NoSA,manufacturing,3,satisfactory,29,0.138,0.034,1,less50
11945,2009,11,2878.722222222222,7.9651018018385695,1,WC,0,NoSA,construction,3,satisfactory,36,0.222,0.056,1,less50
11945,2010,12,2952.1315789473683,7.990282757541174,1,WC,0,NoSA,construction,3,satisfactory,38,0.211,0.053,1,less50
11945,2011,13,3205.175,8.072521970048212,1,WC,0,NoSA,construction,3,satisfactory,40,0.2,0.05,1,less50
11945,2012,14,2731.681818181818,7.912672749113773,1,WC,0,NoSA,construction,3,satisfactory,44,0.182,0.045,1,less50
11945,2013,15,2185.340909090909,7.689527117826686,1,WC,0,NoSA,construction,3,satisfactory,44,0.182,0.045,1,less50
11945,2015,17,3230.0232558139537,8.080244616133184,1,WC,0,NoSA,construction,3,satisfactory,43,0.186,0.047,1,less50
11945,2016,18,2273.1702127659573,7.728930705679694,1,WC,0,NoSA,construction,4,good,47,0.298,0.021,1,less50
11945,2017,19,2551.061224489796,7.844264718045813,1,WC,0,NoSA,construction,3,satisfactory,49,0.245,0.041,1,less50
11945,2019,21,1978.5,7.590094260825479,1,WC,0,NoSA,construction,4,good,54,0.185,0.037,2,less100
11945,2020,22,2620.5849056603774,7.8711528182746235,1,WC,0,NoSA,construction,4,good,53,0.189,0.075,2,less100
11952,2016,18,2473.7916666666665,7.81350734029859,0,NoWC,0,NoSA,manufacturing,3,satisfactory,24,0.292,0.75,1,less50
11952,2017,19,2820.1,7.944527624296341,0,NoWC,0,NoSA,manufacturing,3,satisfactory,20,0.3,0.9,1,less50
11952,2018,20,2732.9523809523807,7.913137762048641,0,NoWC,0,NoSA,manufacturing,3,satisfactory,21,0.238,0.714,1,less50
11955,2000,2,661.2534869350283,6.494137256406286,0,NoWC,0,NoSA,public,4,good,177,0.011,0.288,3,less250
11955,2001,3,636.0971042798913,6.455351231371129,0,NoWC,0,NoSA,public,4,good,184,0.005,0.228,3,less250
11955,2002,4,575.0263157894736,6.354415806340481,0,NoWC,0,NoSA,public,3,satisfactory,190,0.021,0.253,3,less250
11955,2003,5,697.0985221674877,6.546926752518061,0,NoWC,0,NoSA,public,4,good,203,0.044,0.256,3,less250
11955,2004,6,763.3969849246231,6.637778190767861,0,NoWC,0,NoSA,public,2,sufficient,199,0.03,0.246,3,less250
11955,2005,7,697.5530726256983,6.547578600586787,0,NoWC,0,NoSA,public,3,satisfactory,179,0.034,0.24,3,less250
11955,2006,8,906.8212290502794,6.809945329310246,0,NoWC,0,NoSA,public,3,satisfactory,179,0.039,0.196,3,less250
11955,2007,9,619.3571428571429,6.428682073761902,0,NoWC,0,NoSA,public,2,sufficient,210,0.029,0.295,3,less250
11955,2008,10,490.5285714285714,6.19548352690851,0,NoWC,0,NoSA,public,4,good,210,0.057,0.262,3,less250
11955,2009,11,1028.1309523809523,6.935497823486839,0,NoWC,0,NoSA,public,5,very good,168,0.077,0.22,3,less250
11955,2010,12,598,6.393590753950631,0,NoWC,0,NoSA,public,1,unsatisfactory,174,0.04,0.195,3,less250
11955,2011,13,1016.5977011494252,6.924216743697463,0,NoWC,0,NoSA,public,4,good,174,0.006,0.287,3,less250
11955,2012,14,1188.2469135802469,7.0802343180409215,0,NoWC,0,NoSA,public,4,good,162,0.037,0.352,3,less250
11966,2003,5,1676.1363636363637,7.424246640283805,1,WC,0,NoSA,manufacturing,1,unsatisfactory,22,0.5,0.591,1,less50
11966,2006,8,2104.6,7.651880704306712,1,WC,0,NoSA,manufacturing,4,good,25,0.28,0.48,1,less50
11966,2007,9,2512.818181818182,7.829160183878847,1,WC,0,NoSA,manufacturing,4,good,22,0.227,0.591,1,less50
11966,2008,10,2356.4545454545455,7.764913457170556,1,WC,1,SA,manufacturing,5,very good,22,0.136,0.682,1,less50
11966,2009,11,1604.1923076923076,7.380375673816171,1,WC,1,SA,construction,3,satisfactory,26,0.269,0.615,1,less50
11966,2010,12,1888.09375,7.543323001192981,1,WC,1,SA,construction,2,sufficient,32,0.125,0.406,1,less50
11972,2009,11,2434.5104166666665,7.797500954384054,0,NoWC,0,NoSA,health,2,sufficient,96,0.062,0.396,2,less100
11972,2010,12,2435.4895833333335,7.797903076223833,0,NoWC,0,NoSA,health,2,sufficient,96,0.021,0.521,2,less100
11972,2011,13,2332.47,7.754683070902452,0,NoWC,0,NoSA,health,4,good,100,0.02,0.62,2,less100
11972,2012,14,2666.01,7.888338251669354,0,NoWC,0,NoSA,health,5,very good,100,0.11,0.43,2,less100
11972,2013,15,2997,8.005367067316664,0,NoWC,0,NoSA,health,4,good,106,0.104,0.453,3,less250
11972,2014,16,2842.9716981132074,7.952605156664132,0,NoWC,0,NoSA,health,4,good,106,0.104,0.453,3,less250
11972,2015,17,2754.9528301886794,7.92115559991183,0,NoWC,0,NoSA,health,4,good,106,0.113,0.443,3,less250
11972,2016,18,2464.5,7.809744226145432,0,NoWC,0,NoSA,health,4,good,106,0.104,0.443,3,less250
11972,2017,19,2563.394495412844,7.849087633916046,0,NoWC,0,NoSA,health,4,good,109,0.266,0.44,3,less250
11972,2018,20,2359.7837837837837,7.766325276781789,0,NoWC,0,NoSA,health,4,good,111,0.225,0.45,3,less250
11972,2019,21,1646.2660550458716,7.40626500550553,0,NoWC,0,NoSA,health,3,satisfactory,109,0.202,0.569,3,less250
11972,2020,22,2426.6521739130435,7.794267880216207,0,NoWC,0,NoSA,art,4,good,115,0.2,0.565,3,less250
11972,2021,23,2600.1311475409834,7.863317164099367,0,NoWC,0,NoSA,art,3,satisfactory,122,0.197,0.59,3,less250
12016,2015,17,1533.8688524590164,7.335548484438638,1,WC,0,NoSA,buservices,1,unsatisfactory,183,0.109,0.634,3,less250
12016,2016,18,2356.4296875,7.764902908235628,1,WC,0,NoSA,buservices,1,unsatisfactory,128,0.156,0.234,3,less250
12016,2017,19,1959.7463768115942,7.580570344265793,1,WC,0,NoSA,buservices,2,sufficient,138,0.138,0.442,3,less250
12016,2018,20,2336.09375,7.756235475848301,1,WC,0,NoSA,buservices,2,sufficient,160,0.119,0.394,3,less250
12016,2019,21,2015.7625,7.608752814711724,1,WC,0,NoSA,buservices,4,good,160,0.119,0.438,3,less250
12016,2020,22,2961.7708333333335,7.993542622939726,1,WC,0,NoSA,health,4,good,96,0.229,0.292,2,less100
12016,2021,23,3445.8936170212764,8.144938545172362,1,WC,0,NoSA,health,5,very good,94,0.245,0.298,2,less100
12041,2017,19,1992.55,7.5971705044524045,1,WC,0,NoSA,wholesretail,4,good,20,0.1,0.8,1,less50
12041,2018,20,2241.6,7.714945175582742,1,WC,0,NoSA,wholesretail,4,good,20,0.1,0.85,1,less50
12041,2019,21,1992.55,7.5971705044524045,1,WC,0,NoSA,wholesretail,4,good,20,0.15,0.85,1,less50
12064,2005,7,501.88,6.218361047291499,1,WC,0,NoSA,buservices,3,satisfactory,125,0.144,0.48,3,less250
12064,2006,8,592.948275862069,6.385107170677542,1,WC,0,NoSA,buservices,4,good,116,0.569,0.509,3,less250
12064,2007,9,404.84939759036143,6.003515140148705,1,WC,0,NoSA,buservices,4,good,166,0.59,0.524,3,less250
12064,2008,10,396.23121387283237,5.981997914282961,1,WC,0,NoSA,buservices,3,satisfactory,173,0.584,0.497,3,less250
12064,2009,11,440.3229813664596,6.087508506190567,1,WC,0,NoSA,transcom,2,sufficient,161,0.429,0.441,3,less250
12076,2005,7,355.3157894736842,5.87300694187543,0,NoWC,0,NoSA,wholesretail,3,satisfactory,38,0.105,0.342,1,less50
12076,2006,8,355.3157894736842,5.87300694187543,0,NoWC,0,NoSA,wholesretail,3,satisfactory,38,0.184,0.342,1,less50
12076,2007,9,461.5897435897436,6.134676495687384,0,NoWC,0,NoSA,wholesretail,2,sufficient,39,0.128,0.333,1,less50
12076,2008,10,553.8974358974359,6.316979535848773,0,NoWC,0,NoSA,wholesretail,3,satisfactory,39,0.077,0.359,1,less50
12076,2009,11,473.7368421052632,6.160651982090645,0,NoWC,0,NoSA,wholesretail,3,satisfactory,38,0.158,0.316,1,less50
12076,2012,14,500.05555555555554,6.214719203360921,0,NoWC,0,NoSA,wholesretail,3,satisfactory,36,0.028,0.389,1,less50
12076,2013,15,465.48571428571427,6.143081407278889,0,NoWC,0,NoSA,wholesretail,4,good,35,0.057,0.343,1,less50
12076,2014,16,598.375,6.394217647712673,0,NoWC,0,NoSA,wholesretail,4,good,32,0.094,0.312,1,less50
12076,2015,17,569.8857142857142,6.345435839472399,0,NoWC,0,NoSA,wholesretail,4,good,35,0.029,0.314,1,less50
12076,2016,18,616.8235294117648,6.424582969076262,0,NoWC,0,NoSA,wholesretail,3,satisfactory,34,0.059,0.324,1,less50
12076,2017,19,678.8611111111111,6.520416557462039,0,NoWC,0,NoSA,wholesretail,3,satisfactory,36,0.111,0.389,1,less50
12076,2018,20,675.0833333333334,6.514836140042491,0,NoWC,0,NoSA,wholesretail,3,satisfactory,36,0.111,0.361,1,less50
12076,2019,21,714.7941176470588,6.57199455388244,0,NoWC,0,NoSA,wholesretail,4,good,34,0.088,0.353,1,less50
12076,2020,22,871.7142857142857,6.770461716221302,0,NoWC,0,NoSA,construction,2,sufficient,35,0.114,0.4,1,less50
12079,1998,0,3389.4484953703704,8.128422501408282,1,WC,0,NoSA,transcom,4,good,54,0.056,0.056,2,less100
12079,1999,1,3151.423321759259,8.055609477944573,1,WC,0,NoSA,transcom,4,good,54,0.056,0.056,2,less100
12079,2000,2,3246.637152777778,8.08537501740696,1,WC,0,NoSA,transcom,2,sufficient,54,0.019,0.056,2,less100
12096,2008,10,2257.0588235294117,7.721817839184782,1,WC,0,NoSA,manufacturing,5,very good,51,0.02,0.392,2,less100
12096,2009,11,2659.5348837209303,7.885906530742686,1,WC,0,NoSA,manufacturing,4,good,43,0.023,0.326,1,less50
12096,2011,13,3808.480769230769,8.244985640366135,1,WC,0,NoSA,manufacturing,4,good,52,0.038,0.327,2,less100
12096,2012,14,2944.8333333333335,7.987807501388595,1,WC,0,NoSA,manufacturing,3,satisfactory,48,0.021,0.292,1,less50
12107,2013,15,738.4979253112033,6.604618292639396,0,NoWC,1,SA,manufacturing,4,good,241,0.046,0.27,3,less250
12107,2014,16,1042.4256198347107,6.949305603247202,0,NoWC,1,SA,manufacturing,5,very good,242,0.05,0.302,3,less250
12107,2015,17,1044.5809523809523,6.95137108146964,0,NoWC,1,SA,manufacturing,5,very good,210,0.076,0.329,3,less250
12107,2016,18,822.61,6.712482212299141,0,NoWC,1,SA,manufacturing,5,very good,200,0.08,0.32,3,less250
12107,2017,19,1199.4679802955666,7.089633387713837,0,NoWC,1,SA,manufacturing,4,good,203,0.079,0.315,3,less250
12107,2018,20,1169.1928934010152,7.064068955046377,0,NoWC,1,SA,manufacturing,4,good,197,0.127,0.315,3,less250
12107,2019,21,1215.6232558139534,7.103012191999779,0,NoWC,1,SA,manufacturing,3,satisfactory,215,0.116,0.335,3,less250
12123,2013,15,3957.2444444444445,8.283303214671866,0,NoWC,0,NoSA,finance,4,good,45,0.511,0.756,1,less50
12123,2014,16,3752.717391304348,8.230235494222498,0,NoWC,0,NoSA,finance,3,satisfactory,46,0.435,0.609,1,less50
12123,2015,17,3993.3953488372094,8.292397112639646,0,NoWC,0,NoSA,finance,4,good,43,0.512,0.535,1,less50
12123,2016,18,3799.409090909091,8.242600831230382,0,NoWC,0,NoSA,finance,4,good,44,0.523,0.523,1,less50
12123,2017,19,3028.5,8.015822726421002,0,NoWC,0,NoSA,finance,3,satisfactory,48,0.479,0.5,1,less50
12123,2019,21,1093.9795918367347,6.997577328179713,0,NoWC,0,NoSA,finance,4,good,49,0.327,0.551,1,less50
12169,2000,2,716.0426201372998,6.573739690520507,0,NoWC,0,NoSA,art,5,very good,874,0.003,0.568,4,more250
12169,2004,6,586.8544600938967,6.374776850575013,0,NoWC,0,NoSA,art,5,very good,852,0.023,0.509,4,more250
12169,2005,7,608.2393867924528,6.410568532752589,0,NoWC,0,NoSA,art,4,good,848,0.009,0.467,4,more250
12182,1998,0,990.5433484349259,6.898253629375757,0,NoWC,0,NoSA,public,3,satisfactory,607,0.27,0.89,4,more250
12182,2004,6,610.6181506849315,6.414471805841497,0,NoWC,0,NoSA,public,4,good,584,0.193,0.824,4,more250
12182,2005,7,893.9116117850954,6.7956069020363925,0,NoWC,0,NoSA,public,4,good,577,0.002,0.851,4,more250
12192,2013,15,3555.5555555555557,8.176266604445644,0,NoWC,0,NoSA,public,4,good,90,0.956,0.622,2,less100
12192,2014,16,3472.5274725274726,8.152637986052198,0,NoWC,0,NoSA,public,2,sufficient,91,0.912,0.615,2,less100
12192,2015,17,4542.284210526316,8.421185294579773,0,NoWC,0,NoSA,public,4,good,95,0.874,0.505,2,less100
12192,2016,18,5575.863157894737,8.626202410872134,0,NoWC,0,NoSA,public,4,good,95,0.821,0.453,2,less100
12192,2017,19,4669.009900990099,8.448702315549134,0,NoWC,0,NoSA,public,4,good,101,0.792,0.485,3,less250
12192,2018,20,5044.1442307692305,8.525983291198047,0,NoWC,0,NoSA,public,4,good,104,0.769,0.471,3,less250
12192,2019,21,4721.973684210527,8.459982144612251,0,NoWC,0,NoSA,public,3,satisfactory,114,0.605,0.368,3,less250
12192,2020,22,3947.5,8.280837746129798,0,NoWC,0,NoSA,public,3,satisfactory,100,0.73,0.49,2,less100
12196,2014,16,643.2428571428571,6.466522346775065,1,WC,0,NoSA,manufacturing,4,good,140,0.579,0.579,3,less250
12196,2018,20,858.379746835443,6.755046596950822,1,WC,0,NoSA,manufacturing,3,satisfactory,158,0.608,0.753,3,less250
12196,2019,21,1549.892405063291,7.345940791415685,1,WC,0,NoSA,manufacturing,2,sufficient,158,0.677,0.69,3,less250
12207,2004,6,1626.68,7.394296406866801,1,WC,0,NoSA,health,3,satisfactory,25,0.08,0.56,1,less50
12207,2005,7,1872.7727272727273,7.5351753535294055,1,WC,0,NoSA,health,3,satisfactory,22,0.091,0.545,1,less50
12207,2008,10,1687.5185185185185,7.431014396623372,1,WC,0,NoSA,health,3,satisfactory,27,0.074,0.519,1,less50
12207,2009,11,1841.923076923077,7.518565455315173,1,WC,0,NoSA,health,3,satisfactory,26,0.115,0.462,1,less50
12207,2010,12,1751.225806451613,7.468071282538865,1,WC,0,NoSA,health,3,satisfactory,31,0.097,0.452,1,less50
12207,2011,13,1484.3030303030303,7.302700601199093,1,WC,0,NoSA,health,3,satisfactory,33,0.182,0.545,1,less50
12207,2012,14,1857.5483870967741,7.5270128258336655,1,WC,0,NoSA,health,3,satisfactory,31,0.097,0.484,1,less50
12207,2013,15,1938.8387096774193,7.56984446956385,1,WC,0,NoSA,health,3,satisfactory,31,0.129,0.516,1,less50
12207,2015,17,1938.8666666666666,7.569858888910621,1,WC,0,NoSA,health,3,satisfactory,30,0.2,0.6,1,less50
12207,2016,18,2082.75,7.641444414855019,1,WC,0,NoSA,health,4,good,32,0.094,0.594,1,less50
12207,2017,19,2082.75,7.641444414855019,1,WC,0,NoSA,health,4,good,32,0.062,0.594,1,less50
12207,2018,20,1155.2424242424242,7.052065492050817,1,WC,0,NoSA,health,3,satisfactory,33,0.061,0.606,1,less50
12209,2011,13,1075.75,6.980773371718709,0,NoWC,0,NoSA,public,5,very good,20,0.15,0.8,1,less50
12209,2012,14,1232.6190476190477,7.116896491612579,0,NoWC,0,NoSA,public,4,good,21,0.095,0.81,1,less50
12209,2013,15,1262.5454545454545,7.1408851641017606,0,NoWC,0,NoSA,public,4,good,22,0.091,0.818,1,less50
12209,2015,17,1449.590909090909,7.279036663946553,0,NoWC,0,NoSA,public,3,satisfactory,22,0.136,0.773,1,less50
12209,2016,18,1068.3076923076924,6.973831079438595,0,NoWC,0,NoSA,public,3,satisfactory,26,0.077,0.808,1,less50
12209,2018,20,1234.48,7.11840510776295,0,NoWC,0,NoSA,public,4,good,25,0.08,0.8,1,less50
12209,2019,21,1028.75,6.9360997519912795,0,NoWC,0,NoSA,public,3,satisfactory,24,0.083,0.833,1,less50
12210,2001,3,880.2912642045454,6.780252834760397,0,NoWC,0,NoSA,manufacturing,3,satisfactory,110,0.273,0.345,3,less250
12210,2002,4,902.6315789473684,6.805314473427646,0,NoWC,0,NoSA,manufacturing,2,sufficient,114,0.368,0.36,3,less250
12210,2005,7,1127.3035714285713,7.027583840171584,0,NoWC,0,NoSA,manufacturing,5,very good,112,0.571,0.357,3,less250
12210,2006,8,572.7627118644068,6.350471515525386,0,NoWC,0,NoSA,manufacturing,1,unsatisfactory,118,0.441,0.305,3,less250
12210,2008,10,620.9426229508197,6.43123868306068,0,NoWC,0,NoSA,manufacturing,2,sufficient,122,0.361,0.574,3,less250
12210,2009,11,631.2916666666666,6.44776798501189,0,NoWC,1,SA,manufacturing,5,very good,120,0.367,0.308,3,less250
12210,2010,12,611.0677966101695,6.415207913098091,0,NoWC,1,SA,manufacturing,4,good,118,0.381,0.331,3,less250
12210,2013,15,347.1011904761905,5.849616352640569,0,NoWC,1,SA,manufacturing,5,very good,168,0.244,0.268,3,less250
12210,2014,16,388.57954545454544,5.96249789905399,0,NoWC,1,SA,manufacturing,4,good,176,0.227,0.295,3,less250
12210,2015,17,396.03370786516854,5.981499328503542,0,NoWC,1,SA,manufacturing,4,good,178,0.225,0.292,3,less250
12210,2016,18,494.4535519125683,6.20345321725288,0,NoWC,1,SA,manufacturing,4,good,183,0.219,0.301,3,less250
12210,2017,19,495.77486910994764,6.206121930760861,0,NoWC,1,SA,manufacturing,5,very good,191,0.277,0.298,3,less250
12210,2019,21,1402.8615384615384,7.246269385611178,0,NoWC,1,SA,manufacturing,3,satisfactory,195,0.292,0.328,3,less250
12210,2020,22,930.3210526315789,6.8355297444567364,0,NoWC,1,SA,manufacturing,4,good,190,0.342,0.163,3,less250
12210,2021,23,747.4262295081967,6.616635610773558,0,NoWC,1,SA,manufacturing,4,good,183,0.388,0.262,3,less250
12220,2002,4,9032.258064516129,9.10855767766624,0,NoWC,0,NoSA,health,4,good,62,0.419,0.145,2,less100
12220,2004,6,7048.177419354839,8.860524340306394,0,NoWC,0,NoSA,health,3,satisfactory,62,0.613,0.145,2,less100
12220,2005,7,8128.464285714285,9.003127289952907,0,NoWC,0,NoSA,health,4,good,56,0.679,0.143,2,less100
12220,2006,8,8691.857142857143,9.07014190576693,0,NoWC,0,NoSA,health,4,good,56,0.625,0.161,2,less100
12223,2012,14,2539.1328125,7.839577889316525,0,NoWC,0,NoSA,art,3,satisfactory,128,0.156,0.312,3,less250
12223,2014,16,2507.936507936508,7.827215585617571,0,NoWC,0,NoSA,art,3,satisfactory,126,0.143,0.294,3,less250
12223,2016,18,5163.81679389313,8.549431273779701,0,NoWC,0,NoSA,art,2,sufficient,131,0.137,0.298,3,less250
12237,1998,0,763.5155729166667,6.637933521198112,0,NoWC,0,NoSA,finance,4,good,75,0.013,0.187,2,less100
12237,1999,1,1031.7800886824325,6.939040830972121,0,NoWC,0,NoSA,finance,4,good,74,0.014,0.162,2,less100
12237,2000,2,108.16209635416666,4.683630994079521,0,NoWC,0,NoSA,finance,2,sufficient,75,0.027,0.333,2,less100
12237,2001,3,840.7768787202381,6.7343263200412435,0,NoWC,0,NoSA,finance,4,good,84,0.012,0.202,2,less100
12237,2002,4,1155.5357142857142,7.052319337316162,0,NoWC,0,NoSA,finance,4,good,84,0.012,0.119,2,less100
12237,2004,6,973.078125,6.880464371871232,0,NoWC,0,NoSA,finance,2,sufficient,64,0.031,0.141,2,less100
12237,2005,7,865.7625,6.763610621526553,0,NoWC,0,NoSA,finance,2,sufficient,80,0.075,0.125,2,less100
12282,2012,14,6182.069767441861,8.729408408206163,1,WC,0,NoSA,manufacturing,4,good,43,0.116,0.302,1,less50
12282,2013,15,6518.933333333333,8.782466042354889,1,WC,0,NoSA,manufacturing,4,good,45,0.133,0.111,1,less50
12282,2015,17,5879.565217391304,8.679238095538256,1,WC,0,NoSA,manufacturing,3,satisfactory,46,0.109,0.087,1,less50
12326,2013,15,508.5806451612903,6.2316237971347075,1,WC,0,NoSA,manufacturing,4,good,31,0.742,0.452,1,less50
12326,2014,16,1049.7,6.956259688041752,0,NoWC,0,NoSA,manufacturing,4,good,30,0.233,0.467,1,less50
12326,2015,17,951.28125,6.857809760147466,1,WC,0,NoSA,manufacturing,5,very good,32,0.5,0.469,1,less50
12326,2016,18,1073.5454545454545,6.978721958802911,1,WC,0,NoSA,manufacturing,3,satisfactory,33,0.667,0.455,1,less50
12326,2017,19,1328.5,7.191805765199868,1,WC,0,NoSA,manufacturing,1,unsatisfactory,32,0.656,0.406,1,less50
12341,1998,0,1170.004290617849,7.06476269497982,0,NoWC,0,NoSA,finance,4,good,874,0.007,0.556,4,more250
12341,1999,1,1217.361607142857,7.104441178797996,0,NoWC,0,NoSA,finance,5,very good,714,0.008,0.532,4,more250
12341,2000,2,860.8270288858322,6.757893588642523,0,NoWC,0,NoSA,finance,4,good,727,0.011,0.627,4,more250
12341,2002,4,1068.7022900763359,6.9742003783902895,0,NoWC,0,NoSA,finance,5,very good,524,0.019,0.031,4,more250
12341,2003,5,1255.5373961218836,7.135318963993862,0,NoWC,0,NoSA,finance,2,sufficient,361,0.094,0.252,4,more250
12341,2004,6,1718.213058419244,7.449040110232836,0,NoWC,0,NoSA,finance,2,sufficient,291,0.058,0.498,4,more250
12346,2017,19,3911.8888888888887,8.27177562811558,1,WC,0,NoSA,art,4,good,27,0.111,1,1,less50
12346,2018,20,6161.25,8.726034958019588,1,WC,0,NoSA,art,4,good,24,0.083,1,1,less50
12346,2019,21,7393.48,8.908353809731098,1,WC,0,NoSA,art,4,good,25,0.04,1,1,less50
12357,2015,17,1522.2277227722773,7.327930147973504,1,WC,1,SA,health,4,good,101,0.01,0.119,3,less250
12357,2017,19,2353.010101010101,7.763450681540121,1,WC,0,NoSA,health,3,satisfactory,99,0.01,0.121,2,less100
12357,2018,20,2852.418367346939,7.9559224633940175,1,WC,0,NoSA,health,4,good,98,0.02,0.122,2,less100
12357,2019,21,2942.4947368421053,7.987013050464049,1,WC,0,NoSA,health,5,very good,95,0.021,0.116,2,less100
12357,2021,23,2722.0898876404494,7.909155205311455,1,WC,0,NoSA,buservices,3,satisfactory,89,0.022,0.124,2,less100
12385,1999,1,976.7294270833333,6.884209671090717,0,NoWC,0,NoSA,transcom,2,sufficient,60,0.717,0.383,2,less100
12385,2000,2,754.6596060739437,6.626266794702111,0,NoWC,1,SA,transcom,3,satisfactory,71,0.634,0.38,2,less100
12385,2001,3,730.8856491815476,6.594257016845027,0,NoWC,1,SA,transcom,3,satisfactory,84,0.548,0.429,2,less100
12385,2002,4,781.3846153846154,6.661067493899654,0,NoWC,1,SA,transcom,3,satisfactory,78,0.551,0.538,2,less100
12385,2004,6,1045.183908045977,6.951948137475485,0,NoWC,0,NoSA,transcom,3,satisfactory,87,0.138,0.563,2,less100
12385,2005,7,1057.2065217391305,6.963385351590345,0,NoWC,0,NoSA,transcom,2,sufficient,92,0.13,0.565,2,less100
12385,2006,8,992.6697247706422,6.900398005266844,0,NoWC,0,NoSA,transcom,3,satisfactory,109,0.349,0.55,3,less250
12385,2007,9,1165.7961165048544,7.061159494421182,0,NoWC,0,NoSA,transcom,4,good,103,0.117,0.524,3,less250
12385,2009,11,1977.5507246376812,7.589614350204199,0,NoWC,0,NoSA,transcom,4,good,69,0.174,0.391,2,less100
12385,2011,13,2373.194805194805,7.771992345436704,0,NoWC,0,NoSA,transcom,4,good,77,0.169,0.39,2,less100
12385,2012,14,2869.974683544304,7.962058487650059,0,NoWC,0,NoSA,transcom,4,good,79,0.152,0.38,2,less100
12385,2014,16,3333.1830985915494,8.111683011869836,0,NoWC,0,NoSA,transcom,4,good,71,0.211,0.38,2,less100
12385,2015,17,3648.9864864864867,8.202204733082505,0,NoWC,0,NoSA,transcom,4,good,74,0.23,0.378,2,less100
12385,2017,19,3848.9102564102564,8.255545336932487,0,NoWC,0,NoSA,transcom,4,good,78,0.282,0.269,2,less100
12385,2018,20,6007.065573770492,8.700691651016731,1,WC,0,NoSA,transcom,4,good,61,0.393,0.295,2,less100
12385,2019,21,5567.216666666666,8.624650507251312,1,WC,0,NoSA,transcom,4,good,60,0.483,0.217,2,less100
12385,2020,22,7119.195652173913,8.870550027824114,1,WC,0,NoSA,wholesretail,3,satisfactory,46,0.543,0.37,1,less50
12385,2021,23,5550.95744680851,8.621725704800305,1,WC,0,NoSA,wholesretail,4,good,47,0.553,0.298,1,less50
12437,2019,21,2667.529411764706,7.888908009081273,0,NoWC,0,NoSA,wholesretail,3,satisfactory,34,0.118,0.853,1,less50
12437,2020,22,2351.653846153846,7.762874123933007,1,WC,0,NoSA,construction,2,sufficient,26,0.154,0.769,1,less50
12437,2021,23,2141.6875,7.669349348674457,1,WC,0,NoSA,construction,2,sufficient,32,0.094,0.844,1,less50
12443,2002,4,1906.8870967741937,7.5532273992196455,0,NoWC,0,NoSA,manufacturing,3,satisfactory,248,0.129,0.375,3,less250
12443,2003,5,1286.1158798283261,7.159382009469219,0,NoWC,0,NoSA,manufacturing,2,sufficient,233,0.176,0.399,3,less250
12443,2004,6,2192.9824561403507,7.693017748449888,0,NoWC,0,NoSA,manufacturing,3,satisfactory,228,0.175,0.417,3,less250
12443,2005,7,2272.1894273127755,7.728499151063089,0,NoWC,0,NoSA,manufacturing,3,satisfactory,227,0.189,0.366,3,less250
12443,2006,8,2186.6666666666665,7.6901335932700245,0,NoWC,0,NoSA,manufacturing,3,satisfactory,225,0.196,0.369,3,less250
12447,2004,6,2225.748148148148,7.707848384440921,0,NoWC,0,NoSA,manufacturing,3,satisfactory,135,0.474,0.778,3,less250
12447,2005,7,2381.5833333333335,7.775520811580562,0,NoWC,1,SA,manufacturing,3,satisfactory,132,0.515,0.773,3,less250
12447,2006,8,2574.2384615384617,7.853309026265364,0,NoWC,0,NoSA,manufacturing,4,good,130,0.5,0.777,3,less250
12449,2007,9,5552.917808219178,8.622078799802907,0,NoWC,0,NoSA,health,2,sufficient,73,0.055,0.658,2,less100
12449,2008,10,5120.808219178082,8.541067560883935,0,NoWC,0,NoSA,health,2,sufficient,73,0.438,0.644,2,less100
12449,2010,12,2734.063157894737,7.913544117929559,0,NoWC,0,NoSA,health,3,satisfactory,95,0.274,0.663,2,less100
12449,2011,13,1662.0689655172414,7.415818470052217,0,NoWC,0,NoSA,health,3,satisfactory,174,0.161,0.546,3,less250
12449,2012,14,2160.7843137254904,7.678226542976626,0,NoWC,0,NoSA,health,4,good,153,0.15,0.634,3,less250
12449,2013,15,2206.896551724138,7.699342532355335,0,NoWC,0,NoSA,health,3,satisfactory,145,0.159,0.69,3,less250
12449,2014,16,2241.1347517730496,7.714737602190881,0,NoWC,0,NoSA,health,3,satisfactory,141,0.135,0.567,3,less250
12449,2015,17,4330.2836879432625,8.37338833569642,0,NoWC,0,NoSA,health,3,satisfactory,141,0.199,0.688,3,less250
12449,2016,18,3736.8734177215188,8.226004556212171,0,NoWC,0,NoSA,health,2,sufficient,158,0.146,0.639,3,less250
12449,2017,19,4019.8543046357618,8.299000938328367,0,NoWC,0,NoSA,health,3,satisfactory,151,0.192,0.589,3,less250
12449,2018,20,4012.525316455696,8.297176076815425,0,NoWC,0,NoSA,health,3,satisfactory,158,0.209,0.608,3,less250
12449,2019,21,4312.954248366013,8.369378388746927,0,NoWC,0,NoSA,health,3,satisfactory,153,0.242,0.595,3,less250
12449,2020,22,3967.5269461077846,8.285898244087088,0,NoWC,0,NoSA,buservices,3,satisfactory,167,0.21,0.617,3,less250
12449,2021,23,4053.068181818182,8.307229449042493,0,NoWC,0,NoSA,buservices,4,good,176,0.233,0.551,3,less250
12454,2012,14,6746.938775510204,8.816844166258434,1,WC,0,NoSA,finance,5,very good,49,0.327,0.061,1,less50
12454,2013,15,6808.510638297872,8.825928673065851,1,WC,1,SA,finance,4,good,47,0.383,0.043,1,less50
12454,2014,16,5448.275862068966,8.60305448202263,1,WC,1,SA,finance,3,satisfactory,58,0.328,0.069,2,less100
12454,2015,17,20280.041666666668,9.917392512272372,1,WC,1,SA,finance,4,good,24,0.625,0,1,less50
12454,2016,18,17413.8,9.765018274310549,1,WC,1,SA,finance,4,good,25,0.72,0.12,1,less50
12454,2017,19,15703.48275862069,9.661637798494652,1,WC,1,SA,finance,4,good,29,0.517,0.069,1,less50
12469,2016,18,1783.3478260869565,7.486247677966653,1,WC,0,NoSA,health,4,good,69,0.014,0.928,2,less100
12469,2017,19,2860.9565217391305,7.958911296059115,1,WC,0,NoSA,health,4,good,69,0.014,0.928,2,less100
12469,2021,23,647.9130434782609,6.4737564951845235,1,WC,0,NoSA,public,3,satisfactory,92,0.011,0.924,2,less100
12499,2001,3,2323.65796875,7.750897933625227,1,WC,0,NoSA,manufacturing,4,good,25,0.04,0.28,1,less50
12499,2002,4,1122.1923076923076,7.023039468626036,1,WC,0,NoSA,manufacturing,4,good,26,0.038,0.231,1,less50
12499,2003,5,1725.1851851851852,7.4530896774340025,1,WC,0,NoSA,manufacturing,3,satisfactory,27,0.037,0.296,1,less50
12499,2004,6,805.1,6.690966493305935,1,WC,0,NoSA,manufacturing,4,good,30,0.067,0.267,1,less50
12513,2009,11,1426.054054054054,7.262666506324586,0,NoWC,0,NoSA,buservices,5,very good,37,0.216,0.73,1,less50
12513,2010,12,1758.7948717948718,7.472384121561485,0,NoWC,0,NoSA,buservices,2,sufficient,39,0.026,0.692,1,less50
12513,2011,13,2638.2,7.87785214541482,0,NoWC,0,NoSA,buservices,2,sufficient,40,0.1,0.7,1,less50
12513,2012,14,2082.7894736842104,7.641463367350589,0,NoWC,0,NoSA,buservices,4,good,38,0.105,0.763,1,less50
12517,2004,6,737.3861386138614,6.603111687974684,0,NoWC,0,NoSA,mining,4,good,101,0.01,0.792,3,less250
12517,2005,7,710.6260162601626,6.566146294597234,0,NoWC,1,SA,mining,4,good,123,0.008,0.691,3,less250
12517,2006,8,797.9603174603175,6.682058868720019,0,NoWC,1,SA,mining,4,good,126,0.008,0.81,3,less250
12517,2007,9,774.4148148148148,6.652107666480327,1,WC,1,SA,mining,4,good,135,0.007,0.711,3,less250
12517,2008,10,691.3676470588235,6.538671733015219,0,NoWC,1,SA,mining,5,very good,136,0.007,0.647,3,less250
12532,2007,9,750.7741935483871,6.621104932182876,1,WC,0,NoSA,transcom,1,unsatisfactory,62,0.032,0.403,2,less100
12532,2008,10,748.5892857142857,6.618190482937082,1,WC,0,NoSA,transcom,1,unsatisfactory,56,0.071,0.429,2,less100
12532,2009,11,811.3111111111111,6.698651594748026,1,WC,0,NoSA,transcom,2,sufficient,45,0.089,0.4,1,less50
12532,2010,12,968.5918367346939,6.875843302032203,1,WC,0,NoSA,transcom,3,satisfactory,49,0.061,0.571,1,less50
12532,2011,13,1161.9130434782608,7.0578231011162185,1,WC,0,NoSA,transcom,4,good,46,0.13,0.478,1,less50
12532,2012,14,1467.175,7.291094062098579,1,WC,1,SA,transcom,1,unsatisfactory,40,0.075,0.575,1,less50
12532,2013,15,1193.5384615384614,7.084677671098321,1,WC,1,SA,transcom,3,satisfactory,39,0.103,0.538,1,less50
12532,2014,16,1581.5,7.366129042745704,1,WC,1,SA,transcom,1,unsatisfactory,38,0.132,0.553,1,less50
12532,2015,17,1813.7179487179487,7.503134132763388,1,WC,0,NoSA,transcom,2,sufficient,39,0.154,0.564,1,less50
12532,2016,18,1798.2682926829268,7.494579421187274,1,WC,0,NoSA,transcom,1,unsatisfactory,41,0.171,0.61,1,less50
12532,2017,19,1511.925,7.321138952334597,1,WC,0,NoSA,transcom,4,good,40,0.05,0.575,1,less50
12532,2018,20,1347.6976744186047,7.206152989180841,1,WC,0,NoSA,transcom,2,sufficient,43,0.14,0.535,1,less50
12532,2019,21,1266.0697674418604,7.143672709749572,1,WC,0,NoSA,transcom,1,unsatisfactory,43,0.07,0.535,1,less50
12532,2020,22,755.3111111111111,6.6271297320692835,1,WC,0,NoSA,transcom,1,unsatisfactory,45,0.022,0.533,1,less50
12537,2002,4,547.7777777777778,6.305869689700517,0,NoWC,0,NoSA,buservices,4,good,27,0.037,0.778,1,less50
12537,2005,7,903,6.805722553416985,0,NoWC,0,NoSA,buservices,4,good,21,0.143,0.857,1,less50
12537,2006,8,818.7619047619048,6.707793327010966,0,NoWC,0,NoSA,buservices,4,good,21,0.143,0.905,1,less50
12537,2007,9,496.53846153846155,6.207660945819206,0,NoWC,0,NoSA,buservices,5,very good,26,0.115,0.846,1,less50
12537,2009,11,438.53333333333336,6.083435825646792,0,NoWC,0,NoSA,buservices,5,very good,30,0.133,0.7,1,less50
12537,2010,12,478.38709677419354,6.170420230646831,0,NoWC,0,NoSA,buservices,5,very good,31,0.129,0.742,1,less50
12537,2011,13,447.17857142857144,6.102958003493744,0,NoWC,0,NoSA,buservices,5,very good,28,0.107,0.857,1,less50
12537,2012,14,394.3611111111111,5.977267015207464,0,NoWC,0,NoSA,buservices,4,good,36,0.083,0.75,1,less50
12537,2014,16,441.4054054054054,6.089963739795242,0,NoWC,0,NoSA,buservices,5,very good,37,0.081,0.838,1,less50
12537,2016,18,517.0625,6.248163756950402,0,NoWC,0,NoSA,buservices,5,very good,32,0.062,0.625,1,less50
12537,2017,19,629.0689655172414,6.444240893801745,0,NoWC,0,NoSA,buservices,4,good,29,0.103,0.828,1,less50
12537,2018,20,673.1935483870968,6.512032878769684,0,NoWC,0,NoSA,buservices,4,good,31,0.097,0.71,1,less50
12537,2019,21,646.1212121212121,6.47098712104394,0,NoWC,0,NoSA,buservices,4,good,33,0.091,0.727,1,less50
12537,2020,22,687.3636363636364,6.5328634627599,0,NoWC,0,NoSA,finance,4,good,33,0.091,0.424,1,less50
12537,2021,23,852.25,6.747879911018012,0,NoWC,0,NoSA,finance,5,very good,28,0.107,0.643,1,less50
12551,2016,18,824.7666666666667,6.715100518048391,1,WC,0,NoSA,manufacturing,4,good,30,0.033,0.933,1,less50
12551,2019,21,883.2333333333333,6.783589416356531,1,WC,0,NoSA,manufacturing,3,satisfactory,30,0.133,0.933,1,less50
12551,2020,22,830.92,6.722533520666484,1,WC,0,NoSA,construction,4,good,25,0.16,0.92,1,less50
12566,2004,6,1441.0677966101696,7.2731396431996345,0,NoWC,0,NoSA,resthotels,3,satisfactory,59,0.102,0.797,2,less100
12566,2005,7,1220.014705882353,7.106618191656582,0,NoWC,0,NoSA,resthotels,3,satisfactory,68,0.088,0.794,2,less100
12566,2006,8,1425.4626865671642,7.262251732329439,0,NoWC,0,NoSA,resthotels,3,satisfactory,67,0.09,0.806,2,less100
12569,1998,0,819.9030539772727,6.709186106411969,1,WC,0,NoSA,wholesretail,2,sufficient,22,0.091,0.727,1,less50
12569,1999,1,1081.8238636363637,6.986403658388299,1,WC,0,NoSA,wholesretail,3,satisfactory,22,0.045,0.773,1,less50
12569,2000,2,1455.4532180059523,7.283072621141098,1,WC,0,NoSA,wholesretail,3,satisfactory,21,0.048,0.714,1,less50
12569,2001,3,1366.5205078125,7.220023012802162,1,WC,0,NoSA,wholesretail,2,sufficient,22,0.091,0.636,1,less50
12569,2002,4,1493.3333333333333,7.308766036740921,1,WC,0,NoSA,wholesretail,2,sufficient,21,0.095,0.762,1,less50
12573,1998,0,2025.4725,7.6135582856559845,1,WC,1,SA,public,2,sufficient,25,0.52,0.88,1,less50
12573,1999,1,2003.2415364583333,7.602521915743893,1,WC,1,SA,public,1,unsatisfactory,24,0.542,0.875,1,less50
12573,2000,2,1011.8466099330357,6.919532267146918,1,WC,1,SA,public,3,satisfactory,28,0.5,0.857,1,less50
12573,2001,3,919.8688616071429,6.8242311181516815,1,WC,1,SA,public,4,good,28,0.5,0.929,1,less50
12586,2001,3,307.6365489130435,5.728919050186273,0,NoWC,0,NoSA,buservices,2,sufficient,92,0.054,0.337,2,less100
12586,2004,6,1082.0444444444445,6.986607534759167,0,NoWC,0,NoSA,buservices,1,unsatisfactory,45,0.089,0.289,1,less50
12586,2005,7,523.9333333333333,6.261364449763965,0,NoWC,0,NoSA,buservices,2,sufficient,45,0.089,0.244,1,less50
12597,2010,12,1235.452380952381,7.119192482356778,1,WC,0,NoSA,buservices,4,good,42,0.286,0.143,1,less50
12597,2011,13,1641.139534883721,7.403146117873579,1,WC,0,NoSA,buservices,5,very good,43,0.07,0.163,1,less50
12597,2012,14,321.5633802816901,5.773194663538138,1,WC,0,NoSA,buservices,5,very good,71,0.155,0.085,2,less100
12597,2013,15,304.41333333333336,5.718386427043144,1,WC,0,NoSA,buservices,5,very good,75,0.12,0.187,2,less100
12636,2003,5,7310.467741935484,8.897062537281652,1,WC,0,NoSA,manufacturing,2,sufficient,62,0.323,0.032,2,less100
12636,2004,6,9049.981132075472,9.11051795183826,1,WC,0,NoSA,manufacturing,5,very good,53,0.34,0.038,2,less100
12636,2005,7,8882.388888888889,9.091825818826107,0,NoWC,1,SA,manufacturing,2,sufficient,54,0.333,0.019,2,less100
12636,2006,8,7994.148148148148,8.986465071517378,1,WC,0,NoSA,manufacturing,3,satisfactory,54,0.333,0.037,2,less100
12636,2007,9,7506.722222222223,8.923554194387023,1,WC,1,SA,manufacturing,4,good,54,0.37,0.037,2,less100
12636,2008,10,7329.78431372549,8.899701369308,1,WC,0,NoSA,manufacturing,4,good,51,0.275,0.039,2,less100
12636,2009,11,6160.714285714285,8.725948005278347,1,WC,0,NoSA,manufacturing,3,satisfactory,56,0.125,0.071,2,less100
12652,2005,7,1333.591304347826,7.1956308109802825,1,WC,0,NoSA,manufacturing,3,satisfactory,115,0.009,0.591,3,less250
12652,2006,8,2208.8072289156626,7.700207933390226,1,WC,0,NoSA,manufacturing,3,satisfactory,83,0.108,0.566,2,less100
12652,2007,9,2926.205479452055,7.981461804491025,1,WC,0,NoSA,manufacturing,3,satisfactory,73,0.041,0.658,2,less100
12665,2008,10,106.57142857142857,4.668815451148448,1,WC,0,NoSA,wholesretail,4,good,28,0.107,0.107,1,less50
12665,2010,12,113.48148148148148,4.731639664856153,1,WC,0,NoSA,wholesretail,1,unsatisfactory,27,0.222,0.074,1,less50
12665,2011,13,165.77777777777777,5.110648203427487,1,WC,0,NoSA,wholesretail,3,satisfactory,27,0.074,0.074,1,less50
12665,2012,14,205.79310344827587,5.326871311897123,1,WC,0,NoSA,wholesretail,3,satisfactory,29,0.034,0.069,1,less50
12665,2013,15,257.2413793103448,5.550014863211333,1,WC,0,NoSA,wholesretail,1,unsatisfactory,29,0.138,0.103,1,less50
12665,2014,16,209.39473684210526,5.344221163651149,1,WC,0,NoSA,wholesretail,2,sufficient,38,0.105,0.105,1,less50
12665,2016,18,275.2,5.617498106059188,1,WC,0,NoSA,wholesretail,2,sufficient,30,0.167,0.1,1,less50
12665,2017,19,361.6969696969697,5.890806760977062,1,WC,0,NoSA,wholesretail,2,sufficient,33,0.121,0.212,1,less50
12665,2018,20,341.90625,5.834536576677063,1,WC,0,NoSA,wholesretail,3,satisfactory,32,0.031,0.219,1,less50
12683,2006,8,2251.353846153846,7.719287023645657,0,NoWC,0,NoSA,public,3,satisfactory,65,0.077,0.831,2,less100
12683,2007,9,2210.0149253731342,7.700754548051497,0,NoWC,0,NoSA,public,3,satisfactory,67,0.09,0.866,2,less100
12683,2008,10,2062.4307692307693,7.6316405512119045,0,NoWC,0,NoSA,public,4,good,65,0.077,0.908,2,less100
12683,2010,12,1779.013698630137,7.483814387821764,0,NoWC,0,NoSA,public,3,satisfactory,146,0.329,0.822,3,less250
12685,2004,6,3378.3783783783783,8.125151103640214,1,WC,0,NoSA,manufacturing,5,very good,148,0.297,0.176,3,less250
12685,2006,8,3440.5594405594406,8.143389365214539,0,NoWC,0,NoSA,manufacturing,5,very good,143,0.308,0.147,3,less250
12685,2007,9,2874.9148936170213,7.96377835057313,0,NoWC,0,NoSA,manufacturing,5,very good,141,0.312,0.17,3,less250
12685,2008,10,2595.965277777778,7.861713702456325,0,NoWC,0,NoSA,manufacturing,4,good,144,0.306,0.208,3,less250
12694,2017,19,920.5798816568048,6.825003777632298,0,NoWC,0,NoSA,buservices,4,good,169,0.355,0.237,3,less250
12694,2018,20,1359.9352941176471,7.2151923997435645,0,NoWC,0,NoSA,buservices,4,good,170,0.376,0.218,3,less250
12694,2020,22,3547.711111111111,8.17405791709051,0,NoWC,0,NoSA,health,4,good,135,0.504,0.2,3,less250
12728,2000,2,20377.464285714286,9.922184877333745,0,NoWC,0,NoSA,manufacturing,3,satisfactory,28,0.75,0.429,1,less50
12728,2001,3,7104.788793103448,8.868524313573307,0,NoWC,0,NoSA,manufacturing,2,sufficient,87,0.207,0.345,2,less100
12728,2003,5,5527.426829268293,8.61747767506249,1,WC,0,NoSA,manufacturing,4,good,82,0.622,0.329,2,less100
12728,2007,9,8445.0625,9.041337230043407,0,NoWC,0,NoSA,manufacturing,3,satisfactory,48,0.875,0.417,1,less50
12730,2003,5,1052.9565217391305,6.9593572213851616,1,WC,0,NoSA,resthotels,4,good,46,0.065,0.435,1,less50
12730,2004,6,2246.304347826087,7.717041632719305,1,WC,0,NoSA,resthotels,2,sufficient,46,0.065,0.478,1,less50
12730,2006,8,861.08,6.758187415326246,1,WC,0,NoSA,resthotels,4,good,50,0.02,0.54,1,less50
12730,2007,9,812.3396226415094,6.699918507202271,1,WC,0,NoSA,resthotels,4,good,53,0.151,0.547,2,less100
12760,2011,13,1846.5757575757575,7.5210882611118555,0,NoWC,0,NoSA,edu,4,good,99,0.01,0.172,2,less100
12760,2012,14,2426.4444444444443,7.794182273237793,0,NoWC,0,NoSA,edu,3,satisfactory,99,0.01,0.172,2,less100
12760,2013,15,3343.6627906976746,8.114822129017517,0,NoWC,0,NoSA,edu,4,good,86,0.012,0.198,2,less100
12760,2014,16,4270.27027027027,8.359432399364879,0,NoWC,0,NoSA,edu,4,good,74,0.014,0.189,2,less100
12773,2016,18,1093.2894736842106,6.996946296372696,0,NoWC,0,NoSA,health,3,satisfactory,38,0.026,0.079,1,less50
12773,2017,19,2161.682926829268,7.67864233010315,0,NoWC,0,NoSA,health,4,good,41,0.049,0.122,1,less50
12773,2018,20,1678.590909090909,7.4257099758655105,0,NoWC,0,NoSA,health,3,satisfactory,44,0.068,0.136,1,less50
12773,2019,21,2051.6,7.626375255515113,0,NoWC,0,NoSA,health,4,good,45,0.067,0.244,1,less50
12773,2020,22,1690.764705882353,7.4329361942627665,0,NoWC,0,NoSA,buservices,4,good,51,0.059,0.255,2,less100
12788,2015,17,2169.63687150838,7.682315092212833,0,NoWC,0,NoSA,health,4,good,179,0.38,0.609,3,less250
12788,2016,18,2680.429447852761,7.893732302403672,0,NoWC,0,NoSA,health,2,sufficient,163,0.454,0.564,3,less250
12788,2017,19,2876.777777777778,7.964426119615158,0,NoWC,0,NoSA,health,2,sufficient,135,0.274,0.57,3,less250
12788,2018,20,2309.3881578947367,7.744737901720221,0,NoWC,0,NoSA,health,2,sufficient,152,0.697,0.612,3,less250
12788,2019,21,2737.8509316770187,7.914928560128495,0,NoWC,0,NoSA,health,1,unsatisfactory,161,0.186,0.578,3,less250
12788,2020,22,1814.7897196261683,7.503724883031737,0,NoWC,0,NoSA,buservices,2,sufficient,214,0.407,0.514,3,less250
12803,2001,3,834.8226232394367,6.72721927502683,0,NoWC,0,NoSA,construction,1,unsatisfactory,284,0.342,0.845,4,more250
12803,2002,4,1783.6468401486989,7.486415333985471,0,NoWC,0,NoSA,construction,2,sufficient,269,0.387,0.851,4,more250
12803,2003,5,1857.577868852459,7.527028697033542,0,NoWC,0,NoSA,construction,2,sufficient,244,0.451,0.832,3,less250
12803,2004,6,2145.922746781116,7.671324923838628,0,NoWC,0,NoSA,construction,4,good,233,0.485,0.82,3,less250
12811,2012,14,2234.048387096774,7.71157063879332,1,WC,0,NoSA,public,3,satisfactory,62,0.097,0.839,2,less100
12811,2013,15,2435.353846153846,7.797847341654866,1,WC,1,SA,public,4,good,65,0.154,0.738,2,less100
12811,2014,16,2182.4117647058824,7.68818585835395,1,WC,0,NoSA,public,4,good,68,0.118,0.794,2,less100
12811,2015,17,1855.05,7.525666928856176,1,WC,1,SA,public,2,sufficient,80,0.075,0.713,2,less100
12811,2016,18,2061.1666666666665,7.631027444514002,1,WC,0,NoSA,public,2,sufficient,96,0.042,0.906,2,less100
12811,2017,19,2631.276595744681,7.875224405026044,1,WC,1,SA,public,5,very good,94,0.043,0.915,2,less100
12811,2018,20,3664.296296296296,8.206391589417564,1,WC,0,NoSA,public,4,good,81,0.012,0.753,2,less100
12887,2018,20,2175.625,7.685071258565704,0,NoWC,0,NoSA,health,3,satisfactory,48,0.188,0.875,1,less50
12887,2020,22,2032.6724137931035,7.617106666258729,0,NoWC,0,NoSA,edu,3,satisfactory,58,0.155,0.845,2,less100
12887,2021,23,707.5166666666667,6.561761186365959,0,NoWC,0,NoSA,edu,3,satisfactory,60,0.133,0.817,2,less100
12897,1998,0,7934.310795454546,8.978951772912865,0,NoWC,0,NoSA,construction,3,satisfactory,110,0.064,0.3,3,less250
12897,1999,1,7963.33371559633,8.982602999654633,0,NoWC,0,NoSA,construction,3,satisfactory,109,0.083,0.303,3,less250
12897,2000,2,5903.9740566037735,8.683380972063976,0,NoWC,1,SA,construction,2,sufficient,106,0.085,0.292,3,less250
12897,2002,4,5957.446808510638,8.692397280441329,0,NoWC,0,NoSA,construction,2,sufficient,94,0.16,0.351,2,less100
12897,2003,5,5209.758620689655,8.55828880367216,0,NoWC,0,NoSA,construction,3,satisfactory,87,0.149,0.356,2,less100
12897,2004,6,5813.953488372093,8.668016081150821,0,NoWC,0,NoSA,construction,4,good,86,0.128,0.279,2,less100
12897,2005,7,5928.586206896552,8.687541049889909,0,NoWC,0,NoSA,construction,1,unsatisfactory,87,0.103,0.276,2,less100
12897,2006,8,5655.172413793103,8.640325876819862,0,NoWC,0,NoSA,construction,1,unsatisfactory,87,0.103,0.31,2,less100
12912,2009,11,3052.0588235294117,8.023571665983162,1,WC,0,NoSA,construction,4,good,34,0.059,0.559,1,less50
12912,2010,12,3150.0588235294117,8.05517640578164,1,WC,0,NoSA,construction,2,sufficient,34,0.059,0.559,1,less50
12912,2011,13,3766.0857142857144,8.233791468991473,1,WC,0,NoSA,construction,2,sufficient,35,0.057,0.571,1,less50
12912,2012,14,3358.6285714285714,8.119288006370645,1,WC,0,NoSA,construction,5,very good,35,0.086,0.6,1,less50
12912,2013,15,3239.4857142857145,8.08316986602868,1,WC,0,NoSA,construction,3,satisfactory,35,0.029,0.6,1,less50
12912,2014,16,3211.9142857142856,8.07462238906746,0,NoWC,0,NoSA,construction,3,satisfactory,35,0.086,0.6,1,less50
12934,2011,13,2419.7083333333335,7.7914022884712235,1,WC,0,NoSA,manufacturing,1,unsatisfactory,24,0.167,0.125,1,less50
12934,2012,14,2670,7.8898337513942955,1,WC,0,NoSA,manufacturing,2,sufficient,24,0.292,0.125,1,less50
12934,2013,15,2403,7.784473235736469,1,WC,0,NoSA,manufacturing,3,satisfactory,25,0.12,0.12,1,less50
12934,2014,16,2963.72,7.994200515017123,1,WC,0,NoSA,manufacturing,3,satisfactory,25,0.16,0.12,1,less50
12950,1998,0,1604.1904761904761,7.38037453211834,0,NoWC,1,SA,wholesretail,2,sufficient,42,0.024,0.143,1,less50
12950,2000,2,2245.8703547297296,7.716848410894046,0,NoWC,1,SA,wholesretail,2,sufficient,37,0.054,0.162,1,less50
12950,2001,3,1770.7872596153845,7.479179506126538,0,NoWC,1,SA,wholesretail,3,satisfactory,39,0.051,0.179,1,less50
12950,2002,4,1925.3555555555556,7.562865933850871,0,NoWC,1,SA,wholesretail,2,sufficient,45,0.044,0.244,1,less50
12983,2002,4,529.1666666666666,6.271303442098737,0,NoWC,0,NoSA,finance,3,satisfactory,60,0.2,0.167,2,less100
12983,2003,5,1447.983606557377,7.277927251443298,0,NoWC,0,NoSA,finance,4,good,61,0.246,0.066,2,less100
12983,2004,6,1911.1875,7.555480055596742,0,NoWC,0,NoSA,finance,3,satisfactory,64,0.266,0.141,2,less100
12987,2018,20,1753.1363636363637,7.469161670621669,1,WC,0,NoSA,construction,2,sufficient,22,0.5,0.682,1,less50
12987,2019,21,1255.7857142857142,7.135516722827531,1,WC,0,NoSA,construction,3,satisfactory,28,0.536,0.607,1,less50
12987,2020,22,1230.3,7.115013321066123,1,WC,0,NoSA,construction,4,good,30,0.4,0.7,1,less50
12987,2021,23,1310.08,7.17784348303287,1,WC,0,NoSA,construction,3,satisfactory,25,0.32,0.44,1,less50
12993,2008,10,988.9391534391534,6.896632806412738,0,NoWC,1,SA,edu,3,satisfactory,378,0.304,0.608,4,more250
12993,2009,11,940.0544959128065,6.845937847958926,0,NoWC,0,NoSA,edu,2,sufficient,367,0.313,0.55,4,more250
12993,2010,12,711.6054794520549,6.567523655947609,0,NoWC,0,NoSA,edu,2,sufficient,365,0.31,0.603,4,more250
12993,2011,13,777.4193548387096,6.6559799149936,0,NoWC,0,NoSA,edu,2,sufficient,372,0.32,0.597,4,more250
12993,2012,14,891.1051212938005,6.792462401761625,0,NoWC,0,NoSA,edu,2,sufficient,371,0.326,0.593,4,more250
12993,2013,15,860.2150537634409,6.757182420502763,0,NoWC,0,NoSA,edu,2,sufficient,372,0.333,0.618,4,more250
12993,2014,16,868.1318681318681,6.766343624932309,0,NoWC,0,NoSA,edu,3,satisfactory,364,0.374,0.621,4,more250
12993,2015,17,2806.714285714286,7.93976978483085,1,WC,0,NoSA,edu,4,good,357,0.359,0.616,4,more250
12993,2016,18,2769.6853932584268,7.92648901629009,1,WC,0,NoSA,edu,4,good,356,0.379,0.624,4,more250
12993,2017,19,3594.610465116279,8.187190909657456,1,WC,0,NoSA,edu,4,good,344,0.369,0.628,4,more250
13000,2000,2,931.7491071428572,6.837063580100639,1,WC,0,NoSA,wholesretail,2,sufficient,35,0.057,0.143,1,less50
13000,2002,4,1723.837837837838,7.45230838522059,1,WC,0,NoSA,wholesretail,3,satisfactory,37,0.135,0.189,1,less50
13000,2003,5,1417.3589743589744,7.256550541664172,1,WC,0,NoSA,wholesretail,1,unsatisfactory,39,0.154,0.179,1,less50
13000,2004,6,951.1315789473684,6.857652411489317,1,WC,0,NoSA,wholesretail,3,satisfactory,38,0.105,0.184,1,less50
13000,2005,7,885.8541666666666,6.78655233961575,1,WC,0,NoSA,wholesretail,4,good,48,0.083,0.146,1,less50
13000,2006,8,2024.8095238095239,7.613230912800218,1,WC,0,NoSA,wholesretail,4,good,42,0.167,0.167,1,less50
13000,2007,9,1700.84,7.43887752565544,1,WC,0,NoSA,wholesretail,3,satisfactory,50,0.12,0.14,1,less50
13000,2008,10,2551.26,7.844342633763604,1,WC,0,NoSA,wholesretail,3,satisfactory,50,0.14,0.14,1,less50
13000,2009,11,3217.0526315789475,8.076220887558707,1,WC,0,NoSA,wholesretail,2,sufficient,38,0.237,0.158,1,less50
13000,2010,12,2230.274509803922,7.709879955444939,1,WC,0,NoSA,wholesretail,2,sufficient,51,0.118,0.098,2,less100
13000,2011,13,1404,7.247080584585756,1,WC,0,NoSA,wholesretail,1,unsatisfactory,53,0.17,0.075,2,less100
13000,2012,14,1771.7083333333333,7.4796995201756955,1,WC,0,NoSA,wholesretail,3,satisfactory,48,0.167,0.104,1,less50
13011,2002,4,1931.624309392265,7.56611653902698,0,NoWC,0,NoSA,manufacturing,2,sufficient,181,0.315,0.166,3,less250
13011,2004,6,1948.7485714285715,7.574942687301068,0,NoWC,0,NoSA,manufacturing,4,good,175,0.137,0.166,3,less250
13011,2005,7,2079.7457627118642,7.640000935759284,0,NoWC,0,NoSA,manufacturing,4,good,177,0.186,0.153,3,less250
13026,2013,15,5400.731707317073,8.5942897247279,1,WC,0,NoSA,buservices,3,satisfactory,41,0.317,0.854,1,less50
13026,2014,16,3736.9473684210525,8.226024345474357,1,WC,0,NoSA,buservices,1,unsatisfactory,76,0.197,0.855,2,less100
13026,2016,18,1258.6521739130435,7.137796724161057,1,WC,0,NoSA,buservices,1,unsatisfactory,138,0.101,0.783,3,less250
13026,2017,19,1274.510067114094,7.150317122658332,1,WC,0,NoSA,buservices,3,satisfactory,149,0.02,0.805,3,less250
13045,2003,5,1808,7.4999765409521215,0,NoWC,0,NoSA,finance,4,good,67,0.164,0.209,2,less100
13045,2004,6,1277.9142857142858,7.152984563607095,0,NoWC,0,NoSA,finance,4,good,70,0.157,0.2,2,less100
13045,2005,7,1294.1805555555557,7.165632998213867,0,NoWC,0,NoSA,finance,4,good,72,0.153,0.278,2,less100
13069,2002,4,925.88,6.830744636615888,1,WC,0,NoSA,public,5,very good,50,0.06,0.72,1,less50
13069,2003,5,1811.5,7.501910510335132,1,WC,0,NoSA,public,5,very good,46,0.065,0.696,1,less50
13069,2004,6,1928.9166666666667,7.564713811696088,1,WC,0,NoSA,public,5,very good,48,0.042,0.708,1,less50
13069,2005,7,1937.8837209302326,7.569351791130664,1,WC,0,NoSA,public,4,good,43,0.023,0.744,1,less50
13069,2006,8,2314.7,7.747035368490043,1,WC,0,NoSA,public,5,very good,40,0.025,0.75,1,less50
13069,2007,9,2258.243902439024,7.722342755899671,1,WC,0,NoSA,public,4,good,41,0.024,0.659,1,less50
13114,2012,14,452.5075376884422,6.114804420876251,1,WC,0,NoSA,finance,4,good,199,0.055,0.543,3,less250
13114,2013,15,332.71084337349396,5.8072737745386895,1,WC,0,NoSA,finance,4,good,249,0.044,0.454,3,less250
13114,2014,16,356.4458333333333,5.876182288151322,1,WC,0,NoSA,finance,4,good,240,0.046,0.462,3,less250
13114,2015,17,498.9234234234234,6.212452623902017,1,WC,0,NoSA,finance,4,good,222,0.05,0.64,3,less250
13114,2016,18,681.6822429906542,6.524563629900765,1,WC,0,NoSA,finance,4,good,214,0.051,0.537,3,less250
13114,2017,19,616.4950980392157,6.424050371298198,1,WC,0,NoSA,finance,4,good,204,0.044,0.49,3,less250
13114,2018,20,1703.761658031088,7.4405938255587705,1,WC,0,NoSA,finance,4,good,193,0.047,0.461,3,less250
13114,2019,21,1903.4232804232804,7.551409270530809,1,WC,0,NoSA,finance,4,good,189,0.048,0.434,3,less250
13114,2020,22,2753.979274611399,7.9208021537016045,1,WC,0,NoSA,transcom,4,good,193,0.104,0.44,3,less250
13114,2021,23,3373.633507853403,8.12374563475598,1,WC,0,NoSA,transcom,2,sufficient,191,0.105,0.471,3,less250
13119,2012,14,1787.027027027027,7.488308639290736,0,NoWC,0,NoSA,art,5,very good,185,0.314,0.232,3,less250
13119,2013,15,1632.6530612244899,7.397961615545392,0,NoWC,0,NoSA,art,4,good,196,0.301,0.255,3,less250
13119,2014,16,1201.545,7.091363507658691,0,NoWC,0,NoSA,art,2,sufficient,200,0.37,0.285,3,less250
13121,2010,12,1382.44,7.231605332816362,1,WC,0,NoSA,wholesretail,4,good,25,0.12,0.04,1,less50
13121,2011,13,1382.44,7.231605332816362,1,WC,0,NoSA,wholesretail,4,good,25,0.12,0.12,1,less50
13121,2012,14,1748.92,7.466753733549378,1,WC,0,NoSA,wholesretail,4,good,25,0.12,0.08,1,less50
13121,2013,15,1556.64,7.350284931227118,1,WC,0,NoSA,wholesretail,3,satisfactory,25,0.12,0.04,1,less50
13121,2014,16,2079.24,7.6397577213107555,1,WC,0,NoSA,wholesretail,5,very good,25,0.12,0.04,1,less50
13121,2015,17,1985.5238095238096,7.593638042201149,0,NoWC,0,NoSA,wholesretail,4,good,21,0.143,0.048,1,less50
13141,2000,2,1834.0806640625,7.514298634435082,1,WC,0,NoSA,transcom,3,satisfactory,20,0.15,0.15,1,less50
13141,2001,3,3255.21640625,8.088014036687682,1,WC,0,NoSA,transcom,2,sufficient,20,0.15,0,1,less50
13141,2002,4,3267.0476190476193,8.091641987266996,1,WC,0,NoSA,transcom,2,sufficient,21,0.19,0.048,1,less50
13141,2004,6,3243.962962962963,8.08455099808103,1,WC,0,NoSA,transcom,2,sufficient,27,0.296,0.074,1,less50
13141,2005,7,2707.1470588235293,7.903650613526071,1,WC,0,NoSA,transcom,3,satisfactory,34,0.147,0.118,1,less50
13159,2015,17,2175.5656565656564,7.685043981694138,1,WC,0,NoSA,health,4,good,198,0.035,0.47,3,less250
13159,2016,18,2311.1643835616437,7.745506738667086,1,WC,0,NoSA,health,4,good,219,0.014,0.47,3,less250
13159,2017,19,2426.826291079812,7.79433962965039,1,WC,0,NoSA,health,4,good,213,0.014,0.413,3,less250
13159,2018,20,3344.422360248447,8.115049270130974,1,WC,1,SA,health,5,very good,161,0.031,0.466,3,less250
13159,2019,21,3429.6305732484075,8.140207829767128,1,WC,1,SA,health,5,very good,157,0.076,0.395,3,less250
13159,2020,22,3205.0714285714284,8.072489655712177,1,WC,1,SA,buservices,5,very good,168,0.089,0.44,3,less250
13159,2021,23,3525.5773809523807,8.167799497848126,1,WC,1,SA,buservices,3,satisfactory,168,0.024,0.452,3,less250
13202,2012,14,1777.1337579617834,7.482757097106782,0,NoWC,0,NoSA,finance,5,very good,157,0.357,0.586,3,less250
13202,2013,15,1885.2027027027027,7.541790628690975,0,NoWC,0,NoSA,finance,5,very good,148,0.358,0.493,3,less250
13202,2014,16,2241.1347517730496,7.714737602190881,0,NoWC,0,NoSA,finance,5,very good,141,0.532,0.34,3,less250
13202,2015,17,1942.2898550724638,7.571622893672752,0,NoWC,0,NoSA,finance,4,good,138,0.072,0.601,3,less250
13202,2018,20,1826.7878787878788,7.510314446073087,0,NoWC,0,NoSA,finance,5,very good,132,0.674,0.591,3,less250
13207,2016,18,1430.0264900662253,7.265448247604212,1,WC,0,NoSA,manufacturing,4,good,151,0.086,0.351,3,less250
13207,2017,19,3121.8353658536585,8.046176366133876,1,WC,0,NoSA,manufacturing,4,good,164,0.067,0.287,3,less250
13207,2018,20,1649.390410958904,7.408161050728242,1,WC,0,NoSA,manufacturing,4,good,146,0.075,0.281,3,less250
13222,1999,1,3126.6049910071943,8.047703027446945,0,NoWC,0,NoSA,manufacturing,4,good,278,0.101,0.119,4,more250
13222,2000,2,3176.757614213198,8.063616337438054,0,NoWC,0,NoSA,manufacturing,3,satisfactory,197,0.137,0.147,3,less250
13222,2001,3,2989.8409360189576,8.002975466313766,0,NoWC,0,NoSA,manufacturing,2,sufficient,211,0.261,0.152,3,less250
13222,2003,5,2179.081730769231,7.686658842625425,0,NoWC,0,NoSA,manufacturing,2,sufficient,208,0.269,0.154,3,less250
13222,2004,6,2673.7967914438505,7.891254760549742,0,NoWC,0,NoSA,manufacturing,2,sufficient,187,0.316,0.128,3,less250
13225,2000,2,1217.5510700389104,7.104596800720878,1,WC,0,NoSA,public,3,satisfactory,514,0.023,0.519,4,more250
13225,2001,3,1163.941766605166,7.059567598350187,1,WC,0,NoSA,public,2,sufficient,542,0.017,0.5,4,more250
13225,2002,4,1052.6315789473683,6.959048573369688,1,WC,0,NoSA,public,4,good,532,0.023,0.372,4,more250
13225,2005,7,1292.6992481203008,7.164487751654629,1,WC,0,NoSA,public,4,good,399,0.01,0.436,4,more250
13229,2003,5,1447.4193548387098,7.277537494484883,1,WC,0,NoSA,health,2,sufficient,31,0.194,0.548,1,less50
13229,2004,6,1546.3103448275863,7.343626949511122,1,WC,0,NoSA,health,3,satisfactory,29,0.276,0.517,1,less50
13229,2005,7,1776.2692307692307,7.4822705059645145,1,WC,0,NoSA,health,4,good,26,0.038,0.538,1,less50
13229,2006,8,1741.4615384615386,7.46248000426877,1,WC,0,NoSA,health,2,sufficient,26,0.269,0.538,1,less50
13229,2007,9,1741.4615384615386,7.46248000426877,1,WC,0,NoSA,health,3,satisfactory,26,0.808,0.577,1,less50
13229,2008,10,2079.4074074074074,7.6398382318186675,1,WC,0,NoSA,health,4,good,27,0.889,0.63,1,less50
13229,2009,11,1681.75,7.427590196905715,1,WC,0,NoSA,health,3,satisfactory,28,0.786,0.571,1,less50
13230,2005,7,674.9803921568628,6.51468364179411,1,WC,0,NoSA,manufacturing,1,unsatisfactory,51,0.039,0.804,2,less100
13230,2006,8,721.75,6.581678818543044,1,WC,0,NoSA,manufacturing,1,unsatisfactory,56,0.036,0.768,2,less100
13230,2007,9,970.36,6.877667136664852,1,WC,0,NoSA,manufacturing,2,sufficient,50,0.04,0.76,1,less50
13230,2008,10,1480.6341463414635,7.30022575224574,1,WC,0,NoSA,manufacturing,4,good,41,0.098,0.78,1,less50
13230,2009,11,1702.8857142857144,7.44007956994676,1,WC,0,NoSA,manufacturing,4,good,35,0.114,0.829,1,less50
13230,2010,12,1200.55,7.090535064106786,1,WC,0,NoSA,manufacturing,4,good,40,0.1,0.875,1,less50
13230,2011,13,1608.054054054054,7.382780064879174,1,WC,0,NoSA,manufacturing,4,good,37,0.108,0.892,1,less50
13359,2012,14,628,6.4425401664681985,1,WC,0,NoSA,health,4,good,23,0.087,0.609,1,less50
13359,2013,15,527.3846153846154,6.267930102816079,1,WC,0,NoSA,health,4,good,26,0.077,0.654,1,less50
13359,2014,16,504.8965517241379,6.224353560220114,1,WC,0,NoSA,health,4,good,29,0.069,0.621,1,less50
13359,2015,17,514.4666666666667,6.243130765355393,1,WC,0,NoSA,health,4,good,30,0.067,0.633,1,less50
13359,2016,18,427.1142857142857,6.0570516254601,1,WC,0,NoSA,health,4,good,35,0.057,0.543,1,less50
13359,2017,19,416.3333333333333,6.031486221457468,1,WC,0,NoSA,health,4,good,36,0.028,0.5,1,less50
13359,2018,20,416.3333333333333,6.031486221457468,1,WC,0,NoSA,health,4,good,36,0.028,0.694,1,less50
13359,2019,21,342.36842105263156,5.835887411780165,1,WC,0,NoSA,health,4,good,38,0.026,0.553,1,less50
13409,2014,16,1064.6190476190477,6.970372312386837,1,WC,1,SA,wholesretail,5,very good,21,0.476,0.619,1,less50
13409,2015,17,1368.7619047619048,7.221661891069932,1,WC,0,NoSA,wholesretail,3,satisfactory,21,0.476,0.667,1,less50
13409,2016,18,1159.05,7.055355983047702,1,WC,1,SA,wholesretail,3,satisfactory,20,0.4,0.65,1,less50
13419,2000,2,5535.935122282609,8.619015777987977,0,NoWC,0,NoSA,health,1,unsatisfactory,46,0.087,0.065,1,less50
13419,2001,3,4629.731646825397,8.440254185751613,0,NoWC,0,NoSA,health,5,very good,63,0.063,0.143,2,less100
13419,2002,4,5093.410714285715,8.535702966532359,0,NoWC,0,NoSA,health,3,satisfactory,56,0.071,0.125,2,less100
13419,2003,5,2675.125,7.891751387210305,0,NoWC,0,NoSA,health,1,unsatisfactory,56,0.089,0.036,2,less100
13419,2004,6,2949.1639344262294,7.989276997106173,0,NoWC,0,NoSA,health,1,unsatisfactory,61,0.049,0.066,2,less100
13419,2005,7,8585.681818181818,9.057851189884675,0,NoWC,0,NoSA,health,1,unsatisfactory,22,0.227,0.136,1,less50
13419,2006,8,12815.65,9.458422359322242,0,NoWC,0,NoSA,health,1,unsatisfactory,20,0.05,0.1,1,less50
13433,2011,13,216.80769230769232,5.379010750060093,1,WC,0,NoSA,wholesretail,2,sufficient,26,0.115,0.615,1,less50
13433,2013,15,246.08333333333334,5.505670231955922,1,WC,0,NoSA,wholesretail,2,sufficient,24,0.417,0.583,1,less50
13433,2014,16,488.8333333333333,6.192021599749396,1,WC,0,NoSA,wholesretail,1,unsatisfactory,24,0.417,0.458,1,less50
13433,2015,17,267.3333333333333,5.588496319198405,1,WC,0,NoSA,wholesretail,1,unsatisfactory,24,0.417,0.583,1,less50
13433,2016,18,305.5,5.72194977861165,1,WC,0,NoSA,wholesretail,1,unsatisfactory,24,0.5,0.5,1,less50
13433,2017,19,427.7083333333333,6.058441499105088,1,WC,0,NoSA,wholesretail,1,unsatisfactory,24,0.417,0.542,1,less50
13433,2018,20,202.41666666666666,5.310328279214172,1,WC,0,NoSA,wholesretail,1,unsatisfactory,24,0.333,0.542,1,less50
13452,2010,12,1886.6,7.542531546215753,1,WC,0,NoSA,manufacturing,3,satisfactory,30,0.067,0.433,1,less50
13452,2012,14,1734.1764705882354,7.45828792297432,1,WC,1,SA,manufacturing,4,good,34,0.029,0.382,1,less50
13452,2014,16,1913.0882352941176,7.556474092419498,1,WC,0,NoSA,manufacturing,4,good,34,0.088,0.412,1,less50
13452,2015,17,1934.1764705882354,7.567436918276719,1,WC,0,NoSA,manufacturing,4,good,34,0.147,0.529,1,less50
13452,2016,18,1870.5294117647059,7.533976777676719,1,WC,0,NoSA,manufacturing,4,good,34,0.118,0.382,1,less50
13452,2018,20,1701.0555555555557,7.439004252389006,1,WC,0,NoSA,manufacturing,4,good,36,0.139,0.444,1,less50
13452,2019,21,1337.8125,7.198791096339265,1,WC,0,NoSA,manufacturing,4,good,48,0.104,0.438,1,less50
13471,2008,10,5191.930555555556,8.55486088301627,1,WC,0,NoSA,edu,3,satisfactory,72,0.806,0.056,2,less100
13471,2009,11,4600,8.433811582477187,1,WC,0,NoSA,edu,4,good,75,0.693,0.067,2,less100
13471,2011,13,3615,8.192847134592865,1,WC,0,NoSA,edu,3,satisfactory,80,0.4,0.088,2,less100
13471,2012,14,4238.461538461538,8.351955637679469,1,WC,0,NoSA,edu,4,good,78,0.718,0.115,2,less100
13471,2013,15,3809.5238095238096,8.245259475932595,1,WC,0,NoSA,edu,3,satisfactory,84,0.512,0.083,2,less100
13471,2014,16,3761.904761904762,8.232680693725735,1,WC,0,NoSA,edu,4,good,84,0.821,0.119,2,less100
13471,2015,17,19207.275,9.863044392499027,1,WC,0,NoSA,edu,4,good,80,0.713,0.05,2,less100
13471,2016,18,19982.974683544304,9.902635924180837,1,WC,0,NoSA,edu,3,satisfactory,79,0.532,0.089,2,less100
13471,2017,19,20000,9.903487552536127,1,WC,0,NoSA,edu,2,sufficient,80,0.637,0.088,2,less100
13471,2018,20,22406.19230769231,10.01709264194769,1,WC,0,NoSA,edu,2,sufficient,78,0.705,0.09,2,less100
13471,2019,21,23851.4,10.07959819480334,1,WC,0,NoSA,edu,2,sufficient,75,0.653,0.107,2,less100
13474,2017,19,2099,7.649216319820633,1,WC,0,NoSA,wholesretail,5,very good,23,0.043,0.043,1,less50
13474,2018,20,2235.0833333333335,7.712033791960334,1,WC,0,NoSA,wholesretail,4,good,24,0.042,0.042,1,less50
13474,2019,21,2011.5416666666667,7.6066567054018375,1,WC,0,NoSA,wholesretail,5,very good,24,0.042,0.042,1,less50
13474,2020,22,2078.625,7.639461896408078,1,WC,0,NoSA,wholesretail,4,good,32,0.031,0.031,1,less50
13474,2021,23,1847.6666666666667,7.521678860751695,1,WC,0,NoSA,wholesretail,4,good,36,0.028,0.028,1,less50
13483,2002,4,11617.146341463415,9.36023741861614,0,NoWC,1,SA,transcom,1,unsatisfactory,41,0.854,0.659,1,less50
13483,2003,5,11054.853658536585,9.310624855622436,0,NoWC,0,NoSA,transcom,4,good,41,0.512,0.756,1,less50
13483,2004,6,13888.888888888889,9.53884443894822,0,NoWC,1,SA,transcom,3,satisfactory,36,0.167,0.778,1,less50
13483,2005,7,13940.18918918919,9.542531255900268,0,NoWC,1,SA,transcom,1,unsatisfactory,37,0.568,0.838,1,less50
13483,2006,8,13666.666666666666,9.522715057018335,0,NoWC,1,SA,transcom,3,satisfactory,36,0.528,0.833,1,less50
13483,2007,9,11922.441176470587,9.386177716335137,0,NoWC,1,SA,transcom,3,satisfactory,34,0.529,0.824,1,less50
13483,2008,10,10994.676470588236,9.305166477416165,0,NoWC,0,NoSA,transcom,3,satisfactory,34,0.618,0.676,1,less50
13483,2009,11,10454.545454545454,9.254792134547017,0,NoWC,1,SA,transcom,4,good,33,0.697,0.758,1,less50
13483,2010,12,6493.4,8.778541555416163,0,NoWC,0,NoSA,transcom,4,good,40,0.825,0.825,1,less50
13483,2011,13,5784,8.6628507638386,0,NoWC,0,NoSA,transcom,4,good,50,0.7,0.76,1,less50
13494,2001,3,2476.2717013888887,7.814509361786126,1,WC,0,NoSA,manufacturing,4,good,54,0.037,0.13,2,less100
13494,2003,5,3391.1451612903224,8.12892294902136,1,WC,0,NoSA,manufacturing,3,satisfactory,62,0.032,0.113,2,less100
13494,2004,6,3260.5223880597014,8.089642703259523,1,WC,0,NoSA,manufacturing,4,good,67,0.03,0.119,2,less100
13494,2005,7,2859.1830985915494,7.958291233150825,1,WC,0,NoSA,manufacturing,4,good,71,0.014,0.141,2,less100
13494,2006,8,1714.5466666666666,7.4469039903524195,1,WC,0,NoSA,manufacturing,3,satisfactory,75,0.04,0.133,2,less100
13494,2007,9,3122.7702702702704,8.046475793985072,1,WC,0,NoSA,manufacturing,4,good,74,0.027,0.135,2,less100
13494,2008,10,3407,8.133587417660966,1,WC,0,NoSA,manufacturing,4,good,67,0.045,0.179,2,less100
13494,2009,11,3919.4210526315787,8.27369923122196,1,WC,0,NoSA,manufacturing,4,good,57,0.053,0.211,2,less100
13494,2010,12,4348.830188679245,8.377662165773984,1,WC,0,NoSA,manufacturing,1,unsatisfactory,53,0.019,0.189,2,less100
13494,2011,13,3411.8793103448274,8.135018535871316,1,WC,0,NoSA,manufacturing,2,sufficient,58,0.034,0.155,2,less100
13494,2012,14,4414.316666666667,8.392608325672176,1,WC,0,NoSA,manufacturing,4,good,60,0.033,0.167,2,less100
13494,2013,15,3471.116666666667,8.152231627128286,1,WC,0,NoSA,manufacturing,4,good,60,0.033,0.2,2,less100
13494,2014,16,3291.7611940298507,8.099178017862508,1,WC,0,NoSA,manufacturing,3,satisfactory,67,0.03,0.194,2,less100
13494,2015,17,2257.68115942029,7.72209352987668,1,WC,0,NoSA,manufacturing,3,satisfactory,69,0.014,0.188,2,less100
13494,2016,18,2518.846153846154,7.831556200190617,1,WC,0,NoSA,manufacturing,3,satisfactory,65,0.031,0.185,2,less100
13494,2017,19,2869.0175438596493,7.961724930936405,1,WC,0,NoSA,manufacturing,3,satisfactory,57,0.07,0.175,2,less100
13494,2018,20,2777.7894736842104,7.92941073703157,1,WC,0,NoSA,manufacturing,2,sufficient,57,0.07,0.175,2,less100
13494,2019,21,2445.7017543859647,7.802087376836508,1,WC,0,NoSA,manufacturing,2,sufficient,57,0.07,0.211,2,less100
13494,2020,22,3840.4912280701756,8.253355561376807,1,WC,0,NoSA,manufacturing,2,sufficient,57,0.088,0.158,2,less100
13494,2021,23,2470.310344827586,7.81209906740845,1,WC,0,NoSA,manufacturing,1,unsatisfactory,58,0.086,0.138,2,less100
13513,2019,21,3465.9207547169813,8.15073360640107,0,NoWC,0,NoSA,finance,3,satisfactory,265,0.992,0.468,4,more250
13513,2020,22,3128.900709219858,8.048437010733265,0,NoWC,0,NoSA,finance,3,satisfactory,282,0.557,0.415,4,more250
13513,2021,23,3583.266666666667,8.184030140063468,0,NoWC,0,NoSA,finance,4,good,270,0.948,0.296,4,more250
13558,2000,2,2317.8564814814813,7.748398107177668,0,NoWC,0,NoSA,health,2,sufficient,270,0.496,0.133,4,more250
13558,2001,3,2554.0746457489877,7.845445263161856,0,NoWC,0,NoSA,health,2,sufficient,247,0.449,0.138,3,less250
13558,2002,4,2285.714285714286,7.734433852166605,0,NoWC,0,NoSA,health,4,good,245,0.441,0.143,3,less250
13558,2003,5,2168.6555023923447,7.681862670361932,1,WC,0,NoSA,health,3,satisfactory,209,0.469,0.163,3,less250
13558,2005,7,2355.1917808219177,7.764377438727991,0,NoWC,0,NoSA,health,4,good,219,0.009,0.169,3,less250
13560,2016,18,1834.7943615257047,7.51468768964532,0,NoWC,0,NoSA,finance,2,sufficient,603,0.043,0.191,4,more250
13560,2017,19,2137.9927536231885,7.667622702254265,0,NoWC,0,NoSA,finance,3,satisfactory,552,0.049,0.21,4,more250
13560,2018,20,2151.7063758389263,7.674016469518526,0,NoWC,0,NoSA,finance,1,unsatisfactory,596,0.062,0.188,4,more250
13560,2019,21,2203.9488,7.698005939512955,0,NoWC,0,NoSA,finance,4,good,625,0.045,0.184,4,more250
13560,2020,22,2160.1585185185186,7.677936886188446,0,NoWC,0,NoSA,resthotels,4,good,675,0.041,0.161,4,more250
13560,2021,23,2276.862121212121,7.7305535114029915,0,NoWC,0,NoSA,resthotels,1,unsatisfactory,660,0.042,0.156,4,more250
13583,2013,15,516.8105263157895,6.247676320519068,0,NoWC,0,NoSA,wholesretail,4,good,380,0.047,0.079,4,more250
13583,2014,16,639.7012578616352,6.4610012827846814,0,NoWC,0,NoSA,wholesretail,3,satisfactory,318,0.044,0.053,4,more250
13583,2016,18,589.7063953488372,6.379624778036403,0,NoWC,0,NoSA,wholesretail,4,good,344,0.34,0.058,4,more250
13583,2017,19,628.6686046511628,6.4436042572106205,0,NoWC,0,NoSA,wholesretail,5,very good,344,0.067,0.047,4,more250
13583,2018,20,950.9029411764706,6.8574119975855945,0,NoWC,0,NoSA,wholesretail,4,good,340,0.082,0.05,4,more250
13583,2019,21,711.6492753623188,6.567585199266019,0,NoWC,0,NoSA,wholesretail,4,good,345,0.072,0.058,4,more250
13583,2020,22,825.4880239520958,6.715974755625746,0,NoWC,0,NoSA,wholesretail,5,very good,334,0.243,0.048,4,more250
13584,2009,11,1451.5128205128206,7.280361616021489,0,NoWC,0,NoSA,buservices,5,very good,156,0.212,0.115,3,less250
13584,2010,12,1555.9620253164558,7.349849299116908,0,NoWC,0,NoSA,buservices,1,unsatisfactory,158,0.215,0.114,3,less250
13584,2011,13,1680.3396226415093,7.426751208300698,0,NoWC,0,NoSA,buservices,4,good,159,0.214,0.138,3,less250
13584,2012,14,1772.9050632911392,7.4803747588375,0,NoWC,0,NoSA,buservices,5,very good,158,0.215,0.139,3,less250
13584,2013,15,1884.7546012269938,7.541552906381837,0,NoWC,0,NoSA,buservices,2,sufficient,163,0.221,0.117,3,less250
13584,2014,16,1967.0064102564102,7.584268077283805,0,NoWC,0,NoSA,buservices,4,good,156,0.224,0.115,3,less250
13584,2015,17,2174.8355263157896,7.684708320578747,0,NoWC,0,NoSA,buservices,4,good,152,0.237,0.112,3,less250
13584,2016,18,2301.2402597402597,7.741203499943114,0,NoWC,0,NoSA,buservices,4,good,154,0.247,0.104,3,less250
13584,2017,19,2959.897435897436,7.99290989668313,0,NoWC,0,NoSA,buservices,3,satisfactory,156,0.25,0.109,3,less250
13584,2018,20,2645.2875,7.88053503403763,0,NoWC,0,NoSA,buservices,4,good,160,0.262,0.031,3,less250
13584,2019,21,3256.103896103896,8.088286635736164,0,NoWC,0,NoSA,buservices,4,good,154,0.253,0.13,3,less250
13584,2020,22,3288.0372670807456,8.098046090382137,0,NoWC,0,NoSA,buservices,3,satisfactory,161,0.224,0.124,3,less250
13613,2009,11,149.07407407407408,5.004443323848335,1,WC,0,NoSA,manufacturing,3,satisfactory,27,0.111,0.222,1,less50
13613,2010,12,128.71428571428572,4.857595108553024,1,WC,0,NoSA,manufacturing,3,satisfactory,28,0.071,0.214,1,less50
13613,2011,13,125.20689655172414,4.8299675414278616,1,WC,0,NoSA,manufacturing,1,unsatisfactory,29,0.034,0.345,1,less50
13613,2013,15,330.7142857142857,5.801254817465021,1,WC,0,NoSA,manufacturing,2,sufficient,35,0.029,0.057,1,less50
13613,2014,16,337,5.820082930352362,1,WC,0,NoSA,manufacturing,3,satisfactory,35,0.029,0.2,1,less50
13613,2016,18,361.07142857142856,5.889075801839313,1,WC,0,NoSA,manufacturing,4,good,28,0.036,0.107,1,less50
13613,2017,19,417.1666666666667,6.033485822203719,1,WC,0,NoSA,manufacturing,4,good,24,0.083,0.083,1,less50
13613,2018,20,489.8888888888889,6.194178608021718,1,WC,0,NoSA,manufacturing,4,good,27,0.037,0.074,1,less50
13613,2019,21,461.1111111111111,6.133639035888525,1,WC,0,NoSA,manufacturing,4,good,27,0.074,0.074,1,less50
13613,2020,22,546.0833333333334,6.302771589251496,1,WC,0,NoSA,manufacturing,4,good,24,0.042,0.083,1,less50
13629,2010,12,1078.590909090909,6.983410754433441,0,NoWC,0,NoSA,manufacturing,4,good,44,0.159,0.591,1,less50
13629,2011,13,954.475,6.8611614510993775,0,NoWC,0,NoSA,manufacturing,4,good,40,0.15,0.75,1,less50
13629,2012,14,1039.8,6.946783665949615,0,NoWC,0,NoSA,manufacturing,3,satisfactory,40,0.1,0.85,1,less50
13629,2013,15,1061.6136363636363,6.967545328040659,0,NoWC,0,NoSA,manufacturing,5,very good,44,0.114,0.75,1,less50
13629,2014,16,1066.452380952381,6.972092887080892,0,NoWC,0,NoSA,manufacturing,4,good,42,0.286,0.595,1,less50
13649,2000,2,1200.6024193548387,7.090578725937184,0,NoWC,0,NoSA,public,2,sufficient,155,0.006,0.206,3,less250
13649,2001,3,1416.530317164179,7.2559657219107025,0,NoWC,0,NoSA,public,2,sufficient,134,0.007,0.172,3,less250
13649,2002,4,1407.2846715328467,7.24941736183267,0,NoWC,0,NoSA,public,1,unsatisfactory,137,0.007,0.219,3,less250
13668,2011,13,2614.189189189189,7.86870926692449,1,WC,0,NoSA,public,4,good,37,0.459,0.351,1,less50
13668,2012,14,2302.9761904761904,7.7419575612853455,1,WC,0,NoSA,public,4,good,42,0.548,0.357,1,less50
13668,2013,15,1346.3181818181818,7.205128872921243,1,WC,0,NoSA,public,5,very good,44,0.545,0.386,1,less50
13703,2018,20,6012.658227848101,8.701622230549757,1,WC,0,NoSA,manufacturing,4,good,316,0.104,0.544,4,more250
13703,2019,21,4006.648902821317,8.29571048583921,0,NoWC,0,NoSA,manufacturing,4,good,319,0.119,0.542,4,more250
13703,2020,22,6791.4758842443725,8.823423558382999,0,NoWC,0,NoSA,manufacturing,3,satisfactory,311,0.077,0.457,4,more250
13711,2008,10,900.0188679245283,6.8024157274651484,1,WC,0,NoSA,wholesretail,4,good,53,0.019,0.208,2,less100
13711,2009,11,900.8909090909091,6.803384172687299,1,WC,0,NoSA,wholesretail,4,good,55,0.091,0.218,2,less100
13711,2010,12,1254.625,7.134592002133965,1,WC,0,NoSA,wholesretail,3,satisfactory,56,0.054,0.232,2,less100
13711,2012,14,1537.7169811320755,7.3380541156629056,1,WC,0,NoSA,wholesretail,3,satisfactory,53,0.075,0.208,2,less100
13711,2015,17,2285.66,7.734410101884569,1,WC,0,NoSA,wholesretail,3,satisfactory,50,0.1,0.22,1,less50
13711,2016,18,2435.6862745098038,7.797983833388968,1,WC,0,NoSA,wholesretail,4,good,51,0.098,0.216,2,less100
13711,2017,19,3000.7843137254904,8.006628971389809,1,WC,0,NoSA,wholesretail,5,very good,51,0.098,0.098,2,less100
13711,2018,20,2625.0377358490564,7.872850550483942,1,WC,0,NoSA,wholesretail,5,very good,53,0.113,0.208,2,less100
13711,2019,21,3279.42,8.095421856473758,1,WC,0,NoSA,wholesretail,4,good,50,0.12,0.24,1,less50
13711,2020,22,3776.3,8.236499973262017,1,WC,0,NoSA,wholesretail,5,very good,50,0.22,0.24,1,less50
13711,2021,23,4228.787234042553,8.349670525032224,1,WC,0,NoSA,wholesretail,5,very good,47,0.085,0.234,1,less50
13736,2009,11,2857.1666666666665,7.957585736779426,1,WC,0,NoSA,manufacturing,5,very good,30,0.133,0.8,1,less50
13736,2010,12,1463.159090909091,7.28835313803975,1,WC,0,NoSA,manufacturing,4,good,44,0.136,0.864,1,less50
13736,2011,13,1572,7.360103972989152,1,WC,0,NoSA,manufacturing,4,good,44,0.136,0.841,1,less50
13736,2012,14,2474.6976744186045,7.813873515791599,1,WC,0,NoSA,manufacturing,5,very good,43,0.047,0.86,1,less50
13755,2001,3,2660.100115740741,7.886119038563991,1,WC,0,NoSA,manufacturing,2,sufficient,27,0.296,0.037,1,less50
13755,2002,4,3046.4074074074074,8.021718276122257,1,WC,0,NoSA,manufacturing,1,unsatisfactory,27,0.222,0.037,1,less50
13755,2003,5,2308.5666666666666,7.744382120311375,1,WC,0,NoSA,manufacturing,2,sufficient,30,0.067,0.033,1,less50
13787,1999,1,3243.2693563432836,8.084337160626724,0,NoWC,0,NoSA,manufacturing,3,satisfactory,268,0.104,0.675,4,more250
13787,2000,2,1504.3780048076924,7.31613480591478,0,NoWC,0,NoSA,manufacturing,3,satisfactory,416,0.067,0.632,4,more250
13787,2001,3,1176.9709654850747,7.070699438719031,0,NoWC,0,NoSA,manufacturing,4,good,536,0.028,0.644,4,more250
13809,2005,7,531.2602739726027,6.275252059294172,1,WC,0,NoSA,transcom,5,very good,73,0.096,0.082,2,less100
13809,2007,9,820.5542168674699,6.709979986186797,1,WC,0,NoSA,transcom,5,very good,83,0.108,0.06,2,less100
13809,2008,10,340.528,5.830497354220448,1,WC,0,NoSA,transcom,4,good,125,0.048,0.056,3,less250
13809,2009,11,376.0843373493976,5.929813419699246,1,WC,0,NoSA,transcom,4,good,83,0.06,0.06,2,less100
13820,2009,11,3137.4444444444443,8.051163876333291,1,WC,0,NoSA,manufacturing,2,sufficient,81,0.025,0.16,2,less100
13820,2010,12,2610.15625,7.86716536442523,1,WC,0,NoSA,manufacturing,2,sufficient,96,0.031,0.26,2,less100
13820,2011,13,2677.777777777778,7.892742542142527,1,WC,0,NoSA,manufacturing,4,good,108,0.046,0.111,3,less250
13820,2012,14,2732.2314049586776,7.91287391877232,1,WC,0,NoSA,manufacturing,4,good,121,0.017,0.198,3,less250
13820,2013,15,2782.608695652174,7.9311441464126595,1,WC,0,NoSA,manufacturing,4,good,115,0.009,0.096,3,less250
13820,2014,16,2872.7272727272725,7.9630171267766325,1,WC,0,NoSA,manufacturing,4,good,110,0.009,0.109,3,less250
13820,2015,17,2667.229357798165,7.8887955189088705,1,WC,0,NoSA,manufacturing,3,satisfactory,109,0.009,0.11,3,less250
13820,2017,19,3066.404958677686,8.02826113116577,1,WC,0,NoSA,manufacturing,5,very good,121,0.05,0.149,3,less250
13820,2018,20,2854.5,7.956651975404314,1,WC,0,NoSA,manufacturing,4,good,130,0.038,0.123,3,less250
13820,2019,21,2893.2076923076925,7.970121093725806,1,WC,0,NoSA,manufacturing,4,good,130,0.085,0.138,3,less250
13820,2020,22,2566.3278688524592,7.850231311312618,1,WC,0,NoSA,manufacturing,4,good,122,0.033,0.189,3,less250
13825,1998,0,1628.3180732484077,7.395302904167157,0,NoWC,0,NoSA,manufacturing,2,sufficient,628,0.016,0.177,4,more250
13825,1999,1,1792.157087628866,7.491175250200098,0,NoWC,0,NoSA,manufacturing,1,unsatisfactory,485,0.031,0.184,4,more250
13825,2000,2,1541.4316502463055,7.340466906574311,0,NoWC,0,NoSA,manufacturing,1,unsatisfactory,406,0.037,0.17,4,more250
13825,2001,3,1714.2837975543478,7.446750661620902,0,NoWC,0,NoSA,manufacturing,1,unsatisfactory,368,0.035,0.128,4,more250
13825,2002,4,1542.6997245179064,7.341289228446481,0,NoWC,0,NoSA,manufacturing,2,sufficient,363,0.03,0.127,4,more250
13825,2003,5,1452.7211538461538,7.28119373451726,0,NoWC,0,NoSA,manufacturing,2,sufficient,312,0.035,0.115,4,more250
13825,2004,6,1736.111111111111,7.459402897268383,0,NoWC,0,NoSA,manufacturing,2,sufficient,288,0.049,0.087,4,more250
13826,2011,13,868.4684684684685,6.766731279286303,0,NoWC,0,NoSA,wholesretail,4,good,333,0.171,0.012,4,more250
13826,2012,14,989.8203592814372,6.89752347139236,0,NoWC,0,NoSA,wholesretail,4,good,334,0.165,0.021,4,more250
13826,2013,15,1130.7420494699647,7.030629377132672,0,NoWC,0,NoSA,wholesretail,4,good,283,0.269,0.018,4,more250
13849,2017,19,2545.4166666666665,7.842049635295867,0,NoWC,0,NoSA,wholesretail,4,good,84,0.167,0.524,2,less100
13849,2018,20,3244.154761904762,8.084610121219661,0,NoWC,0,NoSA,wholesretail,4,good,84,0.071,0.583,2,less100
13849,2019,21,4594.465753424657,8.432607761093301,0,NoWC,0,NoSA,wholesretail,3,satisfactory,73,0.164,0.507,2,less100
13849,2020,22,6102.013698630137,8.71637411021512,0,NoWC,0,NoSA,construction,4,good,73,0.068,0.356,2,less100
13874,2001,3,3617.944650423729,8.193661367447874,0,NoWC,0,NoSA,transcom,4,good,59,0.068,0.085,2,less100
13874,2002,4,3730.2542372881358,8.224231670445933,0,NoWC,0,NoSA,transcom,4,good,59,0.119,0.085,2,less100
13874,2006,8,2842.027397260274,7.952272948744385,0,NoWC,0,NoSA,transcom,4,good,73,0.082,0.041,2,less100
13874,2007,9,3658.849315068493,8.20490398217298,0,NoWC,1,SA,transcom,4,good,73,0.096,0.041,2,less100
13874,2008,10,2840.4565217391305,7.9517200653280655,0,NoWC,0,NoSA,transcom,4,good,92,0.076,0.033,2,less100
13874,2009,11,2382.0208333333335,7.775704496028691,0,NoWC,0,NoSA,transcom,4,good,96,0.073,0.042,2,less100
13874,2011,13,2152.5048543689322,7.674387491523005,0,NoWC,0,NoSA,transcom,4,good,103,0.058,0.039,3,less250
13874,2012,14,2138.3793103448274,7.667803489480872,0,NoWC,0,NoSA,transcom,2,sufficient,116,0.086,0.026,3,less250
13874,2013,15,2043.3620689655172,7.622351803278524,0,NoWC,0,NoSA,transcom,4,good,116,0.078,0.026,3,less250
13874,2014,16,2106.5454545454545,7.652804659418144,0,NoWC,0,NoSA,transcom,3,satisfactory,99,0.101,0.03,2,less100
13874,2015,17,2278.777777777778,7.731394515837513,0,NoWC,1,SA,transcom,4,good,99,0.101,0.03,2,less100
13874,2016,18,2475.816326530612,7.814325449522453,0,NoWC,1,SA,transcom,3,satisfactory,98,0.122,0.031,2,less100
13874,2017,19,2314.3571428571427,7.746887235886403,0,NoWC,0,NoSA,transcom,2,sufficient,98,0.153,0.031,2,less100
13874,2018,20,2393.6632653061224,7.780580218457821,0,NoWC,0,NoSA,transcom,3,satisfactory,98,0.051,0.031,2,less100
13874,2020,22,2948.548387096774,7.989068256056039,0,NoWC,0,NoSA,transcom,4,good,93,0.129,0.043,2,less100
13874,2021,23,2493.494623655914,7.821440468840245,0,NoWC,0,NoSA,transcom,4,good,93,0.129,0.043,2,less100
13876,1998,0,5433.211890243902,8.600285746388094,0,NoWC,0,NoSA,construction,1,unsatisfactory,41,0.049,0.244,1,less50
13876,1999,1,4384.502130681818,8.385831359177057,0,NoWC,1,SA,construction,2,sufficient,44,0.045,0.227,1,less50
13876,2000,2,4355.312144886364,8.379151561778084,0,NoWC,0,NoSA,construction,3,satisfactory,44,0.045,0.205,1,less50
13876,2001,3,5329.2295138888885,8.58096195021695,0,NoWC,0,NoSA,construction,2,sufficient,45,0.044,0.222,1,less50
13881,1998,0,1462.9238197424893,7.2881923284015455,0,NoWC,0,NoSA,wholesretail,3,satisfactory,699,0.112,0.27,4,more250
13881,1999,1,1250.6419964028778,7.1314122955727886,0,NoWC,0,NoSA,wholesretail,3,satisfactory,695,0.099,0.268,4,more250
13881,2000,2,891.4832621082621,6.792886662150232,0,NoWC,0,NoSA,wholesretail,3,satisfactory,702,0.093,0.276,4,more250
13881,2002,4,827.1787296898079,6.718020789799057,0,NoWC,0,NoSA,wholesretail,3,satisfactory,677,0.096,0.31,4,more250
13881,2003,5,662.6447368421053,6.496239004704193,0,NoWC,0,NoSA,wholesretail,3,satisfactory,684,0.077,0.307,4,more250
13883,2001,3,5281.331321022727,8.57193348905041,0,NoWC,0,NoSA,transcom,2,sufficient,44,0.136,0.023,1,less50
13883,2002,4,5353.190476190476,8.585448012833451,0,NoWC,0,NoSA,transcom,3,satisfactory,42,0.143,0.024,1,less50
13883,2003,5,9142.32,9.120669461560647,0,NoWC,1,SA,transcom,2,sufficient,25,0.04,0.04,1,less50
13883,2004,6,8568.392857142857,9.055835462750432,0,NoWC,0,NoSA,transcom,3,satisfactory,28,0.393,0.071,1,less50
13901,2003,5,2465.027027027027,7.80995805072785,1,WC,0,NoSA,public,2,sufficient,111,0.027,0.342,3,less250
13901,2004,6,2280.3963963963965,7.732104564905519,1,WC,0,NoSA,public,4,good,111,0.027,0.342,3,less250
13901,2005,7,2276.5865384615386,7.730432467872466,1,WC,0,NoSA,public,3,satisfactory,104,0.029,0.346,3,less250
13903,2003,5,7551.4047619047615,8.929488886115275,1,WC,0,NoSA,manufacturing,5,very good,42,0.048,0.214,1,less50
13903,2004,6,5567,8.624611588183507,1,WC,0,NoSA,manufacturing,3,satisfactory,58,0.034,0.276,2,less100
13903,2005,7,5981.803571428572,8.696477402045707,1,WC,0,NoSA,manufacturing,3,satisfactory,56,0.036,0.286,2,less100
13903,2006,8,5562.524590163935,8.623807347168354,1,WC,0,NoSA,manufacturing,3,satisfactory,61,0.016,0.328,2,less100
13903,2007,9,4608.9324324324325,8.435751532693857,1,WC,0,NoSA,manufacturing,4,good,74,0.041,0.405,2,less100
13903,2008,10,3780.387755102041,8.237581864067417,1,WC,0,NoSA,manufacturing,3,satisfactory,98,0.041,0.48,2,less100
13903,2009,11,3165.137614678899,8.059951813784354,1,WC,0,NoSA,manufacturing,3,satisfactory,109,0.055,0.486,3,less250
13903,2010,12,2128.9836065573772,7.663399964796843,1,WC,0,NoSA,manufacturing,3,satisfactory,122,0.041,0.484,3,less250
13903,2011,13,1681.3953488372092,7.427379292453294,1,WC,0,NoSA,manufacturing,3,satisfactory,172,0.006,0.448,3,less250
13903,2012,14,1604.8543689320388,7.38078829557948,1,WC,0,NoSA,manufacturing,3,satisfactory,206,0.019,0.524,3,less250
13904,2014,16,837.2166666666667,6.730082898002294,1,WC,0,NoSA,construction,4,good,120,0.008,0.3,3,less250
13904,2015,17,783.9416666666667,6.664334612820332,1,WC,0,NoSA,manufacturing,4,good,120,0.025,0.367,3,less250
13904,2016,18,803.728,6.6892609034820385,1,WC,0,NoSA,manufacturing,5,very good,125,0.024,0.36,3,less250
13904,2018,20,927.8253968253969,6.832843565111141,1,WC,0,NoSA,manufacturing,3,satisfactory,126,0.04,0.143,3,less250
13904,2020,22,1120.909090909091,7.021895323360019,1,WC,0,NoSA,manufacturing,4,good,110,0.009,0.418,3,less250
13904,2021,23,1488.388888888889,7.305449531306797,1,WC,0,NoSA,manufacturing,4,good,108,0.009,0.241,3,less250
13937,2008,10,662.8019801980198,6.496476273173201,1,WC,0,NoSA,resthotels,3,satisfactory,101,0.02,0.079,3,less250
13937,2009,11,670.2460317460317,6.507644856540589,0,NoWC,0,NoSA,resthotels,3,satisfactory,126,0.04,0.095,3,less250
13937,2010,12,611.963768115942,6.416673078334862,1,WC,0,NoSA,resthotels,3,satisfactory,138,0.036,0.145,3,less250
13937,2011,13,697.1608391608391,6.547016143337476,1,WC,0,NoSA,resthotels,3,satisfactory,143,0.028,0.175,3,less250
13937,2012,14,702.7112676056338,6.554946092800825,1,WC,0,NoSA,resthotels,4,good,142,0.028,0.12,3,less250
13937,2014,16,786.7222222222222,6.667875228326894,1,WC,0,NoSA,resthotels,3,satisfactory,144,0.097,0.153,3,less250
13962,2019,21,2642.168044077135,7.879355087933576,0,NoWC,0,NoSA,buservices,5,very good,363,0.22,0.719,4,more250
13962,2020,22,2671.2100840336134,7.890286863717263,0,NoWC,0,NoSA,buservices,5,very good,357,0.613,0.602,4,more250
13962,2021,23,2757.953038674033,7.922244030896473,0,NoWC,0,NoSA,buservices,4,good,362,0.605,0.597,4,more250
13992,2007,9,172.066091954023,5.147878658552842,1,WC,1,SA,manufacturing,3,satisfactory,348,0.092,0.94,4,more250
13992,2008,10,144.1301775147929,4.970716901723982,1,WC,0,NoSA,manufacturing,2,sufficient,338,0.095,0.908,4,more250
13992,2009,11,172.46385542168676,5.150187680728821,1,WC,0,NoSA,manufacturing,2,sufficient,332,0.096,0.873,4,more250
13992,2011,13,112.70737913486005,4.724794894810529,1,WC,0,NoSA,manufacturing,3,satisfactory,393,0.079,0.774,4,more250
13992,2013,15,141.367758186398,4.9513647089785575,1,WC,0,NoSA,manufacturing,3,satisfactory,397,0.315,0.831,4,more250
13992,2014,16,139.5955334987593,4.9387491948218605,1,WC,0,NoSA,manufacturing,4,good,403,0.119,0.722,4,more250
13992,2016,18,114.88997555012224,4.74397493605406,1,WC,0,NoSA,manufacturing,4,good,409,0.494,0.724,4,more250
13992,2017,19,149.99287410926365,5.0105877870295705,1,WC,0,NoSA,manufacturing,4,good,421,0.556,0.689,4,more250
14004,2016,18,3289.896551724138,8.098611400020125,0,NoWC,0,NoSA,wholesretail,2,sufficient,29,0.069,0.103,1,less50
14004,2017,19,2271.6,7.728239708003278,1,WC,0,NoSA,wholesretail,2,sufficient,30,0.067,0.1,1,less50
14004,2018,20,1801.2702702702702,7.49624740069678,1,WC,0,NoSA,wholesretail,4,good,37,0.054,0.108,1,less50
14019,2017,19,1420.7777777777778,7.258959731474949,1,WC,0,NoSA,construction,2,sufficient,36,0.389,0.944,1,less50
14019,2018,20,1899.2,7.549188023855404,1,WC,0,NoSA,construction,2,sufficient,40,0.425,0.8,1,less50
14019,2019,21,2214.108108108108,7.7026049413935915,1,WC,0,NoSA,construction,3,satisfactory,37,0.459,0.838,1,less50
14019,2020,22,1933.5135135135135,7.567094100168784,1,WC,0,NoSA,construction,2,sufficient,37,0.568,0.838,1,less50
14019,2021,23,2201.641025641026,7.696958282031714,1,WC,0,NoSA,construction,2,sufficient,39,0.487,0.872,1,less50
14075,2012,14,1322.4,7.187203546506814,0,NoWC,0,NoSA,buservices,4,good,250,0.084,0.6,3,less250
14075,2013,15,1327.8008298755187,7.191279341285254,0,NoWC,0,NoSA,buservices,4,good,241,0.071,0.56,3,less250
14075,2014,16,1274.1935483870968,7.150068746404067,0,NoWC,0,NoSA,buservices,3,satisfactory,248,0.065,0.581,3,less250
14075,2015,17,2389.278260869565,7.778746616419776,0,NoWC,0,NoSA,buservices,3,satisfactory,230,0.078,0.652,3,less250
14075,2016,18,2317.493212669683,7.748241368706351,0,NoWC,0,NoSA,buservices,3,satisfactory,221,0.095,0.656,3,less250
14075,2017,19,1199.8558951965065,7.089956741228786,0,NoWC,0,NoSA,buservices,3,satisfactory,229,0.105,0.629,3,less250
14075,2018,20,3437.711111111111,8.142561154230469,0,NoWC,0,NoSA,buservices,3,satisfactory,225,0.133,0.64,3,less250
14102,2015,17,4338.285714285715,8.37523455235434,1,WC,0,NoSA,manufacturing,3,satisfactory,21,0.048,0.238,1,less50
14102,2018,20,4894.36,8.4958388007578165,1,WC,0,NoSA,manufacturing,3,satisfactory,25,0.12,0.2,1,less50
14102,2021,23,6211.153846153846,8.734101962201631,0,NoWC,0,NoSA,manufacturing,2,sufficient,26,0.115,0.231,1,less50
14147,2002,4,2255.0632911392404,7.720933318566961,0,NoWC,1,SA,public,4,good,158,0.025,0.551,3,less250
14147,2003,5,2251.8028169014083,7.719486426323665,0,NoWC,1,SA,public,2,sufficient,142,0.014,0.577,3,less250
14147,2004,6,2322.686440677966,7.750479743323095,0,NoWC,1,SA,public,2,sufficient,118,0.008,0.627,3,less250
14147,2005,7,3125.436090225564,8.047329101306644,0,NoWC,1,SA,public,3,satisfactory,133,0.015,0.466,3,less250
14147,2008,10,1364.448051948052,7.218505268297288,1,WC,1,SA,public,3,satisfactory,154,0.292,0.558,3,less250
14231,2006,8,896.1748633879781,6.798135553964914,0,NoWC,0,NoSA,construction,4,good,549,0.004,0.792,4,more250
14231,2007,9,717.4566371681416,6.575712509804857,0,NoWC,0,NoSA,construction,5,very good,565,0.004,0.688,4,more250
14231,2008,10,600.9951768488746,6.398586909293146,0,NoWC,0,NoSA,construction,2,sufficient,622,0.003,0.545,4,more250
14264,2017,19,2818.705882352941,7.9440331516350895,1,WC,1,SA,wholesretail,4,good,51,0.039,0.902,2,less100
14264,2018,20,1911.5064935064936,7.5556469502044585,1,WC,1,SA,wholesretail,4,good,77,0.026,0.883,2,less100
14264,2019,21,1838.3076923076924,7.5166006949481625,1,WC,1,SA,wholesretail,3,satisfactory,78,0.026,0.872,2,less100
14264,2020,22,1922.9125,7.561596242733468,1,WC,1,SA,wholesretail,4,good,80,0.025,0.85,2,less100
14264,2021,23,1899.1846153846154,7.549179923245832,1,WC,1,SA,wholesretail,3,satisfactory,65,0.046,0.862,2,less100
14265,2014,16,1082,6.9865664594064265,1,WC,1,SA,construction,3,satisfactory,25,0.32,0.92,1,less50
14265,2015,17,1616.1,7.387771118354598,1,WC,0,NoSA,construction,4,good,20,0.55,0.9,1,less50
14265,2016,18,2334,7.755338812846501,1,WC,0,NoSA,construction,4,good,22,0.682,0.955,1,less50
14265,2017,19,1913.608695652174,7.556746107878604,1,WC,0,NoSA,construction,3,satisfactory,23,0.522,0.913,1,less50
14265,2019,21,3507.3,8.162601789680883,1,WC,0,NoSA,construction,4,good,20,0.5,0.9,1,less50
14265,2021,23,2402.4,7.784223516669121,1,WC,0,NoSA,wholesretail,4,good,20,0.65,0.9,1,less50
14274,2003,5,596.3943661971831,6.390902136496508,1,WC,0,NoSA,manufacturing,1,unsatisfactory,71,0.169,0.901,2,less100
14274,2004,6,602.5324675324675,6.401141551933596,1,WC,0,NoSA,manufacturing,4,good,77,0.078,0.857,2,less100
14274,2005,7,444.90361445783134,6.0978576619818075,1,WC,0,NoSA,manufacturing,2,sufficient,83,0.265,0.819,2,less100
14274,2006,8,309.6025641025641,5.735289423666303,1,WC,0,NoSA,manufacturing,3,satisfactory,78,0.282,0.833,2,less100
14274,2007,9,323.7808219178082,5.780066811317174,1,WC,0,NoSA,manufacturing,4,good,73,0.027,0.877,2,less100
14274,2008,10,370.6376811594203,5.915224984773854,1,WC,0,NoSA,manufacturing,4,good,69,0.058,0.841,2,less100
14344,1998,0,1622.221525493421,7.39155180086976,0,NoWC,0,NoSA,wholesretail,2,sufficient,38,0.289,0.211,1,less50
14344,1999,1,1459.043469551282,7.2855363421511115,0,NoWC,0,NoSA,wholesretail,4,good,39,0.231,0.231,1,less50
14344,2000,2,1435.375950168919,7.269182080061766,0,NoWC,0,NoSA,wholesretail,3,satisfactory,37,0.189,0.243,1,less50
14344,2001,3,640.7868982263514,6.4626969495812565,0,NoWC,0,NoSA,wholesretail,3,satisfactory,37,0.162,0.243,1,less50
14356,2003,5,360.8251748251748,5.888393560768648,0,NoWC,0,NoSA,health,4,good,143,0.014,0.245,3,less250
14356,2004,6,477.42748091603056,6.168412275959839,0,NoWC,0,NoSA,health,3,satisfactory,131,0.031,0.282,3,less250
14356,2005,7,557.1379310344828,6.322812841290356,0,NoWC,0,NoSA,health,5,very good,116,0.043,0.31,3,less250
14356,2006,8,500.7971014492754,6.216201031928235,0,NoWC,0,NoSA,health,5,very good,138,0.036,0.297,3,less250
14356,2007,9,443.8516129032258,6.095490301400315,0,NoWC,0,NoSA,health,5,very good,155,0.032,0.271,3,less250
14389,2003,5,862.2983870967741,6.759601367490072,0,NoWC,0,NoSA,manufacturing,3,satisfactory,124,0.008,0.048,3,less250
14389,2005,7,491.9478260869565,6.198372666330482,0,NoWC,0,NoSA,manufacturing,3,satisfactory,115,0.009,0.052,3,less250
14389,2006,8,521.7961165048544,6.257276930177528,0,NoWC,0,NoSA,manufacturing,2,sufficient,103,0.01,0.058,3,less250
14389,2007,9,584.0973451327434,6.37006765580865,0,NoWC,0,NoSA,manufacturing,3,satisfactory,113,0.009,0.106,3,less250
14389,2008,10,536.8019801980198,6.2856292745441475,0,NoWC,0,NoSA,manufacturing,1,unsatisfactory,101,0.01,0.059,3,less250
14389,2009,11,589.3125,6.378956603225896,0,NoWC,0,NoSA,manufacturing,2,sufficient,96,0.01,0.042,2,less100
14389,2010,12,722.8888888888889,6.583255529697078,0,NoWC,0,NoSA,manufacturing,1,unsatisfactory,90,0.011,0.044,2,less100
14389,2011,13,714.3131313131313,6.571321425462667,0,NoWC,0,NoSA,manufacturing,2,sufficient,99,0.01,0.04,2,less100
14389,2012,14,1205.672131147541,7.094792475605103,0,NoWC,0,NoSA,manufacturing,1,unsatisfactory,61,0.016,0.066,2,less100
14409,2014,16,1828.4545454545455,7.51122637835485,0,NoWC,0,NoSA,manufacturing,4,good,66,0.091,0.667,2,less100
14409,2016,18,2212.42,7.701842218036271,0,NoWC,0,NoSA,manufacturing,4,good,50,0.12,0.78,1,less50
14409,2018,20,2080.655172413793,7.640438109834856,0,NoWC,0,NoSA,manufacturing,4,good,58,0.121,0.707,2,less100
14409,2019,21,1897.4528301886792,7.5482676500352,0,NoWC,0,NoSA,manufacturing,4,good,53,0.17,0.717,2,less100
14409,2021,23,2822.877192982456,7.945511924998507,0,NoWC,0,NoSA,transcom,3,satisfactory,57,0.053,0.772,2,less100
14452,1998,0,1839.035,7.516996256505867,1,WC,0,NoSA,manufacturing,4,good,150,0.493,0.14,3,less250
14452,1999,1,1835.783150337838,7.5152264543671405,1,WC,0,NoSA,manufacturing,2,sufficient,148,0.568,0.142,3,less250
14452,2000,2,2215.953125,7.703437894665107,1,WC,0,NoSA,manufacturing,3,satisfactory,144,0.708,0.139,3,less250
14454,2016,18,1382.9354838709678,7.231963681170255,1,WC,0,NoSA,transcom,4,good,31,0.677,0.71,1,less50
14454,2017,19,1260.9117647058824,7.1395903610392395,1,WC,0,NoSA,transcom,4,good,34,0.5,0.824,1,less50
14454,2018,20,1099.2564102564102,7.002389239525754,1,WC,0,NoSA,transcom,4,good,39,0.564,0.795,1,less50
14454,2019,21,1607.6842105263158,7.382550043963951,1,WC,0,NoSA,transcom,4,good,38,0.553,0.816,1,less50
14461,2011,13,658,6.489204931325317,0,NoWC,0,NoSA,wholesretail,2,sufficient,23,0.043,0.261,1,less50
14461,2012,14,634.375,6.452640262230152,0,NoWC,0,NoSA,wholesretail,2,sufficient,24,0.167,0.25,1,less50
14461,2013,15,822.1071428571429,6.711870730670571,0,NoWC,0,NoSA,wholesretail,4,good,28,0.143,0.286,1,less50
14461,2014,16,1006.925925925926,6.914657330853,0,NoWC,0,NoSA,wholesretail,3,satisfactory,27,0.074,0.296,1,less50
14461,2015,17,627.4102564102565,6.441600643105038,0,NoWC,0,NoSA,wholesretail,3,satisfactory,39,0.051,0.231,1,less50
14461,2016,18,704.8611111111111,6.558000777887979,0,NoWC,0,NoSA,wholesretail,3,satisfactory,36,0.194,0.25,1,less50
14461,2019,21,814.421052631579,6.70247749594296,0,NoWC,0,NoSA,wholesretail,4,good,38,0.132,0.263,1,less50
14461,2020,22,577.725,6.359097976907139,0,NoWC,0,NoSA,transcom,4,good,40,0.125,0.25,1,less50
14478,2007,9,2922.8571428571427,7.980316890450304,0,NoWC,0,NoSA,health,4,good,21,0.238,0.667,1,less50
14478,2008,10,3354.9166666666665,8.118182210547872,0,NoWC,0,NoSA,health,5,very good,24,0.125,0.542,1,less50
14478,2009,11,2193.4347826086955,7.693223988050605,0,NoWC,1,SA,health,4,good,23,0.174,0.478,1,less50
14478,2010,12,2118.85,7.658628767655105,0,NoWC,1,SA,health,3,satisfactory,20,0.75,0.65,1,less50
14478,2011,13,1367,7.220373836723949,0,NoWC,1,SA,health,3,satisfactory,31,0.194,0.548,1,less50
14478,2013,15,1427,7.2633296174768365,0,NoWC,1,SA,health,5,very good,35,0.171,0.486,1,less50
14480,2011,13,3442.8571428571427,8.144056970423433,0,NoWC,0,NoSA,manufacturing,3,satisfactory,84,0.036,0.905,2,less100
14480,2013,15,3809.5238095238096,8.245259475932595,0,NoWC,0,NoSA,manufacturing,3,satisfactory,84,0.048,0.929,2,less100
14480,2015,17,5059.976190476191,8.529117056830952,0,NoWC,0,NoSA,manufacturing,3,satisfactory,84,0.048,0.94,2,less100
14480,2016,18,5259.081632653061,8.567711695935703,0,NoWC,0,NoSA,manufacturing,2,sufficient,98,0.051,0.918,2,less100
14480,2019,21,8099.701298701299,8.999582463277024,0,NoWC,0,NoSA,manufacturing,3,satisfactory,77,0.195,0.909,2,less100
14480,2020,22,5536.925,8.619194571490125,0,NoWC,0,NoSA,manufacturing,1,unsatisfactory,80,0.1,0.912,2,less100
14520,1998,0,953.4649639423077,6.8601026796798,1,WC,0,NoSA,health,2,sufficient,65,0.092,0.185,2,less100
14520,2000,2,889.4217247596154,6.790571504087718,1,WC,0,NoSA,health,3,satisfactory,52,0.096,0.192,2,less100
14520,2002,4,1078.5384615384614,6.9833621272595945,1,WC,0,NoSA,health,2,sufficient,52,0.096,0.115,2,less100
14520,2003,5,952.1754385964912,6.8587493020531225,1,WC,0,NoSA,health,3,satisfactory,57,0.684,0.158,2,less100
14520,2004,6,952.1754385964912,6.8587493020531225,1,WC,0,NoSA,health,1,unsatisfactory,57,0.702,0.105,2,less100
14520,2005,7,714.140350877193,6.571079512878274,1,WC,0,NoSA,health,2,sufficient,57,0.667,0.193,2,less100
14531,1998,0,884.82125,6.785385647206617,1,WC,0,NoSA,buservices,4,good,125,0.392,0.872,3,less250
14531,1999,1,876.2444473140496,6.775645101454598,1,WC,0,NoSA,buservices,3,satisfactory,121,0.314,0.802,3,less250
14531,2000,2,969.08625,6.8763536172176005,1,WC,0,NoSA,buservices,4,good,125,0.64,0.96,3,less250
14531,2001,3,957.5947830578513,6.864424706294349,1,WC,0,NoSA,buservices,4,good,121,0.711,0.802,3,less250
14563,2002,4,1552.423076923077,7.347572264704462,0,NoWC,0,NoSA,manufacturing,1,unsatisfactory,52,0.231,0.731,2,less100
14563,2003,5,1410.1272727272728,7.251435243644217,0,NoWC,0,NoSA,manufacturing,1,unsatisfactory,55,0.218,0.818,2,less100
14563,2004,6,2059.890909090909,7.630408303629383,0,NoWC,0,NoSA,manufacturing,1,unsatisfactory,55,0.273,0.818,2,less100
14575,2000,2,3539.312118902439,8.171687670551659,0,NoWC,0,NoSA,manufacturing,2,sufficient,82,0.598,0.854,2,less100
14575,2001,3,3947.192073170732,8.280759737557311,0,NoWC,0,NoSA,manufacturing,2,sufficient,82,0.866,0.878,2,less100
14575,2002,4,4112.983050847458,8.321903847348473,0,NoWC,0,NoSA,manufacturing,3,satisfactory,59,0.763,0.814,2,less100
14575,2004,6,4884.592592592592,8.493841161324953,0,NoWC,0,NoSA,manufacturing,3,satisfactory,54,0.833,0.889,2,less100
14579,2013,15,539.6290050590219,6.290881875778184,1,WC,0,NoSA,transcom,1,unsatisfactory,593,0.062,0.327,4,more250
14579,2014,16,592.8705440900563,6.384976068403205,1,WC,0,NoSA,transcom,1,unsatisfactory,533,0.071,0.37,4,more250
14579,2015,17,767.0901960784314,6.642604390383555,1,WC,0,NoSA,transcom,3,satisfactory,510,0.067,0.404,4,more250
14579,2016,18,865.0431177446103,6.7627793527931495,1,WC,0,NoSA,transcom,4,good,603,0.058,0.35,4,more250
14579,2017,19,1004.0253623188406,6.91177256120636,1,WC,0,NoSA,transcom,4,good,552,0.069,0.417,4,more250
14579,2018,20,1239.8708053691275,7.122762463952563,1,WC,0,NoSA,transcom,5,very good,596,0.121,0.414,4,more250
14579,2019,21,1182.3408,7.075251481281511,1,WC,0,NoSA,transcom,3,satisfactory,625,0.149,0.386,4,more250
14584,2002,4,2001.3,7.601552248383579,1,WC,0,NoSA,construction,2,sufficient,30,0.167,0.233,1,less50
14584,2003,5,1962.5294117647059,7.581989436430735,1,WC,0,NoSA,construction,3,satisfactory,34,0.059,0.235,1,less50
14584,2004,6,1251.3333333333333,7.131964928478344,1,WC,0,NoSA,construction,2,sufficient,45,0.133,0.289,1,less50
14584,2005,7,1400.3921568627452,7.2445075884241135,1,WC,0,NoSA,construction,2,sufficient,51,0.176,0.314,2,less100
14584,2006,8,1405.8909090909092,7.248426479809112,1,WC,0,NoSA,construction,2,sufficient,55,0.127,0.291,2,less100
14589,2014,16,7465.615384615385,8.918063142558939,1,WC,0,NoSA,health,5,very good,39,0.308,0.692,1,less50
14589,2016,18,8139.935483870968,9.004537533150799,0,NoWC,0,NoSA,health,4,good,62,0.081,0.661,2,less100
14589,2017,19,4991.295238095238,8.515450721816496,0,NoWC,0,NoSA,health,5,very good,105,0.019,0.714,3,less250
14589,2018,20,4148.832061068702,8.330582142547806,0,NoWC,0,NoSA,health,4,good,131,0.198,0.718,3,less250
14589,2019,21,3789.054794520548,8.239871872386864,0,NoWC,0,NoSA,health,5,very good,146,0.021,0.705,3,less250
14589,2020,22,3803.425675675676,8.243657433212032,0,NoWC,0,NoSA,art,5,very good,148,0.041,0.75,3,less250
14589,2021,23,3934.5810810810813,8.277559695484415,0,NoWC,0,NoSA,art,3,satisfactory,148,0.047,0.757,3,less250
14608,2003,5,1666.4473684210527,7.41844931514349,1,WC,0,NoSA,manufacturing,4,good,38,0.026,0.632,1,less50
14608,2004,6,1213.972972972973,7.101653708581651,1,WC,0,NoSA,manufacturing,4,good,37,0.027,0.432,1,less50
14608,2005,7,934.1111111111111,6.839595393799077,1,WC,0,NoSA,manufacturing,4,good,45,0.022,0.378,1,less50
14608,2006,8,1494.0526315789473,7.309247593706083,1,WC,0,NoSA,manufacturing,4,good,38,0.026,0.553,1,less50
14608,2008,10,792.4516129032259,6.675131447613894,1,WC,0,NoSA,manufacturing,4,good,62,0.016,0.226,2,less100
14620,2014,16,1038.2222222222222,6.945265127731789,1,WC,0,NoSA,manufacturing,3,satisfactory,36,0.5,0.889,1,less50
14620,2017,19,1176,7.069874128458572,1,WC,0,NoSA,manufacturing,4,good,39,0.462,0.949,1,less50
14620,2020,22,1959.75,7.580572193068831,1,WC,0,NoSA,manufacturing,4,good,32,0.5,0.781,1,less50
14641,2013,15,1680.703125,7.426967511625113,1,WC,0,NoSA,wholesretail,4,good,128,0.023,0.375,3,less250
14641,2014,16,2251.6666666666665,7.7194259617261896,1,WC,0,NoSA,wholesretail,4,good,96,0.031,0.458,2,less100
14641,2015,17,3108.787878787879,8.041988179615279,1,WC,0,NoSA,wholesretail,4,good,99,0.03,0.475,2,less100
14645,2004,6,2030.1666666666667,7.615873170471904,0,NoWC,0,NoSA,wholesretail,5,very good,60,0.233,0.167,2,less100
14645,2005,7,2397.948275862069,7.782368765655943,0,NoWC,0,NoSA,wholesretail,3,satisfactory,58,0.276,0.172,2,less100
14645,2006,8,2086.514705882353,7.643250348117171,0,NoWC,0,NoSA,wholesretail,1,unsatisfactory,68,0.235,0.103,2,less100
14645,2007,9,1940.8918918918919,7.5709028844988016,0,NoWC,0,NoSA,wholesretail,1,unsatisfactory,74,0.243,0.135,2,less100
14645,2008,10,2701.114285714286,7.901419665268552,0,NoWC,0,NoSA,wholesretail,1,unsatisfactory,70,0.1,0.143,2,less100
14645,2009,11,3052.742424242424,8.023795621092633,0,NoWC,0,NoSA,wholesretail,1,unsatisfactory,66,0.333,0.121,2,less100
14646,2004,6,1097.6046511627908,7.000885494538071,0,NoWC,0,NoSA,transcom,4,good,43,0.535,0.326,1,less50
14646,2005,7,1115.7555555555555,7.017287082708774,0,NoWC,0,NoSA,transcom,4,good,45,0.667,0.489,1,less50
14646,2006,8,1004.1764705882352,6.9119230523245365,0,NoWC,0,NoSA,transcom,3,satisfactory,51,0.686,0.549,2,less100
14646,2007,9,942.2786885245902,6.848301078512712,0,NoWC,0,NoSA,transcom,5,very good,61,0.738,0.59,2,less100
14653,2002,4,964,6.871091294610546,1,WC,0,NoSA,wholesretail,3,satisfactory,48,0.021,0.188,1,less50
14653,2003,5,1224.6326530612246,7.110396202955251,1,WC,0,NoSA,wholesretail,2,sufficient,49,0.02,0.163,1,less50
14653,2005,7,1486.4,7.304112368059574,1,WC,0,NoSA,wholesretail,3,satisfactory,45,0.022,0.133,1,less50
14653,2006,8,1456.695652173913,7.283925897741113,1,WC,0,NoSA,wholesretail,4,good,46,0.022,0.978,1,less50
14653,2007,9,1441.7291666666667,7.273598482359329,1,WC,0,NoSA,wholesretail,5,very good,48,0.021,0.167,1,less50
14653,2008,10,1554.8367346938776,7.349125825335108,1,WC,0,NoSA,wholesretail,4,good,49,0.02,0.102,1,less50
14659,2003,5,4011.0530973451328,8.296809103614402,0,NoWC,0,NoSA,transcom,4,good,113,0.991,0.071,3,less250
14659,2005,7,3191.4,8.068214970976326,0,NoWC,0,NoSA,transcom,2,sufficient,145,0.821,0.055,3,less250
14659,2006,8,2779.6610169491523,7.930084262900616,0,NoWC,0,NoSA,transcom,3,satisfactory,177,0.734,0.073,3,less250
14667,2019,21,7183.321917808219,8.879517217694293,0,NoWC,0,NoSA,manufacturing,4,good,146,0.685,0.151,3,less250
14667,2020,22,2841.9470198675494,7.952244666635131,0,NoWC,0,NoSA,manufacturing,4,good,151,0.616,0.132,3,less250
14667,2021,23,4945.695035460993,8.506272787357288,0,NoWC,0,NoSA,manufacturing,5,very good,141,0.539,0.113,3,less250
14678,2013,15,2436.6911764705883,7.798396322768185,0,NoWC,0,NoSA,wholesretail,3,satisfactory,68,0.221,0.824,2,less100
14678,2014,16,2354.222222222222,7.7639656853281975,0,NoWC,1,SA,wholesretail,3,satisfactory,72,0.208,0.819,2,less100
14678,2015,17,2660.75,7.8863633169211536,0,NoWC,0,NoSA,wholesretail,3,satisfactory,68,0.235,0.912,2,less100
14678,2016,18,2146.64406779661,7.671661002950937,0,NoWC,0,NoSA,wholesretail,3,satisfactory,59,0.288,0.712,2,less100
14694,1998,0,1736.712765957447,7.459749390424185,0,NoWC,0,NoSA,manufacturing,4,good,235,0.03,0.587,3,less250
14694,1999,1,1960.9725,7.581195802640597,0,NoWC,0,NoSA,manufacturing,4,good,225,0.013,0.613,3,less250
14694,2000,2,2059.022361111111,7.629986567149056,0,NoWC,0,NoSA,manufacturing,4,good,225,0.018,0.613,3,less250
14694,2001,3,2245.1392422566373,7.71652282152989,0,NoWC,0,NoSA,manufacturing,4,good,226,0.013,0.558,3,less250
14696,1998,0,2440.2280016447367,7.799846757218718,0,NoWC,0,NoSA,health,3,satisfactory,76,0.079,0.776,2,less100
14696,1999,1,2551.2644675925926,7.844344384893901,0,NoWC,0,NoSA,health,3,satisfactory,81,0.062,0.79,2,less100
14696,2000,2,2165.5878623188405,7.680447133518427,0,NoWC,0,NoSA,health,4,good,69,0.058,0.797,2,less100
14699,2002,4,2020.0689655172414,7.610886931157617,0,NoWC,0,NoSA,manufacturing,1,unsatisfactory,29,0.621,0.276,1,less50
14699,2003,5,2141.2258064516127,7.66913375077782,0,NoWC,0,NoSA,manufacturing,3,satisfactory,31,0.645,0.194,1,less50
14699,2004,6,1947.40625,7.574253637946921,0,NoWC,0,NoSA,manufacturing,2,sufficient,32,0.688,0.156,1,less50
14699,2005,7,1942.1875,7.571570194139131,0,NoWC,0,NoSA,manufacturing,3,satisfactory,32,0.5,0.188,1,less50
14710,1998,0,1169.6280517578125,7.064441072768958,0,NoWC,0,NoSA,edu,4,good,128,0.008,0.391,3,less250
14710,2000,2,1205.1414331896551,7.094352210978831,0,NoWC,0,NoSA,buservices,3,satisfactory,174,0.006,0.328,3,less250
14710,2001,3,1660.1248891843973,7.414648112969052,0,NoWC,0,NoSA,buservices,2,sufficient,141,0.028,0.348,3,less250
14716,2010,12,818.695652173913,6.707712405722049,0,NoWC,0,NoSA,manufacturing,2,sufficient,23,0.478,0.261,1,less50
14716,2011,13,608.9655172413793,6.411761644171477,0,NoWC,0,NoSA,manufacturing,3,satisfactory,29,0.172,0.379,1,less50
14716,2013,15,947.48,6.853805828554381,0,NoWC,0,NoSA,manufacturing,3,satisfactory,25,0.48,0.4,1,less50
14731,1998,0,778.7106055240794,6.6576394820151465,0,NoWC,0,NoSA,health,4,good,353,0.003,0.768,4,more250
14731,1999,1,933.27675,6.838701780657416,0,NoWC,0,NoSA,health,5,very good,375,0.003,0.84,4,more250
14731,2001,3,913.1804748062016,6.816933533356323,0,NoWC,0,NoSA,health,4,good,387,0.018,0.899,4,more250
14731,2002,4,1131.8810289389069,7.031636155129428,0,NoWC,1,SA,health,4,good,311,0.042,0.704,4,more250
14731,2003,5,1019.25,6.926822341699363,0,NoWC,0,NoSA,health,1,unsatisfactory,288,0.042,0.712,4,more250
14731,2004,6,1526.5524193548388,7.330767151156151,0,NoWC,0,NoSA,health,4,good,248,0.085,0.569,3,less250
14731,2005,7,1149.7946127946127,7.047338607836949,0,NoWC,0,NoSA,health,4,good,297,0.128,0.502,4,more250
14731,2006,8,974.2933753943217,6.881712465059234,0,NoWC,0,NoSA,health,4,good,317,0.139,0.53,4,more250
14745,2017,19,2497.553191489362,7.82306680818955,1,WC,0,NoSA,manufacturing,4,good,47,0.064,0.596,1,less50
14745,2018,20,1929.6326530612246,7.56508492858145,1,WC,0,NoSA,manufacturing,4,good,49,0.306,0.571,1,less50
14745,2019,21,2894.4489795918366,7.970550036689614,1,WC,0,NoSA,manufacturing,4,good,49,0.347,0.571,1,less50
14745,2020,22,2808.8367346938776,7.940525703198592,1,WC,0,NoSA,manufacturing,3,satisfactory,49,0.286,0.49,1,less50
14777,1998,0,2035.6744791666667,7.618582482356732,1,WC,0,NoSA,public,3,satisfactory,30,0.3,0.233,1,less50
14777,1999,1,2512.342354910714,7.828970806084681,1,WC,0,NoSA,public,1,unsatisfactory,28,0.179,0.214,1,less50
14777,2000,2,1589.3678385416667,7.371091630333227,1,WC,0,NoSA,public,2,sufficient,30,0.367,0.133,1,less50
14777,2001,3,2471.731026785714,7.812674004722987,1,WC,0,NoSA,public,2,sufficient,28,0.429,0.143,1,less50
14777,2002,4,2500.6666666666665,7.824312641973723,1,WC,0,NoSA,public,3,satisfactory,24,0.667,0.208,1,less50
14777,2003,5,2868.7391304347825,7.961627884846481,1,WC,0,NoSA,public,3,satisfactory,23,0.652,0.13,1,less50
14777,2004,6,1346.5416666666667,7.2052948561967,1,WC,0,NoSA,public,3,satisfactory,24,0.833,0.208,1,less50
14777,2005,7,1714.1739130434783,7.446686560196773,1,WC,0,NoSA,public,4,good,23,0.739,0.217,1,less50
14777,2006,8,1538.904761904762,7.338826248821222,1,WC,0,NoSA,public,3,satisfactory,21,0.762,0.238,1,less50
14777,2008,10,1187.142857142857,7.079304738794181,1,WC,0,NoSA,public,3,satisfactory,21,0.762,0.19,1,less50
14777,2009,11,1908.2380952380952,7.553935632083511,1,WC,0,NoSA,public,4,good,21,0.571,0.095,1,less50
14777,2012,14,1543.5238095238096,7.341823269494642,1,WC,0,NoSA,public,4,good,21,0.857,0.286,1,less50
14777,2013,15,2386.8,7.7777088356479265,1,WC,0,NoSA,public,4,good,20,0.95,0.25,1,less50
14777,2014,16,1574.75,7.361851808502038,1,WC,0,NoSA,public,4,good,20,0.9,0.25,1,less50
14777,2015,17,1511.55,7.320890893394521,1,WC,0,NoSA,public,4,good,20,0.95,0.2,1,less50
14777,2016,18,1407.409090909091,7.249505768875728,1,WC,0,NoSA,public,5,very good,22,0.955,0.227,1,less50
14778,2019,21,1462.85,7.288141866713764,1,WC,0,NoSA,transcom,4,good,60,0.133,0.95,2,less100
14778,2020,22,3215.7586206896553,8.075818571726328,1,WC,0,NoSA,transcom,4,good,58,0.052,0.931,2,less100
14778,2021,23,1552.566037735849,7.347664349286787,1,WC,0,NoSA,transcom,4,good,53,0.132,0.962,2,less100
14786,2014,16,3315.72,8.106430073606772,1,WC,0,NoSA,transcom,3,satisfactory,25,0.12,0.56,1,less50
14786,2015,17,2916.689655172414,7.978204572425889,1,WC,0,NoSA,transcom,4,good,29,0.103,0.862,1,less50
14786,2016,18,2736.5625,7.914457849716544,1,WC,0,NoSA,transcom,4,good,32,0.094,0.594,1,less50
14786,2017,19,2332.28125,7.754602144829447,1,WC,0,NoSA,transcom,4,good,32,0.094,0.531,1,less50
14786,2019,21,4002.4,8.294649460173995,1,WC,0,NoSA,transcom,4,good,25,0.04,0.52,1,less50
14786,2020,22,3725.72,8.223015400726432,1,WC,0,NoSA,wholesretail,4,good,25,0.04,0.6,1,less50
14786,2021,23,3776.4583333333335,8.236541900549074,1,WC,0,NoSA,wholesretail,4,good,24,0.083,0.625,1,less50
14810,1999,1,1232.639453125,7.116913046067981,1,WC,1,SA,manufacturing,4,good,30,0.233,0.467,1,less50
14810,2000,2,966.6511101973684,6.87383763427769,1,WC,1,SA,manufacturing,3,satisfactory,38,0.053,0.421,1,less50
14810,2001,3,1177.2682926829268,7.0709520274891835,1,WC,1,SA,manufacturing,2,sufficient,41,0.122,0.415,1,less50
14810,2002,4,661.390243902439,6.494344049762213,1,WC,1,SA,manufacturing,2,sufficient,41,0.195,0.366,1,less50
14810,2003,5,876.6818181818181,6.77614411945148,1,WC,1,SA,manufacturing,1,unsatisfactory,44,0.227,0.341,1,less50
14810,2004,6,743.3541666666666,6.6111726022991375,1,WC,1,SA,manufacturing,3,satisfactory,48,0.125,0.292,1,less50
14862,2011,13,1601.7222222222222,7.378834718225612,1,WC,0,NoSA,manufacturing,3,satisfactory,36,0.583,0.667,1,less50
14862,2012,14,1681.8,7.427619927398798,1,WC,0,NoSA,manufacturing,3,satisfactory,40,0.625,0.675,1,less50
14862,2013,15,1332.340909090909,7.1946927561097915,1,WC,0,NoSA,manufacturing,2,sufficient,44,0.568,0.682,1,less50
14862,2014,16,1201.2954545454545,7.091155798940478,1,WC,0,NoSA,manufacturing,3,satisfactory,44,0.568,0.636,1,less50
14862,2015,17,1478.5128205128206,7.298792010552075,1,WC,0,NoSA,manufacturing,3,satisfactory,39,0.641,0.692,1,less50
14862,2016,18,1340.9767441860465,7.20115354098816,1,WC,0,NoSA,manufacturing,2,sufficient,43,0.581,0.698,1,less50
14862,2017,19,640.6888888888889,6.462543986351457,1,WC,0,NoSA,manufacturing,2,sufficient,45,0.533,0.733,1,less50
14883,2015,17,2007.3255813953488,7.604558558557087,0,NoWC,1,SA,manufacturing,3,satisfactory,86,0.384,0.128,2,less100
14883,2016,18,2165.4,7.680360380876798,0,NoWC,0,NoSA,manufacturing,3,satisfactory,95,0.389,0.137,2,less100
14883,2018,20,1991.484126984127,7.596635432207875,0,NoWC,0,NoSA,manufacturing,4,good,126,0.254,0.135,3,less250
14883,2019,21,2938.5210084033615,7.985661675390212,0,NoWC,0,NoSA,manufacturing,4,good,119,0.109,0.151,3,less250
14888,1998,0,810.5578941231344,6.697722768758137,0,NoWC,0,NoSA,edu,3,satisfactory,134,0.336,0.866,3,less250
14888,1999,1,444.4077640503876,6.096742528473319,0,NoWC,0,NoSA,edu,3,satisfactory,129,0.31,0.829,3,less250
14888,2000,2,597.3318014705883,6.392472740361114,0,NoWC,0,NoSA,edu,3,satisfactory,136,0.25,0.816,3,less250
14888,2002,4,437.6842105263158,6.081497669811463,0,NoWC,0,NoSA,edu,4,good,114,0.272,0.807,3,less250
14888,2005,7,439.5483870967742,6.085747806848468,0,NoWC,0,NoSA,edu,4,good,93,0.323,0.828,2,less100
14888,2007,9,614.9777777777778,6.42158613345901,0,NoWC,0,NoSA,edu,4,good,90,0.356,0.867,2,less100
14897,2012,14,2879.4,7.965337218092255,1,WC,0,NoSA,wholesretail,5,very good,30,0.033,0.167,1,less50
14897,2013,15,2177.6857142857143,7.686017992936338,1,WC,0,NoSA,wholesretail,5,very good,35,0.029,0.171,1,less50
14897,2014,16,2413.59375,7.788872098348625,1,WC,0,NoSA,wholesretail,5,very good,32,0.031,0.125,1,less50
14897,2016,18,2638.705882352941,7.878043879876555,1,WC,0,NoSA,wholesretail,5,very good,34,0.118,0.118,1,less50
14914,2003,5,2127.135135135135,7.662531346390897,1,WC,0,NoSA,manufacturing,2,sufficient,37,0.027,0.297,1,less50
14914,2004,6,2002.2571428571428,7.602030394612657,1,WC,0,NoSA,manufacturing,2,sufficient,35,0.029,0.257,1,less50
14914,2005,7,2940.3636363636365,7.986288538522237,1,WC,0,NoSA,manufacturing,2,sufficient,33,0.03,0.273,1,less50
14914,2006,8,2123.6060606060605,7.6608708946355915,1,WC,0,NoSA,manufacturing,5,very good,33,0.121,0.273,1,less50
14914,2007,9,2188.939393939394,7.691172410497002,1,WC,0,NoSA,manufacturing,3,satisfactory,33,0.364,0.242,1,less50
14914,2008,10,1516.125,7.323913016629045,1,WC,0,NoSA,manufacturing,3,satisfactory,32,0.219,0.25,1,less50
14915,2015,17,2913.4347826086955,7.977088001780916,1,WC,0,NoSA,wholesretail,2,sufficient,23,0.087,0.783,1,less50
14915,2016,18,902.0384615384615,6.8046571594400955,1,WC,0,NoSA,wholesretail,3,satisfactory,26,0.038,0.692,1,less50
14915,2018,20,1147.7142857142858,7.045527665863914,1,WC,0,NoSA,wholesretail,3,satisfactory,21,0.048,0.619,1,less50
14950,2013,15,1240.1162790697674,7.122960427645989,0,NoWC,0,NoSA,manufacturing,3,satisfactory,86,0.233,0.535,2,less100
14950,2014,16,1488.139534883721,7.305281984439944,0,NoWC,0,NoSA,manufacturing,4,good,86,0.198,0.535,2,less100
14950,2015,17,1225.8620689655172,7.111399605244913,0,NoWC,0,NoSA,manufacturing,3,satisfactory,87,0.345,0.575,2,less100
14950,2017,19,1300.6097560975609,7.170588476635244,0,NoWC,0,NoSA,manufacturing,4,good,82,0.305,0.427,2,less100
14950,2018,20,1560.7317073170732,7.352910033429199,0,NoWC,1,SA,manufacturing,2,sufficient,82,0.28,0.439,2,less100
14950,2019,21,1860.1744186046512,7.528425535754153,0,NoWC,1,SA,manufacturing,3,satisfactory,86,0.36,0.453,2,less100
14950,2020,22,1523.5714285714287,7.328812481850138,0,NoWC,1,SA,manufacturing,4,good,91,0.176,0.681,2,less100
14950,2021,23,1583.9108910891089,7.367652315166402,0,NoWC,1,SA,manufacturing,1,unsatisfactory,101,0.267,0.723,3,less250
14955,2001,3,1940.478485576923,7.570689863696184,0,NoWC,0,NoSA,buservices,1,unsatisfactory,130,0.008,0.085,3,less250
14955,2002,4,1659.8226600985222,7.414466044377773,0,NoWC,0,NoSA,buservices,2,sufficient,203,0.054,0.133,3,less250
14955,2003,5,1909.2123287671234,7.554446042667524,0,NoWC,0,NoSA,buservices,3,satisfactory,146,0.158,0.014,3,less250
14975,2001,3,3369.253662109375,8.122446533569914,1,WC,0,NoSA,transcom,4,good,64,0.234,0.141,2,less100
14975,2002,4,3566.651515151515,8.179382483684504,1,WC,0,NoSA,transcom,4,good,66,0.197,0.167,2,less100
14975,2003,5,3765.7741935483873,8.233708748191747,1,WC,0,NoSA,transcom,1,unsatisfactory,62,0.242,0.194,2,less100
14995,2012,14,1785.409090909091,7.487402850537547,1,WC,0,NoSA,construction,4,good,22,0.5,0.136,1,less50
14995,2013,15,2523.409090909091,7.83336608013005,1,WC,0,NoSA,construction,4,good,22,0.727,0.182,1,less50
14995,2014,16,2094.875,7.647249164705038,1,WC,0,NoSA,construction,4,good,24,0.917,0.208,1,less50
14995,2015,17,2255.6296296296296,7.721184427876911,1,WC,0,NoSA,construction,4,good,27,0.296,0.148,1,less50
14995,2019,21,1990.15625,7.595968432224133,1,WC,0,NoSA,construction,4,good,32,0.75,0.219,1,less50
14995,2020,22,2079.4848484848485,7.639875473022664,1,WC,0,NoSA,construction,4,good,33,0.606,0.212,1,less50
14995,2021,23,1995.6764705882354,7.598738354849937,1,WC,0,NoSA,construction,3,satisfactory,34,0.412,0.206,1,less50
14998,2012,14,2512.8076923076924,7.829156009469231,1,WC,0,NoSA,public,3,satisfactory,52,0.212,0.904,2,less100
14998,2013,15,2528.8867924528304,7.835534481908778,1,WC,0,NoSA,public,2,sufficient,53,0.226,0.868,2,less100
14998,2014,16,2607.418181818182,7.866115808364672,1,WC,0,NoSA,public,3,satisfactory,55,0.236,0.855,2,less100
14998,2015,17,2514.6833333333334,7.8299021634068895,1,WC,0,NoSA,public,1,unsatisfactory,60,0.167,0.883,2,less100
15133,2018,20,836.765625,6.72954401335599,1,WC,1,SA,manufacturing,4,good,64,0.109,0.203,2,less100
15133,2020,22,930.3913043478261,6.835605255016998,1,WC,1,SA,manufacturing,2,sufficient,69,0.101,0.304,2,less100
15133,2021,23,850.4927536231884,6.745815891662275,1,WC,1,SA,manufacturing,3,satisfactory,69,0.087,0.261,2,less100
15148,2010,12,2090.4583333333335,7.645138619162125,1,WC,0,NoSA,buservices,3,satisfactory,48,0.771,0.167,1,less50
15148,2011,13,1638.24,7.401377773826507,1,WC,0,NoSA,buservices,3,satisfactory,50,0.48,0.14,1,less50
15148,2012,14,1545.5094339622642,7.343108865702531,1,WC,0,NoSA,buservices,3,satisfactory,53,0.509,0.132,2,less100
15156,2018,20,1966.4814814814815,7.584001174833617,0,NoWC,0,NoSA,transcom,4,good,243,0.008,0.502,3,less250
15156,2019,21,2002.9850299401198,7.602393861818678,0,NoWC,0,NoSA,transcom,3,satisfactory,334,0.066,0.455,4,more250
15156,2021,23,3424,8.138564737261632,0,NoWC,0,NoSA,wholesretail,1,unsatisfactory,254,0.098,0.315,4,more250
15158,2003,5,1545,7.3427791893318455,1,WC,0,NoSA,manufacturing,3,satisfactory,43,0.023,0.163,1,less50
15158,2004,6,1469.0232558139535,7.2923530070995914,1,WC,0,NoSA,manufacturing,2,sufficient,43,0.047,0.163,1,less50
15158,2005,7,1118.1333333333334,7.019415907188443,1,WC,0,NoSA,manufacturing,3,satisfactory,45,0.044,0.156,1,less50
15158,2006,8,1151.659574468085,7.048959289310431,1,WC,0,NoSA,manufacturing,4,good,47,0.085,0.234,1,less50
15158,2007,9,866.7291666666666,6.76472654812589,1,WC,0,NoSA,manufacturing,5,very good,48,0.042,0.25,1,less50
15158,2008,10,960.9607843137255,6.867933600971919,1,WC,0,NoSA,manufacturing,3,satisfactory,51,0.098,0.235,2,less100
15158,2009,11,1132.66,7.032324127731261,0,NoWC,0,NoSA,manufacturing,3,satisfactory,50,0.22,0.26,1,less50
15158,2010,12,1159.1020408163265,7.055400881583622,0,NoWC,0,NoSA,manufacturing,1,unsatisfactory,49,0.184,0.245,1,less50
15158,2011,13,1360.7708333333333,7.215806607381444,0,NoWC,0,NoSA,manufacturing,3,satisfactory,48,0.104,0.25,1,less50
15158,2012,14,1116.3125,7.017786121664702,0,NoWC,0,NoSA,manufacturing,2,sufficient,48,0.25,0.271,1,less50
15158,2013,15,1288.4893617021276,7.1612257737154,0,NoWC,0,NoSA,manufacturing,4,good,47,0.404,0.298,1,less50
15158,2014,16,1446.4791666666667,7.276887721731529,0,NoWC,0,NoSA,manufacturing,4,good,48,0.25,0.292,1,less50
15158,2015,17,1868.2857142857142,7.5327765590659075,0,NoWC,1,SA,manufacturing,4,good,49,0.184,0.286,1,less50
15158,2016,18,1421.795918367347,7.259676082741049,0,NoWC,0,NoSA,manufacturing,3,satisfactory,49,0.245,0.265,1,less50
15158,2017,19,1565.8297872340424,7.3561711779447005,0,NoWC,0,NoSA,manufacturing,5,very good,47,0.191,0.298,1,less50
15158,2018,20,1479.0588235294117,7.299161234421187,0,NoWC,0,NoSA,manufacturing,4,good,51,0.216,0.275,2,less100
15158,2020,22,1774.6938775510205,7.481383223684465,0,NoWC,0,NoSA,manufacturing,4,good,49,0.306,0.265,1,less50
15158,2021,23,2798.0408163265306,7.936674742798274,0,NoWC,0,NoSA,manufacturing,4,good,49,0.245,0.286,1,less50
15178,2018,20,1558.9866310160428,7.3517912936624725,0,NoWC,0,NoSA,wholesretail,1,unsatisfactory,374,0.286,0.618,4,more250
15178,2019,21,1950.8461538461538,7.576018482488854,0,NoWC,0,NoSA,wholesretail,1,unsatisfactory,403,0.253,0.543,4,more250
15178,2020,22,1992.6299019607843,7.597210604002618,0,NoWC,0,NoSA,construction,1,unsatisfactory,408,0.24,0.647,4,more250
15178,2021,23,1966.0348432055748,7.583774023442014,0,NoWC,0,NoSA,construction,1,unsatisfactory,574,0.159,0.554,4,more250
15184,2009,11,1487.0689655172414,7.304562324347187,0,NoWC,0,NoSA,manufacturing,5,very good,232,0.397,0.496,3,less250
15184,2010,12,991.3587786259542,6.899076505769003,0,NoWC,0,NoSA,manufacturing,3,satisfactory,262,0.76,0.477,4,more250
15184,2011,13,1059.3406593406594,6.965401974081787,0,NoWC,0,NoSA,manufacturing,4,good,273,0.758,0.498,4,more250
15184,2012,14,1261.8320610687024,7.140319960607964,0,NoWC,0,NoSA,manufacturing,5,very good,262,0.821,0.473,4,more250
15200,2000,2,2520.335597826087,7.832147345379144,1,WC,0,NoSA,manufacturing,3,satisfactory,23,0.087,0.13,1,less50
15200,2001,3,2652.3034446022725,7.883183765801746,1,WC,0,NoSA,manufacturing,4,good,22,0.273,0.136,1,less50
15200,2002,4,2779.7,7.930098287192519,1,WC,0,NoSA,manufacturing,3,satisfactory,20,0.3,0.1,1,less50
15277,2005,7,694.8888888888889,6.5437519606815675,1,WC,0,NoSA,mining,3,satisfactory,27,0.111,0.111,1,less50
15277,2006,8,817.0645161290323,6.705718058852463,1,WC,0,NoSA,mining,3,satisfactory,31,0.129,0.097,1,less50
15277,2007,9,541.2307692307693,6.2938457483959125,1,WC,0,NoSA,mining,3,satisfactory,26,0.192,0.115,1,less50
15309,2017,19,4787.267857142857,8.473715142943616,1,WC,0,NoSA,manufacturing,4,good,56,0.589,0.179,2,less100
15309,2018,20,3157.2950819672133,8.05747095329589,1,WC,0,NoSA,manufacturing,4,good,61,0.475,0.18,2,less100
15309,2020,22,3714.3934426229507,8.219970671310806,1,WC,0,NoSA,manufacturing,4,good,61,0.623,0.197,2,less100
15316,2010,12,2985.4712643678163,8.001512890875516,0,NoWC,0,NoSA,buservices,4,good,87,0.046,0.437,2,less100
15316,2011,13,2981.443298969072,8.000162790763364,0,NoWC,0,NoSA,buservices,4,good,97,0.165,0.299,2,less100
15316,2013,15,4383.561643835616,8.385616833627518,0,NoWC,0,NoSA,buservices,2,sufficient,73,0.315,0.438,2,less100
15316,2014,16,4388.888888888889,8.386831373552994,0,NoWC,0,NoSA,buservices,2,sufficient,72,0.347,0.542,2,less100
15316,2015,17,6537.263888888889,8.785273991298615,0,NoWC,0,NoSA,buservices,4,good,72,0.014,0.444,2,less100
15316,2016,18,5332.011235955056,8.58148378856477,0,NoWC,1,SA,buservices,4,good,89,0.438,0.562,2,less100
15316,2017,19,5204.208791208791,8.557222960120562,0,NoWC,1,SA,buservices,4,good,91,0.396,0.505,2,less100
15316,2018,20,5134.510416666667,8.54373977539599,0,NoWC,1,SA,buservices,3,satisfactory,96,0.615,0.375,2,less100
15316,2019,21,5502.755319148936,8.613004212896417,0,NoWC,1,SA,buservices,4,good,94,0.245,0.521,2,less100
15316,2020,22,4654.597826086957,8.445610789864299,0,NoWC,0,NoSA,buservices,3,satisfactory,92,0.674,0.38,2,less100
15316,2021,23,4214.910891089109,8.346383729308357,0,NoWC,0,NoSA,buservices,1,unsatisfactory,101,0.535,0.376,3,less250
15329,2018,20,4909.456140350877,8.49891844894094,1,WC,0,NoSA,buservices,3,satisfactory,57,0.158,0.702,2,less100
15329,2019,21,4594.71875,8.43266282508191,1,WC,0,NoSA,buservices,2,sufficient,64,0.188,0.703,2,less100
15329,2020,22,2666.3733333333334,7.88847452594342,1,WC,0,NoSA,buservices,4,good,75,0.16,0.693,2,less100
15329,2021,23,2682.602409638554,7.894542650715016,1,WC,0,NoSA,buservices,3,satisfactory,83,0.169,0.675,2,less100
15350,2014,16,1858.325,7.527430823345223,1,WC,0,NoSA,construction,4,good,80,0.588,0.112,2,less100
15350,2015,17,2019.9125,7.610809472625366,1,WC,0,NoSA,construction,4,good,80,0.613,0.1,2,less100
15350,2017,19,2026.9512195121952,7.614288080800903,0,NoWC,0,NoSA,construction,4,good,82,0.72,0.085,2,less100
15350,2018,20,2165.9753086419755,7.680626027977021,0,NoWC,0,NoSA,construction,2,sufficient,81,0.765,0.074,2,less100
15350,2020,22,2007.3695652173913,7.6045804699702515,0,NoWC,0,NoSA,wholesretail,3,satisfactory,92,0.989,0.098,2,less100
15350,2021,23,2147.4186046511627,7.672021750765785,0,NoWC,0,NoSA,wholesretail,2,sufficient,86,0.326,0.081,2,less100
15438,2014,16,2105.4375,7.652278563000867,1,WC,0,NoSA,health,3,satisfactory,32,0.031,0.438,1,less50
15438,2016,18,1802.4571428571428,7.496906092375547,1,WC,0,NoSA,health,4,good,35,0.029,0.4,1,less50
15438,2017,19,1747.5428571428572,7.465965998638628,1,WC,0,NoSA,health,3,satisfactory,35,0.029,0.457,1,less50
15438,2018,20,1716.3243243243244,7.447940262378622,1,WC,0,NoSA,health,3,satisfactory,37,0.027,0.676,1,less50
15438,2019,21,2093.2432432432433,7.64646993320079,1,WC,0,NoSA,health,1,unsatisfactory,37,0.027,0.459,1,less50
15442,2012,14,2126.196850393701,7.662090146522254,0,NoWC,0,NoSA,manufacturing,4,good,127,0.173,0.882,3,less250
15442,2013,15,2010.836879432624,7.60630627232689,0,NoWC,0,NoSA,manufacturing,4,good,141,0.156,0.879,3,less250
15442,2014,16,2042.758865248227,7.6220565581150135,0,NoWC,0,NoSA,manufacturing,4,good,141,0.163,0.844,3,less250
15442,2016,18,2436.3308270676694,7.798248427107827,0,NoWC,0,NoSA,manufacturing,4,good,133,0.165,0.812,3,less250
15442,2017,19,2051.676470588235,7.62641252845482,0,NoWC,0,NoSA,manufacturing,4,good,136,0.294,0.824,3,less250
15442,2018,20,2355.634328358209,7.764565324048882,0,NoWC,0,NoSA,manufacturing,3,satisfactory,134,0.284,0.776,3,less250
15442,2019,21,2551.433070866142,7.84441046887099,0,NoWC,0,NoSA,manufacturing,4,good,127,0.346,0.819,3,less250
15442,2020,22,3077.230769230769,8.03178537063487,0,NoWC,0,NoSA,manufacturing,5,very good,117,0.444,0.863,3,less250
15442,2021,23,2739.4,7.9154941973007205,1,WC,0,NoSA,manufacturing,5,very good,115,0.652,0.835,3,less250
15476,2000,2,854.982315340909,6.751080784911045,0,NoWC,0,NoSA,transcom,5,very good,55,0.091,0.164,2,less100
15476,2001,3,905.116591631356,6.808063765933871,0,NoWC,0,NoSA,transcom,2,sufficient,59,0.085,0.153,2,less100
15476,2002,4,1374.4883720930231,7.225836847833629,0,NoWC,0,NoSA,transcom,4,good,43,0.558,0.14,1,less50
15484,2008,10,963.0869565217391,6.870143705251912,1,WC,0,NoSA,construction,3,satisfactory,23,0.261,0.522,1,less50
15484,2010,12,1473.2173913043478,7.2952039896222916,1,WC,0,NoSA,manufacturing,1,unsatisfactory,23,0.348,0.609,1,less50
15484,2012,14,1394.1153846153845,7.240015360215965,1,WC,0,NoSA,manufacturing,3,satisfactory,26,0.346,0.654,1,less50
15484,2013,15,1703.8846153846155,7.440665991120402,1,WC,0,NoSA,manufacturing,2,sufficient,26,0.346,0.577,1,less50
15484,2014,16,2013.7037037037037,7.607730944135637,1,WC,0,NoSA,manufacturing,1,unsatisfactory,27,0.333,0.556,1,less50
15484,2015,17,2049.6428571428573,7.625420840927204,1,WC,0,NoSA,manufacturing,2,sufficient,28,0.321,0.536,1,less50
15484,2016,18,1708.5757575757575,7.443415412144286,1,WC,0,NoSA,manufacturing,3,satisfactory,33,0.242,0.545,1,less50
15484,2018,20,2599.1,7.8629205102383475,1,WC,0,NoSA,manufacturing,4,good,30,0.267,0.733,1,less50
15484,2019,21,3303.6296296296296,8.102777030787742,1,WC,0,NoSA,manufacturing,3,satisfactory,27,0.259,0.63,1,less50
15484,2020,22,3866.28,8.260048083426012,1,WC,0,NoSA,manufacturing,2,sufficient,25,0.4,0.6,1,less50
15484,2021,23,4148.2,8.330429784194779,1,WC,0,NoSA,manufacturing,5,very good,25,0.24,0.64,1,less50
15525,2006,8,696.5238095238095,6.546101977163666,0,NoWC,0,NoSA,buservices,3,satisfactory,21,0.19,0.524,1,less50
15525,2010,12,506.0740740740741,6.226683050024022,0,NoWC,0,NoSA,edu,1,unsatisfactory,27,0.259,0.593,1,less50
15525,2011,13,490.42857142857144,6.195279644402379,0,NoWC,0,NoSA,edu,3,satisfactory,28,0.286,0.571,1,less50
15525,2013,15,464.55172413793105,6.1410729064956335,0,NoWC,0,NoSA,edu,4,good,29,0.103,0.586,1,less50
15525,2014,16,355.0344827586207,5.872214919289489,0,NoWC,0,NoSA,edu,3,satisfactory,29,0.241,0.621,1,less50
15525,2015,17,497.7241379310345,6.2100459836457444,0,NoWC,0,NoSA,edu,3,satisfactory,29,0.103,0.586,1,less50
15525,2016,18,481.1470588235294,6.17617295897801,0,NoWC,0,NoSA,edu,3,satisfactory,34,0.176,0.618,1,less50
15525,2017,19,577.3714285714286,6.358485783100859,0,NoWC,0,NoSA,edu,3,satisfactory,35,0.086,0.514,1,less50
15525,2018,20,801.7142857142857,6.686752292167038,0,NoWC,0,NoSA,edu,4,good,35,0.086,0.571,1,less50
15530,2017,19,12413.464788732394,9.42653703252174,1,WC,0,NoSA,buservices,4,good,71,0.042,0.915,2,less100
15530,2018,20,12135.958333333334,9.403928087711114,1,WC,0,NoSA,buservices,4,good,72,0.014,0.931,2,less100
15530,2019,21,14683.433333333332,9.594475153115704,1,WC,0,NoSA,buservices,4,good,60,0.05,0.8,2,less100
15549,2012,14,1056.2300319488818,6.962461273828907,0,NoWC,0,NoSA,health,3,satisfactory,313,0.099,0.933,4,more250
15549,2013,15,871.9346049046321,6.770714426721339,0,NoWC,0,NoSA,health,3,satisfactory,367,0.098,0.899,4,more250
15549,2014,16,849.4623655913979,6.744603638295903,0,NoWC,0,NoSA,health,3,satisfactory,372,0.161,0.782,4,more250
15559,2019,21,2179.021978021978,7.686631421181949,0,NoWC,1,SA,health,5,very good,182,0.159,0.67,3,less250
15559,2020,22,1944.0143540669856,7.572510368772438,0,NoWC,1,SA,buservices,4,good,209,0.182,0.632,3,less250
15559,2021,23,1980.8957345971564,7.591304412601214,0,NoWC,1,SA,buservices,4,good,211,0.18,0.645,3,less250
15562,2015,17,1861.0851063829787,7.528914987129632,0,NoWC,0,NoSA,health,5,very good,94,0.277,0.404,2,less100
15562,2016,18,1443.5760869565217,7.274878707763412,0,NoWC,0,NoSA,health,5,very good,92,0.315,0.413,2,less100
15562,2017,19,1849.5869565217392,7.5227176263996345,0,NoWC,0,NoSA,health,4,good,92,0.315,0.391,2,less100
15562,2018,20,2851.6451612903224,7.9556513562938,0,NoWC,0,NoSA,health,4,good,93,0.312,0.344,2,less100
15581,2014,16,1939.6129032258063,7.570243697728046,1,WC,0,NoSA,buservices,3,satisfactory,31,0.129,0.677,1,less50
15581,2016,18,3006.4333333333334,8.008509716055602,1,WC,0,NoSA,buservices,3,satisfactory,30,0.133,0.767,1,less50
15581,2017,19,3131.6875,8.049327275632049,1,WC,0,NoSA,buservices,3,satisfactory,32,0.125,0.688,1,less50
15581,2018,20,3131.6875,8.049327275632049,1,WC,0,NoSA,buservices,3,satisfactory,32,0.094,0.844,1,less50
15581,2020,22,3131.6875,8.049327275632049,1,WC,0,NoSA,finance,4,good,32,0.094,0.844,1,less50
15581,2021,23,3711.6296296296296,8.2192263124274465,1,WC,0,NoSA,finance,4,good,27,0.148,0.778,1,less50
15584,2017,19,2118.2,7.658321950409569,0,NoWC,0,NoSA,buservices,3,satisfactory,110,0.127,0.518,3,less250
15584,2018,20,2687.3660714285716,7.8963168373071255,0,NoWC,0,NoSA,buservices,4,good,112,0.161,0.571,3,less250
15584,2019,21,3650.201923076923,8.202537766437302,0,NoWC,0,NoSA,buservices,3,satisfactory,104,0.144,0.577,3,less250
15593,2014,16,4254.619047619048,8.355760506475065,1,WC,0,NoSA,health,4,good,21,0.762,0.429,1,less50
15593,2015,17,3416.2083333333335,8.136286540558556,1,WC,0,NoSA,health,4,good,24,0.875,0.458,1,less50
15593,2017,19,5080.533333333334,8.533171521938431,1,WC,0,NoSA,health,3,satisfactory,30,0.767,0.367,1,less50
15593,2020,22,1593.6774193548388,7.373799467072759,1,WC,0,NoSA,buservices,4,good,31,0.935,0.839,1,less50
15612,2014,16,1379.9126637554584,7.229775489014809,1,WC,1,SA,manufacturing,4,good,229,0.175,0.467,3,less250
15612,2016,18,2994.406015037594,8.004501165350423,1,WC,1,SA,manufacturing,4,good,266,0.158,0.511,4,more250
15612,2017,19,2144.159362549801,7.67050284897587,1,WC,1,SA,manufacturing,4,good,251,0.211,0.614,4,more250
15616,2007,9,1307.1851851851852,7.175631390798849,0,NoWC,0,NoSA,manufacturing,2,sufficient,81,0.012,0.481,2,less100
15616,2008,10,1304.158536585366,7.173313312232714,0,NoWC,0,NoSA,manufacturing,3,satisfactory,82,0.024,0.476,2,less100
15616,2009,11,1521.2988505747126,7.327319755914148,0,NoWC,0,NoSA,manufacturing,2,sufficient,87,0.023,0.448,2,less100
15620,2016,18,45.628571428571426,3.8205340867255986,1,WC,0,NoSA,transcom,4,good,35,0.143,0.686,1,less50
15620,2017,19,83.1875,4.42109709615533,1,WC,0,NoSA,transcom,5,very good,32,0.219,0.688,1,less50
15620,2018,20,95.07142857142857,4.554628488779853,1,WC,0,NoSA,transcom,5,very good,28,0.286,0.75,1,less50
15677,2001,3,1702.14453125,7.43964422400621,1,WC,0,NoSA,health,2,sufficient,38,0.105,0.026,1,less50
15677,2003,5,1241,7.123672785204607,1,WC,0,NoSA,health,2,sufficient,37,0.135,0.081,1,less50
15677,2005,7,2677.3809523809523,7.892594339104093,1,WC,0,NoSA,health,3,satisfactory,21,0.762,0.048,1,less50
15690,2013,15,1747.1724137931035,7.465753996617049,1,WC,0,NoSA,manufacturing,4,good,29,0.207,0.172,1,less50
15690,2014,16,1055.6,6.961864604629169,1,WC,0,NoSA,manufacturing,5,very good,30,0.433,0.167,1,less50
15690,2015,17,1560,7.352441100243583,1,WC,0,NoSA,manufacturing,5,very good,29,0.207,0.172,1,less50
15690,2016,18,1498.5625,7.312261594261989,1,WC,0,NoSA,manufacturing,5,very good,32,0.438,0.188,1,less50
15690,2017,19,2412.8,7.788543177813637,1,WC,0,NoSA,manufacturing,4,good,30,0.167,0.267,1,less50
15690,2018,20,1751.225806451613,7.468071282538865,1,WC,0,NoSA,manufacturing,5,very good,31,0.194,0.194,1,less50
15690,2019,21,1872,7.534762657037537,1,WC,0,NoSA,manufacturing,5,very good,29,0.345,0.276,1,less50
15690,2020,22,2746.714285714286,7.918160671117024,1,WC,0,NoSA,manufacturing,5,very good,28,0.464,0.214,1,less50
15690,2021,23,1938.857142857143,7.569853976848807,1,WC,0,NoSA,manufacturing,4,good,28,0.5,0.286,1,less50
15717,2014,16,4000,8.294049640102028,1,WC,0,NoSA,edu,4,good,79,0.278,0.608,2,less100
15717,2015,17,4481.08,8.407619367784555,1,WC,0,NoSA,edu,4,good,75,0.173,0.64,2,less100
15717,2016,18,3348.2432432432433,8.116191082268703,1,WC,0,NoSA,edu,4,good,74,0.257,0.743,2,less100
15784,2010,12,1568.5,7.357875027630733,1,WC,1,SA,buservices,1,unsatisfactory,28,0.107,0.929,1,less50
15784,2011,13,1341.95,7.201879059013394,1,WC,1,SA,buservices,3,satisfactory,40,0.075,0.975,1,less50
15784,2012,14,1426.4102564102564,7.262916256939692,1,WC,1,SA,buservices,1,unsatisfactory,39,0.077,0.949,1,less50
15784,2013,15,1351.3333333333333,7.208847038343835,1,WC,1,SA,buservices,2,sufficient,39,0.077,0.974,1,less50
15809,1998,0,1848.8314144736842,7.522309050634117,0,NoWC,0,NoSA,construction,1,unsatisfactory,76,0.053,0.105,2,less100
15809,1999,1,1873.564375,7.535597978465414,0,NoWC,0,NoSA,construction,1,unsatisfactory,75,0.093,0.08,2,less100
15809,2000,2,1784.093950320513,7.486665974489035,0,NoWC,0,NoSA,construction,2,sufficient,78,0.103,0.077,2,less100
15811,2006,8,608.329268292683,6.4107162950675525,1,WC,0,NoSA,health,2,sufficient,82,0.085,0.183,2,less100
15811,2007,9,530.3181818181819,6.273477169465541,1,WC,0,NoSA,health,2,sufficient,88,0.057,0.159,2,less100
15811,2008,10,521.8333333333334,6.2573482520983505,1,WC,0,NoSA,health,3,satisfactory,96,0.031,0.177,2,less100
15811,2009,11,608.3541666666666,6.410757223337424,1,WC,0,NoSA,health,2,sufficient,96,0.021,0.156,2,less100
15811,2011,13,561.739837398374,6.331038819933168,1,WC,0,NoSA,health,1,unsatisfactory,123,0.024,0.195,3,less250
15812,1998,0,2882.488392857143,7.966409225372624,1,WC,0,NoSA,wholesretail,3,satisfactory,35,0.171,0.057,1,less50
15812,2000,2,2897.504523026316,7.9716051362226334,1,WC,0,NoSA,wholesretail,4,good,38,0.079,0.053,1,less50
15812,2001,3,2897.125892857143,7.97147445310998,1,WC,0,NoSA,wholesretail,4,good,35,0.114,0.114,1,less50
15814,2006,8,2176.991150442478,7.685698996202159,0,NoWC,0,NoSA,health,2,sufficient,226,0.018,0.305,3,less250
15814,2007,9,2037,7.619233416226805,0,NoWC,0,NoSA,health,2,sufficient,199,0.07,0.407,3,less250
15814,2009,11,3254.7169811320755,8.08786060190143,0,NoWC,0,NoSA,health,1,unsatisfactory,106,0.151,0.274,3,less250
15850,2011,13,8339.32,9.02873695725647,1,WC,0,NoSA,health,3,satisfactory,25,0.24,0.2,1,less50
15850,2012,14,6296.851851851852,8.747805081429682,1,WC,0,NoSA,health,4,good,27,0.037,0.296,1,less50
15850,2013,15,5829.766666666666,8.67073225567339,1,WC,0,NoSA,health,3,satisfactory,30,0.2,0.267,1,less50
15850,2015,17,2797.3928571428573,7.936443139950529,0,NoWC,0,NoSA,health,3,satisfactory,28,0.393,0.25,1,less50
15850,2016,18,2961.9285714285716,7.993595879556747,0,NoWC,0,NoSA,health,3,satisfactory,28,0.179,0.286,1,less50
15850,2017,19,4778.111111111111,8.471800582347706,0,NoWC,0,NoSA,health,1,unsatisfactory,27,0.037,0.296,1,less50
15850,2018,20,5100.115384615385,8.537018442890878,0,NoWC,0,NoSA,health,3,satisfactory,26,0.808,0.269,1,less50
15850,2019,21,5786.96,8.663362389505714,1,WC,0,NoSA,health,3,satisfactory,25,0.16,0.32,1,less50
15850,2020,22,5889.521739130435,8.680930074559432,1,WC,0,NoSA,buservices,4,good,23,0.087,0.348,1,less50
15864,2003,5,1748.1186440677966,7.466295428092795,0,NoWC,0,NoSA,public,3,satisfactory,236,0.297,0.487,3,less250
15864,2014,16,1456.221198156682,7.283600139028589,0,NoWC,0,NoSA,public,4,good,217,0.571,0.604,3,less250
15864,2015,17,2850.4736842105262,7.955240464438328,0,NoWC,0,NoSA,public,4,good,209,0.612,0.608,3,less250
15864,2016,18,2454.768907563025,7.805787904459098,0,NoWC,0,NoSA,public,4,good,238,0.555,0.513,3,less250
15864,2017,19,2921.2216981132074,7.979757197526532,0,NoWC,0,NoSA,public,4,good,212,0.604,0.585,3,less250
15864,2018,20,2942.5414847161574,7.9870289374942365,0,NoWC,0,NoSA,public,4,good,229,0.576,0.515,3,less250
15864,2019,21,2795.0871369294605,7.935618561106623,0,NoWC,0,NoSA,public,4,good,241,0.564,0.456,3,less250
15864,2020,22,2879.9186046511627,7.965517310456704,0,NoWC,0,NoSA,public,4,good,258,0.504,0.442,4,more250
15876,2011,13,2807.766990291262,7.940144781037111,0,NoWC,0,NoSA,wholesretail,3,satisfactory,103,0.039,0.282,3,less250
15876,2012,14,2687.8048780487807,7.896480108996643,0,NoWC,0,NoSA,wholesretail,4,good,123,0.041,0.285,3,less250
15876,2013,15,2318.840579710145,7.748822589618705,0,NoWC,0,NoSA,wholesretail,3,satisfactory,138,0.065,0.333,3,less250
15876,2014,16,2306.5693430656934,7.743516566740924,0,NoWC,0,NoSA,wholesretail,3,satisfactory,137,0.036,0.285,3,less250
15876,2015,17,3014.1111111111113,8.011060243507313,0,NoWC,0,NoSA,wholesretail,3,satisfactory,126,0.04,0.325,3,less250
15876,2016,18,3580.537037037037,8.18326807848986,0,NoWC,0,NoSA,wholesretail,3,satisfactory,108,0.074,0.333,3,less250
15876,2017,19,3676.377192982456,8.20968308783683,0,NoWC,0,NoSA,wholesretail,3,satisfactory,114,0.096,0.281,3,less250
15876,2018,20,3567.3,8.179564286111644,0,NoWC,0,NoSA,wholesretail,4,good,120,0.1,0.275,3,less250
15885,2007,9,536.1238938053098,6.284365279520036,1,WC,0,NoSA,wholesretail,4,good,113,0.009,0.611,3,less250
15885,2009,11,492.5365853658537,6.199568742859959,1,WC,0,NoSA,wholesretail,3,satisfactory,123,0.033,0.602,3,less250
15885,2010,12,625.4623655913979,6.4384911611766364,1,WC,0,NoSA,wholesretail,3,satisfactory,93,0.054,0.516,2,less100
15885,2011,13,581.7669902912621,6.366070007241554,1,WC,0,NoSA,wholesretail,4,good,103,0.078,0.621,3,less250
15887,2014,16,1106.5348837209303,7.008988685176659,1,WC,0,NoSA,buservices,4,good,43,0.047,0.512,1,less50
15887,2015,17,1148.7441860465117,7.0464246125441505,1,WC,0,NoSA,buservices,4,good,43,0.07,0.512,1,less50
15887,2016,18,1204.2553191489362,7.093616662481216,1,WC,0,NoSA,buservices,5,very good,47,0.106,0.511,1,less50
15887,2017,19,1193.74,7.084846514796502,1,WC,0,NoSA,buservices,4,good,50,0.14,0.56,1,less50
15887,2018,20,1132,7.0317412587631285,1,WC,0,NoSA,buservices,4,good,50,0.1,0.56,1,less50
15887,2020,22,1143.4444444444443,7.041800428499872,1,WC,0,NoSA,health,4,good,54,0.148,0.444,2,less100
15887,2021,23,1178.7818181818182,7.072236826738665,1,WC,0,NoSA,health,3,satisfactory,55,0.182,0.473,2,less100
15898,2017,19,1736.824427480916,7.459813683113331,0,NoWC,0,NoSA,manufacturing,3,satisfactory,131,0.053,0.412,3,less250
15898,2018,20,2648.4222222222224,7.881719353825873,0,NoWC,0,NoSA,manufacturing,2,sufficient,90,0.089,0.533,2,less100
15898,2019,21,3250.3375,8.08651411608599,0,NoWC,0,NoSA,manufacturing,3,satisfactory,80,0.075,0.475,2,less100
15898,2020,22,3675.9821428571427,8.209575625699127,0,NoWC,0,NoSA,manufacturing,4,good,56,0.071,0.125,2,less100
15898,2021,23,4901.309523809524,8.497257698150909,0,NoWC,0,NoSA,manufacturing,2,sufficient,42,0.143,0,1,less50
15901,2010,12,2497.4615384615386,7.823030110388727,1,WC,0,NoSA,manufacturing,3,satisfactory,104,0.077,0.971,3,less250
15901,2012,14,3241.176470588235,8.08369165108479,1,WC,0,NoSA,manufacturing,3,satisfactory,102,0.078,0.961,3,less250
15901,2013,15,2962.962962962963,7.99394504765169,1,WC,0,NoSA,manufacturing,4,good,108,0.028,0.954,3,less250
15901,2014,16,2846.846846846847,7.953967291256715,1,WC,0,NoSA,manufacturing,5,very good,111,0.072,0.946,3,less250
15901,2015,17,6918.807339449541,8.841998683967255,1,WC,0,NoSA,manufacturing,4,good,109,0.165,0.807,3,less250
15901,2016,18,7118.8230088495575,8.87049768299534,1,WC,0,NoSA,manufacturing,4,good,113,0.133,0.814,3,less250
15901,2017,19,7564.568807339449,8.93123062622911,1,WC,0,NoSA,manufacturing,5,very good,109,0.165,0.89,3,less250
15901,2018,20,7720.672727272728,8.951656780060716,1,WC,0,NoSA,manufacturing,5,very good,110,0.327,0.891,3,less250
15901,2019,21,8333.990654205607,9.028097690576155,1,WC,0,NoSA,manufacturing,3,satisfactory,107,0.206,0.888,3,less250
15901,2020,22,6944.953271028037,8.845770526732121,1,WC,0,NoSA,manufacturing,1,unsatisfactory,107,0.467,0.907,3,less250
15924,2011,13,1473,7.29505641646263,1,WC,0,NoSA,wholesretail,4,good,25,0.16,0.16,1,less50
15924,2012,14,1213.08,7.1009178589539665,1,WC,0,NoSA,wholesretail,4,good,25,0.16,0.16,1,less50
15924,2013,15,1128.2083333333333,7.028386107675807,1,WC,0,NoSA,wholesretail,3,satisfactory,24,0.042,0.167,1,less50
15924,2014,16,1046.2608695652175,6.9529780108204164,1,WC,0,NoSA,wholesretail,4,good,23,0.174,0.13,1,less50
15924,2015,17,2000.1904761904761,7.600997693102461,1,WC,0,NoSA,wholesretail,3,satisfactory,21,0.095,0.143,1,less50
15927,2014,16,1670.6052631578948,7.420941272776496,1,WC,0,NoSA,health,4,good,38,0.105,0.684,1,less50
15927,2015,17,2332.0285714285715,7.754493799294374,1,WC,0,NoSA,health,2,sufficient,35,0.114,0.6,1,less50
15927,2016,18,1473.7,7.295531524219217,1,WC,0,NoSA,health,3,satisfactory,40,0.1,0.675,1,less50
15938,2003,5,2117.9859813084113,7.658220907304892,0,NoWC,0,NoSA,manufacturing,4,good,214,0.215,0.037,3,less250
15938,2004,6,2463.054187192118,7.809157398362541,0,NoWC,0,NoSA,manufacturing,4,good,203,0.291,0.054,3,less250
15938,2005,7,2292.3866666666668,7.737348766340072,0,NoWC,0,NoSA,manufacturing,5,very good,225,0.178,0.036,3,less250
15938,2006,8,2111.587982832618,7.6551955419087445,0,NoWC,0,NoSA,manufacturing,4,good,233,0.167,0.043,3,less250
15938,2007,9,1739.755364806867,7.4614997873855975,0,NoWC,0,NoSA,manufacturing,5,very good,233,0.155,0.043,3,less250
15941,2010,12,3175.217391304348,8.063131378685005,1,WC,0,NoSA,wholesretail,1,unsatisfactory,23,0.696,0.957,1,less50
15941,2011,13,3684,8.211754397375197,1,WC,0,NoSA,wholesretail,4,good,24,0.167,0.917,1,less50
15941,2013,15,3841.75,8.253683270935442,1,WC,0,NoSA,wholesretail,4,good,24,0.792,0.917,1,less50
15941,2016,18,4400.047619047619,8.389370642358612,1,WC,0,NoSA,wholesretail,3,satisfactory,21,0.571,0.905,1,less50
15941,2017,19,4293.95,8.364962334216298,1,WC,0,NoSA,wholesretail,4,good,20,0.55,0.85,1,less50
15941,2018,20,4103.7,8.319644284763509,1,WC,0,NoSA,wholesretail,3,satisfactory,20,0.75,0.8,1,less50
15953,2015,17,2520.866666666667,7.832358036724059,1,WC,0,NoSA,manufacturing,3,satisfactory,60,0.1,0.133,2,less100
15953,2016,18,2402.133333333333,7.7841125103971525,1,WC,0,NoSA,manufacturing,3,satisfactory,60,0.1,0.133,2,less100
15953,2017,19,1986.719298245614,7.594239963445879,1,WC,0,NoSA,manufacturing,3,satisfactory,57,0.088,0.193,2,less100
15953,2018,20,2003.967213114754,7.602884101349737,1,WC,0,NoSA,manufacturing,3,satisfactory,61,0.098,0.18,2,less100
15953,2019,21,2105.7727272727275,7.652437770095903,1,WC,0,NoSA,manufacturing,3,satisfactory,66,0.076,0.197,2,less100
15953,2020,22,2029.1304347826087,7.615362623014712,1,WC,0,NoSA,manufacturing,3,satisfactory,69,0.058,0.159,2,less100
15953,2021,23,1818.041095890411,7.505514879482161,1,WC,0,NoSA,manufacturing,2,sufficient,73,0.055,0.192,2,less100
15969,2000,2,4189.74375,8.340394853528087,0,NoWC,0,NoSA,public,4,good,75,0.107,0.12,2,less100
15969,2002,4,3326.213333333333,8.109589798806363,0,NoWC,0,NoSA,public,3,satisfactory,75,0.04,0.133,2,less100
15969,2007,9,2609.5890410958905,7.866948032400502,0,NoWC,0,NoSA,public,3,satisfactory,73,0.027,0.137,2,less100
15969,2008,10,3640.6164383561645,8.19990829748924,0,NoWC,0,NoSA,public,2,sufficient,73,0.027,0.137,2,less100
15972,2003,5,2325.205882352941,7.751563865650652,1,WC,0,NoSA,buservices,1,unsatisfactory,34,0.147,0.382,1,less50
15972,2004,6,3278.3030303030305,8.095081198686715,1,WC,0,NoSA,buservices,1,unsatisfactory,33,0.152,0.364,1,less50
15972,2005,7,2340.529411764706,7.758132427106246,1,WC,0,NoSA,buservices,2,sufficient,34,0.059,0.441,1,less50
15999,1998,0,998.1147693452381,6.905868269043472,1,WC,0,NoSA,manufacturing,3,satisfactory,21,0.048,0.238,1,less50
15999,1999,1,1137.1540625,7.036283983691852,1,WC,0,NoSA,manufacturing,4,good,25,0.04,0.32,1,less50
15999,2000,2,675.2887369791666,6.515140357897604,1,WC,0,NoSA,wholesretail,4,good,24,0.333,0.25,1,less50
15999,2002,4,1075.4166666666667,6.980463462364714,1,WC,0,NoSA,wholesretail,4,good,24,0.458,0.208,1,less50
16015,2013,15,1612.6984126984128,7.385664087734986,1,WC,0,NoSA,manufacturing,4,good,63,0.794,0.683,2,less100
16015,2014,16,1052.4516129032259,6.958877591011102,1,WC,0,NoSA,manufacturing,4,good,62,0.629,0.565,2,less100
16015,2015,17,1785.5555555555557,7.487484881395339,1,WC,0,NoSA,manufacturing,3,satisfactory,63,0.397,0.603,2,less100
16026,2004,6,2269.25,7.727204659406737,0,NoWC,0,NoSA,manufacturing,4,good,24,0.208,0.125,1,less50
16026,2005,7,3228.785714285714,8.079861405683976,0,NoWC,0,NoSA,manufacturing,4,good,28,0.179,0.107,1,less50
16026,2006,8,3131.53125,8.04927738115885,1,WC,0,NoSA,manufacturing,4,good,32,0.188,0.125,1,less50
16026,2007,9,1980.4242424242425,7.591066364587988,0,NoWC,0,NoSA,manufacturing,3,satisfactory,33,0.152,0.03,1,less50
16026,2008,10,1980.4242424242425,7.591066364587988,1,WC,0,NoSA,manufacturing,4,good,33,0.091,0.03,1,less50
16026,2009,11,2283.8709677419356,7.733627075196665,1,WC,0,NoSA,manufacturing,4,good,31,0.097,0.065,1,less50
16026,2010,12,2792.897435897436,7.93483484342968,1,WC,0,NoSA,manufacturing,3,satisfactory,39,0.103,0.154,1,less50
16026,2011,13,2848.769230769231,7.954642331136225,1,WC,0,NoSA,manufacturing,3,satisfactory,39,0.179,0.154,1,less50
16026,2012,14,2837.0697674418607,7.95052702648457,1,WC,0,NoSA,manufacturing,4,good,43,0.023,0.116,1,less50
16026,2013,15,2904.6222222222223,7.9740586168440935,1,WC,0,NoSA,manufacturing,3,satisfactory,45,0.089,0.111,1,less50
16026,2014,16,3001.4444444444443,8.006848933256713,1,WC,0,NoSA,manufacturing,3,satisfactory,45,0.133,0.067,1,less50
16026,2015,17,2841.478260869565,7.952079710125318,1,WC,0,NoSA,manufacturing,4,good,46,0.109,0.087,1,less50
16026,2016,18,1158.7659574468084,7.055110888044624,1,WC,0,NoSA,manufacturing,3,satisfactory,47,0.106,0.085,1,less50
16026,2017,19,1134.625,7.034057478846791,1,WC,0,NoSA,manufacturing,3,satisfactory,48,0.104,0.083,1,less50
16026,2018,20,2293.1052631578946,7.737662188109473,1,WC,0,NoSA,manufacturing,4,good,38,0.184,0.053,1,less50
16026,2019,21,2413.972972972973,7.789029205643257,1,WC,0,NoSA,manufacturing,4,good,37,0.135,0.027,1,less50
16026,2020,22,2753.3333333333335,7.9205675778469145,1,WC,0,NoSA,manufacturing,4,good,36,0.139,0.056,1,less50
16027,2000,2,1094.4266137295083,6.9979858646733994,0,NoWC,0,NoSA,construction,3,satisfactory,244,0.012,0.631,3,less250
16027,2001,3,1252.9990011415525,7.133295157722209,0,NoWC,0,NoSA,construction,2,sufficient,219,0.005,0.676,3,less250
16027,2002,4,1894.9018404907974,7.546922316961601,0,NoWC,0,NoSA,construction,4,good,163,0.025,0.521,3,less250
16032,2005,7,488.48514851485146,6.191309068799291,0,NoWC,0,NoSA,public,2,sufficient,404,0.052,0.428,4,more250
16032,2006,8,303.05282555282554,5.713907132072111,0,NoWC,0,NoSA,public,2,sufficient,814,0.021,0.342,4,more250
16032,2007,9,2277.096153846154,7.730656293475247,0,NoWC,0,NoSA,public,3,satisfactory,104,0.125,0.519,3,less250
16032,2008,10,2868.4302325581393,7.961520201821144,0,NoWC,0,NoSA,public,2,sufficient,86,0.279,0.477,2,less100
16032,2009,11,1839.6864406779662,7.517350423406123,0,NoWC,0,NoSA,public,3,satisfactory,118,0.229,0.364,3,less250
16032,2010,12,1803.7222222222222,7.497607709954099,0,NoWC,0,NoSA,public,4,good,144,0.083,0.375,3,less250
16032,2011,13,1915.23178807947,7.557593932451822,0,NoWC,0,NoSA,public,3,satisfactory,151,0.185,0.497,3,less250
16032,2013,15,7048.142857142857,8.860519436585237,0,NoWC,0,NoSA,public,4,good,42,0.714,0.333,1,less50
16032,2015,17,5382.218181818182,8.590855869636135,0,NoWC,0,NoSA,public,4,good,55,0.727,0.309,2,less100
16032,2018,20,5131.6612903225805,8.543184724010029,0,NoWC,1,SA,public,4,good,62,0.597,0.452,2,less100
16041,1998,0,3098.92578125,8.038810808243134,0,NoWC,1,SA,buservices,3,satisfactory,36,0.806,0.167,1,less50
16041,1999,1,3148.695068359375,8.05474338197574,0,NoWC,1,SA,buservices,4,good,32,0.375,0.188,1,less50
16041,2001,3,1590.8924005681818,7.372050395986775,0,NoWC,0,NoSA,buservices,4,good,33,0.727,0.667,1,less50
16041,2002,4,1618.0833333333333,7.388997600206453,0,NoWC,0,NoSA,buservices,3,satisfactory,36,0.389,0.639,1,less50
16041,2005,7,2596.259259259259,7.861826941581366,0,NoWC,0,NoSA,buservices,3,satisfactory,27,0.778,0.778,1,less50
16042,1998,0,1071.7886363636364,6.9770841546194315,0,NoWC,0,NoSA,wholesretail,4,good,110,0.036,0.7,3,less250
16042,1999,1,1491.940760869565,7.307833075464446,0,NoWC,0,NoSA,wholesretail,4,good,115,0.052,0.574,3,less250
16042,2000,2,1336.926,7.19812822777663,0,NoWC,0,NoSA,wholesretail,5,very good,125,0.264,0.696,3,less250
16042,2001,3,1331.052490234375,7.193725254307495,0,NoWC,0,NoSA,wholesretail,4,good,128,0.047,0.734,3,less250
16062,2001,3,738.8255657327586,6.6050618521291256,1,WC,0,NoSA,finance,4,good,116,0.172,0.526,3,less250
16062,2003,5,1087.3231707317073,6.991474148115746,1,WC,0,NoSA,finance,3,satisfactory,164,0.006,0.598,3,less250
16062,2004,6,10231.52,9.233228430508566,1,WC,0,NoSA,finance,3,satisfactory,25,0.24,0.76,1,less50
16062,2005,7,8976.714285714286,9.102389201881833,1,WC,0,NoSA,finance,2,sufficient,42,0.214,0.762,1,less50
16062,2006,8,11714.285714285714,9.368564377191078,1,WC,0,NoSA,finance,2,sufficient,42,0.119,0.976,1,less50
16072,2014,16,562.9041095890411,6.333109293187763,0,NoWC,0,NoSA,buservices,4,good,73,0.068,0.041,2,less100
16072,2016,18,5211.44578313253,8.558612597811923,0,NoWC,0,NoSA,buservices,3,satisfactory,83,0.072,0.072,2,less100
16072,2017,19,5221.9078947368425,8.560618111174923,0,NoWC,0,NoSA,buservices,4,good,76,0.105,0.053,2,less100
16072,2019,21,5898.409090909091,8.682437947924269,0,NoWC,0,NoSA,buservices,4,good,88,0.114,0.125,2,less100
16072,2020,22,5665.341176470588,8.642122396974422,0,NoWC,0,NoSA,buservices,5,very good,85,0.047,0.071,2,less100
16072,2021,23,7470.026315789473,8.91865380098404,0,NoWC,0,NoSA,buservices,4,good,76,0.105,0.145,2,less100
16080,2003,5,867.8454545454546,6.766013651049273,1,WC,0,NoSA,public,4,good,110,0.027,0.355,3,less250
16080,2004,6,1140.1782178217823,7.038939860592674,1,WC,0,NoSA,public,3,satisfactory,101,0.03,0.396,3,less250
16080,2005,7,1427.6565656565656,7.263789613734209,1,WC,0,NoSA,public,4,good,99,0.04,0.394,2,less100
16080,2006,8,1032.1904761904761,6.9394384989625815,1,WC,0,NoSA,public,4,good,105,0.038,0.343,3,less250
16080,2007,9,1633.9253731343283,7.3987406031005625,1,WC,0,NoSA,public,4,good,134,0.007,0.373,3,less250
16080,2008,10,801.469387755102,6.686446777627262,1,WC,0,NoSA,public,4,good,147,0.007,0.422,3,less250
16083,2015,17,2689.05,7.896943250368957,1,WC,0,NoSA,manufacturing,4,good,20,0.35,0.3,1,less50
16083,2016,18,2119.4761904761904,7.658924257172714,1,WC,0,NoSA,manufacturing,4,good,21,0.429,0.286,1,less50
16083,2017,19,2387.7,7.778085838479913,1,WC,0,NoSA,manufacturing,2,sufficient,20,0.45,0.5,1,less50
16103,2019,21,1198.4,7.088742612762955,0,NoWC,0,NoSA,finance,4,good,20,0.35,0.3,1,less50
16103,2020,22,1385.95,7.234141104063053,1,WC,0,NoSA,buservices,5,very good,20,0.1,0.45,1,less50
16103,2021,23,1505.2727272727273,7.3167293749003806,1,WC,0,NoSA,buservices,4,good,22,0.182,0.273,1,less50
16111,2008,10,1001.5483870967741,6.909302468563596,0,NoWC,0,NoSA,manufacturing,2,sufficient,62,0.097,0.629,2,less100
16111,2009,11,961,6.8679744089702925,0,NoWC,0,NoSA,manufacturing,1,unsatisfactory,70,0.043,0.529,2,less100
16111,2010,12,1199.9130434782608,7.09000436938235,0,NoWC,0,NoSA,manufacturing,1,unsatisfactory,69,0.435,0.594,2,less100
16111,2011,13,1910.6307692307691,7.555188712192137,0,NoWC,0,NoSA,manufacturing,5,very good,65,0.123,0.6,2,less100
16111,2012,14,2249.840579710145,7.718614639226083,0,NoWC,0,NoSA,manufacturing,2,sufficient,69,0.362,0.594,2,less100
16111,2013,15,1559.4794520547946,7.352107359978236,0,NoWC,0,NoSA,manufacturing,1,unsatisfactory,73,0.397,0.562,2,less100
16111,2014,16,1701.2465753424658,7.4391165409393825,0,NoWC,0,NoSA,manufacturing,1,unsatisfactory,73,0.288,0.466,2,less100
16115,2018,20,810.5961538461538,6.697769969359554,1,WC,0,NoSA,construction,4,good,52,0.385,0.442,2,less100
16115,2019,21,1960.5116279069769,7.580960752807364,1,WC,0,NoSA,construction,4,good,43,0.465,0.279,1,less50
16115,2020,22,1490.1818181818182,7.306653417120365,1,WC,0,NoSA,construction,4,good,44,0.432,0.25,1,less50
16115,2021,23,2767.4772727272725,7.925691452345737,1,WC,0,NoSA,construction,3,satisfactory,44,0.341,0.205,1,less50
16128,2010,12,2500.9882352941177,7.824441226865803,0,NoWC,0,NoSA,manufacturing,3,satisfactory,85,0.082,0.082,2,less100
16128,2012,14,2653.9775280898875,7.883814747670883,0,NoWC,0,NoSA,manufacturing,4,good,89,0.157,0.079,2,less100
16128,2013,15,2714.9885057471265,7.9065429987484395,0,NoWC,0,NoSA,manufacturing,4,good,87,0.138,0.092,2,less100
16128,2014,16,2715.7804878048782,7.906834663543722,0,NoWC,0,NoSA,manufacturing,4,good,82,0.171,0.098,2,less100
16133,2016,18,2001.7425742574258,7.601773367320497,0,NoWC,1,SA,health,4,good,404,0.114,0.52,4,more250
16133,2017,19,1712.342105263158,7.445617364579394,0,NoWC,0,NoSA,health,4,good,494,0.322,0.587,4,more250
16133,2018,20,1397.8540268456377,7.242693501637935,0,NoWC,0,NoSA,health,4,good,596,0.436,0.545,4,more250
16182,2014,16,4440.125,8.39843780818313,1,WC,0,NoSA,manufacturing,4,good,32,0.469,0.906,1,less50
16182,2015,17,3977.2432432432433,8.2883442058325,1,WC,0,NoSA,manufacturing,4,good,37,0.405,1,1,less50
16182,2016,18,3309.413043478261,8.104526124392294,1,WC,0,NoSA,manufacturing,4,good,46,0.348,0.957,1,less50
16182,2017,19,4460.1578947368425,8.402939446794823,1,WC,0,NoSA,manufacturing,1,unsatisfactory,38,0.447,0.974,1,less50
16182,2018,20,4962.418604651163,8.509648522775523,1,WC,0,NoSA,manufacturing,2,sufficient,43,0.488,0.93,1,less50
16182,2019,21,2958.6491228070176,7.992488065716169,1,WC,0,NoSA,manufacturing,1,unsatisfactory,57,0.246,0.93,2,less100
16182,2020,22,2776.566037735849,7.928970204924602,1,WC,0,NoSA,manufacturing,2,sufficient,53,0.226,0.83,2,less100
16182,2021,23,1993.517857142857,7.597656124465191,1,WC,0,NoSA,manufacturing,1,unsatisfactory,56,0.304,0.911,2,less100
16201,2006,8,1319.784702549575,7.185223898148382,1,WC,0,NoSA,manufacturing,3,satisfactory,353,0.065,0.64,4,more250
16201,2007,9,1158.18,7.054605086467839,1,WC,0,NoSA,manufacturing,4,good,350,0.069,0.651,4,more250
16201,2008,10,1071.1146131805158,6.976455079829899,1,WC,0,NoSA,manufacturing,3,satisfactory,349,0.1,0.639,4,more250
16201,2009,11,985.7142857142857,6.893366541530037,1,WC,0,NoSA,manufacturing,2,sufficient,350,0.114,0.651,4,more250
16222,2006,8,3454.4727272727273,8.147425113056963,0,NoWC,0,NoSA,buservices,1,unsatisfactory,55,0.382,0.073,2,less100
16222,2008,10,2329.509090909091,7.753412833764408,0,NoWC,0,NoSA,buservices,4,good,55,0.655,0.109,2,less100
16222,2009,11,2408.3333333333335,7.786690224312523,0,NoWC,0,NoSA,resthotels,2,sufficient,57,0.474,0.105,2,less100
16222,2010,12,1759.9423076923076,7.473036307774651,0,NoWC,0,NoSA,resthotels,1,unsatisfactory,52,0.673,0.077,2,less100
16222,2011,13,2111.923076923077,7.655354222251437,0,NoWC,0,NoSA,resthotels,1,unsatisfactory,52,0.558,0.077,2,less100
16222,2012,14,1554.0566037735848,7.348623954828961,0,NoWC,0,NoSA,resthotels,1,unsatisfactory,53,0.623,0.075,2,less100
16222,2013,15,1899.3962264150944,7.549291339082173,0,NoWC,0,NoSA,resthotels,2,sufficient,53,0.509,0.113,2,less100
16224,2000,2,630.67216796875,6.446786183900516,0,NoWC,1,SA,manufacturing,2,sufficient,80,0.262,0.225,2,less100
16224,2001,3,3397.1227678571427,8.130684107589131,0,NoWC,1,SA,manufacturing,3,satisfactory,77,0.182,0.091,2,less100
16224,2002,4,4518.6551724137935,8.415969700328935,0,NoWC,1,SA,manufacturing,3,satisfactory,58,0.552,0.276,2,less100
16226,2019,21,3372.748538011696,8.123483280848133,0,NoWC,0,NoSA,manufacturing,4,good,342,0.316,0.769,4,more250
16226,2020,22,3562,8.178077463849608,0,NoWC,0,NoSA,manufacturing,4,good,358,0.316,0.88,4,more250
16226,2021,23,3720.9893899204244,8.221744876937136,0,NoWC,0,NoSA,manufacturing,1,unsatisfactory,377,0.265,0.679,4,more250
16236,2008,10,725.1038961038961,6.586314949558389,0,NoWC,0,NoSA,wholesretail,3,satisfactory,77,0.052,0.325,2,less100
16236,2009,11,640.5454545454545,6.462320086102812,0,NoWC,0,NoSA,manufacturing,3,satisfactory,77,0.052,0.377,2,less100
16236,2010,12,837.3376623376623,6.730227408895861,0,NoWC,0,NoSA,manufacturing,3,satisfactory,77,0.286,0.351,2,less100
16236,2011,13,546.9146341463414,6.304292728353371,0,NoWC,0,NoSA,manufacturing,4,good,82,0.049,0.5,2,less100
16236,2012,14,779.4074074074074,6.658533896846369,0,NoWC,0,NoSA,manufacturing,4,good,81,0.185,0.457,2,less100
16236,2013,15,697.7317073170732,6.547834655400713,0,NoWC,0,NoSA,manufacturing,4,good,82,0.183,0.451,2,less100
16236,2014,16,1123.7974683544303,7.024468825921005,0,NoWC,0,NoSA,manufacturing,4,good,79,0.177,0.367,2,less100
16236,2016,18,1283.939024390244,7.157687994329633,0,NoWC,0,NoSA,manufacturing,4,good,82,0.183,0.378,2,less100
16236,2017,19,746.3648648648649,6.615214575628906,0,NoWC,0,NoSA,manufacturing,4,good,148,0.095,0.432,3,less250
16236,2018,20,540.5205479452055,6.292532652906524,0,NoWC,0,NoSA,manufacturing,4,good,146,0.089,0.445,3,less250
16236,2019,21,771.7074829931972,6.648605570181086,0,NoWC,0,NoSA,manufacturing,4,good,147,0.095,0.442,3,less250
16244,2008,10,2060.3,7.630606882248413,1,WC,0,NoSA,construction,3,satisfactory,20,0.05,0.1,1,less50
16244,2009,11,2137.6,7.667438983342326,1,WC,0,NoSA,construction,4,good,20,0.05,0.1,1,less50
16244,2021,23,3457.1428571428573,8.148197763089465,1,WC,0,NoSA,construction,4,good,21,0.143,0.048,1,less50
16247,2001,3,1791.291863207547,7.490692349815578,0,NoWC,0,NoSA,manufacturing,3,satisfactory,106,0.047,0.132,3,less250
16247,2002,4,2858.395061728395,7.958015579072805,1,WC,0,NoSA,manufacturing,3,satisfactory,81,0.049,0.111,2,less100
16247,2003,5,3171.5616438356165,8.061979377692758,1,WC,0,NoSA,manufacturing,4,good,73,0.055,0.11,2,less100
16247,2004,6,3808.3818181818183,8.244959658264497,1,WC,0,NoSA,manufacturing,3,satisfactory,55,0.036,0.091,2,less100
16247,2005,7,2937.230769230769,7.985222501224196,1,WC,0,NoSA,manufacturing,3,satisfactory,52,0.058,0.115,2,less100
16248,2015,17,3276.557142857143,8.094548498540243,0,NoWC,1,SA,transcom,3,satisfactory,140,0.093,0.436,3,less250
16248,2016,18,3403.7906976744184,8.132645000633174,0,NoWC,1,SA,transcom,2,sufficient,129,0.085,0.581,3,less250
16248,2017,19,3847.675,8.255224348759237,0,NoWC,1,SA,transcom,4,good,120,0.142,0.683,3,less250
16248,2019,21,4469.814516129032,8.405102191473516,0,NoWC,1,SA,transcom,4,good,124,0.185,0.694,3,less250
16248,2020,22,3234.985401459854,8.081779694238529,0,NoWC,1,SA,wholesretail,4,good,137,0.219,0.693,3,less250
16248,2021,23,4274.022556390977,8.360310713448456,0,NoWC,1,SA,wholesretail,4,good,133,0.135,0.692,3,less250
16315,2003,5,529.8076923076923,6.272514095999633,1,WC,0,NoSA,resthotels,3,satisfactory,26,0.423,0.154,1,less50
16315,2005,7,621.8095238095239,6.432633814023156,1,WC,0,NoSA,resthotels,2,sufficient,21,0.524,0.143,1,less50
16315,2007,9,603.84,6.403309262180185,1,WC,0,NoSA,resthotels,4,good,25,0.24,0.08,1,less50
16355,2000,2,1333.2028821243523,7.195339508240693,0,NoWC,1,SA,manufacturing,3,satisfactory,193,0.14,0.057,3,less250
16355,2001,3,1543.874831081081,7.34205065934587,0,NoWC,0,NoSA,manufacturing,2,sufficient,185,0.243,0.086,3,less250
16355,2002,4,1473.0707070707072,7.295104417395229,0,NoWC,1,SA,manufacturing,3,satisfactory,198,0.167,0.111,3,less250
16355,2003,5,1341.2010869565217,7.201320825027565,0,NoWC,0,NoSA,manufacturing,3,satisfactory,184,0.082,0.109,3,less250
16355,2004,6,966.8563535911602,6.8740499359092135,0,NoWC,0,NoSA,manufacturing,3,satisfactory,181,0.21,0.116,3,less250
16355,2005,7,1388.97311827957,7.23631998927662,0,NoWC,0,NoSA,manufacturing,3,satisfactory,186,0.081,0.124,3,less250
16384,2001,3,324.81766419491527,5.783263991645283,1,WC,0,NoSA,buservices,3,satisfactory,59,0.627,1,2,less100
16384,2002,4,591.25,6.382238939806142,1,WC,1,SA,buservices,3,satisfactory,36,0.556,1,1,less50
16384,2003,5,587.4473684210526,6.375786656338985,1,WC,0,NoSA,buservices,2,sufficient,38,0.474,1,1,less50
16420,2010,12,3580.8571428571427,8.183357476116154,1,WC,1,SA,manufacturing,4,good,35,0.771,0.086,1,less50
16420,2012,14,2775.1714285714284,7.928467800334248,1,WC,1,SA,manufacturing,4,good,35,0.914,0.057,1,less50
16420,2013,15,3730.057142857143,8.224178832321357,1,WC,1,SA,manufacturing,3,satisfactory,35,0.857,0.057,1,less50
16420,2014,16,3686.176470588235,8.212345012989406,1,WC,1,SA,manufacturing,4,good,34,0.471,0.059,1,less50
16420,2015,17,3467.46,8.151177616433914,1,WC,1,SA,manufacturing,4,good,50,0.6,0.08,1,less50
16437,2000,2,789.7283909574468,6.6716890774306075,1,WC,0,NoSA,buservices,2,sufficient,47,0.213,0.128,1,less50
16437,2001,3,800.55015625,6.685299186626359,1,WC,0,NoSA,buservices,2,sufficient,50,0.18,0.2,1,less50
16437,2002,4,787.2,6.6684823457380435,1,WC,0,NoSA,buservices,2,sufficient,50,0.26,0.14,1,less50
16455,2014,16,1975,7.5883236773352225,1,WC,0,NoSA,buservices,3,satisfactory,160,0.344,0.45,3,less250
16455,2015,17,2830.9378881987577,7.948363344990877,1,WC,0,NoSA,buservices,3,satisfactory,161,0.317,0.627,3,less250
16455,2016,18,2885.1657142857143,7.967337617252975,1,WC,0,NoSA,buservices,3,satisfactory,175,0.269,0.697,3,less250
16455,2017,19,2181.685950413223,7.687853228634484,1,WC,0,NoSA,buservices,3,satisfactory,242,0.202,0.649,3,less250
16455,2018,20,1640.3639344262294,7.402673407435094,1,WC,1,SA,buservices,3,satisfactory,305,0.157,0.633,4,more250
16455,2019,21,1297.3010471204188,7.168041267730282,1,WC,1,SA,buservices,3,satisfactory,382,0.134,0.67,4,more250
16455,2020,22,1192.3731343283582,7.083700830795615,1,WC,1,SA,buservices,3,satisfactory,402,0.316,0.826,4,more250
16455,2021,23,1051.4222222222222,6.957899024002033,1,WC,1,SA,buservices,3,satisfactory,495,0.253,0.642,4,more250
16461,2001,3,3004.931189903846,8.008009948172639,1,WC,0,NoSA,edu,4,good,52,0.019,0.077,2,less100
16461,2002,4,3006.62,8.008571803203806,1,WC,0,NoSA,edu,4,good,50,0.04,0.04,1,less50
16461,2003,5,2647.14,7.8812350908926945,1,WC,0,NoSA,edu,3,satisfactory,50,0.04,0.08,1,less50
16461,2004,6,2185.4285714285716,7.689567230826498,1,WC,0,NoSA,edu,4,good,42,0.071,0.048,1,less50
16461,2006,8,2630.26,7.874837979601139,1,WC,0,NoSA,edu,2,sufficient,50,0.06,0.06,1,less50
16461,2007,9,2285.176470588235,7.734198530362954,1,WC,0,NoSA,edu,3,satisfactory,51,0.078,0.078,2,less100
16461,2008,10,2336.6,7.756452160283048,1,WC,0,NoSA,edu,4,good,50,0.08,0.1,1,less50
16461,2009,11,2577.31914893617,7.85450504812822,1,WC,0,NoSA,edu,3,satisfactory,47,0.064,0.043,1,less50
16461,2010,12,1656.4333333333334,7.412421975432544,1,WC,0,NoSA,edu,4,good,60,0.033,0.033,2,less100
16482,2005,7,1216.5357142857142,7.1037625200217445,1,WC,0,NoSA,buservices,3,satisfactory,28,0.286,0.107,1,less50
16482,2006,8,1362.3666666666666,7.216978662421646,1,WC,0,NoSA,buservices,4,good,30,0.2,0.067,1,less50
16482,2007,9,1147.107142857143,7.044998524150533,1,WC,0,NoSA,buservices,3,satisfactory,28,0.107,0.107,1,less50
16482,2008,10,1177.642857142857,7.07127014094592,1,WC,0,NoSA,buservices,4,good,28,0.143,0.107,1,less50
16513,1998,0,881.5254153481013,6.7816538333543415,1,WC,0,NoSA,edu,4,good,79,0.038,0.342,2,less100
16513,1999,1,763.6009457236842,6.638045330357484,1,WC,0,NoSA,edu,4,good,76,0.013,0.421,2,less100
16513,2001,3,915.0829166666666,6.819014680477673,1,WC,0,NoSA,edu,4,good,75,0.04,0.413,2,less100
16513,2002,4,1108.3055555555557,7.01058760145113,1,WC,0,NoSA,edu,4,good,72,0.014,0.472,2,less100
16513,2003,5,1009.2394366197183,6.916952293113716,1,WC,0,NoSA,edu,2,sufficient,71,0.07,0.479,2,less100
16523,2015,17,2709.3755274261603,7.9044734546359825,0,NoWC,0,NoSA,buservices,3,satisfactory,474,0.091,0.551,4,more250
16523,2016,18,3809.9360341151387,8.245367679033652,0,NoWC,0,NoSA,buservices,4,good,469,0.06,0.546,4,more250
16523,2017,19,3091.697777777778,8.036475661649977,0,NoWC,0,NoSA,buservices,4,good,450,0.062,0.547,4,more250
16547,2017,19,2432.575,7.796705646061724,0,NoWC,0,NoSA,wholesretail,4,good,40,0.075,0.05,1,less50
16547,2018,20,2527.5510204081634,7.835006136806879,0,NoWC,0,NoSA,wholesretail,4,good,49,0.061,0.122,1,less50
16547,2019,21,1815.5094339622642,7.504121387184742,0,NoWC,0,NoSA,wholesretail,5,very good,53,0.075,0.17,2,less100
16547,2020,22,2189.5263157894738,7.6914405052555335,0,NoWC,0,NoSA,wholesretail,5,very good,57,0.088,0.158,2,less100
16547,2021,23,1982.6351351351352,7.592182115188534,0,NoWC,0,NoSA,wholesretail,4,good,74,0.068,0.108,2,less100
16548,2001,3,932.6316675646551,6.838010340011162,0,NoWC,0,NoSA,public,4,good,116,0.009,0.871,3,less250
16548,2003,5,1290.71,7.162947733544916,1,WC,0,NoSA,public,1,unsatisfactory,100,0.01,0.79,2,less100
16548,2004,6,1201.0961538461538,7.090989880362456,1,WC,0,NoSA,public,4,good,104,0.01,0.683,3,less250
16548,2005,7,1380.3809523809523,7.230114792505749,1,WC,0,NoSA,public,4,good,105,0.01,0.686,3,less250
16548,2006,8,1638.8039215686274,7.401721938621176,1,WC,0,NoSA,public,4,good,102,0.01,0.706,3,less250
16548,2007,9,1659.5392156862745,7.414295261905994,1,WC,0,NoSA,public,4,good,102,0.01,0.755,3,less250
16554,2002,4,1531.2380952380952,7.333831899724428,0,NoWC,0,NoSA,public,4,good,21,0.048,0.238,1,less50
16554,2011,13,808.55,6.695242520023953,0,NoWC,1,SA,public,4,good,20,0.15,0.25,1,less50
16554,2015,17,1654.625,7.411329676033935,0,NoWC,1,SA,public,4,good,24,0.292,0.25,1,less50
16554,2016,18,1856.9565217391305,7.526694147906363,0,NoWC,1,SA,public,5,very good,23,0.13,0.217,1,less50
16554,2017,19,1924.8181818181818,7.562586791257566,0,NoWC,1,SA,public,4,good,22,0.273,0.227,1,less50
16554,2018,20,2218.5714285714284,7.704618767087419,0,NoWC,1,SA,public,4,good,21,0.286,0.238,1,less50
16554,2019,21,2494.681818181818,7.821916472270422,0,NoWC,1,SA,public,5,very good,22,0.364,0.227,1,less50
16554,2020,22,2254.095238095238,7.720503946633107,0,NoWC,1,SA,public,5,very good,21,0.286,0.238,1,less50
16554,2021,23,2451.904761904762,7.804620455316764,0,NoWC,1,SA,public,5,very good,21,0.286,0.238,1,less50
16558,2018,20,3088.8,8.035537944950027,1,WC,0,NoSA,wholesretail,4,good,110,0.555,0.191,3,less250
16558,2019,21,1821.0521739130436,7.507169730559917,1,WC,0,NoSA,wholesretail,4,good,115,0.365,0.183,3,less250
16558,2020,22,2552.878260869565,7.844976731368755,1,WC,0,NoSA,wholesretail,4,good,115,0.313,0.174,3,less250
16558,2021,23,3293.9484536082473,8.099842262044486,1,WC,0,NoSA,wholesretail,3,satisfactory,97,0.773,0.186,2,less100
16563,2009,11,2212.4,7.701833178120523,1,WC,0,NoSA,edu,2,sufficient,20,0.25,0.55,1,less50
16563,2011,13,1763.4782608695652,7.475043422335915,1,WC,0,NoSA,edu,3,satisfactory,23,0.217,0.478,1,less50
16563,2012,14,2350.65,7.762447164637335,1,WC,0,NoSA,edu,3,satisfactory,20,0.25,0.5,1,less50
16594,2011,13,486.0504201680672,6.186312363721117,0,NoWC,1,SA,wholesretail,2,sufficient,595,0.002,0.511,4,more250
16594,2013,15,537.8151260504202,6.28751486923028,0,NoWC,0,NoSA,wholesretail,2,sufficient,595,0.005,0.555,4,more250
16594,2014,16,592.8705440900563,6.384976068403205,0,NoWC,0,NoSA,wholesretail,2,sufficient,533,0.006,0.546,4,more250
16594,2015,17,3172.950980392157,8.062417342485654,0,NoWC,0,NoSA,wholesretail,2,sufficient,510,0.008,0.524,4,more250
16594,2016,18,2963.283582089552,7.994053250752747,0,NoWC,0,NoSA,wholesretail,2,sufficient,603,0.005,0.491,4,more250
16594,2017,19,2898.550724637681,7.971966140932914,0,NoWC,0,NoSA,wholesretail,3,satisfactory,552,0.007,0.525,4,more250
16594,2018,20,3187.9194630872485,8.06712377707132,0,NoWC,0,NoSA,wholesretail,2,sufficient,596,0.007,0.545,4,more250
16594,2019,21,2937.464,7.9853019030581684,0,NoWC,1,SA,wholesretail,2,sufficient,625,0.002,0.555,4,more250
16594,2020,22,3044.173333333333,8.020984659979767,0,NoWC,0,NoSA,wholesretail,2,sufficient,675,0.006,0.526,4,more250
16630,2000,2,1482.9887440758293,7.301814752140031,0,NoWC,0,NoSA,public,3,satisfactory,422,0.235,0.114,4,more250
16630,2001,3,1389.5516244493392,7.236736401748485,0,NoWC,0,NoSA,public,3,satisfactory,454,0.214,0.101,4,more250
16630,2002,4,1214.7505422993493,7.102294019714684,0,NoWC,0,NoSA,public,2,sufficient,461,0.191,0.089,4,more250
16634,2013,15,3884.75,8.264813910666843,0,NoWC,0,NoSA,health,4,good,64,0.281,0.688,2,less100
16634,2015,17,2703.78125,7.902406535221742,0,NoWC,0,NoSA,health,4,good,64,0.125,0.656,2,less100
16634,2016,18,4213.966101694915,8.346159550120795,0,NoWC,0,NoSA,health,4,good,59,0.356,0.746,2,less100
16634,2017,19,4130.984615384616,8.3262710632031,0,NoWC,0,NoSA,health,4,good,65,0.338,0.692,2,less100
16634,2019,21,4361.824561403509,8.380645726191965,0,NoWC,0,NoSA,health,4,good,57,0.439,0.579,2,less100
16634,2021,23,6306.5609756097565,8.749345795173086,0,NoWC,0,NoSA,health,4,good,41,0.341,0.707,1,less50
16650,2001,3,680.5355312837108,6.522880034223977,0,NoWC,0,NoSA,manufacturing,5,very good,927,0.005,0.461,4,more250
16650,2002,4,606.060606060606,6.406979991069647,0,NoWC,0,NoSA,manufacturing,4,good,924,0.002,0.321,4,more250
16650,2003,5,623.4511691884456,6.435270444793224,0,NoWC,0,NoSA,manufacturing,3,satisfactory,727,0.004,0.473,4,more250
16650,2004,6,692.5207756232687,6.540338238511502,0,NoWC,0,NoSA,manufacturing,4,good,722,0.003,0.296,4,more250
16650,2005,7,670.7243172951886,6.508358199038848,0,NoWC,0,NoSA,manufacturing,5,very good,769,0.003,0.325,4,more250
16650,2006,8,750,6.620073206530356,0,NoWC,0,NoSA,manufacturing,4,good,656,0.005,0.375,4,more250
16650,2007,9,979.1376811594203,6.8866722671259835,0,NoWC,1,SA,manufacturing,5,very good,414,0.007,0.396,4,more250
16650,2008,10,948.7791878172588,6.855176092734392,0,NoWC,1,SA,manufacturing,5,very good,394,0.01,0.292,4,more250
16659,2008,10,731.5440313111546,6.595157411828621,0,NoWC,0,NoSA,manufacturing,3,satisfactory,511,0.02,0.186,4,more250
16659,2009,11,871.2121212121212,6.769885484759016,0,NoWC,0,NoSA,construction,1,unsatisfactory,396,0.051,0.164,4,more250
16659,2010,12,674.638961038961,6.5141776752423155,0,NoWC,0,NoSA,construction,2,sufficient,385,0.029,0.166,4,more250
16678,2015,17,5488.880597014925,8.610479615173356,1,WC,0,NoSA,construction,3,satisfactory,67,0.97,0.373,2,less100
16678,2016,18,4065.103092783505,8.310194382738677,1,WC,0,NoSA,construction,3,satisfactory,97,0.66,0.402,2,less100
16678,2018,20,4911.06,8.499245083435596,1,WC,0,NoSA,construction,3,satisfactory,100,0.61,0.36,2,less100
16678,2019,21,4826.065420560748,8.481786801949033,1,WC,0,NoSA,construction,3,satisfactory,107,0.57,0.29,3,less250
16691,2012,14,916.6486486486486,6.820724245779669,1,WC,0,NoSA,public,3,satisfactory,37,0.027,0.541,1,less50
16691,2015,17,589.063829787234,6.378534547537622,1,WC,0,NoSA,public,4,good,47,0.021,0.532,1,less50
16691,2016,18,953.325,6.859955873848842,1,WC,0,NoSA,public,4,good,40,0.025,0.45,1,less50
16691,2017,19,1160.8333333333333,7.056893416985851,1,WC,0,NoSA,public,4,good,36,0.028,0.556,1,less50
16691,2018,20,1259.3513513513512,7.138352066875443,1,WC,0,NoSA,public,3,satisfactory,37,0.027,0.568,1,less50
16691,2019,21,1665.0625,7.417617939247566,1,WC,0,NoSA,public,3,satisfactory,32,0.031,0.531,1,less50
16691,2020,22,952.5588235294117,6.859151862080231,1,WC,0,NoSA,public,4,good,34,0.029,0.559,1,less50
16691,2021,23,762.3783783783783,6.636442991993427,1,WC,0,NoSA,public,1,unsatisfactory,37,0.027,0.595,1,less50
16712,2016,18,1668.6666666666667,7.41978018332361,1,WC,0,NoSA,public,4,good,39,0.744,0.231,1,less50
16712,2017,19,1983.5454545454545,7.59264115602428,1,WC,0,NoSA,public,5,very good,55,0.4,0.218,2,less100
16712,2018,20,1187.972602739726,7.0800034379897685,1,WC,0,NoSA,public,4,good,73,0.247,0.288,2,less100
16729,2001,3,1569.403125,7.358450650898221,1,WC,0,NoSA,manufacturing,2,sufficient,35,0.4,0.143,1,less50
16729,2002,4,1328.7631578947369,7.19200383206789,0,NoWC,0,NoSA,manufacturing,3,satisfactory,38,0.263,0.132,1,less50
16729,2003,5,1537.341463414634,7.3378098811378845,1,WC,0,NoSA,manufacturing,3,satisfactory,41,0.122,0.122,1,less50
16729,2005,7,1732.774193548387,7.457478983215919,1,WC,0,NoSA,manufacturing,2,sufficient,62,0.29,0.145,2,less100
16735,2014,16,1218.2463768115942,7.1051677076265145,1,WC,0,NoSA,transcom,4,good,69,0.029,0.855,2,less100
16735,2017,19,3965.529411764706,8.285394646407912,1,WC,0,NoSA,transcom,3,satisfactory,68,0.074,0.853,2,less100
16735,2018,20,5325.411764705882,8.5802453142934,1,WC,0,NoSA,transcom,3,satisfactory,68,0.015,0.897,2,less100
16735,2019,21,6816.342465753424,8.82707831163565,1,WC,0,NoSA,transcom,3,satisfactory,73,0.123,0.904,2,less100
16736,2005,7,521.21875,6.256169819277447,0,NoWC,1,SA,finance,4,good,32,0.438,0.812,1,less50
16736,2006,8,490.56666666666666,6.1955611855019574,0,NoWC,0,NoSA,finance,4,good,30,0.467,0.833,1,less50
16736,2007,9,525.6071428571429,6.264554056988909,0,NoWC,0,NoSA,finance,2,sufficient,28,0.429,0.679,1,less50
16736,2008,10,490.56666666666666,6.1955611855019574,0,NoWC,0,NoSA,finance,3,satisfactory,30,0.5,0.8,1,less50
16736,2009,11,534.551724137931,6.281428496854983,0,NoWC,0,NoSA,finance,2,sufficient,29,0.414,0.793,1,less50
16736,2010,12,548.0689655172414,6.3064011285136505,0,NoWC,0,NoSA,finance,3,satisfactory,29,0.483,0.793,1,less50
16736,2011,13,599.5555555555555,6.396188639991427,0,NoWC,0,NoSA,finance,2,sufficient,27,0.519,0.852,1,less50
16742,2001,3,3355.619348404255,8.118391636959883,0,NoWC,1,SA,transcom,5,very good,188,0.027,0.309,3,less250
16742,2002,4,3435.5828220858893,8.14194186190457,0,NoWC,1,SA,transcom,5,very good,163,0.012,0.209,3,less250
16742,2003,5,2981.9013157894738,8.000316401480466,0,NoWC,0,NoSA,transcom,2,sufficient,152,0.013,0.408,3,less250
16742,2005,7,3461.6577181208054,8.149502862599032,0,NoWC,0,NoSA,transcom,3,satisfactory,149,0.04,0.208,3,less250
16742,2006,8,3302.013422818792,8.102287689528985,0,NoWC,0,NoSA,transcom,2,sufficient,149,0.074,0.336,3,less250
16776,2015,17,1995.6964980544747,7.598748390226935,0,NoWC,0,NoSA,public,3,satisfactory,257,0.514,0.607,4,more250
16776,2016,18,1567.4900662251655,7.357230935150577,0,NoWC,0,NoSA,public,1,unsatisfactory,302,0.474,0.891,4,more250
16776,2017,19,1686.9033333333334,7.430649779975537,0,NoWC,0,NoSA,public,4,good,300,0.433,0.88,4,more250
16795,2017,19,598.8653846153846,6.395036839328843,1,WC,0,NoSA,finance,5,very good,52,0.154,0.519,2,less100
16795,2018,20,955.7678571428571,6.862515056307664,1,WC,0,NoSA,finance,4,good,56,0.071,0.375,2,less100
16795,2020,22,2030.9130434782608,7.61624074602977,1,WC,0,NoSA,finance,4,good,23,0.522,0.304,1,less50
16795,2021,23,1677.8620689655172,7.425275683985593,1,WC,0,NoSA,finance,2,sufficient,29,0.414,0.414,1,less50
16810,2002,4,256.96,5.548920430758397,1,WC,1,SA,construction,2,sufficient,25,0.04,0.12,1,less50
16810,2004,6,798.32,6.682509519576057,1,WC,0,NoSA,construction,1,unsatisfactory,25,0.04,0.12,1,less50
16810,2009,11,1287.8095238095239,7.160698010487145,1,WC,0,NoSA,construction,4,good,21,0.048,0.143,1,less50
16810,2011,13,319.0416666666667,5.7653217107651775,1,WC,0,NoSA,construction,5,very good,24,0.042,0.125,1,less50
16810,2012,14,326.6,5.788736180536365,1,WC,0,NoSA,construction,5,very good,25,0.04,0.08,1,less50
16810,2013,15,363.375,5.89543535887904,1,WC,0,NoSA,construction,5,very good,24,0.042,0.083,1,less50
16810,2016,18,653.9,6.4829544345672305,1,WC,0,NoSA,construction,5,very good,20,0.05,0.1,1,less50
16810,2017,19,555.695652173913,6.3202207562025645,1,WC,0,NoSA,construction,5,very good,23,0.043,0.087,1,less50
16810,2018,20,760.12,6.633476315553157,1,WC,0,NoSA,construction,4,good,25,0.04,0.08,1,less50
16810,2019,21,701.9230769230769,6.553823820989155,1,WC,0,NoSA,construction,3,satisfactory,26,0.038,0.077,1,less50
16810,2020,22,1181.6666666666667,7.074681150298118,1,WC,0,NoSA,construction,4,good,21,0.048,0.095,1,less50
16861,1999,1,3176.326612903226,8.063480654895457,1,WC,0,NoSA,transcom,3,satisfactory,31,0.032,0.065,1,less50
16861,2000,2,4071.6729910714284,8.311809248294264,1,WC,0,NoSA,buservices,3,satisfactory,28,0.071,0.143,1,less50
16861,2001,3,994.0492852393617,6.901786788163167,1,WC,0,NoSA,buservices,2,sufficient,94,0.021,0.128,2,less100
16861,2002,4,1282.44,7.156519792324806,1,WC,0,NoSA,buservices,1,unsatisfactory,75,0.04,0.147,2,less100
16869,2012,14,484.3333333333333,6.182773374902173,1,WC,0,NoSA,health,4,good,123,0.008,0.081,3,less250
16869,2013,15,613.2878787878788,6.4188344485166535,1,WC,0,NoSA,health,4,good,132,0.008,0.03,3,less250
16869,2014,16,595.728,6.389784187055275,1,WC,0,NoSA,health,4,good,125,0.008,0.048,3,less250
16869,2015,17,546.4090909090909,6.303367945945938,1,WC,0,NoSA,health,4,good,132,0.008,0.023,3,less250
16869,2016,18,602.8257575757576,6.401628195726236,1,WC,0,NoSA,health,4,good,132,0.008,0.045,3,less250
16869,2017,19,650.5075757575758,6.477752943937897,1,WC,0,NoSA,health,3,satisfactory,132,0.015,0.068,3,less250
16869,2018,20,519.8181818181819,6.2534791000838865,1,WC,0,NoSA,health,3,satisfactory,132,0.015,0.076,3,less250
16869,2019,21,472.8,6.158672466091889,1,WC,0,NoSA,health,3,satisfactory,135,0.007,0.081,3,less250
16869,2020,22,619.4728682170543,6.428868903850313,1,WC,0,NoSA,buservices,3,satisfactory,129,0.008,0.085,3,less250
16878,2014,16,2690.375,7.897435868084343,1,WC,0,NoSA,buservices,1,unsatisfactory,40,0.125,0.05,1,less50
16878,2015,17,4353.4,8.378712427980737,1,WC,0,NoSA,buservices,1,unsatisfactory,30,0.367,0.067,1,less50
16878,2016,18,4391.758620689655,8.387485022819705,1,WC,0,NoSA,buservices,1,unsatisfactory,29,0.414,0.034,1,less50
16878,2017,19,2064.340909090909,7.632566282095726,1,WC,0,NoSA,buservices,4,good,44,0.25,0.045,1,less50
16879,2013,15,3303.7948717948716,8.102827047905679,1,WC,0,NoSA,manufacturing,4,good,39,0.179,0.897,1,less50
16879,2014,16,3249.6585365853657,8.086305204137958,1,WC,0,NoSA,manufacturing,4,good,41,0.146,0.805,1,less50
16879,2015,17,2855.4117647058824,7.956971337506989,1,WC,0,NoSA,manufacturing,5,very good,51,0.137,0.824,2,less100
16879,2017,19,4763.673469387755,8.468774386855719,1,WC,0,NoSA,manufacturing,4,good,49,0.122,0.898,1,less50
16879,2020,22,2622.4912280701756,7.871879995391713,1,WC,0,NoSA,manufacturing,4,good,57,0.193,0.825,2,less100
16879,2021,23,2723.9122807017543,7.909824464365342,1,WC,0,NoSA,manufacturing,3,satisfactory,57,0.158,0.789,2,less100
16890,2014,16,1333.404255319149,7.195490541508662,1,WC,0,NoSA,wholesretail,2,sufficient,47,0.021,0.085,1,less50
16890,2015,17,1325.433962264151,7.189495203487709,1,WC,0,NoSA,wholesretail,3,satisfactory,53,0.038,0.057,2,less100
16890,2017,19,790.016129032258,6.672053361749183,1,WC,0,NoSA,wholesretail,1,unsatisfactory,62,0.032,0.129,2,less100
16890,2018,20,1080.3148148148148,6.985007772840697,1,WC,0,NoSA,wholesretail,2,sufficient,54,0.019,0.074,2,less100
16890,2019,21,1326.948275862069,7.1906370553224,1,WC,0,NoSA,wholesretail,3,satisfactory,58,0.017,0.069,2,less100
16890,2021,23,1895.6206896551723,7.547301604601907,1,WC,0,NoSA,transcom,2,sufficient,29,0.069,0.103,1,less50
16891,2007,9,815.6086956521739,6.703934700306258,1,WC,0,NoSA,buservices,4,good,23,0.043,0,1,less50
16891,2008,10,811.074074074074,6.698359386657261,1,WC,0,NoSA,buservices,3,satisfactory,27,0.074,0,1,less50
16891,2009,11,718.4814814814815,6.577139931326777,1,WC,0,NoSA,buservices,2,sufficient,27,0.074,0,1,less50
16891,2010,12,841.625,6.735334546865445,1,WC,0,NoSA,buservices,2,sufficient,24,0.042,0.042,1,less50
16891,2011,13,1066.2083333333333,6.9718640202775815,1,WC,0,NoSA,buservices,3,satisfactory,24,0.083,0.042,1,less50
16891,2012,14,859.96,6.756885876537948,1,WC,0,NoSA,buservices,3,satisfactory,25,0.08,0.04,1,less50
16891,2013,15,843.4347826086956,6.737482581401956,1,WC,0,NoSA,buservices,3,satisfactory,23,0.043,0,1,less50
16891,2014,16,793.7916666666666,6.676821042267489,1,WC,0,NoSA,buservices,2,sufficient,24,0.042,0,1,less50
16891,2015,17,923.3,6.827954208778582,1,WC,0,NoSA,buservices,3,satisfactory,20,0.05,0,1,less50
16891,2020,22,542,6.295266001439646,1,WC,0,NoSA,buservices,4,good,21,0.048,0.048,1,less50
16891,2021,23,404.30434782608694,6.002167930549048,1,WC,0,NoSA,buservices,4,good,23,0.087,0.087,1,less50
16894,1999,1,1548.9122869318182,7.345308213204681,1,WC,1,SA,wholesretail,4,good,44,0.091,0.818,1,less50
16894,2001,3,1363.4048713235295,7.21774043184553,1,WC,0,NoSA,wholesretail,4,good,51,0.02,0.784,2,less100
16894,2002,4,1162.1129032258063,7.057995095536781,1,WC,1,SA,wholesretail,3,satisfactory,62,0.016,0.677,2,less100
16905,2013,15,2288.2727272727275,7.73555254437889,0,NoWC,1,SA,wholesretail,4,good,44,0.091,0.591,1,less50
16905,2015,17,1678.0625,7.425395133055798,0,NoWC,1,SA,wholesretail,4,good,48,0.042,0.5,1,less50
16905,2016,18,2207.9824561403507,7.699834461776811,0,NoWC,1,SA,wholesretail,4,good,57,0.07,0.526,2,less100
16905,2018,20,2527.808510638298,7.83510800502368,0,NoWC,1,SA,wholesretail,4,good,47,0.106,0.553,1,less50
16905,2020,22,3444.4473684210525,8.144518755027137,1,WC,0,NoSA,wholesretail,5,very good,38,0.263,0.5,1,less50
16905,2021,23,3435.1176470588234,8.141806453577612,1,WC,0,NoSA,wholesretail,4,good,34,0.324,0.5,1,less50
16923,2013,15,4881.7692307692305,8.493262980431581,1,WC,0,NoSA,health,4,good,65,0.077,0.062,2,less100
16923,2014,16,4579.710144927536,8.42939098797179,1,WC,0,NoSA,health,5,very good,69,0.043,0.101,2,less100
16923,2015,17,2802.7922077922076,7.938371416341311,1,WC,0,NoSA,health,4,good,77,0.052,0.065,2,less100
16923,2016,18,3489.285714285714,8.15745232785567,1,WC,0,NoSA,health,3,satisfactory,84,0.048,0.095,2,less100
16949,2019,21,940.6136363636364,6.846532466921952,0,NoWC,0,NoSA,manufacturing,4,good,572,0.098,0.065,4,more250
16949,2020,22,1321.7775590551182,7.186732745327637,0,NoWC,0,NoSA,manufacturing,4,good,508,0.102,0.108,4,more250
16949,2021,23,1149.4295454545454,7.047021050854237,0,NoWC,0,NoSA,manufacturing,4,good,440,0.141,0.057,4,more250
16965,2000,2,3216.3848684210525,8.076013296155109,0,NoWC,1,SA,mining,4,good,114,0.167,0.561,3,less250
16965,2001,3,1847.4084051724137,7.521539073878816,0,NoWC,1,SA,buservices,4,good,203,0.118,0.645,3,less250
16965,2002,4,2250.8342857142857,7.719056220122282,0,NoWC,1,SA,buservices,4,good,175,0.097,0.423,3,less250
16991,2011,13,3660.759493670886,8.205425916799726,0,NoWC,0,NoSA,public,4,good,79,0.076,0.785,2,less100
16991,2012,14,3800,8.242756345714477,1,WC,0,NoSA,public,4,good,87,0.069,0.701,2,less100
16991,2013,15,3516.4835164835163,8.165216768259059,0,NoWC,0,NoSA,public,4,good,91,0.055,0.736,2,less100
16991,2014,16,3191.919191919192,8.06837764243446,0,NoWC,0,NoSA,public,5,very good,99,0.03,0.778,2,less100
16991,2015,17,4651.7009345794395,8.444988224078354,0,NoWC,0,NoSA,public,5,very good,107,0.037,0.776,3,less250
16991,2016,18,2698.7272727272725,7.90053556038634,0,NoWC,0,NoSA,public,5,very good,154,0.052,0.61,3,less250
16991,2017,19,2748.2264150943397,7.918711042631679,0,NoWC,0,NoSA,public,4,good,159,0.044,0.692,3,less250
16991,2018,20,3893.3624161073826,8.267028437576803,0,NoWC,0,NoSA,public,5,very good,149,0.067,0.718,3,less250
16991,2019,21,4899.36,8.496859863323298,0,NoWC,0,NoSA,public,5,very good,125,0.08,0.704,3,less250
16991,2020,22,4947.666666666667,8.506671363956656,0,NoWC,0,NoSA,public,5,very good,126,0.048,0.754,3,less250
16991,2021,23,5854.747826086957,8.675008205264312,0,NoWC,0,NoSA,public,5,very good,115,0.07,0.757,3,less250
17025,1998,0,328.3458971440397,5.7940676171851955,0,NoWC,1,SA,public,4,good,302,0.162,0.841,4,more250
17025,1999,1,360.6956437720848,5.888034510686813,0,NoWC,1,SA,public,4,good,283,0.18,0.873,4,more250
17025,2001,3,437.8293887867647,6.081829311174643,0,NoWC,1,SA,public,4,good,272,0.224,0.897,4,more250
17025,2002,4,1194.7356321839081,7.085680211593036,0,NoWC,1,SA,public,4,good,261,0.479,0.908,4,more250
17025,2004,6,389.9296875,5.9659664344082355,0,NoWC,1,SA,public,4,good,256,0.246,0.914,4,more250
17065,2004,6,1359.7901785714287,7.215085686365458,0,NoWC,0,NoSA,buservices,2,sufficient,224,0.902,0.509,3,less250
17065,2005,7,975.3129032258065,6.882758345897432,0,NoWC,0,NoSA,buservices,2,sufficient,310,0.639,0.571,4,more250
17065,2007,9,1336.8991228070176,7.198108123849298,0,NoWC,0,NoSA,buservices,2,sufficient,228,0.57,0.693,3,less250
17078,2016,18,4543.739130434783,8.421505549077544,0,NoWC,0,NoSA,wholesretail,5,very good,23,0.478,0.13,1,less50
17078,2018,20,3483.5238095238096,8.155799649389778,0,NoWC,0,NoSA,wholesretail,5,very good,21,0.286,0.095,1,less50
17078,2019,21,3420.181818181818,8.137448991854596,0,NoWC,0,NoSA,wholesretail,4,good,22,0.5,0.136,1,less50
17078,2020,22,3085.4285714285716,8.034445847737391,0,NoWC,0,NoSA,construction,5,very good,21,0.524,0.143,1,less50
17083,2000,2,693.046788482835,6.541097512759058,0,NoWC,0,NoSA,wholesretail,2,sufficient,903,0.094,0.628,4,more250
17083,2002,4,661.1570247933885,6.493991368059278,0,NoWC,0,NoSA,wholesretail,4,good,847,0.025,0.575,4,more250
17083,2004,6,576.036866359447,6.356171662743979,0,NoWC,0,NoSA,wholesretail,3,satisfactory,868,0.325,0.554,4,more250
17083,2005,7,578.8855218855219,6.3611047410736825,0,NoWC,0,NoSA,wholesretail,2,sufficient,891,0.35,0.551,4,more250
17083,2006,8,554.6786922209695,6.3183890131648655,0,NoWC,0,NoSA,wholesretail,1,unsatisfactory,887,0.402,0.428,4,more250
17097,2019,21,3550.1,8.174731051086807,0,NoWC,0,NoSA,transcom,3,satisfactory,220,0.05,0.082,3,less250
17097,2020,22,3614.609302325581,8.19273905194041,0,NoWC,0,NoSA,resthotels,4,good,215,0.042,0.107,3,less250
17097,2021,23,3209.957142857143,8.074012864900087,0,NoWC,0,NoSA,resthotels,1,unsatisfactory,210,0.043,0.148,3,less250
17101,1999,1,2101.1899923312885,7.650259126233554,0,NoWC,0,NoSA,health,4,good,163,0.012,0.129,3,less250
17101,2000,2,2268.050082781457,7.726675746958971,0,NoWC,0,NoSA,health,3,satisfactory,151,0.013,0.113,3,less250
17101,2001,3,2332.643790849673,7.754757577487948,0,NoWC,0,NoSA,health,4,good,153,0.013,0.105,3,less250
17101,2003,5,2325.18125,7.751553271972216,0,NoWC,0,NoSA,health,4,good,160,0.038,0.088,3,less250
17116,2014,16,1372.5,7.224389173383686,0,NoWC,0,NoSA,health,3,satisfactory,22,0.955,0.136,1,less50
17116,2015,17,1246.76,7.128303465248286,0,NoWC,0,NoSA,manufacturing,4,good,25,0.72,0.28,1,less50
17116,2016,18,1363.64,7.217912873949087,0,NoWC,0,NoSA,manufacturing,3,satisfactory,25,0.68,0.2,1,less50
17116,2021,23,1515.148148148148,7.323268500719111,0,NoWC,0,NoSA,manufacturing,3,satisfactory,27,0.556,0.222,1,less50
17117,2007,9,2895.45,7.970895818341994,0,NoWC,0,NoSA,health,1,unsatisfactory,140,0.25,0.6,3,less250
17117,2008,10,2459.3355263157896,7.807646481186049,0,NoWC,0,NoSA,health,1,unsatisfactory,152,0.27,0.5,3,less250
17117,2009,11,2269.7368421052633,7.7274191751672205,0,NoWC,0,NoSA,health,1,unsatisfactory,152,0.388,0.5,3,less250
17117,2010,12,1952.9022556390978,7.577071881308346,0,NoWC,0,NoSA,health,1,unsatisfactory,133,0.263,0.481,3,less250
17123,2000,2,2463.863188976378,7.809485799157507,0,NoWC,0,NoSA,wholesretail,2,sufficient,254,0.02,0.311,4,more250
17123,2001,3,2221.380415162455,7.705884090255177,0,NoWC,0,NoSA,wholesretail,3,satisfactory,277,0.025,0.477,4,more250
17123,2002,4,1944.4444444444443,7.572731582575386,0,NoWC,0,NoSA,wholesretail,4,good,288,0.038,0.403,4,more250
17123,2004,6,1798.5611510791366,7.494742263713691,0,NoWC,0,NoSA,wholesretail,3,satisfactory,278,0.029,0.374,4,more250
17123,2005,7,1855.3489208633093,7.525828054853855,0,NoWC,0,NoSA,wholesretail,3,satisfactory,278,0.029,0.374,4,more250
17123,2006,8,1720.2797202797203,7.450242184654592,0,NoWC,0,NoSA,wholesretail,3,satisfactory,286,0.028,0.367,4,more250
17123,2007,9,1050.1632124352332,6.9567008714864675,0,NoWC,0,NoSA,wholesretail,3,satisfactory,386,0.028,0.451,4,more250
17124,2004,6,485.0948905109489,6.184344522338452,1,WC,0,NoSA,health,4,good,137,0.088,0.277,3,less250
17124,2005,7,2488.7083333333335,7.819519113232565,1,WC,0,NoSA,health,4,good,144,0.125,0.264,3,less250
17124,2006,8,3069.828767123288,8.029377062844354,1,WC,0,NoSA,health,2,sufficient,146,0.123,0.274,3,less250
17124,2007,9,2613.4765100671143,7.868436610191067,1,WC,0,NoSA,health,3,satisfactory,149,0.134,0.295,3,less250
17124,2008,10,2412.0460526315787,7.788230650795642,1,WC,0,NoSA,health,2,sufficient,152,0.145,0.303,3,less250
17124,2009,11,2269.7368421052633,7.7274191751672205,1,WC,0,NoSA,health,1,unsatisfactory,152,0.158,0.303,3,less250
17124,2010,12,1664.974358974359,7.417565002280563,1,WC,0,NoSA,health,2,sufficient,156,0.154,0.308,3,less250
17147,2006,8,1686.138888888889,7.430196512920357,1,WC,0,NoSA,buservices,4,good,108,0.019,0.065,3,less250
17147,2007,9,2377.5555555555557,7.773828161362332,1,WC,0,NoSA,buservices,3,satisfactory,99,0.01,0.071,2,less100
17147,2009,11,1195.65625,7.086450476810611,1,WC,0,NoSA,buservices,3,satisfactory,128,0.031,0.055,3,less250
17147,2010,12,988.5342465753424,6.8962232870033064,1,WC,0,NoSA,buservices,3,satisfactory,146,0.014,0.041,3,less250
17150,2012,14,559.7099236641221,6.327418656067312,0,NoWC,0,NoSA,manufacturing,3,satisfactory,131,0.656,0.924,3,less250
17150,2013,15,520.4931506849315,6.254776728861682,0,NoWC,1,SA,manufacturing,3,satisfactory,146,0.644,0.993,3,less250
17150,2014,16,712.1118881118881,6.568235045290363,0,NoWC,1,SA,manufacturing,4,good,143,0.657,0.846,3,less250
17154,2018,20,1164.9675675675676,7.0604485266144925,1,WC,1,SA,transcom,3,satisfactory,185,0.011,0.114,3,less250
17154,2019,21,1210.5271739130435,7.098811224629283,1,WC,0,NoSA,transcom,2,sufficient,184,0.022,0.109,3,less250
17154,2020,22,1253.655737704918,7.133819152166449,1,WC,0,NoSA,wholesretail,3,satisfactory,183,0.011,0.137,3,less250
17155,2018,20,1334.6153846153845,7.1963984279134685,0,NoWC,0,NoSA,health,4,good,26,0.192,0.077,1,less50
17155,2020,22,2169.2608695652175,7.6821417754091,0,NoWC,0,NoSA,buservices,4,good,23,0.087,0.043,1,less50
17155,2021,23,2422.086956521739,7.792384826243833,0,NoWC,0,NoSA,buservices,3,satisfactory,23,0.13,0.087,1,less50
17185,2000,2,6321.426767676768,8.751700216041453,0,NoWC,0,NoSA,buservices,3,satisfactory,99,0.061,0.121,2,less100
17185,2001,3,5556.44587628866,8.622713951966125,0,NoWC,0,NoSA,buservices,3,satisfactory,97,0.021,0.165,2,less100
17185,2002,4,5773.19587628866,8.660981084207949,0,NoWC,0,NoSA,buservices,3,satisfactory,97,0.031,0.124,2,less100
17185,2004,6,6172.83950617284,8.72791422273189,0,NoWC,0,NoSA,buservices,3,satisfactory,81,0.049,0.099,2,less100
17185,2005,7,7264.605633802817,8.890769291503176,1,WC,0,NoSA,buservices,3,satisfactory,71,0.056,0.113,2,less100
17185,2006,8,7130.434782608696,8.872127490877185,1,WC,0,NoSA,buservices,4,good,69,0.043,0.174,2,less100
17185,2008,10,5933.6349206349205,8.688392275640792,1,WC,0,NoSA,buservices,4,good,63,0.063,0.19,2,less100
17188,2013,15,784.3137254901961,6.664809100371747,1,WC,0,NoSA,construction,1,unsatisfactory,408,0.007,0.789,4,more250
17188,2014,16,768.8564476885645,6.644904278072815,1,WC,0,NoSA,construction,2,sufficient,411,0.017,0.681,4,more250
17188,2015,17,680.3513513513514,6.522609357893955,1,WC,0,NoSA,construction,3,satisfactory,444,0.027,0.601,4,more250
17188,2017,19,739.1034482758621,6.605437895286468,1,WC,0,NoSA,construction,2,sufficient,435,0.011,0.598,4,more250
17197,2007,9,433.1818181818182,6.071157543289932,1,WC,0,NoSA,construction,4,good,22,0.136,0.273,1,less50
17197,2008,10,207.78571428571428,5.336507328879943,1,WC,0,NoSA,construction,4,good,28,0.036,0.5,1,less50
17197,2009,11,239.8695652173913,5.480095297343281,1,WC,0,NoSA,construction,4,good,23,0.043,0.565,1,less50
17197,2010,12,130.8695652173913,4.874201141813772,1,WC,0,NoSA,construction,3,satisfactory,23,0.043,0.522,1,less50
17197,2011,13,392.5652173913044,5.97270268237833,1,WC,0,NoSA,construction,4,good,23,0.043,0.261,1,less50
17197,2012,14,183.17391304347825,5.210436046049867,1,WC,0,NoSA,construction,4,good,23,0.087,0.652,1,less50
17197,2017,19,185.77777777777777,5.224551216308427,1,WC,0,NoSA,construction,4,good,27,0.185,0.407,1,less50
17197,2018,20,270.0769230769231,5.598706818706896,1,WC,0,NoSA,manufacturing,4,good,26,0.115,0.462,1,less50
17197,2019,21,623.5945945945946,6.435500469080939,1,WC,0,NoSA,manufacturing,4,good,37,0.162,0.568,1,less50
17225,2006,8,2033.0578512396694,7.617296269317759,1,WC,0,NoSA,health,5,very good,242,0.707,0.293,3,less250
17225,2008,10,1267.1830508474577,7.144551645692506,1,WC,0,NoSA,health,4,good,295,0.681,0.281,4,more250
17225,2009,11,1161.6161616161617,7.057567557210797,1,WC,0,NoSA,health,4,good,297,0.694,0.279,4,more250
17225,2010,12,921.049645390071,6.825513938591986,1,WC,0,NoSA,health,1,unsatisfactory,282,0.706,0.27,4,more250
17225,2011,13,892.5925925925926,6.7941302534744175,1,WC,0,NoSA,health,4,good,324,0.639,0.275,4,more250
17225,2012,14,941.8803418803419,6.847878240903195,1,WC,0,NoSA,health,4,good,351,0.712,0.282,4,more250
17225,2013,15,924.8554913294797,6.829637499718185,1,WC,0,NoSA,health,3,satisfactory,346,0.728,0.292,4,more250
17225,2014,16,981.3664596273292,6.888945947024641,1,WC,0,NoSA,health,4,good,322,0.661,0.252,4,more250
17225,2015,17,2797.377551020408,7.9364376683685585,1,WC,0,NoSA,health,4,good,294,0.718,0.279,4,more250
17225,2016,18,2940.2827586206895,7.9862610321096685,1,WC,0,NoSA,health,4,good,290,0.817,0.272,4,more250
17225,2017,19,3405.7047970479703,8.133207186018405,1,WC,0,NoSA,health,4,good,271,0.863,0.258,4,more250
17225,2018,20,3144.1926910299003,8.053312440166549,1,WC,0,NoSA,health,5,very good,301,0.864,0.292,4,more250
17225,2019,21,3042.5358255451715,8.020446599827746,1,WC,0,NoSA,health,2,sufficient,321,0.819,0.318,4,more250
17225,2020,22,3216.490506329114,8.076046139293494,1,WC,0,NoSA,health,4,good,316,0.889,0.269,4,more250
17225,2021,23,3405.9901315789475,8.133290963854652,1,WC,0,NoSA,health,3,satisfactory,304,0.842,0.28,4,more250
17283,2002,4,3906,8.270269111436624,0,NoWC,0,NoSA,public,1,unsatisfactory,134,0.164,0.575,3,less250
17283,2004,6,3180.402777777778,8.064763127432109,0,NoWC,0,NoSA,public,1,unsatisfactory,144,0.701,0.66,3,less250
17283,2005,7,3159.2335766423357,8.058084738126373,0,NoWC,0,NoSA,public,1,unsatisfactory,137,0.803,0.657,3,less250
17283,2006,8,2588.2571428571428,7.8587400103669935,0,NoWC,0,NoSA,public,4,good,140,0.814,0.657,3,less250
17283,2007,9,2819.751773049645,7.944404136316582,0,NoWC,0,NoSA,public,4,good,141,0.163,0.638,3,less250
17283,2008,10,2614.1188811188813,7.868682371772419,0,NoWC,0,NoSA,public,4,good,143,0.308,0.58,3,less250
17283,2010,12,1816.3356643356644,7.504576379270192,0,NoWC,0,NoSA,public,2,sufficient,143,0.909,0.65,3,less250
17283,2011,13,2022.3776223776224,7.6120291390068395,0,NoWC,0,NoSA,public,3,satisfactory,143,0.902,0.65,3,less250
17283,2012,14,1967.857142857143,7.5847004849658015,0,NoWC,0,NoSA,public,3,satisfactory,168,0.738,0.679,3,less250
17283,2013,15,1916.1676646706587,7.558082462359154,0,NoWC,0,NoSA,public,2,sufficient,167,0.778,0.743,3,less250
17283,2014,16,1663.157894736842,7.416473420408563,0,NoWC,0,NoSA,public,3,satisfactory,190,0.705,0.732,3,less250
17283,2015,17,4071.3004926108374,8.311717758751383,0,NoWC,0,NoSA,public,3,satisfactory,203,0.719,0.64,3,less250
17283,2016,18,3936.490099009901,8.278044767445415,0,NoWC,0,NoSA,public,2,sufficient,202,0.757,0.668,3,less250
17283,2017,19,4016.266009852217,8.29810789669096,0,NoWC,0,NoSA,public,3,satisfactory,203,0.576,0.749,3,less250
17283,2018,20,4046.6192893401017,8.305637068135518,0,NoWC,0,NoSA,public,4,good,197,0.66,0.741,3,less250
17291,1998,0,1063.695384837963,6.969504336466561,1,WC,0,NoSA,buservices,3,satisfactory,27,0.074,0.704,1,less50
17291,1999,1,826.0890355603449,6.716702558947205,1,WC,0,NoSA,buservices,4,good,29,0.034,0.724,1,less50
17291,2002,4,1042.6521739130435,6.949522913200724,1,WC,0,NoSA,buservices,3,satisfactory,23,0.043,0.783,1,less50
17291,2003,5,1229.8095238095239,7.114614577683174,1,WC,0,NoSA,buservices,2,sufficient,21,0.048,0.81,1,less50
17291,2004,6,1106.8,7.0092282479127705,1,WC,0,NoSA,buservices,2,sufficient,20,0.05,0.7,1,less50
17291,2006,8,968.45,6.875696855288249,1,WC,0,NoSA,buservices,1,unsatisfactory,20,0.05,0.75,1,less50
17291,2007,9,966.2857142857143,6.873459560963157,1,WC,0,NoSA,buservices,5,very good,21,0.048,0.857,1,less50
17291,2008,10,1066.695652173913,6.972320973663548,1,WC,0,NoSA,buservices,3,satisfactory,23,0.043,0.826,1,less50
17302,2016,18,1869.0325203252032,7.533176207157158,1,WC,0,NoSA,health,5,very good,246,0.362,0.48,3,less250
17302,2017,19,2190.3100436681225,7.69179838524131,1,WC,0,NoSA,health,5,very good,229,0.694,0.52,3,less250
17302,2018,20,2281.5720524017465,7.732619981022299,1,WC,0,NoSA,health,5,very good,229,0.734,0.515,3,less250
17302,2019,21,2001.83908045977,7.601821577253845,1,WC,0,NoSA,health,3,satisfactory,261,0.364,0.533,4,more250
17307,2006,8,3597.5263157894738,8.188001753756165,0,NoWC,0,NoSA,public,3,satisfactory,57,0.211,0.807,2,less100
17307,2007,9,3483.3859649122805,8.155760078154895,0,NoWC,0,NoSA,public,3,satisfactory,57,0.474,0.807,2,less100
17307,2008,10,3831.9,8.251116042716841,0,NoWC,0,NoSA,public,2,sufficient,60,0.233,0.8,2,less100
17307,2009,11,3921.964912280702,8.274348060331954,0,NoWC,0,NoSA,public,3,satisfactory,57,0.211,0.737,2,less100
17307,2010,12,3923.2105263157896,8.274665609392597,0,NoWC,0,NoSA,public,3,satisfactory,57,0.456,0.807,2,less100
17307,2011,13,4175,8.336869637284956,0,NoWC,0,NoSA,public,3,satisfactory,58,0.483,0.793,2,less100
17307,2012,14,3986.7818181818184,8.290739622578693,0,NoWC,0,NoSA,public,3,satisfactory,55,0.4,0.782,2,less100
17307,2013,15,3254.179104477612,8.087695327591128,0,NoWC,0,NoSA,public,4,good,67,0.045,0.836,2,less100
17307,2014,16,3585.6825396825398,8.18470412255038,0,NoWC,0,NoSA,public,4,good,63,0.048,0.825,2,less100
17307,2017,19,4041.084745762712,8.304268436341554,0,NoWC,1,SA,public,3,satisfactory,59,0.119,0.78,2,less100
17307,2018,20,3996.935483870968,8.2932832174429425,0,NoWC,0,NoSA,public,4,good,62,0.194,0.774,2,less100
17307,2020,22,4454.857142857143,8.401750272692029,0,NoWC,0,NoSA,public,2,sufficient,63,0.032,0.81,2,less100
17307,2021,23,4069,8.31115254800169,0,NoWC,0,NoSA,public,4,good,68,0.044,0.75,2,less100
17311,2017,19,1147.5669642857142,7.04539929690802,0,NoWC,0,NoSA,health,3,satisfactory,224,0.027,0.438,3,less250
17311,2018,20,1315.9429824561403,7.182308784545538,0,NoWC,0,NoSA,health,2,sufficient,228,0.026,0.456,3,less250
17311,2020,22,1263.8841201716739,7.141944893424831,0,NoWC,0,NoSA,buservices,4,good,233,0.026,0.545,3,less250
17311,2021,23,1075.3307086614172,6.980383529215632,0,NoWC,0,NoSA,buservices,3,satisfactory,254,0.02,0.61,4,more250
17369,2012,14,2546.6363636363635,7.842528694325993,1,WC,0,NoSA,wholesretail,4,good,22,0.273,0.045,1,less50
17369,2013,15,1867.391304347826,7.532297711483252,1,WC,0,NoSA,wholesretail,3,satisfactory,23,0.217,0.043,1,less50
17369,2014,16,2084.3333333333335,7.642204338899188,1,WC,0,NoSA,wholesretail,3,satisfactory,24,0.208,0,1,less50
17369,2015,17,2059.0833333333335,7.630016178930177,1,WC,0,NoSA,wholesretail,3,satisfactory,24,0.25,0.042,1,less50
17369,2016,18,1580.4074074074074,7.365437945572194,1,WC,0,NoSA,wholesretail,3,satisfactory,27,0.222,0.111,1,less50
17369,2017,19,1721.4827586206898,7.45094126740498,1,WC,0,NoSA,wholesretail,3,satisfactory,29,0.034,0.069,1,less50
17369,2018,20,1273.9512195121952,7.149878546162162,1,WC,0,NoSA,wholesretail,3,satisfactory,41,0.122,0.073,1,less50
17369,2019,21,1236.658536585366,7.12016829272203,1,WC,0,NoSA,wholesretail,3,satisfactory,41,0.122,0.049,1,less50
17369,2020,22,1386.3333333333333,7.234417651074802,1,WC,0,NoSA,transcom,4,good,39,0.154,0.051,1,less50
17369,2021,23,1462.4102564102564,7.287841214084931,1,WC,0,NoSA,transcom,4,good,39,0.128,0.051,1,less50
17388,2002,4,6010.653846153846,8.701288814648965,1,WC,0,NoSA,buservices,1,unsatisfactory,26,0.077,0.077,1,less50
17388,2003,5,5940.481481481482,8.689545466560174,1,WC,0,NoSA,buservices,2,sufficient,27,0.148,0.074,1,less50
17388,2004,6,5830.357142857143,8.670833536963473,1,WC,0,NoSA,buservices,2,sufficient,28,0.036,0.143,1,less50
17388,2006,8,4235.848484848485,8.351338937632224,1,WC,0,NoSA,buservices,2,sufficient,33,0.061,0.061,1,less50
17388,2007,9,4251.305555555556,8.3549814042879,1,WC,0,NoSA,buservices,4,good,36,0.056,0.056,1,less50
17395,2015,17,1937.4102564102564,7.569107440882606,1,WC,0,NoSA,wholesretail,5,very good,39,0.692,0.282,1,less50
17395,2018,20,1690.68,7.4328860938531855,1,WC,0,NoSA,wholesretail,5,very good,50,0.48,0.56,1,less50
17395,2019,21,1739.3777777777777,7.461282729276524,1,WC,0,NoSA,wholesretail,5,very good,45,0.289,0.667,1,less50
17400,2011,13,6153.191489361702,8.724726167556689,1,WC,0,NoSA,manufacturing,4,good,47,0.34,0.915,1,less50
17400,2012,14,6612,8.796641458940915,1,WC,0,NoSA,manufacturing,5,very good,50,0.48,0.9,1,less50
17400,2013,15,6153.846153846154,8.724832556194482,1,WC,0,NoSA,manufacturing,4,good,52,0.462,0.827,2,less100
17400,2015,17,25284.453125,10.137944984844355,1,WC,0,NoSA,manufacturing,4,good,64,0.484,0.891,2,less100
17405,2005,7,2973.75,7.997579061617167,1,WC,0,NoSA,wholesretail,4,good,20,0.1,0.1,1,less50
17405,2006,8,2973.75,7.997579061617167,1,WC,0,NoSA,wholesretail,3,satisfactory,20,0.1,0.15,1,less50
17405,2011,13,2180.72,7.687410376483635,1,WC,0,NoSA,construction,4,good,25,0.08,0.04,1,less50
17405,2012,14,2101.44,7.650378103002608,1,WC,0,NoSA,construction,4,good,25,0.12,0.12,1,less50
17405,2013,15,2101.44,7.650378103002608,1,WC,0,NoSA,construction,4,good,25,0.16,0.04,1,less50
17405,2014,16,2101.44,7.650378103002608,1,WC,0,NoSA,construction,4,good,25,0.16,0.04,1,less50
17405,2015,17,2141.08,7.669065653608556,1,WC,0,NoSA,construction,4,good,25,0.24,0.04,1,less50
17405,2016,18,2141.08,7.669065653608556,1,WC,0,NoSA,construction,3,satisfactory,25,0.16,0.04,1,less50
17405,2017,19,2180.72,7.687410376483635,1,WC,0,NoSA,construction,4,good,25,0.16,0.08,1,less50
17405,2018,20,2220.4,7.705442638816006,1,WC,0,NoSA,manufacturing,4,good,25,0.16,0.08,1,less50
17469,2006,8,554.690625,6.318410525890783,1,WC,0,NoSA,health,5,very good,320,0.016,0.534,4,more250
17469,2007,9,491.27906976744185,6.197012336531812,1,WC,0,NoSA,health,5,very good,344,0.009,0.578,4,more250
17469,2009,11,524.9183168316831,6.263242663499443,1,WC,0,NoSA,health,5,very good,404,0.012,0.666,4,more250
17469,2010,12,474.46456692913387,6.162186940718252,1,WC,0,NoSA,health,3,satisfactory,508,0.014,0.545,4,more250
17469,2011,13,483.8494623655914,6.181773830167073,1,WC,0,NoSA,health,4,good,558,0.014,0.545,4,more250
17469,2012,14,476.8201320132013,6.1671393380418165,1,WC,0,NoSA,health,5,very good,606,0.012,0.545,4,more250
17469,2013,15,634.2526096033403,6.452447312942098,1,WC,0,NoSA,health,4,good,479,0.023,0.578,4,more250
17469,2014,16,615.751012145749,6.422842680760155,1,WC,0,NoSA,health,4,good,494,0.022,0.585,4,more250
17469,2015,17,627.5725490196079,6.441859280290431,1,WC,0,NoSA,health,4,good,510,0.022,0.524,4,more250
17469,2016,18,609.8675136116152,6.413241742777388,1,WC,0,NoSA,health,4,good,551,0.018,0.537,4,more250
17469,2017,19,643.0235507246376,6.466181349888257,1,WC,0,NoSA,health,3,satisfactory,552,0.027,0.525,4,more250
17469,2018,20,679.2864406779661,6.521042895270769,1,WC,0,NoSA,health,4,good,590,0.022,0.551,4,more250
17469,2019,21,720.3046357615895,6.579674227750755,1,WC,0,NoSA,health,5,very good,604,0.022,0.575,4,more250
17469,2020,22,922.5634408602151,6.8271561441302735,1,WC,0,NoSA,buservices,4,good,465,0.011,0.538,4,more250
17469,2021,23,1100.1374722838138,7.003190425781229,1,WC,0,NoSA,buservices,1,unsatisfactory,451,0.033,0.548,4,more250
17528,2000,2,2814.0160984848485,7.9423679585125715,0,NoWC,0,NoSA,health,5,very good,198,0.091,0.237,3,less250
17528,2001,3,2912.5069444444443,7.976769482229721,0,NoWC,0,NoSA,health,5,very good,198,0.091,0.48,3,less250
17528,2002,4,2718.4466019417478,7.907815893921751,1,WC,0,NoSA,health,4,good,206,0.092,0.252,3,less250
17528,2003,5,2560.728813559322,7.848047189752914,0,NoWC,0,NoSA,health,3,satisfactory,177,0.073,0.04,3,less250
17535,1998,0,16.45302060883621,2.800509083992084,1,WC,0,NoSA,edu,3,satisfactory,290,0.007,0.576,4,more250
17535,1999,1,23.340256911057693,3.1501796341267796,1,WC,0,NoSA,edu,4,good,234,0.004,0.594,3,less250
17535,2000,2,26.69530024921595,3.2844875292841387,1,WC,0,NoSA,edu,4,good,279,0.004,0.62,4,more250
17541,2003,5,527.018018018018,6.267234737744415,1,WC,0,NoSA,public,4,good,111,0.036,0.252,3,less250
17541,2004,6,480.0081967213115,6.173803180258867,1,WC,0,NoSA,public,3,satisfactory,122,0.025,0.164,3,less250
17541,2005,7,1198.7916666666667,7.0890693840225065,1,WC,0,NoSA,public,2,sufficient,96,0.042,0.25,2,less100
17541,2006,8,434.828125,6.0749508380676795,1,WC,0,NoSA,public,3,satisfactory,128,0.031,0.188,3,less250
17541,2007,9,236.9,5.46763811116474,1,WC,0,NoSA,public,3,satisfactory,160,0.038,0.206,3,less250
17546,2001,3,1739.626680107527,7.461425817526734,0,NoWC,1,SA,manufacturing,3,satisfactory,186,0.091,0.151,3,less250
17546,2002,4,1798.017543859649,7.494439972414245,0,NoWC,1,SA,manufacturing,3,satisfactory,171,0.041,0.152,3,less250
17546,2003,5,2059.314814814815,7.6301285922877,0,NoWC,1,SA,manufacturing,1,unsatisfactory,162,0.019,0.167,3,less250
17546,2004,6,2114.9691358024693,7.656795498372703,0,NoWC,1,SA,manufacturing,3,satisfactory,162,0.019,0.16,3,less250
17561,1999,1,1498.875972762646,7.312470754694564,0,NoWC,1,SA,finance,2,sufficient,514,0.023,0.605,4,more250
17561,2001,3,1514.3435196560197,7.3227373036740095,0,NoWC,1,SA,finance,3,satisfactory,407,0.005,0.457,4,more250
17561,2002,4,1415.4943181818182,7.2552340905430635,0,NoWC,1,SA,finance,3,satisfactory,352,0.006,0.452,4,more250
17561,2003,5,1306.193083573487,7.174872142379884,0,NoWC,1,SA,finance,2,sufficient,347,0.055,0.427,4,more250
17585,2000,2,1096.9354838709678,7.000275647124593,1,WC,0,NoSA,buservices,5,very good,31,0.032,0.677,1,less50
17585,2001,3,936.5162760416666,6.842166901382523,1,WC,0,NoSA,buservices,4,good,33,0.03,0.667,1,less50
17585,2004,6,1136.5,7.0357086432925975,1,WC,0,NoSA,buservices,3,satisfactory,28,0.036,0.5,1,less50
17585,2009,11,1325.9,7.189846753120674,1,WC,0,NoSA,buservices,4,good,20,0.05,0.35,1,less50
17585,2011,13,2273,7.728855823852543,1,WC,0,NoSA,buservices,4,good,21,0.048,0.524,1,less50
17585,2012,14,2651.85,7.8830127886201415,1,WC,0,NoSA,buservices,4,good,20,0.05,0.4,1,less50
17585,2014,16,1909.35,7.554518148984553,1,WC,0,NoSA,buservices,3,satisfactory,20,0.05,0.55,1,less50
17585,2018,20,2525.5714285714284,7.834222624450709,1,WC,0,NoSA,buservices,3,satisfactory,21,0.048,0.524,1,less50
17585,2019,21,2020.4285714285713,7.611064931965187,1,WC,0,NoSA,buservices,3,satisfactory,21,0.048,0.619,1,less50
17585,2021,23,2651.85,7.8830127886201415,1,WC,0,NoSA,resthotels,4,good,20,0.05,0.55,1,less50
17589,2000,2,6953.569444444444,8.847010395845778,1,WC,0,NoSA,construction,2,sufficient,90,0.022,0.844,2,less100
17589,2005,7,3907.4772727272725,8.270647245958122,0,NoWC,0,NoSA,construction,4,good,132,0.008,0.947,3,less250
17589,2007,9,2632.2272727272725,7.875585638537669,0,NoWC,0,NoSA,construction,4,good,154,0.006,0.916,3,less250
17589,2008,10,2365.9430379746836,7.768931969005359,0,NoWC,0,NoSA,construction,4,good,158,0.013,0.899,3,less250
17589,2009,11,2346.938775510204,7.76086710923476,0,NoWC,0,NoSA,construction,3,satisfactory,147,0.075,0.912,3,less250
17589,2011,13,1902.6315789473683,7.55099324842047,0,NoWC,0,NoSA,construction,4,good,152,0.026,0.901,3,less250
17589,2013,15,2191.780821917808,7.6924696530675725,0,NoWC,0,NoSA,construction,4,good,146,0.027,0.945,3,less250
17589,2015,17,8017.908450704225,8.98943287516573,0,NoWC,0,NoSA,construction,4,good,142,0.056,0.944,3,less250
17589,2016,18,8453.691780821919,9.042358522078143,0,NoWC,0,NoSA,construction,3,satisfactory,146,0.055,0.925,3,less250
17589,2018,20,8940.559210526315,9.098353417724306,0,NoWC,0,NoSA,construction,4,good,152,0.033,0.849,3,less250
17589,2019,21,9351.375,9.143278670294173,0,NoWC,0,NoSA,construction,3,satisfactory,152,0.053,0.849,3,less250
17589,2020,22,9923.801369863013,9.20269132948271,0,NoWC,0,NoSA,wholesretail,4,good,146,0.062,0.836,3,less250
17589,2021,23,10787.08695652174,9.286105045576065,0,NoWC,0,NoSA,wholesretail,5,very good,138,0.036,0.833,3,less250
17639,2000,2,745.6449722782259,6.614249578449153,0,NoWC,0,NoSA,wholesretail,4,good,31,0.323,0.032,1,less50
17639,2001,3,821.2443498883929,6.710820689882786,0,NoWC,0,NoSA,wholesretail,4,good,28,0.071,0.036,1,less50
17639,2002,4,762.0357142857143,6.63599342372968,0,NoWC,0,NoSA,wholesretail,3,satisfactory,28,0.036,0.036,1,less50
17639,2003,5,760.4642857142857,6.633929149011195,1,WC,0,NoSA,wholesretail,4,good,28,0.036,0.036,1,less50
17647,1998,0,323.99514488286064,5.780728530750611,0,NoWC,1,SA,manufacturing,3,satisfactory,1622,0.259,0.509,4,more250
17647,1999,1,382.9626497533474,5.947937464198993,0,NoWC,1,SA,manufacturing,4,good,1419,0.29,0.519,4,more250
17647,2000,2,416.61605603448277,6.0321650687334625,0,NoWC,0,NoSA,manufacturing,5,very good,1160,0.279,0.489,4,more250
17647,2002,4,606.060606060606,6.406979991069647,0,NoWC,1,SA,manufacturing,3,satisfactory,924,0.314,0.527,4,more250
17700,2015,17,2885.7323943661972,7.967534009589708,1,WC,0,NoSA,health,4,good,71,0.042,0.817,2,less100
17700,2016,18,3192.268656716418,8.068487120665946,1,WC,0,NoSA,health,4,good,67,0.09,0.851,2,less100
17700,2018,20,3838.463768115942,8.252827505149794,1,WC,0,NoSA,health,4,good,69,0.087,0.841,2,less100
17700,2019,21,4664.101449275362,8.447650479353664,1,WC,0,NoSA,health,5,very good,69,0.101,0.826,2,less100
17732,2006,8,1197.0285714285715,7.08759757446991,1,WC,0,NoSA,manufacturing,1,unsatisfactory,35,0.086,0.686,1,less50
17732,2007,9,1762.2857142857142,7.474366946747797,1,WC,1,SA,manufacturing,2,sufficient,28,0.107,0.714,1,less50
17732,2008,10,2044.9285714285713,7.623118139470105,1,WC,0,NoSA,manufacturing,1,unsatisfactory,28,0.143,1,1,less50
17747,2000,2,2356.492319915254,7.764929487251856,1,WC,0,NoSA,manufacturing,4,good,59,0.051,0.508,2,less100
17747,2001,3,2081.8182043650795,7.640996927574348,1,WC,0,NoSA,manufacturing,3,satisfactory,63,0.032,0.46,2,less100
17747,2002,4,2091.7384615384617,7.645750798984308,1,WC,0,NoSA,manufacturing,4,good,65,0.031,0.492,2,less100
17747,2003,5,2407.671875,7.786415532608973,1,WC,0,NoSA,manufacturing,3,satisfactory,64,0.031,0.5,2,less100
17773,2011,13,1205.5675675675675,7.094705745463679,0,NoWC,0,NoSA,construction,4,good,74,0.041,0.824,2,less100
17773,2012,14,791.4102564102565,6.67381648869835,0,NoWC,0,NoSA,construction,4,good,78,0.013,0.782,2,less100
17773,2013,15,1078.0128205128206,6.982874644267259,0,NoWC,0,NoSA,construction,3,satisfactory,78,0.359,0.782,2,less100
17773,2014,16,1025.4235294117648,6.932861005655246,0,NoWC,0,NoSA,construction,3,satisfactory,85,0.459,0.753,2,less100
17773,2015,17,1119.712643678161,7.020827363225404,0,NoWC,0,NoSA,construction,3,satisfactory,87,0.011,0.713,2,less100
17783,1998,0,3852.8683449074074,8.256573174540007,0,NoWC,0,NoSA,public,3,satisfactory,27,0.37,0.63,1,less50
17783,1999,1,1891.408096590909,7.545076855311865,0,NoWC,0,NoSA,public,3,satisfactory,55,0.127,0.564,2,less100
17783,2000,2,1291.8641098484848,7.163841500675091,0,NoWC,0,NoSA,public,2,sufficient,66,0.121,0.606,2,less100
17784,2016,18,3872.8125,8.261736266259193,0,NoWC,1,SA,resthotels,3,satisfactory,32,0.125,0.719,1,less50
17784,2017,19,1799,7.4949862339505335,0,NoWC,1,SA,resthotels,2,sufficient,31,0.129,0.71,1,less50
17784,2019,21,1864.1875,7.530580580315444,1,WC,1,SA,resthotels,4,good,32,0.312,0.75,1,less50
17784,2021,23,2277.3611111111113,7.730772644227859,1,WC,1,SA,finance,3,satisfactory,36,0.194,0.861,1,less50
17800,2017,19,8006.74,8.98803896595806,1,WC,0,NoSA,buservices,5,very good,50,0.58,0.52,1,less50
17800,2018,20,9109.593220338984,9.11708333726355,1,WC,0,NoSA,buservices,4,good,59,0.508,0.559,2,less100
17800,2019,21,7823.7733333333335,8.964922240606516,1,WC,0,NoSA,buservices,4,good,75,0.507,0.56,2,less100
17800,2020,22,5842.729411764706,8.672953331669458,1,WC,0,NoSA,buservices,2,sufficient,85,0.388,0.882,2,less100
17807,2009,11,549.3630573248407,6.308759529545298,0,NoWC,0,NoSA,manufacturing,4,good,628,0.005,0.503,4,more250
17807,2011,13,486.0504201680672,6.186312363721117,0,NoWC,0,NoSA,manufacturing,4,good,595,0.005,0.511,4,more250
17807,2012,14,511.7647058823529,6.237864960586459,0,NoWC,0,NoSA,manufacturing,4,good,646,0.005,0.511,4,more250
17807,2013,15,537.8151260504202,6.28751486923028,0,NoWC,0,NoSA,manufacturing,4,good,595,0.005,0.555,4,more250
17807,2014,16,592.8705440900563,6.384976068403205,0,NoWC,0,NoSA,manufacturing,4,good,533,0.009,0.546,4,more250
17807,2015,17,3172.950980392157,8.062417342485654,0,NoWC,0,NoSA,buservices,4,good,510,0.006,0.524,4,more250
17808,2012,14,2584.4666666666667,7.857274447151748,1,WC,0,NoSA,construction,4,good,30,0.033,0.633,1,less50
17808,2013,15,2074.366666666667,7.637411165191891,1,WC,0,NoSA,construction,4,good,30,0.267,0.667,1,less50
17808,2014,16,609.71875,6.412997785270172,1,WC,0,NoSA,construction,4,good,32,0.188,0.594,1,less50
17826,1998,0,1007.3421875,6.915070643834748,0,NoWC,0,NoSA,health,2,sufficient,100,0.01,0.17,2,less100
17826,1999,1,1151.866125606796,7.049138624092116,0,NoWC,0,NoSA,health,4,good,103,0.01,0.146,3,less250
17826,2000,2,2857.2876213592235,7.95762806967299,0,NoWC,1,SA,health,4,good,103,0.01,0.136,3,less250
17826,2004,6,1868.6774193548388,7.532986197243514,0,NoWC,0,NoSA,health,3,satisfactory,124,0.008,0.581,3,less250
17826,2006,8,2582.4453125,7.856492024583709,0,NoWC,0,NoSA,health,4,good,128,0.008,0.609,3,less250
17826,2007,9,1749.7323943661972,7.467218137719456,0,NoWC,0,NoSA,health,4,good,142,0.007,0.556,3,less250
17871,2004,6,1121.34375,7.022283021917848,1,WC,0,NoSA,construction,4,good,32,0.031,0.25,1,less50
17871,2005,7,1264.4333333333334,7.142379342959273,1,WC,0,NoSA,construction,3,satisfactory,30,0.033,0.267,1,less50
17871,2006,8,1414.103448275862,7.254251003805816,1,WC,0,NoSA,construction,3,satisfactory,29,0.034,0.241,1,less50
17871,2007,9,717.6666666666666,6.5760052086962535,1,WC,0,NoSA,construction,3,satisfactory,30,0.033,0.233,1,less50
17871,2008,10,240.28125,5.481810112232454,1,WC,0,NoSA,construction,4,good,32,0.031,0.219,1,less50
17888,2004,6,2066.115702479339,7.633425651247642,0,NoWC,0,NoSA,buservices,3,satisfactory,242,0.079,0.136,3,less250
17888,2005,7,2167.172268907563,7.681178494873017,0,NoWC,0,NoSA,buservices,3,satisfactory,238,0.08,0.134,3,less250
17888,2006,8,2135.6363636363635,7.6665199438440395,0,NoWC,0,NoSA,buservices,3,satisfactory,220,0.073,0.145,3,less250
17888,2007,9,1825.9594594594594,7.509860859079018,0,NoWC,0,NoSA,buservices,5,very good,222,0.063,0.149,3,less250
17908,2007,9,1550.888888888889,7.346583522240878,1,WC,1,SA,transcom,5,very good,27,0.037,0.185,1,less50
17908,2008,10,1700.28,7.438548222364136,1,WC,0,NoSA,transcom,3,satisfactory,25,0.08,0.2,1,less50
17908,2010,12,2164.7083333333335,7.680040912346542,1,WC,0,NoSA,transcom,5,very good,24,0.042,0.167,1,less50
17913,2003,5,2176.7916666666665,7.68560735921229,1,WC,0,NoSA,buservices,4,good,24,0.292,0.417,1,less50
17913,2004,6,1362.04,7.216738854853833,1,WC,0,NoSA,buservices,4,good,25,0.32,0.44,1,less50
17913,2005,7,1982.4583333333333,7.592092936054006,1,WC,0,NoSA,buservices,3,satisfactory,24,0.333,0.458,1,less50
17913,2006,8,1554.875,7.349150435530129,1,WC,0,NoSA,buservices,3,satisfactory,24,0.458,0.5,1,less50
17913,2007,9,1535.4166666666667,7.3365570672695375,1,WC,0,NoSA,buservices,3,satisfactory,24,0.083,0.458,1,less50
17915,2015,17,1725.1,7.453040298799698,1,WC,0,NoSA,construction,3,satisfactory,30,0.833,0.133,1,less50
17915,2016,18,1616.3333333333333,7.387915488437242,1,WC,0,NoSA,construction,4,good,33,0.758,0.121,1,less50
17915,2017,19,1271.7560975609756,7.148153978313732,1,WC,0,NoSA,construction,1,unsatisfactory,41,0.61,0.098,1,less50
17915,2018,20,774.1346153846154,6.651745780152654,1,WC,0,NoSA,construction,4,good,52,0.481,0.077,2,less100
17915,2019,21,772.3272727272728,6.649408388595721,1,WC,0,NoSA,construction,1,unsatisfactory,55,0.455,0.255,2,less100
17915,2021,23,684.5166666666667,6.528712993105077,1,WC,0,NoSA,construction,3,satisfactory,60,0.383,0.317,2,less100
17943,1998,0,2122.3251241721855,7.660267523352831,0,NoWC,0,NoSA,finance,4,good,151,0.026,0.232,3,less250
17943,1999,1,1841.9140114379086,7.518560533552917,0,NoWC,0,NoSA,finance,4,good,153,0.039,0.235,3,less250
17943,2000,2,1644.878405448718,7.405421742807073,0,NoWC,0,NoSA,finance,4,good,156,0.109,0.231,3,less250
17969,2013,15,2406.0150375939847,7.785727146554155,0,NoWC,0,NoSA,construction,4,good,133,0.504,0.534,3,less250
17969,2014,16,2000,7.600902459542082,0,NoWC,0,NoSA,construction,4,good,158,0.405,0.468,3,less250
17969,2015,17,3992.974683544304,8.292291766833833,0,NoWC,0,NoSA,construction,4,good,158,0.418,0.475,3,less250
17969,2016,18,5244.812949640288,8.564994857590142,0,NoWC,0,NoSA,construction,3,satisfactory,139,0.453,0.496,3,less250
17969,2017,19,5302.992907801418,8.576026639742576,0,NoWC,0,NoSA,construction,4,good,141,0.447,0.496,3,less250
17969,2018,20,4334.214765100671,8.374295734422022,0,NoWC,0,NoSA,construction,4,good,149,0.409,0.477,3,less250
17969,2019,21,4885.151315789473,8.493955539593767,1,WC,0,NoSA,construction,4,good,152,0.487,0.48,3,less250
18004,2009,11,6145.735294117647,8.72351367214326,0,NoWC,0,NoSA,manufacturing,3,satisfactory,34,0.088,0.029,1,less50
18004,2010,12,3949.7254901960782,8.281401359327306,0,NoWC,0,NoSA,manufacturing,3,satisfactory,51,0.039,0.118,2,less100
18004,2011,13,4796.24,8.475587556596778,0,NoWC,0,NoSA,manufacturing,4,good,50,0.04,0.3,1,less50
18004,2012,14,4975.604166666667,8.5123020827554,0,NoWC,0,NoSA,manufacturing,4,good,48,0.083,0.25,1,less50
18004,2013,15,4725.078431372549,8.460639439022362,0,NoWC,0,NoSA,manufacturing,3,satisfactory,51,0.059,0.235,2,less100
18004,2014,16,3818.7241379310344,8.247671650505755,0,NoWC,0,NoSA,manufacturing,2,sufficient,58,0.017,0.276,2,less100
18004,2015,17,4075.3,8.312699642597073,0,NoWC,0,NoSA,manufacturing,2,sufficient,60,0.017,0.233,2,less100
18004,2018,20,5168.2692307692305,8.550293139842582,0,NoWC,0,NoSA,manufacturing,2,sufficient,52,0.038,0.288,2,less100
18004,2019,21,4747.724137931034,8.465420653353155,0,NoWC,0,NoSA,manufacturing,2,sufficient,58,0.121,0.276,2,less100
18004,2020,22,5388.122448979592,8.591952263511734,0,NoWC,0,NoSA,manufacturing,2,sufficient,49,0.082,0.204,1,less50
18004,2021,23,4545.02,8.421787407041942,0,NoWC,0,NoSA,manufacturing,2,sufficient,50,0.06,0.2,1,less50
18058,2015,17,1817.8,7.50538225768467,0,NoWC,0,NoSA,buservices,4,good,45,0.044,0.156,1,less50
18058,2016,18,1940.26,7.57057726369597,0,NoWC,0,NoSA,buservices,4,good,50,0.04,0.24,1,less50
18058,2017,19,1940.26,7.57057726369597,0,NoWC,0,NoSA,buservices,4,good,50,0.04,0.24,1,less50
18058,2018,20,2244.176470588235,7.716093904632641,1,WC,0,NoSA,buservices,4,good,51,0.039,0.235,2,less100
18058,2019,21,1964,7.582738488914411,1,WC,0,NoSA,buservices,4,good,47,0.106,0.213,1,less50
18058,2021,23,2335.785714285714,7.756103607842251,1,WC,0,NoSA,buservices,4,good,42,0.119,0.31,1,less50
18067,2002,4,2343.733333333333,7.7595003785823256,1,WC,0,NoSA,public,1,unsatisfactory,210,0.052,0.114,3,less250
18067,2003,5,2108.1348837209302,7.65355889419908,1,WC,0,NoSA,public,4,good,215,0.07,0.107,3,less250
18067,2004,6,2200.9266055045873,7.696633734993456,1,WC,0,NoSA,public,1,unsatisfactory,218,0.069,0.11,3,less250
18067,2005,7,2185.5381355932204,7.689617363518882,1,WC,0,NoSA,public,1,unsatisfactory,236,0.064,0.068,3,less250
18067,2006,8,2033.0578512396694,7.617296269317759,1,WC,0,NoSA,public,2,sufficient,242,0.062,0.074,3,less250
18067,2007,9,1608.5833333333333,7.383109153439875,1,WC,0,NoSA,public,1,unsatisfactory,252,0.063,0.063,4,more250
18085,1999,1,615.7198569482289,6.42279208240934,0,NoWC,1,SA,wholesretail,4,good,1101,0.166,0.669,4,more250
18085,2001,3,436.6806933421517,6.079202249168781,0,NoWC,1,SA,wholesretail,4,good,1134,0.214,0.492,4,more250
18085,2002,4,524.0898268398269,6.261663094896255,0,NoWC,1,SA,wholesretail,4,good,924,0.263,0.527,4,more250
18085,2003,5,623.4511691884456,6.435270444793224,0,NoWC,1,SA,wholesretail,2,sufficient,727,0.329,0.557,4,more250
18085,2004,6,562.429696287964,6.3322661418904245,0,NoWC,1,SA,wholesretail,4,good,889,0.274,0.541,4,more250
18085,2005,7,505.1782566111655,6.224911350379826,0,NoWC,1,SA,wholesretail,4,good,1021,0.292,0.481,4,more250
18099,1999,1,1022.4342548076924,6.929941587373136,0,NoWC,1,SA,public,4,good,65,0.046,0.508,2,less100
18099,2000,2,883.5814505912163,6.783983478332415,0,NoWC,0,NoSA,public,4,good,74,0.041,0.446,2,less100
18099,2003,5,765.273381294964,6.640233131158129,0,NoWC,1,SA,public,3,satisfactory,139,0.978,0.41,3,less250
18099,2004,6,1024.701388888889,6.932156521215009,0,NoWC,1,SA,public,4,good,144,0.847,0.382,3,less250
18099,2005,7,2789.8688524590166,7.93374986742349,0,NoWC,1,SA,public,4,good,61,0.016,0.377,2,less100
18099,2008,10,5691.469387755102,8.646723734160823,0,NoWC,1,SA,public,4,good,49,0.02,0.224,1,less50
18099,2010,12,2117.984375,7.658220148891458,0,NoWC,1,SA,public,4,good,64,0.016,0.172,2,less100
18099,2012,14,3147,8.054204897064407,0,NoWC,1,SA,public,4,good,66,0.015,0.212,2,less100
18099,2013,15,3751.6065573770493,8.22993944252137,0,NoWC,1,SA,public,4,good,61,0.016,0.213,2,less100
18099,2014,16,3451.013698630137,8.146423292556985,0,NoWC,1,SA,public,4,good,73,0.014,0.192,2,less100
18099,2015,17,3223.122807017544,8.078105984414856,0,NoWC,1,SA,public,2,sufficient,57,0.018,0.193,2,less100
18099,2016,18,2511.8720930232557,7.8287836079092425,1,WC,1,SA,public,2,sufficient,86,0.035,0.081,2,less100
18099,2017,19,2789.6052631578946,7.933655382066679,0,NoWC,1,SA,public,3,satisfactory,76,0.039,0.145,2,less100
18099,2018,20,2221.2795698924733,7.705838691655988,0,NoWC,0,NoSA,public,2,sufficient,93,0.032,0.118,2,less100
18099,2020,22,5911.724137931034,8.684692800160985,0,NoWC,0,NoSA,public,4,good,29,0.103,0.138,1,less50
18122,2001,3,555.4203195701358,6.319725159673643,1,WC,1,SA,edu,3,satisfactory,221,0.005,0.104,3,less250
18122,2003,5,810.9288888888889,6.698180367026732,1,WC,1,SA,edu,4,good,225,0.004,0.138,3,less250
18122,2007,9,966.375,6.873551957640639,0,NoWC,1,SA,edu,3,satisfactory,216,0.014,0.116,3,less250
18132,2006,8,350.679012345679,5.8598713103187885,1,WC,0,NoSA,edu,4,good,81,0.284,0.012,2,less100
18132,2008,10,287.6455696202532,5.661729061209996,1,WC,0,NoSA,edu,3,satisfactory,79,0.354,0.19,2,less100
18132,2009,11,319.60759493670884,5.767093977491831,1,WC,0,NoSA,edu,4,good,79,0.468,0.051,2,less100
18132,2010,12,370.9746835443038,5.9161338218540305,1,WC,0,NoSA,edu,3,satisfactory,79,0.62,0.165,2,less100
18132,2011,13,367.55434782608694,5.90687119296,1,WC,0,NoSA,edu,4,good,92,0.304,0.141,2,less100
18132,2012,14,473.65934065934067,6.16048837272108,1,WC,0,NoSA,edu,4,good,91,0.374,0.132,2,less100
18132,2013,15,657.6263736263736,6.488636948817272,1,WC,0,NoSA,edu,3,satisfactory,91,0.451,0.132,2,less100
18132,2014,16,648.2555555555556,6.474284994463895,1,WC,0,NoSA,edu,3,satisfactory,90,0.478,0.167,2,less100
18132,2015,17,866.6777777777778,6.764667255772102,1,WC,0,NoSA,edu,2,sufficient,90,0.478,0.133,2,less100
18132,2016,18,873.2631578947369,6.772236951302868,1,WC,0,NoSA,edu,3,satisfactory,95,0.305,0.126,2,less100
18132,2017,19,1055.2340425531916,6.961517862589674,1,WC,0,NoSA,edu,4,good,94,0.33,0.138,2,less100
18132,2018,20,1764.2826086956522,7.475499432745784,1,WC,0,NoSA,edu,4,good,92,0.337,0.13,2,less100
18132,2019,21,1514.3369565217392,7.322732969684782,1,WC,1,SA,edu,4,good,92,0.337,0.13,2,less100
18135,2000,2,4108.875,8.320904547393667,0,NoWC,0,NoSA,health,3,satisfactory,111,0.396,0.667,3,less250
18135,2002,4,2366.811320754717,7.769298893939113,0,NoWC,0,NoSA,health,4,good,106,0.434,0.632,3,less250
18135,2004,6,1952.104761904762,7.576663434541495,0,NoWC,0,NoSA,health,1,unsatisfactory,105,0.886,0.705,3,less250
18135,2005,7,1911.9903846153845,7.555900064631852,0,NoWC,0,NoSA,health,2,sufficient,104,0.904,0.538,3,less250
18135,2006,8,1965.5961538461538,7.583550864472329,0,NoWC,0,NoSA,health,2,sufficient,104,0.76,0.558,3,less250
18135,2007,9,1714.0485436893205,7.446613420629084,0,NoWC,0,NoSA,health,3,satisfactory,103,0.738,0.621,3,less250
18135,2008,10,1714.0485436893205,7.446613420629084,0,NoWC,0,NoSA,health,4,good,103,0.883,0.621,3,less250
18137,2010,12,5347.194444444444,8.584327299435179,0,NoWC,0,NoSA,manufacturing,3,satisfactory,36,0.222,0.944,1,less50
18137,2011,13,6743.4838709677415,8.816331965164586,0,NoWC,0,NoSA,manufacturing,2,sufficient,31,0.129,0.968,1,less50
18137,2012,14,6651.484848484848,8.8025953942118491,0,NoWC,0,NoSA,manufacturing,3,satisfactory,33,0.121,0.939,1,less50
18137,2013,15,6053.393939393939,8.708374375451472,0,NoWC,0,NoSA,manufacturing,3,satisfactory,33,0.333,0.97,1,less50
18145,2011,13,2677.777777777778,7.892742542142527,0,NoWC,0,NoSA,transcom,4,good,108,0.046,0.435,3,less250
18145,2012,14,3800,8.242756345714477,0,NoWC,0,NoSA,transcom,4,good,87,0.08,0.402,2,less100
18145,2013,15,3636.3636363636365,8.198739460297704,0,NoWC,0,NoSA,transcom,4,good,88,0.148,0.318,2,less100
18145,2015,17,5363.048611111111,8.587287863105768,0,NoWC,0,NoSA,transcom,4,good,144,0.083,0.396,3,less250
18145,2016,18,8127.3490566037735,9.002990080071275,0,NoWC,0,NoSA,transcom,4,good,106,0.104,0.434,3,less250
18145,2018,20,10029.59090909091,9.213295093393462,0,NoWC,0,NoSA,transcom,4,good,110,0.027,0.455,3,less250
18150,1998,0,875.2788254310345,6.774542493232522,0,NoWC,0,NoSA,resthotels,4,good,29,0.138,0.517,1,less50
18150,2001,3,691.7779224537037,6.539264982801729,0,NoWC,0,NoSA,resthotels,3,satisfactory,27,0.222,0.63,1,less50
18150,2002,4,568.7142857142857,6.343378173945004,0,NoWC,0,NoSA,resthotels,3,satisfactory,28,0.179,0.607,1,less50
18179,2014,16,2155.019230769231,7.675554926288858,1,WC,0,NoSA,buservices,1,unsatisfactory,52,0.019,0.096,2,less100
18179,2016,18,1903.0151515151515,7.551194829174675,1,WC,0,NoSA,buservices,4,good,66,0.015,0.045,2,less100
18179,2017,19,1549.1818181818182,7.345482211309022,1,WC,0,NoSA,buservices,2,sufficient,66,0.015,0.045,2,less100
18184,2014,16,809.0277777777778,6.695833252411892,1,WC,0,NoSA,wholesretail,3,satisfactory,36,0.361,0.556,1,less50
18184,2017,19,2472.0416666666665,7.812799673883211,1,WC,0,NoSA,wholesretail,4,good,24,0.667,0.833,1,less50
18184,2019,21,3451.85,8.146665598188523,1,WC,0,NoSA,wholesretail,4,good,20,0.5,0.6,1,less50
18184,2020,22,3922.5454545454545,8.27449607269695,1,WC,0,NoSA,wholesretail,4,good,22,0.636,0.727,1,less50
18184,2021,23,4777.0952380952385,8.47158794999157,1,WC,0,NoSA,wholesretail,5,very good,21,0.762,0.667,1,less50
18227,2015,17,2676.801801801802,7.892378003350161,0,NoWC,0,NoSA,manufacturing,3,satisfactory,333,0.036,0.724,4,more250
18227,2016,18,2734.1743119266057,7.9135847723570585,0,NoWC,0,NoSA,manufacturing,4,good,327,0.04,0.777,4,more250
18227,2017,19,1793.2450704225353,7.491782146040008,0,NoWC,0,NoSA,manufacturing,3,satisfactory,355,0.037,0.73,4,more250
18227,2018,20,1843.3240997229916,7.519325796643858,0,NoWC,0,NoSA,manufacturing,4,good,361,0.053,0.734,4,more250
18227,2020,22,4326.693121693122,8.372558815984172,0,NoWC,0,NoSA,manufacturing,3,satisfactory,378,0.053,0.725,4,more250
18280,2018,20,3013.75,8.010940429495381,0,NoWC,0,NoSA,edu,5,very good,20,0.2,0.8,1,less50
18280,2020,22,1688.5652173913043,7.431634463534147,0,NoWC,0,NoSA,buservices,3,satisfactory,23,0.13,0.826,1,less50
18280,2021,23,1317.1538461538462,7.183228510527434,0,NoWC,0,NoSA,buservices,5,very good,26,0.115,0.808,1,less50
18295,2007,9,2427.323353293413,7.794544428534543,0,NoWC,0,NoSA,edu,4,good,167,0.024,0.455,3,less250
18295,2008,10,2198.935294117647,7.695728564982064,0,NoWC,0,NoSA,edu,4,good,170,0.047,0.482,3,less250
18295,2010,12,1643.8987341772151,7.404825976503133,0,NoWC,0,NoSA,edu,3,satisfactory,158,0.12,0.348,3,less250
18304,2009,11,1189.1315789473683,7.0809785541066015,1,WC,0,NoSA,wholesretail,3,satisfactory,38,0.132,0.421,1,less50
18304,2010,12,464.0810810810811,6.140059280669578,1,WC,0,NoSA,wholesretail,3,satisfactory,37,0.135,0.324,1,less50
18304,2011,13,610.6486486486486,6.41452175064265,1,WC,0,NoSA,wholesretail,4,good,37,0.108,0.351,1,less50
18304,2012,14,1343.4054054054054,7.202963016499974,1,WC,0,NoSA,wholesretail,4,good,37,0.108,0.324,1,less50
18304,2013,15,757.1891891891892,6.629613141881409,1,WC,0,NoSA,wholesretail,5,very good,37,0.135,0.297,1,less50
18304,2014,16,977.027027027027,6.884514314942686,1,WC,0,NoSA,wholesretail,5,very good,37,0.108,0.297,1,less50
18304,2015,17,977.027027027027,6.884514314942686,1,WC,0,NoSA,wholesretail,5,very good,37,0.108,0.297,1,less50
18316,1999,1,1718.557096962617,7.449240320621642,0,NoWC,0,NoSA,wholesretail,2,sufficient,107,0.093,0.234,3,less250
18316,2000,2,1504.1720238095238,7.315997875502102,0,NoWC,0,NoSA,wholesretail,4,good,105,0.067,0.257,3,less250
18316,2001,3,1203.4408185840707,7.092940081592813,0,NoWC,0,NoSA,wholesretail,3,satisfactory,113,0.053,0.283,3,less250
18329,2005,7,6528.949367088608,8.78400131607747,0,NoWC,0,NoSA,buservices,4,good,79,0.013,0.506,2,less100
18329,2006,8,7569.2307692307695,8.931846725578808,0,NoWC,0,NoSA,buservices,4,good,65,0.031,0.538,2,less100
18329,2007,9,4094.5757575757575,8.317418390816709,0,NoWC,0,NoSA,buservices,4,good,99,0.051,0.465,2,less100
18333,2018,20,1982.4444444444443,7.592085930137509,0,NoWC,0,NoSA,buservices,1,unsatisfactory,27,0.148,0.148,1,less50
18333,2019,21,1911.655172413793,7.5557247281905155,0,NoWC,0,NoSA,buservices,2,sufficient,29,0.172,0.172,1,less50
18333,2020,22,2606.7727272727275,7.865868232255548,1,WC,0,NoSA,public,3,satisfactory,22,0.136,0.136,1,less50
18349,2001,3,2286.6812238493726,7.734856798146444,0,NoWC,0,NoSA,buservices,4,good,239,0.402,0.029,3,less250
18349,2006,8,1782.608695652174,7.485833129757295,0,NoWC,0,NoSA,buservices,3,satisfactory,276,0.236,0.467,4,more250
18349,2007,9,1427.3345070422536,7.263564002790092,0,NoWC,0,NoSA,buservices,4,good,284,0.475,0.461,4,more250
18357,1998,0,1308.0875477099237,7.176321462277206,0,NoWC,0,NoSA,finance,4,good,262,0.198,0.561,4,more250
18357,1999,1,1575.4127851711028,7.3622726027441665,0,NoWC,0,NoSA,finance,4,good,263,0.103,0.525,4,more250
18357,2001,3,1916.5042509191176,7.558258102881869,0,NoWC,0,NoSA,finance,4,good,272,0.118,0.647,4,more250
18357,2002,4,2005.1235059760957,7.603460936834101,0,NoWC,0,NoSA,finance,4,good,251,0.092,0.55,4,more250
18382,2015,17,2899.285714285714,7.972219680217685,0,NoWC,0,NoSA,construction,2,sufficient,21,0.429,0.095,1,less50
18382,2016,18,2622.4,7.8718452079895656,0,NoWC,0,NoSA,construction,3,satisfactory,25,0.64,0.08,1,less50
18382,2017,19,3233.304347826087,8.081259911193312,0,NoWC,0,NoSA,construction,3,satisfactory,23,0.522,0.174,1,less50
18382,2018,20,3346.782608695652,8.115754748010085,0,NoWC,0,NoSA,construction,3,satisfactory,23,0.783,0.13,1,less50
18382,2019,21,4631.6,8.440657659738118,0,NoWC,0,NoSA,construction,2,sufficient,20,0.6,0.1,1,less50
18382,2020,22,4339.3,8.375468323763187,0,NoWC,0,NoSA,wholesretail,4,good,20,0.5,0.1,1,less50
18407,2003,5,2225.5320512820513,7.707751290186422,1,WC,0,NoSA,wholesretail,3,satisfactory,156,0.026,0.128,3,less250
18407,2004,6,2286.4444444444443,7.734753245599536,1,WC,0,NoSA,wholesretail,3,satisfactory,171,0.006,0.094,3,less250
18407,2005,7,2213.6666666666665,7.702405544872604,1,WC,0,NoSA,wholesretail,4,good,180,0.011,0.133,3,less250
18407,2006,8,1942.2870813397128,7.5716214655981915,1,WC,0,NoSA,wholesretail,4,good,209,0.01,0.124,3,less250
18429,2004,6,562.429696287964,6.3322661418904245,0,NoWC,0,NoSA,manufacturing,4,good,889,0.039,0.541,4,more250
18429,2005,7,505.1782566111655,6.224911350379826,0,NoWC,0,NoSA,manufacturing,3,satisfactory,1021,0.032,0.481,4,more250
18429,2007,9,594.3739002932551,6.387508583107836,0,NoWC,0,NoSA,manufacturing,3,satisfactory,682,0.072,0.57,4,more250
18439,2014,16,5270.962264150943,8.569968217685384,0,NoWC,0,NoSA,buservices,5,very good,53,0.057,0.075,2,less100
18439,2015,17,5167.771929824561,8.55019691326273,0,NoWC,0,NoSA,buservices,5,very good,57,0.053,0.053,2,less100
18439,2017,19,4194.203125,8.341458642573276,0,NoWC,0,NoSA,buservices,5,very good,64,0.062,0.047,2,less100
18440,2002,4,1429.219512195122,7.264883778585532,1,WC,0,NoSA,manufacturing,3,satisfactory,41,0.073,0.659,1,less50
18440,2003,5,873.6666666666666,6.7726989146552965,0,NoWC,0,NoSA,manufacturing,2,sufficient,39,0.103,0.667,1,less50
18440,2004,6,2031.7560975609756,7.616655770766242,1,WC,0,NoSA,manufacturing,3,satisfactory,41,0.098,0.634,1,less50
18440,2005,7,2861.5526315789475,7.95911963468331,0,NoWC,0,NoSA,manufacturing,4,good,38,0.132,0.658,1,less50
18442,2012,14,605.4945054945055,6.406045488624156,0,NoWC,0,NoSA,manufacturing,4,good,546,0.179,0.375,4,more250
18442,2013,15,589.3186003683242,6.378966954841974,0,NoWC,0,NoSA,manufacturing,4,good,543,0.361,0.366,4,more250
18442,2014,16,592.8705440900563,6.384976068403205,0,NoWC,0,NoSA,manufacturing,4,good,533,0.34,0.364,4,more250
18459,2016,18,1972.041095890411,7.586824374646457,0,NoWC,0,NoSA,finance,3,satisfactory,292,0.384,0.339,4,more250
18459,2018,20,1925.7657657657658,7.563078968018083,0,NoWC,1,SA,finance,4,good,333,0.303,0.36,4,more250
18459,2019,21,1750.4757575757576,7.467642891441788,0,NoWC,1,SA,finance,4,good,330,0.312,0.373,4,more250
18459,2020,22,2143.45530726257,7.670174435464966,0,NoWC,0,NoSA,finance,4,good,358,0.274,0.405,4,more250
18459,2021,23,1585.9897698209718,7.3689639518719545,0,NoWC,1,SA,finance,4,good,391,0.248,0.417,4,more250
18474,2008,10,2660.280701754386,7.886186923183498,0,NoWC,0,NoSA,wholesretail,3,satisfactory,57,0.211,0.754,2,less100
18474,2009,11,2193.9137931034484,7.693442347949933,0,NoWC,0,NoSA,wholesretail,4,good,58,0.086,0.81,2,less100
18474,2010,12,1606.6515151515152,7.381907487928449,0,NoWC,0,NoSA,construction,3,satisfactory,66,0.197,0.758,2,less100
18474,2011,13,969.1081081081081,6.8763761723427015,0,NoWC,1,SA,construction,3,satisfactory,74,0.095,0.757,2,less100
18475,2003,5,4235.13829787234,8.351171262485037,1,WC,0,NoSA,manufacturing,3,satisfactory,94,0.202,0.585,2,less100
18475,2004,6,2879.148936170213,7.965250021184586,1,WC,0,NoSA,manufacturing,4,good,141,0.064,0.574,3,less250
18475,2005,7,2722.337748344371,7.909246256463446,1,WC,0,NoSA,manufacturing,4,good,151,0.06,0.563,3,less250
18475,2007,9,4112.784946236559,8.321855680512012,1,WC,0,NoSA,manufacturing,4,good,93,0.065,0.495,2,less100
18475,2008,10,5191.930555555556,8.55486088301627,1,WC,0,NoSA,manufacturing,4,good,72,0.083,0.5,2,less100
18475,2009,11,4207.317073170731,8.344580448749243,1,WC,0,NoSA,manufacturing,3,satisfactory,82,0.073,0.646,2,less100
18475,2011,13,3570.3703703703704,8.180424614594308,1,WC,0,NoSA,manufacturing,4,good,81,0.21,0.531,2,less100
18475,2014,16,8777.777777777777,9.07997855411294,1,WC,0,NoSA,manufacturing,4,good,36,0.694,0.528,1,less50
18475,2016,18,12952.547619047618,9.469047775118982,1,WC,0,NoSA,manufacturing,2,sufficient,42,0.643,0.5,1,less50
18475,2017,19,11810.675,9.376759062511555,0,NoWC,0,NoSA,manufacturing,5,very good,40,0.325,0.475,1,less50
18475,2019,21,11904.214285714286,9.384647758062927,0,NoWC,0,NoSA,manufacturing,5,very good,42,0.857,0.476,1,less50
18476,2013,15,2510.4,7.828197381978768,1,WC,0,NoSA,health,2,sufficient,40,0.1,0.375,1,less50
18476,2015,17,2390.8571428571427,7.779407217809336,1,WC,0,NoSA,health,4,good,42,0.071,0.31,1,less50
18476,2017,19,3084.3333333333335,8.03409081358092,1,WC,0,NoSA,health,4,good,36,0.083,0.278,1,less50
18476,2018,20,3322.5588235294117,8.108490495029445,1,WC,0,NoSA,health,4,good,34,0.059,0.324,1,less50
18476,2019,21,3364.7272727272725,8.12110219057055,1,WC,0,NoSA,health,4,good,33,0.061,0.455,1,less50
18476,2020,22,3243.2051282051284,8.08431735691415,1,WC,0,NoSA,buservices,4,good,39,0.103,0.436,1,less50
18476,2021,23,2847.076923076923,7.954048105907384,1,WC,0,NoSA,buservices,4,good,39,0.128,0.436,1,less50
18488,2011,13,2213.6222222222223,7.702385467373457,0,NoWC,0,NoSA,manufacturing,5,very good,45,0.111,0.111,1,less50
18488,2013,15,1478.8157894736842,7.298996904225982,0,NoWC,0,NoSA,manufacturing,3,satisfactory,38,0.237,0.105,1,less50
18488,2014,16,1337.9761904761904,7.198913445668999,0,NoWC,0,NoSA,manufacturing,5,very good,42,0.214,0.143,1,less50
18488,2015,17,1810.2857142857142,7.501239964998894,0,NoWC,0,NoSA,manufacturing,5,very good,42,0.095,0.167,1,less50
18488,2016,18,2861.5714285714284,7.959126203470666,0,NoWC,0,NoSA,manufacturing,3,satisfactory,42,0.19,0.19,1,less50
18488,2017,19,2542.108695652174,7.840749210729861,0,NoWC,0,NoSA,manufacturing,3,satisfactory,46,0.37,0.174,1,less50
18488,2018,20,2263.931818181818,7.724858323225515,0,NoWC,0,NoSA,manufacturing,2,sufficient,44,0.568,0.182,1,less50
18488,2019,21,2681.095238095238,7.8939806609527405,0,NoWC,0,NoSA,manufacturing,4,good,42,0.69,0.19,1,less50
18488,2020,22,3180.5833333333335,8.064819897106638,0,NoWC,0,NoSA,manufacturing,3,satisfactory,48,0.938,0.125,1,less50
18488,2021,23,1872.2708333333333,7.534907322498911,0,NoWC,0,NoSA,manufacturing,3,satisfactory,48,0.292,0.146,1,less50
18498,2007,9,4997.857142857143,8.516764528124684,0,NoWC,0,NoSA,resthotels,4,good,28,0.25,0.286,1,less50
18498,2008,10,4678.766666666666,8.450789821417299,0,NoWC,0,NoSA,resthotels,4,good,30,0.067,0.267,1,less50
18498,2009,11,5597.6,8.630093213431687,1,WC,0,NoSA,resthotels,4,good,30,0.3,0.267,1,less50
18498,2011,13,5480.875,8.609020038728765,0,NoWC,0,NoSA,resthotels,4,good,32,0.031,0.25,1,less50
18498,2012,14,5312.911764705882,8.57789531887955,0,NoWC,0,NoSA,resthotels,4,good,34,0.118,0.235,1,less50
18548,2001,3,2890.327034883721,7.9691249355636895,0,NoWC,0,NoSA,finance,4,good,86,0.209,0.605,2,less100
18548,2002,4,2233.089108910891,7.711141156512335,0,NoWC,0,NoSA,finance,4,good,101,0.238,0.287,3,less250
18548,2004,6,2214.862068965517,7.702945409192899,0,NoWC,0,NoSA,finance,4,good,87,0.287,0.437,2,less100
18548,2005,7,2602.4594594594596,7.864212222830601,0,NoWC,0,NoSA,finance,5,very good,74,0.446,0.514,2,less100
18568,2014,16,1671.957671957672,7.4217504775094065,0,NoWC,0,NoSA,health,1,unsatisfactory,189,0.206,0.497,3,less250
18568,2016,18,3628.8829268292684,8.19668014624333,0,NoWC,0,NoSA,health,2,sufficient,205,0.21,0.395,3,less250
18568,2017,19,4872.847161572053,8.491433678011814,0,NoWC,0,NoSA,health,2,sufficient,229,0.079,0.41,3,less250
18572,2008,10,1490.6352941176472,7.306957679959877,0,NoWC,0,NoSA,wholesretail,4,good,85,0.471,0.624,2,less100
18572,2009,11,1673.5238095238096,7.422686747932192,0,NoWC,0,NoSA,wholesretail,4,good,84,0.464,0.69,2,less100
18572,2010,12,2774.5384615384614,7.928239692181482,0,NoWC,0,NoSA,wholesretail,3,satisfactory,52,0.731,0.942,2,less100
18572,2011,13,2881.25,7.965979506744959,0,NoWC,0,NoSA,wholesretail,4,good,52,0.538,0.885,2,less100
18572,2012,14,2161.974025974026,7.678776984238931,0,NoWC,0,NoSA,wholesretail,3,satisfactory,77,0.455,0.922,2,less100
18587,2002,4,1469.6914893617022,7.292807786564228,0,NoWC,1,SA,manufacturing,4,good,94,0.479,0.17,2,less100
18587,2004,6,1273.3815789473683,7.149431301440415,0,NoWC,0,NoSA,manufacturing,4,good,76,0.513,0.171,2,less100
18587,2005,7,2173.2291666666665,7.683969435656083,0,NoWC,1,SA,manufacturing,3,satisfactory,48,0.708,0.188,1,less50
18596,2017,19,1573.611111111111,7.361128328000042,0,NoWC,0,NoSA,public,4,good,36,0.361,0.472,1,less50
18596,2018,20,1636,7.400009517162692,0,NoWC,0,NoSA,public,2,sufficient,38,0.342,0.474,1,less50
18596,2019,21,1632.157894736842,7.397658280070154,1,WC,0,NoSA,public,5,very good,38,0.526,0.474,1,less50
18602,2009,11,404.75,6.003269592557745,1,WC,0,NoSA,wholesretail,2,sufficient,32,0.062,0.719,1,less50
18602,2011,13,401.93939393939394,5.996301315908596,1,WC,0,NoSA,wholesretail,4,good,33,0.03,0.727,1,less50
18602,2012,14,540.4857142857143,6.29246820617625,1,WC,0,NoSA,wholesretail,4,good,35,0.114,0.686,1,less50
18602,2013,15,419.7878787878788,6.039749533191399,1,WC,0,NoSA,wholesretail,5,very good,33,0.121,0.727,1,less50
18602,2014,16,971.9090909090909,6.879262272215129,1,WC,0,NoSA,wholesretail,4,good,33,0.121,0.727,1,less50
18602,2015,17,444.75757575757575,6.097529360144718,1,WC,0,NoSA,wholesretail,4,good,33,0.303,0.727,1,less50
18634,2008,10,325.7652733118971,5.7861771015117895,0,NoWC,0,NoSA,public,4,good,622,0.003,0.545,4,more250
18634,2009,11,298.45382165605093,5.698615219545411,0,NoWC,0,NoSA,public,4,good,628,0.003,0.503,4,more250
18634,2010,12,312.62285714285713,5.744997534773195,0,NoWC,0,NoSA,public,3,satisfactory,525,0.004,0.528,4,more250
18634,2011,13,306.49243697478994,5.725193079622524,0,NoWC,0,NoSA,public,5,very good,595,0.005,0.511,4,more250
18634,2012,14,313.6625386996904,5.748317690468367,0,NoWC,0,NoSA,public,5,very good,646,0.009,0.511,4,more250
18642,2006,8,752.3870967741935,6.6232509478569,1,WC,0,NoSA,manufacturing,4,good,124,0.024,0.355,3,less250
18642,2007,9,386.0769230769231,5.956036632193397,1,WC,0,NoSA,manufacturing,4,good,156,0.09,0.359,3,less250
18642,2008,10,694.265306122449,6.542854172933361,1,WC,0,NoSA,manufacturing,5,very good,147,0.02,0.388,3,less250
18651,2018,20,2612.103448275862,7.867911094618137,1,WC,0,NoSA,health,4,good,58,0.345,0.431,2,less100
18651,2019,21,1569.1333333333334,7.358278728939746,0,NoWC,0,NoSA,health,5,very good,60,0.367,0.483,2,less100
18651,2020,22,1756.27868852459,7.470952468051609,0,NoWC,0,NoSA,buservices,5,very good,61,0.475,0.475,2,less100
18664,2009,11,1609.3703703703704,7.383598307184893,1,WC,0,NoSA,buservices,3,satisfactory,54,0.167,0.241,2,less100
18664,2010,12,1834.1,7.514309176956987,1,WC,0,NoSA,buservices,4,good,60,0.1,0.233,2,less100
18664,2011,13,1613.9076923076923,7.386413655315623,1,WC,0,NoSA,buservices,4,good,65,0.323,0.262,2,less100
18664,2012,14,1511.9818181818182,7.321176531655152,1,WC,0,NoSA,buservices,3,satisfactory,55,0.145,0.291,2,less100
18664,2013,15,1743.8867924528302,7.463871689777625,1,WC,0,NoSA,buservices,4,good,53,0.245,0.283,2,less100
18664,2014,16,1729.017543859649,7.455308632456363,1,WC,0,NoSA,buservices,4,good,57,0.263,0.298,2,less100
18664,2015,17,1897.344827586207,7.548210728632668,1,WC,0,NoSA,buservices,5,very good,58,0.224,0.293,2,less100
18664,2016,18,1765.5333333333333,7.476208095582921,1,WC,0,NoSA,buservices,5,very good,60,0.133,0.283,2,less100
18664,2017,19,1818.3035714285713,7.505659241781464,1,WC,0,NoSA,buservices,4,good,56,0.125,0.268,2,less100
18664,2018,20,1821.0196078431372,7.507151847293546,1,WC,0,NoSA,buservices,5,very good,51,0.157,0.314,2,less100
18664,2019,21,2571.18,7.852120216483798,1,WC,0,NoSA,buservices,5,very good,50,0.14,0.3,1,less50
18664,2020,22,2407.0638297872342,7.7861629558308145,1,WC,0,NoSA,buservices,4,good,47,0.213,0.298,1,less50
18664,2021,23,2323.2608695652175,7.750727025029847,1,WC,0,NoSA,buservices,3,satisfactory,46,0.13,0.304,1,less50
18672,2004,6,3257.695652173913,8.08877536925948,1,WC,0,NoSA,health,1,unsatisfactory,23,0.565,0.913,1,less50
18672,2005,7,3955.782608695652,8.282933738931268,1,WC,0,NoSA,health,2,sufficient,23,0.652,0.696,1,less50
18672,2006,8,2783,7.931284761525891,1,WC,0,NoSA,health,4,good,25,0.84,0.88,1,less50
18672,2007,9,1684.8703703703704,7.429443908296142,1,WC,0,NoSA,health,5,very good,54,0.481,0.907,2,less100
18703,2001,3,642.2660634566327,6.4650026468981325,1,WC,1,SA,health,3,satisfactory,49,0.204,0.571,1,less50
18703,2004,6,433.6666666666667,6.072276189844396,1,WC,1,SA,health,4,good,48,0.208,0.542,1,less50
18703,2005,7,709.6136363636364,6.564720647783156,1,WC,1,SA,health,5,very good,44,0.227,0.568,1,less50
18703,2006,8,507.7073170731707,6.2299051340479785,1,WC,1,SA,health,4,good,41,0.244,0.537,1,less50
18707,2014,16,3994.9,8.292773826597976,1,WC,0,NoSA,wholesretail,4,good,20,0.3,0.5,1,less50
18707,2016,18,2513.9655172413795,7.829616672763912,1,WC,0,NoSA,wholesretail,4,good,29,0.448,0.862,1,less50
18707,2017,19,2407.151515151515,7.786199383517575,1,WC,0,NoSA,wholesretail,3,satisfactory,33,0.182,0.788,1,less50
18707,2018,20,4232.416666666667,8.35052842489832,1,WC,0,NoSA,wholesretail,3,satisfactory,24,0.25,0.792,1,less50
18707,2019,21,4641.695652173913,8.442835020741395,1,WC,0,NoSA,wholesretail,3,satisfactory,23,0.609,0.783,1,less50
18707,2020,22,4698.565217391304,8.455012468197427,1,WC,0,NoSA,wholesretail,4,good,23,0.609,0.826,1,less50
18736,2000,2,2071.634344362745,7.636093113077472,1,WC,0,NoSA,manufacturing,3,satisfactory,51,0.02,0.863,2,less100
18736,2001,3,2702.244988207547,7.901838183620727,1,WC,0,NoSA,manufacturing,3,satisfactory,53,0.038,0.849,2,less100
18736,2002,4,2554.2916666666665,7.845530230019961,1,WC,0,NoSA,manufacturing,4,good,48,0.042,0.854,1,less50
18736,2004,6,5190.95652173913,8.554673260091734,1,WC,0,NoSA,manufacturing,4,good,46,0.043,0.848,1,less50
18736,2005,7,5218.181818181818,8.559904309509287,1,WC,0,NoSA,manufacturing,4,good,44,0.045,0.909,1,less50
18736,2006,8,4412.304347826087,8.392152359822472,1,WC,0,NoSA,manufacturing,4,good,46,0.109,0.913,1,less50
18750,2000,2,673.4566243489584,6.51242359043413,1,WC,0,NoSA,construction,3,satisfactory,24,0.125,0.167,1,less50
18750,2001,3,1567.7388822115386,7.357389657841001,1,WC,0,NoSA,construction,3,satisfactory,26,0.231,0.5,1,less50
18750,2002,4,310.0833333333333,5.736841078558622,1,WC,0,NoSA,construction,3,satisfactory,36,0.167,0.5,1,less50
18750,2003,5,258.5882352941176,5.555236971467296,1,WC,0,NoSA,construction,2,sufficient,34,0.059,0.471,1,less50
18750,2004,6,350.94736842105266,5.860636264704244,1,WC,0,NoSA,construction,2,sufficient,38,0.158,0.421,1,less50
18750,2005,7,181.525,5.201393385266311,1,WC,0,NoSA,construction,3,satisfactory,40,0.1,0.4,1,less50
18750,2006,8,157.1590909090909,5.057258610180598,1,WC,0,NoSA,construction,4,good,44,0.045,0.409,1,less50
18750,2007,9,180.0222222222222,5.1930803000601715,1,WC,0,NoSA,construction,3,satisfactory,45,0.044,0.444,1,less50
18750,2008,10,173.3877551020408,5.1555304453710935,1,WC,0,NoSA,construction,3,satisfactory,49,0.041,0.469,1,less50
18750,2009,11,115.29787234042553,4.747518973856056,1,WC,0,NoSA,construction,4,good,47,0.043,0.447,1,less50
18753,2007,9,2286.885714285714,7.734946220883333,1,WC,0,NoSA,wholesretail,4,good,35,0.771,0.714,1,less50
18753,2008,10,1081.7460317460318,6.986331710733146,1,WC,0,NoSA,wholesretail,4,good,63,0.333,0.667,2,less100
18753,2009,11,1989.6153846153845,7.595696624976079,1,WC,0,NoSA,wholesretail,2,sufficient,39,0.513,0.821,1,less50
18790,2011,13,2256.890909090909,7.721743441174824,1,WC,0,NoSA,manufacturing,2,sufficient,55,0.836,0.2,2,less100
18790,2012,14,2586.016666666667,7.857874004271076,1,WC,0,NoSA,manufacturing,1,unsatisfactory,60,0.85,0.2,2,less100
18790,2013,15,2742.742424242424,7.9167135835909415,1,WC,1,SA,manufacturing,3,satisfactory,66,0.652,0.242,2,less100
18790,2014,16,2315.8358208955224,7.74752594710221,1,WC,1,SA,manufacturing,3,satisfactory,67,0.687,0.179,2,less100
18790,2015,17,1521.1911764705883,7.327248975662965,1,WC,1,SA,manufacturing,3,satisfactory,68,0.574,0.221,2,less100
18790,2016,18,3232.515625,8.08101594435436,1,WC,0,NoSA,manufacturing,2,sufficient,64,0.797,0.188,2,less100
18790,2017,19,2043.2716049382716,7.622307530150821,1,WC,1,SA,manufacturing,3,satisfactory,81,0.494,0.272,2,less100
18790,2018,20,2883.7979797979797,7.966863447337583,1,WC,1,SA,manufacturing,2,sufficient,99,0.465,0.141,2,less100
18790,2019,21,2682.6373626373625,7.894555680141581,1,WC,1,SA,manufacturing,4,good,91,0.56,0.275,2,less100
18790,2020,22,2287.755319148936,7.7353264058496904,1,WC,0,NoSA,manufacturing,3,satisfactory,94,0.5,0.277,2,less100
18790,2021,23,2309.8349514563106,7.744931351377184,1,WC,0,NoSA,manufacturing,3,satisfactory,103,0.544,0.233,3,less250
18800,2000,2,4063.7743506493507,8.309867463762414,0,NoWC,1,SA,manufacturing,3,satisfactory,154,0.532,0.026,3,less250
18800,2001,3,4291.540391156463,8.364401013011097,0,NoWC,1,SA,manufacturing,2,sufficient,147,0.605,0.17,3,less250
18800,2004,6,578.0346820809249,6.359633870472449,0,NoWC,0,NoSA,manufacturing,2,sufficient,865,0.318,0.391,4,more250
18800,2005,7,596.285549132948,6.3907196616126125,0,NoWC,1,SA,manufacturing,3,satisfactory,865,0.254,0.476,4,more250
18802,2013,15,1093.2745098039215,6.996932609254092,1,WC,0,NoSA,manufacturing,3,satisfactory,51,0.02,0.02,2,less100
18802,2014,16,1005.3818181818182,6.913122666931256,1,WC,0,NoSA,manufacturing,3,satisfactory,55,0.036,0.018,2,less100
18802,2015,17,1593.6041666666667,7.373753501452083,1,WC,0,NoSA,manufacturing,2,sufficient,48,0.021,0.021,1,less50
18802,2016,18,1166.265306122449,7.061561876296181,0,NoWC,0,NoSA,manufacturing,3,satisfactory,49,0.02,0.041,1,less50
18802,2017,19,1805.8979591836735,7.498813231374971,1,WC,0,NoSA,manufacturing,4,good,49,0.02,0.041,1,less50
18802,2018,20,2194.5789473684213,7.693745483586428,1,WC,0,NoSA,manufacturing,3,satisfactory,38,0.026,0.053,1,less50
18802,2021,23,1452.5961538461538,7.281107685396398,1,WC,0,NoSA,manufacturing,4,good,52,0.019,0.038,2,less100
18809,1998,0,2354.839988425926,7.764228058675422,1,WC,0,NoSA,manufacturing,4,good,27,0.037,0.111,1,less50
18809,1999,1,2256.7145182291665,7.721665281546263,1,WC,0,NoSA,manufacturing,3,satisfactory,24,0.042,0.042,1,less50
18809,2000,2,1923.1178385416667,7.561703022204136,1,WC,0,NoSA,manufacturing,3,satisfactory,24,0.042,0.042,1,less50
18809,2009,11,8442.2,9.040998217130282,1,WC,0,NoSA,construction,4,good,20,0.05,0.05,1,less50
18809,2010,12,9579.8,9.16741199392026,1,WC,0,NoSA,construction,3,satisfactory,20,0.05,0.05,1,less50
18871,2019,21,1963.3846153846155,7.582425107526701,1,WC,0,NoSA,manufacturing,4,good,52,0.212,0.577,2,less100
18871,2020,22,2584.3846153846152,7.857242698789267,1,WC,0,NoSA,manufacturing,3,satisfactory,52,0.25,0.577,2,less100
18871,2021,23,4491.666666666667,8.409979107109088,1,WC,0,NoSA,manufacturing,1,unsatisfactory,48,0.312,0.5,1,less50
18875,2004,6,1125.6530612244899,7.026118645080444,1,WC,1,SA,manufacturing,2,sufficient,49,0.02,0.204,1,less50
18875,2005,7,960.1914893617021,6.867132732655874,1,WC,1,SA,manufacturing,3,satisfactory,47,0.021,0.277,1,less50
18875,2008,10,2314.2884615384614,7.746857559248978,1,WC,1,SA,manufacturing,5,very good,52,0.038,0.192,2,less100
18875,2009,11,1253.576923076923,7.133756282350454,1,WC,1,SA,manufacturing,4,good,52,0.077,0.25,2,less100
18875,2010,12,1785.1,7.487229715053506,1,WC,1,SA,manufacturing,4,good,50,0.1,0.2,1,less50
18875,2011,13,859.5892857142857,6.75645470042158,1,WC,1,SA,manufacturing,4,good,56,0.107,0.268,2,less100
18875,2012,14,859.5892857142857,6.75645470042158,1,WC,1,SA,manufacturing,4,good,56,0.036,0.286,2,less100
18875,2013,15,1188.5740740740741,7.08050961054094,1,WC,1,SA,manufacturing,4,good,54,0.352,0.241,2,less100
18875,2014,16,805.8070175438596,6.691844281510415,1,WC,1,SA,manufacturing,5,very good,57,0.105,0.246,2,less100
18875,2017,19,775.7924528301887,6.653885026716975,1,WC,1,SA,manufacturing,5,very good,53,0.132,0.245,2,less100
18875,2019,21,764.8983050847457,6.639742890460214,1,WC,1,SA,manufacturing,5,very good,59,0.102,0.22,2,less100
18875,2020,22,1410.28125,7.251544431566207,1,WC,1,SA,manufacturing,5,very good,64,0.094,0.234,2,less100
18934,2011,13,2474.962962962963,7.813980710431413,1,WC,1,SA,health,3,satisfactory,27,0.074,0.667,1,less50
18934,2012,14,1845.6,7.520559706859544,1,WC,0,NoSA,health,4,good,30,0.067,0.667,1,less50
18934,2013,15,1786.0645161290322,7.487769884036553,1,WC,1,SA,health,3,satisfactory,31,0.032,0.548,1,less50
18934,2014,16,1309.2,7.1771715426270255,1,WC,1,SA,health,3,satisfactory,35,0.057,0.629,1,less50
18934,2015,17,1309.2,7.1771715426270255,1,WC,0,NoSA,health,4,good,35,0.086,0.6,1,less50
18934,2016,18,1458.4722222222222,7.285144743683984,1,WC,0,NoSA,health,5,very good,36,0.083,0.583,1,less50
18934,2017,19,1060.6888888888889,6.966673871193891,1,WC,0,NoSA,health,4,good,45,0.089,0.489,1,less50
18934,2018,20,757.6349206349206,6.630201634572678,1,WC,0,NoSA,health,4,good,63,0.016,0.571,2,less100
18934,2019,21,691.7536231884058,6.539229856366951,1,WC,0,NoSA,health,4,good,69,0.014,0.507,2,less100
18961,2016,18,1810.4857142857143,7.5013504386944305,1,WC,0,NoSA,edu,3,satisfactory,35,0.771,0.914,1,less50
18961,2017,19,1821.5428571428572,7.507439144660907,1,WC,0,NoSA,edu,3,satisfactory,35,0.771,0.943,1,less50
18961,2018,20,1205.7714285714285,7.094874830776588,1,WC,0,NoSA,edu,3,satisfactory,35,0.771,0.971,1,less50
18961,2019,21,904.3636363636364,6.807231532124924,1,WC,0,NoSA,edu,4,good,33,0.818,0.97,1,less50
18961,2020,22,999.4,6.9071550989101045,1,WC,0,NoSA,buservices,3,satisfactory,30,0.9,1,1,less50
18989,2006,8,2919.5,7.979167647723592,0,NoWC,0,NoSA,manufacturing,4,good,144,0.153,0.396,3,less250
18989,2007,9,2834.7062937062938,7.949693610691391,0,NoWC,0,NoSA,manufacturing,4,good,143,0.175,0.49,3,less250
18989,2008,10,2525.804054054054,7.83431472826821,0,NoWC,0,NoSA,manufacturing,4,good,148,0.155,0.25,3,less250
18989,2009,11,2633.587786259542,7.876102372812345,0,NoWC,0,NoSA,manufacturing,4,good,131,0.153,0.519,3,less250
18994,2016,18,1556.76,7.350362017370921,0,NoWC,0,NoSA,manufacturing,4,good,100,0.02,0.45,2,less100
18994,2017,19,1824.3229166666667,7.5089641926111605,0,NoWC,0,NoSA,manufacturing,2,sufficient,96,0.031,0.448,2,less100
18994,2018,20,2201,7.696667081526462,0,NoWC,0,NoSA,manufacturing,2,sufficient,103,0.039,0.476,3,less250
18994,2019,21,2437.3535353535353,7.7986681130065545,0,NoWC,0,NoSA,manufacturing,3,satisfactory,99,0.03,0.444,2,less100
18994,2020,22,2575.5196078431372,7.8538065821947285,0,NoWC,0,NoSA,manufacturing,3,satisfactory,102,0.039,0.471,3,less250
18994,2021,23,2898.223404255319,7.971853209024432,0,NoWC,0,NoSA,manufacturing,4,good,94,0.011,0.426,2,less100
19004,2010,12,1350.2967741935483,7.208079680008762,1,WC,0,NoSA,buservices,3,satisfactory,155,0.039,0.232,3,less250
19004,2011,13,1481.6168831168832,7.300889259019271,1,WC,0,NoSA,buservices,1,unsatisfactory,154,0.019,0.273,3,less250
19004,2012,14,1244.4658385093169,7.126461671458464,1,WC,0,NoSA,buservices,1,unsatisfactory,161,0.025,0.255,3,less250
19011,2005,7,2096.36,7.6479577864177974,1,WC,0,NoSA,resthotels,1,unsatisfactory,25,0.08,0.96,1,less50
19011,2006,8,1871.44,7.534463466985512,1,WC,0,NoSA,resthotels,4,good,25,0.12,0.96,1,less50
19011,2007,9,2198.4074074074074,7.695488471476232,1,WC,0,NoSA,resthotels,3,satisfactory,27,0.074,0.852,1,less50
19011,2010,12,2774.964285714286,7.928393156084845,1,WC,0,NoSA,resthotels,4,good,28,0.107,0.893,1,less50
19011,2011,13,2572.0344827586205,7.852452492249993,1,WC,0,NoSA,resthotels,3,satisfactory,29,0.103,0.897,1,less50
19011,2012,14,2656.862068965517,7.884901032092231,1,WC,0,NoSA,resthotels,1,unsatisfactory,29,0.103,0.931,1,less50
19011,2013,15,2733.689655172414,7.913407497736338,1,WC,0,NoSA,resthotels,4,good,29,0.138,0.931,1,less50
19011,2014,16,2986.551724137931,8.001874731338617,1,WC,0,NoSA,resthotels,2,sufficient,29,0.138,1,1,less50
19011,2015,17,2970.5666666666666,7.996508010454804,1,WC,0,NoSA,resthotels,3,satisfactory,30,0.1,0.9,1,less50
19011,2016,18,2964.5806451612902,7.994490866407463,1,WC,0,NoSA,resthotels,4,good,31,0.065,0.839,1,less50
19011,2018,20,2976.548387096774,7.998519648835164,1,WC,0,NoSA,resthotels,3,satisfactory,31,0.097,0.871,1,less50
19011,2019,21,2887.59375,7.9681788218354574,1,WC,0,NoSA,resthotels,4,good,32,0.094,0.906,1,less50
19011,2020,22,2952.2727272727275,7.99033056874043,1,WC,0,NoSA,resthotels,3,satisfactory,33,0.061,0.848,1,less50
19011,2021,23,2958.96875,7.992596091344104,1,WC,0,NoSA,resthotels,2,sufficient,32,0.031,0.875,1,less50
19021,2018,20,3187.9194630872485,8.06712377707132,0,NoWC,0,NoSA,manufacturing,3,satisfactory,596,0.436,0.502,4,more250
19021,2019,21,2937.464,7.9853019030581684,0,NoWC,0,NoSA,manufacturing,4,good,625,0.421,0.262,4,more250
19021,2020,22,3155.3244444444445,8.05684660469432,0,NoWC,0,NoSA,manufacturing,4,good,675,0.416,0.369,4,more250
19021,2021,23,3121.5111441307577,8.046072504615804,0,NoWC,0,NoSA,manufacturing,4,good,673,0.38,0.318,4,more250
19027,2003,5,1552.222602739726,7.347443120058461,0,NoWC,0,NoSA,mining,1,unsatisfactory,292,0.322,0.442,4,more250
19027,2004,6,1445.086705202312,7.275924602346604,0,NoWC,0,NoSA,mining,1,unsatisfactory,346,0.315,0.159,4,more250
19027,2005,7,602.5549065420561,6.40117879240275,0,NoWC,0,NoSA,mining,4,good,856,0.134,0.164,4,more250
19031,2015,17,3187.074074074074,8.066858556718325,0,NoWC,0,NoSA,manufacturing,4,good,108,0.259,0.37,3,less250
19031,2017,19,4302.55,8.366963149168663,0,NoWC,0,NoSA,manufacturing,4,good,80,0.625,0.4,2,less100
19031,2019,21,5918.841269841269,8.68589597727442,0,NoWC,0,NoSA,manufacturing,3,satisfactory,63,0.571,0.429,2,less100
19062,2007,9,1010.8802992518703,6.918576813644729,1,WC,0,NoSA,manufacturing,2,sufficient,401,0.387,0.95,4,more250
19062,2008,10,939.2437185929648,6.845074996747888,1,WC,0,NoSA,manufacturing,2,sufficient,398,0.54,0.852,4,more250
19062,2009,11,917.5531914893617,6.821710552623602,1,WC,0,NoSA,manufacturing,2,sufficient,376,0.548,0.84,4,more250
19062,2010,12,624.3653846153846,6.436735749268837,1,WC,0,NoSA,manufacturing,1,unsatisfactory,416,0.478,0.666,4,more250
19067,2006,8,2047.3863636363637,7.624319314131539,1,WC,0,NoSA,public,4,good,44,0.182,0.909,1,less50
19067,2008,10,1892.5357142857142,7.545672856618726,1,WC,0,NoSA,public,4,good,56,0.357,0.804,2,less100
19067,2009,11,1439.754716981132,7.27222804263155,1,WC,0,NoSA,public,5,very good,53,0.132,0.811,2,less100
19067,2010,12,1570.64,7.359238458590494,1,WC,0,NoSA,public,4,good,50,0.22,0.78,1,less50
19067,2011,13,1795.204081632653,7.49287398896252,1,WC,0,NoSA,public,4,good,49,0.041,0.755,1,less50
19067,2012,14,2337.823529411765,7.756975659889795,1,WC,0,NoSA,public,4,good,34,0.235,0.676,1,less50
19067,2014,16,2565.1428571428573,7.84976945084651,1,WC,0,NoSA,public,5,very good,35,0.257,0.714,1,less50
19067,2015,17,3391.4,8.128998094473028,1,WC,0,NoSA,public,4,good,30,0.533,0.867,1,less50
19067,2016,18,5078.291666666667,8.532730197926442,1,WC,0,NoSA,public,4,good,24,0.458,0.958,1,less50
19067,2017,19,6003.375,8.700077090066369,1,WC,0,NoSA,public,4,good,24,0.583,0.875,1,less50
19067,2018,20,5146.464285714285,8.546065211413591,1,WC,0,NoSA,public,4,good,28,0.607,0.929,1,less50
19067,2019,21,6258.32,8.74166705746928,1,WC,0,NoSA,public,5,very good,25,0.56,0.96,1,less50
19067,2020,22,10816.45,9.288823402446866,1,WC,0,NoSA,art,5,very good,20,0.55,0.95,1,less50
19075,2000,2,3450.6157670454545,8.146307977300754,1,WC,0,NoSA,manufacturing,3,satisfactory,22,0.182,0.045,1,less50
19075,2001,3,3087.078125,8.034980331924068,1,WC,0,NoSA,manufacturing,4,good,25,0.12,0.08,1,less50
19075,2002,4,1998.1,7.5999520080060865,1,WC,0,NoSA,manufacturing,3,satisfactory,30,0.1,0.067,1,less50
19094,2006,8,2014.1319796954315,7.607943602261244,0,NoWC,0,NoSA,health,3,satisfactory,197,0.264,0.061,3,less250
19094,2007,9,1017.3948717948718,6.92500059187554,0,NoWC,0,NoSA,health,4,good,195,0.256,0.062,3,less250
19094,2008,10,440.87111111111113,6.088752567674922,0,NoWC,0,NoSA,health,3,satisfactory,225,0.191,0.062,3,less250
19099,2016,18,581.1584158415842,6.365023380343521,1,WC,0,NoSA,buservices,5,very good,202,0.406,0.579,3,less250
19099,2018,20,520.1508620689655,6.254118888862384,1,WC,0,NoSA,buservices,5,very good,232,0.289,0.746,3,less250
19099,2019,21,476.25925925925924,6.1659623682661096,1,WC,0,NoSA,buservices,4,good,243,0.263,0.724,3,less250
19099,2020,22,437.0121951219512,6.079961101163766,1,WC,0,NoSA,buservices,4,good,246,0.264,0.74,3,less250
19102,2013,15,1990.1397849462367,7.595960158943142,0,NoWC,0,NoSA,buservices,3,satisfactory,93,0.054,0.763,2,less100
19102,2014,16,2265.776595744681,7.725672847029822,0,NoWC,0,NoSA,buservices,4,good,94,0.096,0.723,2,less100
19102,2015,17,1996.7125,7.5992573571027995,0,NoWC,0,NoSA,buservices,4,good,80,0.138,0.7,2,less100
19102,2016,18,1948.0121951219512,7.574564744512428,0,NoWC,0,NoSA,buservices,3,satisfactory,82,0.073,0.634,2,less100
19102,2018,20,2106.4285714285716,7.6527491721940635,0,NoWC,0,NoSA,buservices,4,good,91,0.055,0.604,2,less100
19102,2019,21,2724.2093023255816,7.9099335007073535,0,NoWC,0,NoSA,buservices,4,good,86,0.058,0.698,2,less100
19102,2020,22,4685.64,8.452257791532714,0,NoWC,0,NoSA,buservices,3,satisfactory,50,0.12,0.64,1,less50
19133,2007,9,4330.555555555556,8.373451116589758,1,WC,0,NoSA,manufacturing,3,satisfactory,36,0.167,0.5,1,less50
19133,2008,10,2202.5641025641025,7.6973774618427,1,WC,0,NoSA,manufacturing,4,good,39,0.359,0.359,1,less50
19133,2009,11,3252.9024390243903,8.087302934945956,1,WC,0,NoSA,manufacturing,3,satisfactory,41,0.317,0.366,1,less50
19133,2010,12,3073.574468085106,8.030596485136059,1,WC,0,NoSA,manufacturing,3,satisfactory,47,0.255,0.532,1,less50
19133,2011,13,4072.1020408163267,8.311914617055953,1,WC,0,NoSA,manufacturing,4,good,49,0.306,0.49,1,less50
19133,2013,15,3207.3720930232557,8.073207218227246,1,WC,0,NoSA,manufacturing,3,satisfactory,43,0.233,0.395,1,less50
19133,2014,16,4219.913043478261,8.347569801006916,1,WC,0,NoSA,manufacturing,3,satisfactory,46,0.174,0.391,1,less50
19133,2015,17,4836.785714285715,8.484005670474213,1,WC,0,NoSA,manufacturing,4,good,56,0.196,0.232,2,less100
19133,2016,18,4696.0675675675675,8.45448074972801,1,WC,0,NoSA,manufacturing,4,good,74,0.162,0.473,2,less100
19133,2017,19,2488.972972972973,7.819625443720036,1,WC,0,NoSA,manufacturing,4,good,74,0.257,0.432,2,less100
19133,2018,20,6475.254901960784,8.775743252891065,1,WC,0,NoSA,manufacturing,4,good,51,0.392,0.235,2,less100
19133,2019,21,6041.907407407408,8.7064750370042,1,WC,0,NoSA,manufacturing,4,good,54,0.315,0.481,2,less100
19204,2000,2,1132.0078125,7.031748160241079,0,NoWC,0,NoSA,manufacturing,5,very good,67,0.015,0.612,2,less100
19204,2001,3,621.6764216188525,6.432419734898789,0,NoWC,0,NoSA,manufacturing,3,satisfactory,122,0.025,0.533,3,less250
19204,2002,4,1211.44,7.0995650136484,0,NoWC,0,NoSA,manufacturing,3,satisfactory,75,0.04,0.52,2,less100
19204,2003,5,1359.7733333333333,7.215073298172999,0,NoWC,0,NoSA,manufacturing,4,good,75,0.027,0.507,2,less100
19204,2004,6,1253.5633802816901,7.133745478970033,0,NoWC,0,NoSA,manufacturing,4,good,71,0.042,0.493,2,less100
19205,1999,1,3995.214375,8.292852517586716,1,WC,0,NoSA,manufacturing,5,very good,25,0.04,0.2,1,less50
19205,2000,2,5125.214285714285,8.541927614979208,0,NoWC,0,NoSA,construction,4,good,21,0.143,0.19,1,less50
19205,2001,3,2603.9122023809523,7.864770286316481,0,NoWC,0,NoSA,construction,2,sufficient,21,0.095,0.19,1,less50
19205,2002,4,4837.9047619047615,8.484237005549334,1,WC,0,NoSA,construction,1,unsatisfactory,21,0.095,0.19,1,less50
19213,2005,7,7411.181818181818,8.910745195206188,1,WC,0,NoSA,edu,1,unsatisfactory,33,0.091,0.152,1,less50
19213,2006,8,7595.705882352941,8.935338351113149,1,WC,0,NoSA,edu,3,satisfactory,34,0.088,0.118,1,less50
19213,2007,9,7793.942857142857,8.961102154224724,1,WC,0,NoSA,edu,3,satisfactory,35,0.029,0.143,1,less50
19213,2008,10,5715.228571428572,8.650889570429758,1,WC,0,NoSA,edu,3,satisfactory,35,0.029,0.114,1,less50
19213,2009,11,3050.7567567567567,8.023144955794962,1,WC,0,NoSA,edu,3,satisfactory,37,0.108,0.189,1,less50
19213,2010,12,5533.235294117647,8.618527967589015,1,WC,0,NoSA,edu,3,satisfactory,34,0.088,0.147,1,less50
19213,2011,13,5185.641025641025,8.553648743810983,1,WC,0,NoSA,edu,4,good,39,0.051,0.179,1,less50
19213,2012,14,3465.5526315789475,8.150627388540059,1,WC,0,NoSA,edu,3,satisfactory,38,0.026,0.105,1,less50
19214,2008,10,2304.1363636363635,7.742461205670444,1,WC,0,NoSA,manufacturing,4,good,22,0.091,0.273,1,less50
19214,2011,13,2240.52,7.714463260765244,1,WC,0,NoSA,manufacturing,3,satisfactory,25,0.12,0.08,1,less50
19214,2012,14,3041.4545454545455,8.020091148870044,1,WC,0,NoSA,manufacturing,3,satisfactory,22,0.182,0.136,1,less50
19215,2000,2,2726.2282475490197,7.91067433859323,1,WC,0,NoSA,wholesretail,2,sufficient,51,0.471,0.235,2,less100
19215,2001,3,2521.5537860576924,7.8326305722659555,1,WC,0,NoSA,wholesretail,2,sufficient,52,0.596,0.096,2,less100
19215,2002,4,2640.82,7.878844753972892,1,WC,0,NoSA,wholesretail,2,sufficient,50,0.5,0.1,1,less50
19242,2014,16,874.0975609756098,6.773191995256053,1,WC,0,NoSA,manufacturing,4,good,123,0.033,0.049,3,less250
19242,2015,17,741.0131578947369,6.608018382081399,1,WC,0,NoSA,manufacturing,4,good,152,0.026,0.079,3,less250
19242,2016,18,620.2171428571429,6.430069647137528,1,WC,0,NoSA,manufacturing,4,good,175,0.034,0.04,3,less250
19242,2018,20,421.28,6.043297695748,1,WC,0,NoSA,manufacturing,4,good,175,0.017,0.069,3,less250
19242,2019,21,649.4685714285714,6.476154446069315,1,WC,0,NoSA,manufacturing,4,good,175,0.023,0.069,3,less250
19242,2021,23,10998.832460732985,9.305544406213901,1,WC,0,NoSA,manufacturing,4,good,191,0.005,0.063,3,less250
19257,2013,15,658.605527638191,6.490124762919783,0,NoWC,0,NoSA,wholesretail,3,satisfactory,398,0.08,0.455,4,more250
19257,2014,16,781.7456359102245,6.661529413860232,0,NoWC,0,NoSA,wholesretail,3,satisfactory,401,0.087,0.474,4,more250
19257,2015,17,561.6272965879265,6.330838456565896,0,NoWC,0,NoSA,wholesretail,4,good,381,0.11,0.417,4,more250
19296,2018,20,3648.88,8.202175550173585,0,NoWC,0,NoSA,buservices,4,good,25,0.44,0.6,1,less50
19296,2019,21,3084.4615384615386,8.034132379277588,0,NoWC,0,NoSA,buservices,5,very good,26,0.423,0.462,1,less50
19296,2020,22,3704.695652173913,8.217356389193853,0,NoWC,0,NoSA,buservices,5,very good,23,0.217,0.783,1,less50
19311,2019,21,3260.1,8.089513148736916,1,WC,0,NoSA,wholesretail,2,sufficient,130,0.238,0.2,3,less250
19311,2020,22,2759.1951219512193,7.9226942936996485,1,WC,0,NoSA,wholesretail,3,satisfactory,164,0.091,0.061,3,less250
19311,2021,23,2264.1453488372094,7.724952637278776,1,WC,0,NoSA,wholesretail,3,satisfactory,172,0.087,0,3,less250
19345,2005,7,1053.7605633802816,6.960120533825992,1,WC,1,SA,public,5,very good,71,0.169,0.042,2,less100
19345,2007,9,818.225,6.707137359905066,1,WC,0,NoSA,public,2,sufficient,80,0.125,0.05,2,less100
19345,2008,10,1288.05,7.1608847257866035,1,WC,1,SA,public,2,sufficient,80,0.125,0.05,2,less100
19345,2010,12,1611.15,7.384703488712166,1,WC,0,NoSA,public,1,unsatisfactory,60,0.167,0.05,2,less100
19345,2012,14,1201.4615384615386,7.091294043396186,1,WC,0,NoSA,public,1,unsatisfactory,65,0.154,0.077,2,less100
19345,2013,15,1137.5820895522388,7.0366603148605495,1,WC,1,SA,public,2,sufficient,67,0.104,0.06,2,less100
19345,2014,16,1302.4426229508197,7.171996721179929,1,WC,1,SA,public,1,unsatisfactory,61,0.164,0.082,2,less100
19345,2015,17,1404.1,7.247151807120597,1,WC,0,NoSA,public,4,good,60,0.167,0.067,2,less100
19345,2016,18,1493.9137931034484,7.309154661955276,1,WC,0,NoSA,public,4,good,58,0.207,0.069,2,less100
19345,2017,19,1565.9137931034484,7.35622482593169,1,WC,0,NoSA,public,5,very good,58,0.207,0.086,2,less100
19345,2018,20,1604.5740740740741,7.38061362593742,1,WC,0,NoSA,public,4,good,54,0.296,0.093,2,less100
19345,2019,21,2347.851063829787,7.761255747858548,1,WC,0,NoSA,public,3,satisfactory,47,0.426,0.106,1,less50
19345,2020,22,1730.7962962962963,7.456336868468787,1,WC,0,NoSA,buservices,3,satisfactory,54,0.389,0.093,2,less100
19349,2004,6,1833.5084745762713,7.5139866095766585,1,WC,0,NoSA,finance,3,satisfactory,59,0.22,0.102,2,less100
19349,2005,7,1439.6440677966102,7.272151186875994,1,WC,0,NoSA,finance,3,satisfactory,59,0.237,0.102,2,less100
19349,2007,9,1777.921875,7.483200475288445,1,WC,0,NoSA,finance,4,good,64,0.25,0.031,2,less100
19349,2008,10,1831.125,7.512685811049934,1,WC,0,NoSA,finance,4,good,64,0.25,0.062,2,less100
19356,2018,20,2966.133333333333,7.99501447560971,1,WC,0,NoSA,buservices,1,unsatisfactory,60,0.183,0.217,2,less100
19356,2019,21,1898.3166666666666,7.548722807543376,1,WC,0,NoSA,buservices,4,good,60,0.233,0.15,2,less100
19356,2020,22,2432.871794871795,7.796827647137752,1,WC,0,NoSA,edu,4,good,39,0.846,0.128,1,less50
19356,2021,23,2114.8,7.656715524361295,1,WC,0,NoSA,manufacturing,3,satisfactory,30,0.933,0.2,1,less50
19367,2013,15,1020.3392857142857,6.927890484021429,1,WC,0,NoSA,health,4,good,56,0.018,0.804,2,less100
19367,2014,16,979.968253968254,6.887520177229979,1,WC,0,NoSA,health,4,good,63,0.032,0.841,2,less100
19367,2015,17,1005.5714285714286,6.913311244552818,1,WC,0,NoSA,health,4,good,63,0.048,0.873,2,less100
19367,2017,19,599.504854368932,6.396104071797474,1,WC,0,NoSA,health,4,good,103,0.01,0.806,3,less250
19371,2005,7,1346.9354838709678,7.2055872791021836,0,NoWC,0,NoSA,health,4,good,31,0.097,0.968,1,less50
19371,2006,8,1213.9032258064517,7.101596253290829,0,NoWC,0,NoSA,health,5,very good,31,0.065,0.968,1,less50
19371,2007,9,1204,7.093404625868766,0,NoWC,0,NoSA,health,5,very good,32,0.188,0.969,1,less50
19377,2012,14,1238.2022471910113,7.1214158059688115,0,NoWC,0,NoSA,manufacturing,4,good,267,0.869,0.397,4,more250
19377,2013,15,1240.3100775193798,7.1231166898542915,0,NoWC,0,NoSA,manufacturing,4,good,258,0.895,0.36,4,more250
19377,2014,16,1253.968253968254,7.134068405057626,0,NoWC,0,NoSA,manufacturing,4,good,252,0.571,0.357,4,more250
19385,2015,17,1688,7.431299675155903,1,WC,0,NoSA,buservices,3,satisfactory,21,0.238,0.095,1,less50
19385,2016,18,2149.478260869565,7.672980422309741,1,WC,0,NoSA,buservices,3,satisfactory,23,0.217,0.13,1,less50
19385,2017,19,1765.642857142857,7.476270128063687,1,WC,0,NoSA,buservices,4,good,28,0.179,0.036,1,less50
19390,2010,12,1993.3846153846155,7.59758928472722,1,WC,0,NoSA,manufacturing,3,satisfactory,52,0.019,0.673,2,less100
19390,2011,13,1932.8958333333333,7.566774589154805,1,WC,0,NoSA,manufacturing,3,satisfactory,48,0.021,0.667,1,less50
19390,2012,14,2100.9583333333335,7.6501488688222326,1,WC,0,NoSA,manufacturing,4,good,48,0.021,0.708,1,less50
19390,2013,15,2216.183673469388,7.7035419295720065,1,WC,0,NoSA,manufacturing,3,satisfactory,49,0.02,0.633,1,less50
19390,2014,16,2158.36,7.677103953035659,1,WC,0,NoSA,manufacturing,4,good,50,0.04,0.7,1,less50
19390,2015,17,2191.7,7.6924327773876735,1,WC,0,NoSA,manufacturing,4,good,50,0.04,0.7,1,less50
19390,2016,18,1840.4285714285713,7.517753742736211,1,WC,0,NoSA,manufacturing,3,satisfactory,49,0.02,0.735,1,less50
19390,2017,19,2028.0652173913043,7.6148375226709755,1,WC,0,NoSA,manufacturing,3,satisfactory,46,0.022,0.761,1,less50
19390,2018,20,2337.7872340425533,7.756960134487426,1,WC,0,NoSA,manufacturing,4,good,47,0.021,0.766,1,less50
19390,2020,22,3594.8936170212764,8.187269677789976,0,NoWC,0,NoSA,manufacturing,4,good,47,0.043,0.787,1,less50
19390,2021,23,1908.7142857142858,7.554185145533581,0,NoWC,0,NoSA,manufacturing,4,good,49,0.061,0.837,1,less50
19403,2004,6,1553.7714285714285,7.348440434248035,0,NoWC,0,NoSA,construction,3,satisfactory,35,0.143,0.086,1,less50
19403,2005,7,1040.625,6.947576773168809,0,NoWC,0,NoSA,construction,3,satisfactory,32,0.062,0.094,1,less50
19403,2006,8,1079.5217391304348,6.984273387899785,0,NoWC,0,NoSA,construction,2,sufficient,23,0.217,0.087,1,less50
19411,2010,12,4328.933333333333,8.373076447308,0,NoWC,0,NoSA,health,3,satisfactory,60,0.35,0.933,2,less100
19411,2011,13,3856,8.257385655730436,0,NoWC,0,NoSA,health,1,unsatisfactory,75,0.267,0.827,2,less100
19411,2012,14,4722.857142857143,8.460169222319703,0,NoWC,0,NoSA,health,4,good,70,0.314,0.843,2,less100
19441,2011,13,845.2222222222222,6.739599577661082,0,NoWC,0,NoSA,manufacturing,4,good,45,0.089,0,1,less50
19441,2013,15,823.2727272727273,6.713287527644594,0,NoWC,0,NoSA,manufacturing,3,satisfactory,55,0.018,0.073,2,less100
19441,2014,16,612.6176470588235,6.417741000805222,0,NoWC,0,NoSA,manufacturing,4,good,68,0.162,0.044,2,less100
19441,2015,17,472.2,6.157402624651413,0,NoWC,0,NoSA,manufacturing,3,satisfactory,70,0.171,0.029,2,less100
19441,2017,19,350.02702702702703,5.858010371579363,0,NoWC,0,NoSA,manufacturing,5,very good,111,0.027,0.036,3,less250
19441,2018,20,456.5542168674699,6.1237074593957095,0,NoWC,0,NoSA,manufacturing,4,good,83,0.036,0.024,2,less100
19447,2012,14,1633.2424242424242,7.398322535254522,1,WC,1,SA,construction,3,satisfactory,33,0.182,0.818,1,less50
19447,2013,15,1485.7297297297298,7.303661331030518,1,WC,1,SA,construction,3,satisfactory,37,0.162,0.757,1,less50
19447,2014,16,1406.888888888889,7.249136083767852,1,WC,0,NoSA,construction,2,sufficient,36,0.111,0.75,1,less50
19447,2015,17,1478.264705882353,7.298624182821491,1,WC,0,NoSA,construction,1,unsatisfactory,34,0.441,0.706,1,less50
19447,2016,18,1435.939393939394,7.269574543939942,1,WC,0,NoSA,construction,3,satisfactory,33,0.606,0.667,1,less50
19447,2017,19,1523.5757575757575,7.328815323199153,1,WC,0,NoSA,construction,2,sufficient,33,0.424,0.636,1,less50
19447,2018,20,1743.741935483871,7.463788620746865,1,WC,0,NoSA,construction,2,sufficient,31,0.516,0.677,1,less50
19447,2019,21,1783.6764705882354,7.486431946126819,1,WC,0,NoSA,construction,1,unsatisfactory,34,0.471,0.5,1,less50
19447,2020,22,2327.9189189189187,7.752729979601721,1,WC,0,NoSA,manufacturing,1,unsatisfactory,37,0.757,0.459,1,less50
19447,2021,23,2214.323529411765,7.702702231505063,1,WC,0,NoSA,construction,1,unsatisfactory,34,0.735,0.5,1,less50
19458,1998,0,1237.9948547215497,7.121248297114378,0,NoWC,0,NoSA,buservices,3,satisfactory,826,0.005,0.795,4,more250
19458,2001,3,820.3594765929779,6.709742630284189,1,WC,0,NoSA,buservices,5,very good,769,0.016,0.726,4,more250
19458,2005,7,600.4505238649592,6.3976802465602365,0,NoWC,0,NoSA,buservices,4,good,859,0.013,0.572,4,more250
19514,2014,16,3814.923076923077,8.246675780192358,0,NoWC,0,NoSA,wholesretail,3,satisfactory,52,0.019,0.923,2,less100
19514,2016,18,2749.5,7.919174355947869,0,NoWC,0,NoSA,wholesretail,3,satisfactory,78,0.013,0.91,2,less100
19514,2017,19,2167.425531914894,7.681295351393164,0,NoWC,0,NoSA,wholesretail,3,satisfactory,94,0.021,0.926,2,less100
19514,2018,20,2102.138613861386,7.650710493059743,0,NoWC,0,NoSA,wholesretail,3,satisfactory,101,0.01,0.911,3,less250
19514,2019,21,2062.125,7.6314922834960885,0,NoWC,1,SA,wholesretail,3,satisfactory,104,0.019,0.904,3,less250
19532,2003,5,681.5774436090226,6.524409881670889,0,NoWC,0,NoSA,wholesretail,3,satisfactory,665,0.068,0.609,4,more250
19532,2005,7,810.9858490566038,6.69825060520437,0,NoWC,0,NoSA,wholesretail,3,satisfactory,636,0.038,0.575,4,more250
19532,2006,8,805.2373158756137,6.69113703630285,0,NoWC,1,SA,wholesretail,3,satisfactory,611,0.051,0.604,4,more250
19563,1998,0,971.3886088709677,6.878726603335752,1,WC,1,SA,wholesretail,4,good,31,0.065,0.258,1,less50
19563,1999,1,799.854458512931,6.684429784258393,1,WC,0,NoSA,wholesretail,1,unsatisfactory,29,0.034,0.31,1,less50
19563,2000,2,805.346709280303,6.691272879454339,1,WC,0,NoSA,wholesretail,3,satisfactory,33,0.061,0.394,1,less50
19563,2002,4,574.2258064516129,6.3530227099922865,1,WC,0,NoSA,wholesretail,3,satisfactory,31,0.032,0.29,1,less50
19563,2004,6,559.45,6.32695415825373,1,WC,0,NoSA,wholesretail,3,satisfactory,20,0.1,0.45,1,less50
19608,2015,17,1510.138888888889,7.31995690497574,1,WC,0,NoSA,transcom,4,good,72,0.194,0.236,2,less100
19608,2016,18,1573.0555555555557,7.360775220651741,1,WC,0,NoSA,transcom,4,good,72,0.403,0.181,2,less100
19608,2017,19,1722.8309859154929,7.451724138806171,1,WC,0,NoSA,transcom,4,good,71,0.479,0.042,2,less100
19608,2018,20,2358.2876712328766,7.765691071634487,1,WC,0,NoSA,transcom,4,good,73,0.521,0.205,2,less100
19608,2019,21,2718.246753246753,7.90774237544939,1,WC,1,SA,transcom,4,good,77,0.494,0.156,2,less100
19608,2020,22,3096.73417721519,8.03810334394041,1,WC,1,SA,wholesretail,4,good,79,0.506,0.165,2,less100
19608,2021,23,2499.5402298850577,7.823862085897157,1,WC,1,SA,wholesretail,4,good,87,0.46,0.172,2,less100
19624,2017,19,1397.7263157894736,7.242602135237688,1,WC,0,NoSA,health,4,good,95,0.979,0.768,2,less100
19624,2018,20,1438.0645161290322,7.271053402454713,1,WC,0,NoSA,health,4,good,93,0.946,0.742,2,less100
19624,2020,22,1148.8229166666667,7.046493146446897,1,WC,0,NoSA,buservices,3,satisfactory,96,0.948,0.688,2,less100
19624,2021,23,1307.2916666666667,7.17571284608614,1,WC,0,NoSA,buservices,4,good,96,0.75,0.76,2,less100
19638,2001,3,599.9890844042056,6.396911462391,0,NoWC,0,NoSA,public,4,good,214,0.187,0.107,3,less250
19638,2002,4,656.0873786407767,6.486293979221395,0,NoWC,0,NoSA,public,4,good,206,0.354,0.117,3,less250
19638,2004,6,1046.5374149659865,6.953242293722809,1,WC,0,NoSA,public,2,sufficient,147,0.238,0.102,3,less250
19638,2005,7,950.2466666666667,6.856721600014394,1,WC,0,NoSA,public,2,sufficient,150,0.26,0.093,3,less250
19638,2006,8,949.9803921568628,6.856441344546701,1,WC,0,NoSA,public,3,satisfactory,153,0.444,0.098,3,less250
19638,2007,9,806.2,6.692331850683066,1,WC,0,NoSA,public,3,satisfactory,155,0.439,0.103,3,less250
19638,2008,10,855.6381578947369,6.751847574033733,1,WC,0,NoSA,public,3,satisfactory,152,0.533,0.211,3,less250
19638,2010,12,807.794701986755,6.694307944537311,1,WC,0,NoSA,public,3,satisfactory,151,0.536,0.099,3,less250
19638,2011,13,786.7712418300654,6.667937535046279,1,WC,0,NoSA,public,3,satisfactory,153,0.562,0.131,3,less250
19643,2007,9,8255.76,9.018666417531369,1,WC,1,SA,manufacturing,4,good,25,0.12,0.68,1,less50
19643,2008,10,8231.82142857143,9.015762584928193,1,WC,0,NoSA,manufacturing,4,good,28,0.107,0.179,1,less50
19643,2009,11,7947.9655172413795,8.980671265116923,1,WC,0,NoSA,manufacturing,4,good,29,0.138,0.621,1,less50
19643,2010,12,9309.125,9.138750380891844,1,WC,0,NoSA,manufacturing,4,good,24,0.208,0.708,1,less50
19643,2011,13,10073.923076923076,9.21770549047369,1,WC,0,NoSA,manufacturing,4,good,26,0.115,0.654,1,less50
19643,2012,14,8021.34375,8.989861236700959,1,WC,0,NoSA,manufacturing,4,good,32,0.125,0.656,1,less50
19643,2013,15,5628.745098039216,8.635641800736293,1,WC,0,NoSA,manufacturing,5,very good,51,0.078,0.431,2,less100
19643,2014,16,4889.216666666666,8.494787378771278,1,WC,0,NoSA,manufacturing,4,good,60,0.15,0.517,2,less100
19643,2015,17,5844.125,8.673192162101113,1,WC,0,NoSA,manufacturing,4,good,64,0.188,0.578,2,less100
19643,2018,20,3880.320987654321,8.26367315797237,1,WC,0,NoSA,manufacturing,5,very good,81,0.173,0.593,2,less100
19643,2019,21,2591.05376344086,7.8598199304204925,1,WC,0,NoSA,manufacturing,5,very good,93,0.226,0.602,2,less100
19643,2020,22,2751.759036144578,7.919995635679187,1,WC,0,NoSA,manufacturing,5,very good,83,0.145,0.675,2,less100
19643,2021,23,3515.2631578947367,8.16486966855324,1,WC,0,NoSA,manufacturing,3,satisfactory,76,0.171,0.513,2,less100
19662,2000,2,1740.4375,7.461891797385254,0,NoWC,0,NoSA,manufacturing,4,good,53,0.151,0.547,2,less100
19662,2001,3,2478.4968171296296,7.815407533267603,0,NoWC,0,NoSA,manufacturing,4,good,54,0.204,0.5,2,less100
19662,2002,4,3127.4772727272725,8.047981975400921,0,NoWC,0,NoSA,manufacturing,3,satisfactory,44,0.295,0.432,1,less50
19662,2003,5,2625.866666666667,7.873166279265483,0,NoWC,0,NoSA,manufacturing,3,satisfactory,45,0.289,0.311,1,less50
19680,2019,21,1467.1739130434783,7.291093321248357,0,NoWC,0,NoSA,manufacturing,3,satisfactory,23,0.957,0.261,1,less50
19680,2020,22,1676.7826086956522,7.424632122350401,0,NoWC,0,NoSA,manufacturing,2,sufficient,23,0.957,0.217,1,less50
19680,2021,23,1101.892857142857,7.004784759162945,0,NoWC,0,NoSA,manufacturing,2,sufficient,28,0.964,0.214,1,less50
19697,2012,14,388.4642857142857,5.962201236918647,1,WC,0,NoSA,resthotels,2,sufficient,28,0.036,0.964,1,less50
19697,2014,16,500.0689655172414,6.214746019945064,1,WC,0,NoSA,resthotels,2,sufficient,29,0.034,0.897,1,less50
19697,2015,17,1093.9310344827586,6.997532941216736,1,WC,0,NoSA,resthotels,2,sufficient,29,0.034,0.931,1,less50
19697,2017,19,1379.40625,7.229408431942414,1,WC,0,NoSA,resthotels,3,satisfactory,32,0.031,0.844,1,less50
19697,2018,20,1652.8235294117646,7.410240334355381,1,WC,0,NoSA,resthotels,3,satisfactory,34,0.029,0.853,1,less50
19697,2020,22,1900.483870967742,7.549863801662295,1,WC,0,NoSA,finance,2,sufficient,31,0.032,0.742,1,less50
19697,2021,23,2832.4583333333335,7.94890028258508,1,WC,0,NoSA,finance,2,sufficient,24,0.083,0.875,1,less50
19710,1999,1,3003.099158653846,8.007400087302937,0,NoWC,0,NoSA,manufacturing,5,very good,78,0.026,0.551,2,less100
19710,2000,2,2449.299375,7.803557293253975,0,NoWC,0,NoSA,manufacturing,4,good,75,0.027,0.587,2,less100
19710,2001,3,1743.125,7.463434758381753,0,NoWC,0,NoSA,manufacturing,3,satisfactory,82,0.012,0.61,2,less100
19710,2002,4,2883.2875,7.966686415177716,0,NoWC,0,NoSA,manufacturing,4,good,80,0.013,0.65,2,less100
19710,2004,6,2183.3783783783783,7.688628671066707,0,NoWC,0,NoSA,manufacturing,3,satisfactory,74,0.014,0.689,2,less100
19710,2005,7,2313.505882352941,7.746519350964501,0,NoWC,0,NoSA,manufacturing,4,good,85,0.047,0.659,2,less100
19728,1998,0,2763.739864864865,7.924340064997086,0,NoWC,0,NoSA,public,4,good,370,0.186,0.124,4,more250
19728,1999,1,2342.8468665768196,7.759122078530146,0,NoWC,0,NoSA,public,4,good,371,0.224,0.132,4,more250
19728,2000,2,1229.511296660118,7.11437204962552,0,NoWC,0,NoSA,public,4,good,509,0.155,0.206,4,more250
19728,2001,3,1222.5899951550387,7.10872683430827,0,NoWC,0,NoSA,public,3,satisfactory,516,0.672,0.2,4,more250
19728,2002,4,1093.75,6.997367437671824,0,NoWC,0,NoSA,public,3,satisfactory,512,0.566,0.195,4,more250
19728,2003,5,1235.0108991825614,7.118835074272173,0,NoWC,0,NoSA,public,4,good,367,0.687,0.223,4,more250
19751,2007,9,1066.264705882353,6.971916890863043,1,WC,0,NoSA,transcom,4,good,34,0.088,0.559,1,less50
19751,2008,10,1560.125,7.352521225238617,1,WC,1,SA,transcom,3,satisfactory,32,0.094,0.688,1,less50
19751,2010,12,1871.2173913043478,7.53434450942534,1,WC,1,SA,transcom,2,sufficient,23,0.13,0.565,1,less50
19751,2011,13,2104.08,7.651633595948439,1,WC,1,SA,transcom,3,satisfactory,25,0.12,0.48,1,less50
19751,2012,14,2295.36,7.7386449729380695,1,WC,1,SA,transcom,4,good,25,0.12,0.44,1,less50
19751,2013,15,2196.6451612903224,7.694686548776115,1,WC,1,SA,transcom,3,satisfactory,31,0.097,0.387,1,less50
19751,2014,16,2468.1290322580644,7.811215665772905,1,WC,1,SA,transcom,3,satisfactory,31,0.097,0.387,1,less50
19751,2015,17,2494.9565217391305,7.822026581877121,1,WC,1,SA,transcom,3,satisfactory,23,0.304,0.391,1,less50
19751,2016,18,1796.878787878788,7.493806432020384,1,WC,1,SA,transcom,3,satisfactory,33,0.212,0.788,1,less50
19751,2017,19,1631.5,7.397255116033375,1,WC,1,SA,transcom,3,satisfactory,34,0.265,0.441,1,less50
19751,2018,20,2910.782608695652,7.976177261704379,1,WC,1,SA,transcom,4,good,23,0.435,0.478,1,less50
19751,2019,21,2295.36,7.7386449729380695,1,WC,1,SA,transcom,4,good,25,0.32,0.64,1,less50
19751,2020,22,2550.4,7.844005488595896,1,WC,1,SA,transcom,3,satisfactory,30,0.3,0.533,1,less50
19751,2021,23,2468.1290322580644,7.811215665772905,1,WC,1,SA,transcom,3,satisfactory,31,0.065,0.548,1,less50
19759,1999,1,2521.823388501742,7.832737485722941,0,NoWC,0,NoSA,transcom,4,good,287,0.146,0.488,4,more250
19759,2000,2,2259.282490974729,7.722802559988705,0,NoWC,0,NoSA,transcom,4,good,277,0.206,0.458,4,more250
19759,2001,3,2261.1341845878137,7.723621817968467,0,NoWC,0,NoSA,transcom,4,good,279,0.33,0.452,4,more250
19827,2019,21,3454.1071428571427,8.147319278160994,1,WC,0,NoSA,buservices,4,good,28,0.143,0.714,1,less50
19827,2020,22,1970.0740740740741,7.585826422077962,1,WC,0,NoSA,public,2,sufficient,27,0.111,0.778,1,less50
19827,2021,23,2404.0714285714284,7.784919007597816,1,WC,0,NoSA,public,2,sufficient,28,0.143,0.821,1,less50
19831,2000,2,4188.631076388889,8.34012924745514,0,NoWC,0,NoSA,health,3,satisfactory,36,0.028,0.833,1,less50
19831,2001,3,2001.1794270833334,7.601491999271048,0,NoWC,0,NoSA,health,3,satisfactory,30,0.1,0.767,1,less50
19831,2002,4,1591.896551724138,7.372681384220254,0,NoWC,0,NoSA,health,4,good,29,0.103,0.862,1,less50
19831,2004,6,1733.3076923076924,7.457786822892585,0,NoWC,0,NoSA,health,4,good,26,0.077,0.731,1,less50
19831,2005,7,1421.6666666666667,7.25958517125767,0,NoWC,0,NoSA,health,4,good,27,0.037,0.704,1,less50
19831,2006,8,1744.9259259259259,7.464467384409413,0,NoWC,0,NoSA,health,4,good,27,0.037,0.778,1,less50
19831,2007,9,1924.36,7.562348723909834,0,NoWC,0,NoSA,health,4,good,25,0.08,0.76,1,less50
19831,2008,10,2407.52,7.7863524510105675,0,NoWC,0,NoSA,health,4,good,25,0.12,0.84,1,less50
19831,2009,11,2126.0384615384614,7.662015649772336,0,NoWC,0,NoSA,health,4,good,26,0.038,0.692,1,less50
19831,2010,12,1228,7.113142108707088,0,NoWC,0,NoSA,health,3,satisfactory,28,0.036,0.786,1,less50
19831,2011,13,1584,7.367708572374371,0,NoWC,0,NoSA,health,4,good,30,0.1,0.733,1,less50
19831,2012,14,1113.21875,7.015010872844419,0,NoWC,0,NoSA,health,4,good,32,0.094,0.812,1,less50
19831,2013,15,1021.7142857142857,6.9292371677980364,0,NoWC,1,SA,health,3,satisfactory,35,0.029,0.771,1,less50
19831,2014,16,1118.8684210526317,7.02007311520745,0,NoWC,0,NoSA,health,2,sufficient,38,0.026,0.711,1,less50
19831,2015,17,800.3962264150944,6.685106888074644,0,NoWC,0,NoSA,health,3,satisfactory,53,0.019,0.679,2,less100
19831,2016,18,802.1320754716982,6.687273276940858,0,NoWC,0,NoSA,health,3,satisfactory,53,0.019,0.811,2,less100
19831,2017,19,647.0677966101695,6.472451075116583,0,NoWC,0,NoSA,health,3,satisfactory,59,0.017,0.831,2,less100
19831,2018,20,713.8983050847457,6.570740522342192,0,NoWC,0,NoSA,health,3,satisfactory,59,0.017,0.864,2,less100
19831,2019,21,665.3050847457627,6.500245709504992,0,NoWC,1,SA,health,3,satisfactory,59,0.034,0.797,2,less100
19831,2020,22,711.4769230769231,6.567342982818276,0,NoWC,0,NoSA,buservices,3,satisfactory,65,0.031,0.754,2,less100
19831,2021,23,677.2714285714286,6.5180721210278545,0,NoWC,0,NoSA,buservices,3,satisfactory,70,0.086,0.829,2,less100
19833,1999,1,2618.703302556818,7.870434551552246,1,WC,0,NoSA,manufacturing,3,satisfactory,88,0.057,0.489,2,less100
19833,2000,2,3177.6860219594596,8.063908544846296,1,WC,0,NoSA,manufacturing,3,satisfactory,74,0.081,0.432,2,less100
19833,2001,3,2841.3767361111113,7.952043979930366,1,WC,0,NoSA,manufacturing,3,satisfactory,72,0.083,0.417,2,less100
19833,2002,4,2940.409836065574,7.986304250639751,1,WC,0,NoSA,manufacturing,2,sufficient,61,0.098,0.377,2,less100
19833,2004,6,4933.581818181819,8.503820538366012,0,NoWC,0,NoSA,manufacturing,2,sufficient,55,0.091,0.382,2,less100
19838,2007,9,940.4615384615385,6.846370753127134,1,WC,1,SA,mining,3,satisfactory,39,0.667,0.077,1,less50
19838,2008,10,739.3414634146342,6.6057598756848535,1,WC,0,NoSA,mining,3,satisfactory,41,0.488,0.024,1,less50
19838,2009,11,1005.2272727272727,6.912968936944111,1,WC,0,NoSA,mining,1,unsatisfactory,44,0.523,0,1,less50
19838,2010,12,697.0512820512821,6.546858983450375,1,WC,0,NoSA,mining,1,unsatisfactory,39,0.59,0,1,less50
19838,2011,13,997.875,6.905628017965963,1,WC,0,NoSA,mining,2,sufficient,40,0.625,0,1,less50
19838,2012,14,1006.8444444444444,6.914576406550284,1,WC,1,SA,mining,3,satisfactory,45,0.6,0.022,1,less50
19838,2013,15,1003.5116279069767,6.911260755520507,1,WC,1,SA,mining,3,satisfactory,43,0.651,0.023,1,less50
19838,2014,16,1103.860465116279,7.006568828555889,1,WC,1,SA,mining,3,satisfactory,43,0.651,0.023,1,less50
19838,2015,17,1103.860465116279,7.006568828555889,1,WC,1,SA,mining,2,sufficient,43,0.814,0.116,1,less50
19838,2016,18,1216.4893617021276,7.103724417180923,1,WC,0,NoSA,mining,2,sufficient,47,0.511,0.106,1,less50
19838,2017,19,1348.4545454545455,7.206714434525242,1,WC,1,SA,mining,2,sufficient,44,0.909,0.159,1,less50
19838,2018,20,1225.8863636363637,7.11141942348607,1,WC,1,SA,mining,3,satisfactory,44,0.977,0.068,1,less50
19845,2002,4,1237.578947368421,7.120912288261246,1,WC,0,NoSA,wholesretail,2,sufficient,76,0.066,0.855,2,less100
19845,2003,5,1737,7.459914766241105,1,WC,0,NoSA,wholesretail,3,satisfactory,66,0.076,0.803,2,less100
19845,2004,6,1713.2676056338028,7.4461577065746996,1,WC,0,NoSA,wholesretail,2,sufficient,71,0.085,0.915,2,less100
19845,2006,8,2597.3571428571427,7.862249723523363,1,WC,0,NoSA,wholesretail,3,satisfactory,42,0.119,0.762,1,less50
19845,2007,9,2141.4576271186443,7.669242010316893,1,WC,0,NoSA,wholesretail,2,sufficient,59,0.203,0.847,2,less100
19861,1998,0,2608.6320153061224,7.8665812308448935,0,NoWC,1,SA,edu,4,good,392,0.222,0.658,4,more250
19861,1999,1,2206.0816941624366,7.6989732318396475,0,NoWC,1,SA,edu,4,good,394,0.223,0.513,4,more250
19861,2000,2,1522.6794403892943,7.328226851679808,0,NoWC,1,SA,edu,4,good,411,0.255,0.472,4,more250
19861,2001,3,1647.1447454308095,7.4067986106091865,0,NoWC,1,SA,edu,4,good,383,0.308,0.483,4,more250
19875,2014,16,1840.4814814814815,7.5177824910903706,0,NoWC,0,NoSA,manufacturing,4,good,27,0.444,0.222,1,less50
19875,2015,17,1988.5925925925926,7.595182427603198,0,NoWC,0,NoSA,manufacturing,4,good,27,0.296,0.185,1,less50
19875,2016,18,2099.3703703703704,7.649392755122266,0,NoWC,0,NoSA,manufacturing,2,sufficient,27,0.037,0.185,1,less50
19875,2017,19,2143.25,7.670078647558865,0,NoWC,0,NoSA,manufacturing,3,satisfactory,28,0.036,0.179,1,less50
19875,2018,20,2296.75,7.739250359151576,0,NoWC,0,NoSA,manufacturing,3,satisfactory,28,0.964,0.179,1,less50
19875,2019,21,2563.76,7.849230209915307,0,NoWC,0,NoSA,manufacturing,3,satisfactory,25,0.12,0.16,1,less50
19875,2020,22,2413.0434782608695,7.7886440838053765,0,NoWC,0,NoSA,manufacturing,3,satisfactory,23,0.957,0.304,1,less50
19875,2021,23,2111.9583333333335,7.655370916096189,0,NoWC,0,NoSA,manufacturing,5,very good,24,0.417,0.208,1,less50
19897,2002,4,3001.056338028169,8.006719618349184,0,NoWC,0,NoSA,buservices,2,sufficient,71,0.169,0.69,2,less100
19897,2003,5,2939.310810810811,7.985930414760951,0,NoWC,0,NoSA,buservices,4,good,74,0.162,0.77,2,less100
19897,2005,7,1269.0657894736842,7.14603630992744,0,NoWC,0,NoSA,buservices,3,satisfactory,76,0.355,0.684,2,less100
19911,2002,4,2582.9859154929577,7.856701340310148,0,NoWC,0,NoSA,health,5,very good,71,0.31,0.704,2,less100
19911,2003,5,2687.9857142857145,7.896547387003067,1,WC,0,NoSA,health,2,sufficient,70,0.586,0.657,2,less100
19911,2004,6,2812.942028985507,7.941986200024929,1,WC,0,NoSA,health,3,satisfactory,69,0.377,0.783,2,less100
19911,2005,7,2570.3521126760565,7.851798177327782,0,NoWC,0,NoSA,health,3,satisfactory,71,0.31,0.859,2,less100
19911,2006,8,2464.4520547945203,7.809724771622464,0,NoWC,0,NoSA,health,3,satisfactory,73,0.288,0.89,2,less100
19911,2007,9,2715.8507462686566,7.906860533659256,0,NoWC,0,NoSA,health,2,sufficient,67,0.925,0.791,2,less100
19939,2016,18,2963.283582089552,7.994053250752747,0,NoWC,0,NoSA,health,4,good,603,0.365,0.491,4,more250
19939,2017,19,2898.550724637681,7.971966140932914,0,NoWC,0,NoSA,health,4,good,552,0.326,0.525,4,more250
19939,2018,20,3187.9194630872485,8.06712377707132,0,NoWC,0,NoSA,health,4,good,596,0.436,0.545,4,more250
19959,2002,4,887.4347826086956,6.788335034264893,0,NoWC,0,NoSA,wholesretail,4,good,23,0.348,0.652,1,less50
19959,2003,5,1063.4,6.969226601070238,0,NoWC,0,NoSA,wholesretail,1,unsatisfactory,20,0.35,0.7,1,less50
19959,2004,6,940.7272727272727,6.84665327050755,0,NoWC,0,NoSA,buservices,4,good,22,0.5,0.682,1,less50
19959,2005,7,737.96,6.6038896225895645,0,NoWC,0,NoSA,buservices,3,satisfactory,25,0.44,0.6,1,less50
19962,1999,1,1196.5993175287356,7.087238910613746,0,NoWC,0,NoSA,manufacturing,3,satisfactory,87,0.057,0.034,2,less100
19962,2000,2,724.9586588541666,6.586114630958728,0,NoWC,0,NoSA,manufacturing,2,sufficient,96,0.01,0.052,2,less100
19962,2002,4,397.01680672268907,5.9839786141051965,0,NoWC,0,NoSA,manufacturing,3,satisfactory,119,0.059,0.025,3,less250
19962,2003,5,643.08,6.466269133294759,1,WC,0,NoSA,manufacturing,4,good,125,0.136,0.032,3,less250
19962,2004,6,732.7551020408164,6.596811542433791,0,NoWC,0,NoSA,manufacturing,3,satisfactory,98,0.173,0.051,2,less100
19969,2014,16,1117.8846153846155,7.019193442113969,1,WC,0,NoSA,wholesretail,4,good,26,0.077,0.462,1,less50
19969,2016,18,1002.2413793103449,6.909994150148977,1,WC,0,NoSA,wholesretail,4,good,29,0.103,0.483,1,less50
19969,2017,19,996.7407407407408,6.904490696768345,1,WC,0,NoSA,wholesretail,4,good,27,0.074,0.481,1,less50
19969,2018,20,1937.65,7.569231177585618,1,WC,0,NoSA,wholesretail,4,good,20,0.15,0.5,1,less50
19986,2002,4,179.50746268656715,5.19021678191965,0,NoWC,0,NoSA,manufacturing,3,satisfactory,134,0.418,0.642,3,less250
19986,2004,6,2463.381679389313,7.809290351355962,0,NoWC,0,NoSA,manufacturing,3,satisfactory,131,0.519,0.733,3,less250
19986,2005,7,2244.390410958904,7.716189231438045,0,NoWC,0,NoSA,manufacturing,3,satisfactory,146,0.527,0.726,3,less250
20042,2006,8,539.2975871313673,6.2902675282582,0,NoWC,1,SA,buservices,4,good,373,0.046,0.373,4,more250
20042,2007,9,584.0107816711591,6.369919444423494,0,NoWC,1,SA,buservices,3,satisfactory,371,0.038,0.399,4,more250
20042,2009,11,503.9187817258883,6.222415107716467,0,NoWC,1,SA,buservices,4,good,394,0.041,0.259,4,more250
20080,2017,19,260.4873188405797,5.562554179933958,1,WC,0,NoSA,health,4,good,552,0.013,0.143,4,more250
20080,2019,21,240.4337748344371,5.482444687112272,1,WC,0,NoSA,health,4,good,604,0.015,0.137,4,more250
20080,2021,23,222.99108469539377,5.407131791716517,1,WC,1,SA,buservices,5,very good,673,0.38,0.141,4,more250
20087,2014,16,1496.2068965517242,7.310688448805922,1,WC,0,NoSA,manufacturing,4,good,29,0.034,0.31,1,less50
20087,2016,18,1411.3333333333333,7.252290163026701,1,WC,0,NoSA,manufacturing,2,sufficient,30,0.1,0.4,1,less50
20087,2017,19,1631.8620689655172,7.3974770153870795,1,WC,0,NoSA,manufacturing,2,sufficient,29,0.103,0.379,1,less50
20087,2018,20,1388.5806451612902,7.236037385838978,1,WC,0,NoSA,manufacturing,2,sufficient,31,0.097,0.355,1,less50
20087,2019,21,1552.7333333333333,7.347772097737197,1,WC,0,NoSA,manufacturing,3,satisfactory,30,0.133,0.367,1,less50
20087,2020,22,1500.9375,7.313845191859143,1,WC,0,NoSA,manufacturing,2,sufficient,32,0.188,0.344,1,less50
20087,2021,23,1621.03125,7.390817799773172,1,WC,0,NoSA,manufacturing,4,good,32,0.156,0.344,1,less50
20105,2005,7,1676.1,7.424224945133212,1,WC,0,NoSA,wholesretail,3,satisfactory,20,0.05,0.1,1,less50
20105,2006,8,1812.3,7.502352035812805,1,WC,0,NoSA,wholesretail,3,satisfactory,20,0.05,0.1,1,less50
20105,2007,9,1891.6,7.545178310769721,1,WC,0,NoSA,wholesretail,3,satisfactory,20,0.15,0.1,1,less50
20107,2004,6,1126.3626373626373,7.026748814898598,0,NoWC,0,NoSA,health,2,sufficient,91,0.692,0.978,2,less100
20107,2005,7,1351.6373626373627,7.209071997723354,0,NoWC,0,NoSA,health,3,satisfactory,91,0.637,0.956,2,less100
20107,2006,8,1576.9120879120878,7.363223838999566,0,NoWC,0,NoSA,health,5,very good,91,0.637,0.978,2,less100
20107,2007,9,2072.5164835164837,7.636518840423652,0,NoWC,0,NoSA,health,4,good,91,0.813,0.967,2,less100
20107,2008,10,3581.3012048192772,8.18348147839065,1,WC,0,NoSA,health,2,sufficient,83,0.663,0.988,2,less100
20137,2013,15,2687.6739130434785,7.89643138217233,0,NoWC,0,NoSA,wholesretail,5,very good,46,0.304,0.457,1,less50
20137,2014,16,2227.582089552239,7.708672011439089,0,NoWC,0,NoSA,wholesretail,4,good,67,0.239,0.522,2,less100
20137,2015,17,2295.626865671642,7.738761229281096,0,NoWC,0,NoSA,wholesretail,4,good,67,0.328,0.522,2,less100
20137,2016,18,1407.1304347826087,7.24930775699858,0,NoWC,0,NoSA,wholesretail,4,good,69,0.304,0.493,2,less100
20147,2018,20,1907.2821576763486,7.5534345535839185,0,NoWC,0,NoSA,manufacturing,4,good,241,0.73,0.1,3,less250
20147,2019,21,2529.7426160337554,7.835872843753452,0,NoWC,0,NoSA,manufacturing,5,very good,237,0.743,0.101,3,less250
20147,2020,22,2141.246031746032,7.669143196394829,0,NoWC,0,NoSA,manufacturing,5,very good,252,0.663,0.115,4,more250
20147,2021,23,1870.6860465116279,7.534060512360679,0,NoWC,0,NoSA,manufacturing,3,satisfactory,258,0.721,0.109,4,more250
20171,2001,3,930.2482638888889,6.835451500940539,0,NoWC,0,NoSA,edu,4,good,54,0.463,0.519,2,less100
20171,2002,4,3065.796296296296,8.028062617660398,0,NoWC,0,NoSA,edu,3,satisfactory,54,0.519,0.519,2,less100
20171,2003,5,2991.0185185185187,8.003369250024528,0,NoWC,0,NoSA,edu,3,satisfactory,54,0.426,0.204,2,less100
20171,2004,6,3364.8888888888887,8.121150221886978,0,NoWC,0,NoSA,edu,3,satisfactory,54,0.463,0.352,2,less100
20171,2005,7,3618.8490566037735,8.193911314101424,0,NoWC,0,NoSA,edu,2,sufficient,53,0.434,0.302,2,less100
20171,2006,8,3551.8333333333335,8.175219181089272,0,NoWC,1,SA,edu,2,sufficient,54,0.481,0.426,2,less100
20171,2007,9,3326.659090909091,8.10972380335297,0,NoWC,0,NoSA,edu,2,sufficient,44,0.659,0.659,1,less50
20171,2008,10,4705.5,8.456487316298842,0,NoWC,0,NoSA,edu,1,unsatisfactory,44,0.727,0.545,1,less50
20171,2009,11,4037.866666666667,8.303471778680933,0,NoWC,0,NoSA,edu,2,sufficient,45,0.689,0.444,1,less50
20179,2017,19,2352.2285714285713,7.763118486026514,0,NoWC,0,NoSA,manufacturing,4,good,35,0.4,0.057,1,less50
20179,2019,21,1305.1951219512196,7.174107827316548,0,NoWC,0,NoSA,manufacturing,4,good,41,0.293,0.049,1,less50
20179,2020,22,1482.2,7.3012827495172585,0,NoWC,0,NoSA,manufacturing,4,good,40,0.5,0.05,1,less50
20179,2021,23,1435.953488372093,7.269584359370584,0,NoWC,0,NoSA,manufacturing,4,good,43,0.442,0.07,1,less50
20205,2009,11,441.44025157232704,6.090042680359007,1,WC,0,NoSA,manufacturing,4,good,159,0.025,0.491,3,less250
20205,2011,13,524.2910052910053,6.262046883778085,1,WC,0,NoSA,manufacturing,4,good,189,0.021,0.481,3,less250
20205,2012,14,682.1010638297872,6.5251778342984945,1,WC,0,NoSA,manufacturing,4,good,188,0.09,0.638,3,less250
20205,2013,15,637.3703703703703,6.457350915760582,1,WC,0,NoSA,manufacturing,4,good,189,0.085,0.619,3,less250
20205,2014,16,657.0386473429952,6.48774284071649,1,WC,0,NoSA,manufacturing,4,good,207,0.092,0.498,3,less250
20205,2015,17,681.4170616113744,6.524174543967363,1,WC,0,NoSA,manufacturing,4,good,211,0.076,0.545,3,less250
20205,2016,18,702.3802816901408,6.5544749691622535,1,WC,0,NoSA,manufacturing,4,good,213,0.066,0.568,3,less250
20205,2018,20,922.9,6.827520886271531,1,WC,0,NoSA,manufacturing,4,good,180,0.083,0.6,3,less250
20206,2018,20,1528.2237762237762,7.331861409411882,0,NoWC,0,NoSA,manufacturing,4,good,143,0.21,0.469,3,less250
20206,2020,22,2337.288235294118,7.756746662532329,0,NoWC,1,SA,mining,4,good,170,0.271,0.294,3,less250
20206,2021,23,2300.9717514124295,7.741086813303088,0,NoWC,1,SA,mining,4,good,177,0.136,0.39,3,less250
20208,2018,20,2418.134020618557,7.790751455866452,0,NoWC,1,SA,finance,4,good,388,0.062,0.273,4,more250
20208,2019,21,2474.722891566265,7.8138837057309365,0,NoWC,1,SA,finance,4,good,332,0.087,0.358,4,more250
20208,2020,22,2249.603406326034,7.718509215807071,0,NoWC,1,SA,transcom,3,satisfactory,411,0.058,0.445,4,more250
20208,2021,23,1907.7805907172997,7.553695851012904,0,NoWC,1,SA,transcom,3,satisfactory,474,0.101,0.308,4,more250
20218,2010,12,1367.0315789473684,7.220396937369614,1,WC,0,NoSA,manufacturing,3,satisfactory,190,0.042,0.295,3,less250
20218,2011,13,1615.6424581005588,7.387487963425992,1,WC,0,NoSA,manufacturing,3,satisfactory,179,0.045,0.335,3,less250
20218,2012,14,1816.4835164835165,7.504657777292265,1,WC,0,NoSA,manufacturing,3,satisfactory,182,0.06,0.357,3,less250
20248,2004,6,852.4347826086956,6.748096704892522,1,WC,0,NoSA,finance,2,sufficient,23,0.13,0.348,1,less50
20248,2005,7,669.875,6.5070911278150145,1,WC,0,NoSA,finance,2,sufficient,24,0.125,0.292,1,less50
20248,2006,8,939.4583333333334,6.8453034680385665,1,WC,0,NoSA,finance,1,unsatisfactory,24,0.208,0.208,1,less50
20248,2008,10,827.125,6.7179558323322235,1,WC,0,NoSA,finance,2,sufficient,32,0.156,0.281,1,less50
20248,2009,11,1021.125,6.928660239662033,1,WC,0,NoSA,finance,2,sufficient,24,0.208,0.208,1,less50
20248,2010,12,816.9166666666666,6.705537090473726,1,WC,0,NoSA,finance,3,satisfactory,24,0.083,0.167,1,less50
20248,2011,13,1065.5217391304348,6.97121985408083,1,WC,0,NoSA,finance,3,satisfactory,23,0.13,0.13,1,less50
20248,2012,14,1008.875,6.916591127644536,1,WC,0,NoSA,finance,3,satisfactory,24,0.5,0.125,1,less50
20248,2014,16,726.1481481481482,6.587754054817342,1,WC,0,NoSA,finance,3,satisfactory,27,0.556,0.185,1,less50
20248,2015,17,709.8620689655172,6.565070682100031,1,WC,0,NoSA,finance,3,satisfactory,29,0.414,0.241,1,less50
20248,2016,18,656.2,6.486465620527001,1,WC,0,NoSA,finance,4,good,30,0.4,0.1,1,less50
20248,2017,19,798.7407407407408,6.683036413437689,1,WC,0,NoSA,finance,4,good,27,0.444,0.111,1,less50
20248,2018,20,893.1153846153846,6.794715782625209,1,WC,0,NoSA,finance,5,very good,26,0.462,0.038,1,less50
20248,2021,23,1181.8461538461538,7.074833032004259,1,WC,0,NoSA,finance,4,good,26,0.385,0.154,1,less50
20257,1998,0,3556.0520833333335,8.17640624313321,0,NoWC,0,NoSA,manufacturing,2,sufficient,60,0.367,0.6,2,less100
20257,1999,1,3149.970262096774,8.055148291170918,0,NoWC,0,NoSA,manufacturing,2,sufficient,62,0.355,0.581,2,less100
20257,2000,2,3164.5558449074074,8.059767991368041,0,NoWC,0,NoSA,manufacturing,3,satisfactory,54,0.444,0.537,2,less100
20257,2002,4,2649.3958333333335,7.882086905565801,0,NoWC,0,NoSA,manufacturing,2,sufficient,48,0.479,0.438,1,less50
20259,2009,11,1507.4868421052631,7.318199200274866,0,NoWC,0,NoSA,buservices,5,very good,76,0.316,0.382,2,less100
20259,2010,12,1549.16,7.345468127529311,0,NoWC,0,NoSA,buservices,4,good,75,0.187,0.493,2,less100
20259,2011,13,1636.763888888889,7.400476332935963,0,NoWC,0,NoSA,buservices,4,good,72,0.458,0.333,2,less100
20259,2012,14,1656.9305555555557,7.412722106805148,0,NoWC,0,NoSA,buservices,4,good,72,0.458,0.319,2,less100
20259,2013,15,1607.2112676056338,7.382255824181497,0,NoWC,0,NoSA,buservices,3,satisfactory,71,0.338,0.366,2,less100
20289,2011,13,913.8490566037735,6.817665411868325,1,WC,0,NoSA,transcom,3,satisfactory,106,0.009,0.057,3,less250
20289,2012,14,859.5217391304348,6.756376117266788,1,WC,0,NoSA,transcom,4,good,115,0.009,0.096,3,less250
20289,2014,16,1221.685393258427,7.107986654259656,1,WC,0,NoSA,transcom,4,good,89,0.011,0.067,2,less100
20289,2015,17,1386.103448275862,7.234251814970244,1,WC,0,NoSA,transcom,5,very good,87,0.023,0.08,2,less100
20289,2016,18,1744.3294117647058,7.464125469525404,1,WC,0,NoSA,transcom,4,good,85,0.012,0.082,2,less100
20289,2018,20,1858.34375,7.527440913025665,1,WC,0,NoSA,transcom,4,good,64,0.016,0.062,2,less100
20345,1998,0,2349.4416564039407,7.761932985888912,0,NoWC,0,NoSA,edu,2,sufficient,203,0.01,0.542,3,less250
20345,1999,1,2630.165283203125,7.874801968521508,0,NoWC,0,NoSA,edu,1,unsatisfactory,256,0.02,0.516,4,more250
20345,2000,2,2412.9602272727275,7.788609582800723,0,NoWC,0,NoSA,edu,1,unsatisfactory,253,0.004,0.415,4,more250
20345,2001,3,4205.709583333333,8.344198305693578,0,NoWC,0,NoSA,edu,1,unsatisfactory,150,0.013,0.5,3,less250
20345,2002,4,2343.0962343096235,7.759228510779821,0,NoWC,0,NoSA,edu,3,satisfactory,239,0.025,0.519,3,less250
20349,2002,4,1865.111111111111,7.531075907306554,0,NoWC,0,NoSA,resthotels,1,unsatisfactory,72,0.042,0.639,2,less100
20349,2003,5,1641.3055555555557,7.403247274582923,0,NoWC,0,NoSA,resthotels,3,satisfactory,72,0.069,0.708,2,less100
20349,2004,6,1492.0972222222222,7.307937940988067,0,NoWC,0,NoSA,resthotels,2,sufficient,72,0.028,0.75,2,less100
20349,2005,7,1742.1216216216217,7.462858972209335,1,WC,0,NoSA,resthotels,3,satisfactory,74,0.041,0.662,2,less100
20349,2006,8,1730.051948051948,7.455906714816693,0,NoWC,1,SA,resthotels,3,satisfactory,77,0.286,0.727,2,less100
20354,2015,17,637.1,6.456926629122442,1,WC,0,NoSA,resthotels,4,good,30,0.433,0.633,1,less50
20354,2017,19,745.9,6.614591542961118,1,WC,0,NoSA,resthotels,4,good,30,0.5,0.5,1,less50
20354,2018,20,576.1,6.356281256738337,1,WC,0,NoSA,resthotels,2,sufficient,30,0.533,0.433,1,less50
20354,2019,21,637.1666666666666,6.457031264468358,1,WC,0,NoSA,resthotels,2,sufficient,30,0.5,0.4,1,less50
20354,2021,23,645.5714285714286,6.470135860355966,1,WC,0,NoSA,finance,4,good,35,0.2,0.543,1,less50
20362,1999,1,691.645980342742,6.539074235611233,1,WC,0,NoSA,manufacturing,4,good,31,0.194,0.774,1,less50
20362,2001,3,662.2934244791667,6.495708697129956,1,WC,0,NoSA,manufacturing,4,good,30,0.467,0.633,1,less50
20362,2002,4,631.2903225806451,6.447765855904976,1,WC,0,NoSA,manufacturing,1,unsatisfactory,31,0.452,0.806,1,less50
20362,2004,6,1016.6363636363636,6.9242547742298175,1,WC,0,NoSA,manufacturing,1,unsatisfactory,22,0.5,0.864,1,less50
20362,2018,20,344.39130434782606,5.84177852353513,1,WC,0,NoSA,manufacturing,4,good,23,0.174,0.783,1,less50
20362,2019,21,364.6521739130435,5.898943951055262,1,WC,0,NoSA,manufacturing,2,sufficient,23,0.174,0.783,1,less50
20381,2013,15,778,6.656726524178391,1,WC,0,NoSA,manufacturing,3,satisfactory,32,0.25,0.969,1,less50
20381,2014,16,616.9354838709677,6.4247644542095905,1,WC,0,NoSA,manufacturing,3,satisfactory,31,0.323,0.968,1,less50
20381,2015,17,677.6129032258065,6.518576185697574,1,WC,0,NoSA,manufacturing,3,satisfactory,31,0.323,0.968,1,less50
20381,2016,18,923.5357142857143,6.828209471642703,1,WC,0,NoSA,manufacturing,3,satisfactory,28,0.214,0.964,1,less50
20381,2017,19,1066.5384615384614,6.9721736005883415,1,WC,0,NoSA,manufacturing,3,satisfactory,26,0.231,0.923,1,less50
20381,2018,20,1280.304347826087,7.154853100389573,1,WC,0,NoSA,manufacturing,3,satisfactory,23,0.87,1,1,less50
20381,2019,21,1486.608695652174,7.30425276162978,1,WC,0,NoSA,manufacturing,4,good,23,0.348,0.913,1,less50
20381,2020,22,1102.967741935484,7.005759773073783,1,WC,0,NoSA,manufacturing,4,good,31,0.323,0.903,1,less50
20381,2021,23,2376.4347826086955,7.773356653055457,1,WC,0,NoSA,construction,4,good,23,0.348,1,1,less50
20454,2014,16,1698.9247311827958,7.437750818855848,0,NoWC,0,NoSA,edu,4,good,186,0.866,0.866,3,less250
20454,2015,17,3790.8106796116504,8.240335174836888,0,NoWC,0,NoSA,edu,4,good,206,0.908,0.859,3,less250
20454,2019,21,2880.0285714285715,7.965555493715703,0,NoWC,0,NoSA,edu,4,good,245,0.91,0.898,3,less250
20465,2007,9,2360.36,7.766569428759133,0,NoWC,0,NoSA,finance,3,satisfactory,125,0.024,0.744,3,less250
20465,2008,10,1806.22131147541,7.498992268814419,0,NoWC,0,NoSA,finance,3,satisfactory,122,0.025,0.82,3,less250
20465,2009,11,1899.6521739130435,7.549426082034284,0,NoWC,0,NoSA,finance,3,satisfactory,115,0.026,0.739,3,less250
20482,2006,8,1155.9056603773586,7.052639437232049,1,WC,0,NoSA,health,4,good,106,0.368,0.104,3,less250
20482,2007,9,1176.5045045045044,7.070303036893198,1,WC,0,NoSA,health,4,good,111,0.333,0.054,3,less250
20482,2008,10,984.3888888888889,6.892021031261905,1,WC,0,NoSA,health,4,good,144,0.111,0.076,3,less250
20482,2009,11,1115.469696969697,7.017030848079752,1,WC,0,NoSA,health,4,good,132,0.242,0.068,3,less250
20495,2002,4,3516.8823529411766,8.165330180945244,1,WC,0,NoSA,buservices,4,good,34,0.735,0.235,1,less50
20495,2003,5,2476.641025641026,7.814658495951486,1,WC,0,NoSA,buservices,3,satisfactory,39,0.615,0.256,1,less50
20495,2004,6,3443.40625,8.144216449407228,0,NoWC,0,NoSA,buservices,4,good,32,0.781,0.25,1,less50
20495,2005,7,2983.457142857143,8.000838022138716,0,NoWC,0,NoSA,buservices,4,good,35,0.686,0.286,1,less50
20498,2009,11,1829.1984126984128,7.511633124026259,0,NoWC,0,NoSA,mining,1,unsatisfactory,126,0.579,0.087,3,less250
20498,2010,12,1569.68,7.358627055911846,0,NoWC,0,NoSA,mining,4,good,125,0.576,0.096,3,less250
20498,2012,14,2117.5234375,7.658002494941932,0,NoWC,0,NoSA,mining,5,very good,128,0.508,0.109,3,less250
20501,2012,14,2248.9795918367345,7.718231877590324,1,WC,0,NoSA,manufacturing,4,good,147,0.306,0.558,3,less250
20501,2013,15,2025.3164556962026,7.613481241748943,1,WC,0,NoSA,manufacturing,3,satisfactory,158,0.272,0.475,3,less250
20501,2014,16,1950.6172839506173,7.5759011573366655,1,WC,0,NoSA,manufacturing,4,good,162,0.265,0.519,3,less250
20501,2015,17,1606.892405063291,7.382057409583922,1,WC,0,NoSA,manufacturing,3,satisfactory,158,0.272,0.525,3,less250
20501,2016,18,1620.3975155279504,7.390426778081218,1,WC,0,NoSA,manufacturing,4,good,161,0.28,0.478,3,less250
20501,2017,19,1665.9176470588236,7.418131389967688,1,WC,0,NoSA,manufacturing,3,satisfactory,170,0.276,0.488,3,less250
20501,2019,21,1462.7687074829932,7.2880862938417295,1,WC,0,NoSA,manufacturing,3,satisfactory,147,0.32,0.463,3,less250
20501,2020,22,2545.7162162162163,7.842167310303291,1,WC,0,NoSA,manufacturing,2,sufficient,148,0.338,0.507,3,less250
20501,2021,23,1500.921052631579,7.313834233735612,1,WC,0,NoSA,manufacturing,1,unsatisfactory,152,0.309,0.487,3,less250
20516,1999,1,4415.939166666667,8.392975812197795,0,NoWC,0,NoSA,public,3,satisfactory,150,0.153,0.327,3,less250
20516,2006,8,4100,8.318742252692399,0,NoWC,0,NoSA,public,2,sufficient,120,0.117,0.367,3,less250
20516,2007,9,3269.0564516129034,8.092256675346261,0,NoWC,0,NoSA,public,4,good,124,0.25,0.306,3,less250
20516,2008,10,2966.8174603174602,7.995245095080848,0,NoWC,0,NoSA,public,3,satisfactory,126,0.254,0.286,3,less250
20522,2004,6,3906.25,8.270333113484712,0,NoWC,0,NoSA,buservices,3,satisfactory,128,0.023,0.367,3,less250
20522,2005,7,3849.1567164179105,8.25560936859358,0,NoWC,0,NoSA,buservices,3,satisfactory,134,0.045,0.478,3,less250
20522,2006,8,3514.285714285714,8.164591572865142,0,NoWC,0,NoSA,buservices,2,sufficient,140,0.021,0.479,3,less250
20523,2001,3,1345.4714949324325,7.204499784459403,1,WC,0,NoSA,buservices,5,very good,37,0.351,0.054,1,less50
20523,2003,5,921.4418604651163,6.825939682840709,1,WC,0,NoSA,buservices,2,sufficient,43,0.326,0.07,1,less50
20523,2004,6,1289.8695652173913,7.162296380008951,1,WC,0,NoSA,buservices,1,unsatisfactory,46,0.283,0.065,1,less50
20523,2005,7,1585.1555555555556,7.3684378238020845,1,WC,0,NoSA,buservices,4,good,45,0.267,0.044,1,less50
20525,2005,7,3074.673469387755,8.030953985785196,1,WC,0,NoSA,health,2,sufficient,49,0.02,0.122,1,less50
20525,2006,8,3499,8.160232492367689,1,WC,0,NoSA,health,3,satisfactory,49,0.041,0.143,1,less50
20525,2007,9,3195.4375,8.069479290144564,1,WC,0,NoSA,health,3,satisfactory,48,0.021,0.104,1,less50
20525,2009,11,3824.8958333333335,8.24928651277434,1,WC,0,NoSA,health,3,satisfactory,48,0.021,0.083,1,less50
20525,2010,12,3104.339285714286,8.040556181294301,1,WC,0,NoSA,health,3,satisfactory,56,0.018,0.125,2,less100
20525,2011,13,3883.326923076923,8.264447519614569,1,WC,0,NoSA,health,4,good,52,0.019,0.135,2,less100
20525,2012,14,3097.8070175438597,8.038449726442574,1,WC,0,NoSA,health,3,satisfactory,57,0.035,0.123,2,less100
20525,2013,15,3475.163636363636,8.153396846491258,1,WC,0,NoSA,health,2,sufficient,55,0.018,0.109,2,less100
20525,2018,20,3214.1428571428573,8.07531599370507,1,WC,0,NoSA,health,3,satisfactory,49,0.02,0.143,1,less50
20525,2019,21,3333.7916666666665,8.111865573855814,1,WC,1,SA,health,4,good,48,0.021,0.229,1,less50
20525,2021,23,2845.9473684210525,7.9536512853027785,1,WC,1,SA,health,2,sufficient,38,0.026,0.105,1,less50
20543,1999,1,2913.8059303977275,7.977215385497434,1,WC,1,SA,buservices,3,satisfactory,22,0.136,0.773,1,less50
20543,2000,2,3125.3994140625,8.04731736650318,0,NoWC,1,SA,buservices,4,good,20,0.15,0.8,1,less50
20543,2003,5,2610.2608695652175,7.8672054453470555,0,NoWC,1,SA,buservices,4,good,23,0.13,0.87,1,less50
20543,2004,6,1898.391304347826,7.548762124594747,0,NoWC,1,SA,buservices,1,unsatisfactory,23,0.13,0.913,1,less50
20543,2005,7,2124.8260869565215,7.661445236577099,0,NoWC,1,SA,buservices,3,satisfactory,23,0.13,0.913,1,less50
20543,2006,8,1869.904761904762,7.533642779088989,0,NoWC,1,SA,buservices,2,sufficient,21,0.143,0.905,1,less50
20543,2007,9,1819.0833333333333,7.506087990186362,0,NoWC,1,SA,buservices,2,sufficient,24,0.125,0.875,1,less50
20543,2008,10,1767.2857142857142,7.477200153807519,0,NoWC,1,SA,buservices,4,good,21,0.143,0.857,1,less50
20543,2009,11,1414.090909090909,7.2542421365333665,0,NoWC,0,NoSA,buservices,4,good,22,0.091,0.818,1,less50
20543,2010,12,2274.0833333333335,7.729332319783853,0,NoWC,0,NoSA,buservices,2,sufficient,24,0.083,0.833,1,less50
20543,2011,13,2196.4,7.6945749354047175,0,NoWC,0,NoSA,buservices,4,good,25,0.08,0.8,1,less50
20543,2012,14,2501.5,7.82464583092826,0,NoWC,0,NoSA,buservices,4,good,24,0.083,0.792,1,less50
20543,2013,15,2591.695652173913,7.860067632435335,0,NoWC,0,NoSA,buservices,2,sufficient,23,0.13,0.696,1,less50
20543,2014,16,2883.1666666666665,7.966644506118922,0,NoWC,0,NoSA,buservices,1,unsatisfactory,24,0.125,0.875,1,less50
20543,2015,17,3250.9565217391305,8.086704546403073,0,NoWC,0,NoSA,buservices,1,unsatisfactory,23,0.13,0.87,1,less50
20543,2016,18,2478.3,7.815328120236569,0,NoWC,0,NoSA,buservices,1,unsatisfactory,30,0.1,0.833,1,less50
20543,2017,19,2723.730769230769,7.909757825832168,0,NoWC,0,NoSA,buservices,2,sufficient,26,0.077,0.692,1,less50
20543,2018,20,2418.90625,7.791070754174839,0,NoWC,0,NoSA,buservices,2,sufficient,32,0.062,0.844,1,less50
20543,2019,21,2361.757575757576,7.767161356332286,0,NoWC,0,NoSA,buservices,4,good,33,0.03,0.818,1,less50
20543,2020,22,4104.28,8.319785610644168,0,NoWC,0,NoSA,buservices,4,good,25,0.04,0.88,1,less50
20543,2021,23,4275.291666666667,8.360607605164422,0,NoWC,0,NoSA,buservices,1,unsatisfactory,24,0.042,0.833,1,less50
20545,2006,8,677.296577946768,6.518109253715503,1,WC,0,NoSA,manufacturing,1,unsatisfactory,263,0.027,0.837,4,more250
20545,2007,9,810.027027027027,6.697067613809862,1,WC,0,NoSA,manufacturing,4,good,259,0.023,0.803,4,more250
20545,2009,11,1045.5039682539682,6.952254314417648,1,WC,0,NoSA,manufacturing,3,satisfactory,252,0.008,0.79,4,more250
20545,2010,12,880.1333333333333,6.780073411146506,1,WC,0,NoSA,manufacturing,1,unsatisfactory,255,0.016,0.788,4,more250
20545,2011,13,1091.3207547169811,6.9951439432805245,1,WC,0,NoSA,manufacturing,4,good,265,0.019,0.634,4,more250
20545,2012,14,780.6415094339623,6.660116029650872,1,WC,0,NoSA,manufacturing,4,good,265,0.023,0.619,4,more250
20585,2016,18,2280.3577981651374,7.732087638656213,1,WC,0,NoSA,wholesretail,3,satisfactory,109,0.028,0.028,3,less250
20585,2017,19,2121.481818181818,7.6598700943401905,1,WC,0,NoSA,wholesretail,3,satisfactory,110,0.027,0.027,3,less250
20585,2020,22,2992.7169811320755,8.00393694311834,1,WC,0,NoSA,construction,4,good,106,0.019,0.028,3,less250
20591,2019,21,1497.1573033707866,7.311323457971211,0,NoWC,0,NoSA,transcom,1,unsatisfactory,89,0.213,0.124,2,less100
20591,2020,22,2552.637931034483,7.844882586202536,0,NoWC,0,NoSA,wholesretail,1,unsatisfactory,58,0.466,0.121,2,less100
20591,2021,23,3647.6739130434785,8.201844959327035,0,NoWC,0,NoSA,buservices,1,unsatisfactory,46,0.087,0.152,1,less50
20595,2006,8,2325.688311688312,7.751771322245867,0,NoWC,0,NoSA,health,4,good,77,0.091,0.377,2,less100
20595,2007,9,2356.2926829268295,7.764844765802257,0,NoWC,0,NoSA,health,3,satisfactory,82,0.085,0.366,2,less100
20595,2009,11,2709.7375,7.9046070457135436,0,NoWC,0,NoSA,health,4,good,80,0.075,0.325,2,less100
20612,2017,19,2227.348432055749,7.708567113059385,1,WC,0,NoSA,manufacturing,3,satisfactory,287,0.815,0.087,4,more250
20612,2018,20,4817.235494880546,8.479955493722656,0,NoWC,0,NoSA,manufacturing,5,very good,293,0.887,0.253,4,more250
20612,2019,21,4556.364820846906,8.42428039617401,0,NoWC,0,NoSA,manufacturing,4,good,307,0.857,0.121,4,more250
20612,2020,22,4326.272151898735,8.372461515282874,0,NoWC,0,NoSA,manufacturing,3,satisfactory,316,0.889,0.139,4,more250
20612,2021,23,2985.845394736842,8.001638200046298,0,NoWC,0,NoSA,manufacturing,3,satisfactory,304,0.842,0.161,4,more250
20653,2002,4,785.6521739130435,6.666514167657125,1,WC,0,NoSA,wholesretail,2,sufficient,23,0.217,0.13,1,less50
20653,2003,5,843.7142857142857,6.737813913248555,1,WC,0,NoSA,wholesretail,1,unsatisfactory,21,0.143,0.19,1,less50
20653,2004,6,893.45,6.79509037332467,1,WC,0,NoSA,wholesretail,2,sufficient,20,0.15,0.15,1,less50
20660,2004,6,3016.8,8.011951945944148,0,NoWC,0,NoSA,public,3,satisfactory,25,0.84,0.04,1,less50
20660,2006,8,4040.3571428571427,8.304088368745308,0,NoWC,0,NoSA,public,3,satisfactory,28,0.75,0,1,less50
20660,2007,9,3299.6428571428573,8.101569516489587,0,NoWC,0,NoSA,public,3,satisfactory,28,0.143,0.036,1,less50
20660,2008,10,2887.1875,7.968038123865064,0,NoWC,0,NoSA,public,4,good,32,0.688,0.094,1,less50
20660,2011,13,2710.425,7.904860728146011,0,NoWC,0,NoSA,public,4,good,40,0.2,0.075,1,less50
20660,2012,14,2630.9302325581393,7.87509276322695,0,NoWC,0,NoSA,public,4,good,43,0.07,0.07,1,less50
20660,2013,15,2709.860465116279,7.904652423661166,0,NoWC,0,NoSA,public,4,good,43,0.07,0.116,1,less50
20660,2014,16,3378.2051282051284,8.125099820273963,0,NoWC,0,NoSA,public,4,good,39,0.077,0.128,1,less50
20660,2015,17,3092.3846153846152,8.036697792458073,0,NoWC,0,NoSA,public,4,good,39,0.077,0.051,1,less50
20660,2016,18,2587.9166666666665,7.858608455205403,0,NoWC,0,NoSA,public,4,good,48,0.083,0.104,1,less50
20660,2017,19,1812.9807692307693,7.5027276035451305,0,NoWC,0,NoSA,public,4,good,52,0.115,0.135,2,less100
20660,2018,20,2228.327272727273,7.70900648107094,0,NoWC,0,NoSA,public,4,good,55,0.2,0.164,2,less100
20660,2020,22,2959.813953488372,7.9928816917915135,0,NoWC,0,NoSA,public,4,good,43,0.093,0.186,1,less50
20680,1998,0,1351.2479363207547,7.208783841715068,0,NoWC,0,NoSA,manufacturing,2,sufficient,53,0.132,0.528,2,less100
20680,1999,1,1963.9553052325582,7.582715731645568,0,NoWC,0,NoSA,manufacturing,3,satisfactory,43,0.07,0.535,1,less50
20680,2000,2,1128.121855945122,7.028309454543509,0,NoWC,0,NoSA,manufacturing,4,good,41,0.317,0.537,1,less50
20680,2001,3,1357.637219551282,7.213501129241975,0,NoWC,0,NoSA,manufacturing,4,good,39,0.256,0.564,1,less50
20680,2002,4,1123.4358974358975,7.024147033865798,0,NoWC,0,NoSA,manufacturing,2,sufficient,39,0.282,0.59,1,less50
20680,2003,5,1290.425,7.162726900460899,0,NoWC,0,NoSA,manufacturing,3,satisfactory,40,0.325,0.575,1,less50
20680,2004,6,1332.1315789473683,7.194535629215135,0,NoWC,0,NoSA,manufacturing,3,satisfactory,38,0.263,0.579,1,less50
20680,2005,7,1273.051282051282,7.149171882153931,0,NoWC,0,NoSA,manufacturing,2,sufficient,39,0.179,0.487,1,less50
20680,2006,8,928.1666666666666,6.8332113143616136,1,WC,0,NoSA,manufacturing,3,satisfactory,36,0.333,0.583,1,less50
20698,1999,1,2744.644230769231,7.917406739266864,0,NoWC,0,NoSA,manufacturing,1,unsatisfactory,52,0.135,0.154,2,less100
20698,2000,2,3385.057091346154,8.127126051185284,0,NoWC,0,NoSA,manufacturing,1,unsatisfactory,52,0.558,0.115,2,less100
20698,2001,3,2316.641304347826,7.747873702067273,0,NoWC,0,NoSA,manufacturing,2,sufficient,46,0.391,0.152,1,less50
20706,1998,0,1797.1594903339192,7.493962636509025,0,NoWC,0,NoSA,manufacturing,2,sufficient,569,0.049,0.457,4,more250
20706,1999,1,1496.0347461273666,7.31057338428567,0,NoWC,0,NoSA,manufacturing,2,sufficient,581,0.031,0.453,4,more250
20706,2000,2,1101.7979753521126,7.004698647454892,0,NoWC,0,NoSA,manufacturing,5,very good,568,0.032,0.454,4,more250
20706,2001,3,1232.1414794921875,7.116508974750325,0,NoWC,0,NoSA,manufacturing,4,good,512,0.014,0.414,4,more250
20706,2002,4,1098.0392156862745,7.00128133699296,0,NoWC,0,NoSA,manufacturing,3,satisfactory,510,0.039,0.375,4,more250
20706,2004,6,1063.8297872340424,6.969630682700225,0,NoWC,0,NoSA,manufacturing,4,good,470,0.051,0.272,4,more250
20706,2005,7,1499.3808139534883,7.312807511171093,0,NoWC,0,NoSA,manufacturing,4,good,344,0.078,0.471,4,more250
20706,2006,8,1556.9620253164558,7.350491781887533,0,NoWC,0,NoSA,manufacturing,4,good,316,0.104,0.43,4,more250
20716,2017,19,1255.0195439739414,7.134906424332231,1,WC,0,NoSA,wholesretail,3,satisfactory,307,0.098,0.436,4,more250
20716,2018,20,1300.6280991735537,7.170602579979123,1,WC,0,NoSA,wholesretail,5,very good,363,0.088,0.485,4,more250
20716,2019,21,1206.8166259168704,7.095741284051847,1,WC,0,NoSA,wholesretail,4,good,409,0.083,0.457,4,more250
20718,2013,15,694.1431670281995,6.542678231779261,0,NoWC,0,NoSA,finance,3,satisfactory,461,0.158,0.716,4,more250
20718,2014,16,685.4663774403471,6.5300994495724005,0,NoWC,1,SA,finance,4,good,461,0.169,0.631,4,more250
20718,2015,17,2768.9533333333334,7.926224669772655,0,NoWC,1,SA,finance,4,good,450,0.156,0.593,4,more250
20718,2016,18,2957.6004514672686,7.992133560268904,0,NoWC,1,SA,finance,4,good,443,0.178,0.668,4,more250
20718,2018,20,4040.57,8.304141050111975,0,NoWC,1,SA,finance,4,good,400,0.255,0.767,4,more250
20718,2019,21,4161.169620253165,8.333551472452308,0,NoWC,1,SA,finance,4,good,395,0.266,0.749,4,more250
20718,2020,22,4244.234299516908,8.353316705447735,0,NoWC,1,SA,resthotels,5,very good,414,0.251,0.737,4,more250
20728,2006,8,1828.9444444444443,7.511494273104197,0,NoWC,0,NoSA,manufacturing,4,good,36,0.306,0.472,1,less50
20728,2007,9,1203.2631578947369,7.092792443419284,0,NoWC,0,NoSA,manufacturing,4,good,38,0.237,0.447,1,less50
20728,2008,10,1730.081081081081,7.455923554070495,0,NoWC,1,SA,manufacturing,3,satisfactory,37,0.297,0.486,1,less50
20728,2009,11,1244.6944444444443,7.1266453526278415,0,NoWC,0,NoSA,manufacturing,3,satisfactory,36,0.333,0.444,1,less50
20728,2011,13,1323.578947368421,7.188094670336511,0,NoWC,0,NoSA,manufacturing,3,satisfactory,38,0.316,0.553,1,less50
20728,2012,14,673.8157894736842,6.512956764170265,0,NoWC,0,NoSA,manufacturing,3,satisfactory,38,0.342,0.553,1,less50
20728,2013,15,1175.7428571428572,7.069655445657103,0,NoWC,0,NoSA,manufacturing,3,satisfactory,35,0.257,0.571,1,less50
20728,2014,16,889.0833333333334,6.790190969403461,0,NoWC,0,NoSA,manufacturing,3,satisfactory,36,0.472,0.444,1,less50
20728,2016,18,1250.8857142857144,7.131607150806706,0,NoWC,0,NoSA,manufacturing,4,good,35,0.257,0.543,1,less50
20728,2019,21,879.8648648648649,6.779768333026738,0,NoWC,0,NoSA,manufacturing,4,good,37,0.351,0.568,1,less50
20749,2019,21,953.6129032258065,6.860257827286872,1,WC,0,NoSA,buservices,2,sufficient,31,0.065,0.29,1,less50
20749,2020,22,1094.857142857143,6.998379170595383,1,WC,0,NoSA,buservices,3,satisfactory,28,0.071,0.143,1,less50
20749,2021,23,1303.4285714285713,7.172753434348965,1,WC,0,NoSA,buservices,3,satisfactory,21,0.095,0.333,1,less50
20760,2005,7,1976,7.588829878307813,1,WC,0,NoSA,manufacturing,3,satisfactory,127,0.055,0.921,3,less250
20760,2006,8,2308.733333333333,7.74445431257384,1,WC,0,NoSA,manufacturing,3,satisfactory,135,0.03,0.83,3,less250
20760,2007,9,2188.410447761194,7.690930736333454,1,WC,0,NoSA,manufacturing,3,satisfactory,134,0.03,0.791,3,less250
20760,2008,10,1830.551724137931,7.512372688996874,1,WC,0,NoSA,manufacturing,4,good,145,0.034,0.8,3,less250
20760,2010,12,1286,7.1592919047975645,1,WC,1,SA,manufacturing,4,good,172,0.064,0.826,3,less250
20773,2002,4,1252.888888888889,7.133207274897784,1,WC,0,NoSA,buservices,1,unsatisfactory,36,0.417,0.889,1,less50
20773,2003,5,751.7222222222222,6.62236687036748,1,WC,0,NoSA,buservices,3,satisfactory,36,0.444,0.889,1,less50
20773,2004,6,1116.2894736842106,7.017765494328471,1,WC,0,NoSA,buservices,2,sufficient,38,0.526,0.895,1,less50
20773,2005,7,1514.4871794871794,7.322832165252974,1,WC,0,NoSA,buservices,4,good,39,0.462,0.897,1,less50
20773,2006,8,1404.3333333333333,7.247317973310907,1,WC,0,NoSA,buservices,4,good,39,0.513,0.872,1,less50
20773,2007,9,1377.6410256410256,7.228127913747621,1,WC,0,NoSA,buservices,4,good,39,0.692,0.872,1,less50
20790,2002,4,7606.6,8.936771570467657,0,NoWC,0,NoSA,transcom,4,good,35,0.971,0.6,1,less50
20790,2004,6,8027.025641025641,8.990569332473758,1,WC,0,NoSA,transcom,2,sufficient,39,0.821,0.564,1,less50
20790,2005,7,7032.777777777777,8.858337038734708,0,NoWC,0,NoSA,transcom,3,satisfactory,36,0.667,0.694,1,less50
20790,2006,8,7633.657142857143,8.940322320436133,0,NoWC,0,NoSA,transcom,4,good,35,0.743,0.6,1,less50
20790,2007,9,7592.472222222223,8.934912538332009,0,NoWC,0,NoSA,transcom,4,good,36,0.722,0.611,1,less50
20790,2008,10,6817.717948717948,8.827280083217612,0,NoWC,0,NoSA,transcom,4,good,39,0.462,0.667,1,less50
20790,2009,11,8414.634146341463,9.037727629309188,0,NoWC,0,NoSA,transcom,4,good,41,0.39,0.683,1,less50
20790,2010,12,5903.090909090909,8.683231375611838,0,NoWC,0,NoSA,transcom,4,good,44,0.273,0.705,1,less50
20790,2012,14,6237.882352941177,8.738396037249789,0,NoWC,0,NoSA,transcom,4,good,51,0.549,0.686,2,less100
20790,2013,15,5135.216666666666,8.54387731556534,0,NoWC,0,NoSA,transcom,4,good,60,0.533,0.683,2,less100
20790,2015,17,3133.31884057971,8.049848054232388,0,NoWC,0,NoSA,transcom,4,good,69,0.522,0.783,2,less100
20790,2016,18,4199.783783783784,8.342788322894837,0,NoWC,0,NoSA,transcom,4,good,74,0.176,0.703,2,less100
20790,2017,19,4137.170731707317,8.327767435058078,0,NoWC,0,NoSA,transcom,4,good,82,0.159,0.695,2,less100
20790,2018,20,2283.25,7.733355145571788,0,NoWC,0,NoSA,transcom,4,good,152,0.086,0.757,3,less250
20790,2019,21,2457.7884615384614,7.807017225209508,0,NoWC,0,NoSA,transcom,4,good,156,0.071,0.776,3,less250
20790,2021,23,2112.7021276595747,7.655723036386467,0,NoWC,0,NoSA,resthotels,4,good,141,0.071,0.723,3,less250
20800,2015,17,1869.996138996139,7.533691645138553,1,WC,0,NoSA,public,4,good,259,0.394,0.907,4,more250
20800,2016,18,1839.4727272727273,7.517234248271684,1,WC,0,NoSA,public,5,very good,275,0.36,0.807,4,more250
20800,2017,19,2710.0755395683454,7.904731787864726,1,WC,0,NoSA,public,5,very good,278,0.558,0.806,4,more250
20800,2018,20,1951.8160621761658,7.576515532090533,1,WC,0,NoSA,public,5,very good,386,0.415,0.653,4,more250
20800,2019,21,3849.492700729927,8.255696652555747,1,WC,0,NoSA,public,4,good,274,0.591,0.796,4,more250
20800,2020,22,2822.4300699300697,7.94535351978423,1,WC,0,NoSA,public,4,good,286,0.552,0.741,4,more250
20803,2008,10,1854.225,7.525222097985667,1,WC,0,NoSA,construction,2,sufficient,40,0.7,0.625,1,less50
20803,2010,12,2505.5454545454545,7.8262617361412055,1,WC,0,NoSA,construction,2,sufficient,55,0.618,0.6,2,less100
20803,2011,13,2635.537037037037,7.87684224933142,1,WC,0,NoSA,construction,2,sufficient,54,0.296,0.722,2,less100
20803,2012,14,3093.1428571428573,8.036942958861555,1,WC,0,NoSA,construction,3,satisfactory,49,0.204,0.776,1,less50
20804,2004,6,599.04,6.395328373849172,1,WC,0,NoSA,buservices,4,good,25,0.12,0.6,1,less50
20804,2007,9,540,6.29156913955832,1,WC,0,NoSA,buservices,4,good,26,0.115,0.538,1,less50
20804,2008,10,520,6.253828811575473,1,WC,0,NoSA,buservices,4,good,27,0.111,0.704,1,less50
20804,2010,12,806.8965517241379,6.693195471359319,1,WC,0,NoSA,buservices,4,good,29,0.103,0.759,1,less50
20832,2018,20,2132.181818181818,7.664901062222639,1,WC,0,NoSA,health,4,good,44,0.068,0.091,1,less50
20832,2019,21,2173.9777777777776,7.684313845815562,1,WC,0,NoSA,health,4,good,45,0.089,0.089,1,less50
20832,2020,22,1948.5238095238096,7.574827344115865,1,WC,0,NoSA,health,5,very good,42,0.071,0.143,1,less50
20832,2021,23,1948.3777777777777,7.574752396497698,1,WC,0,NoSA,health,4,good,45,0.111,0.156,1,less50
20843,1999,1,1957.6133667883212,7.579481340256111,1,WC,0,NoSA,buservices,4,good,137,0.088,0.234,3,less250
20843,2001,3,3636.0233274647885,8.198645870971175,1,WC,0,NoSA,buservices,2,sufficient,142,0.028,0.211,3,less250
20843,2002,4,2754.923076923077,7.921144799935168,1,WC,0,NoSA,buservices,3,satisfactory,130,0.069,0.262,3,less250
20843,2003,5,3243.5438596491226,8.08442179488298,1,WC,0,NoSA,buservices,3,satisfactory,114,0.061,0.281,3,less250
20843,2004,6,2203.526785714286,7.697814440193766,1,WC,0,NoSA,buservices,4,good,112,0.08,0.268,3,less250
20843,2005,7,2864.933962264151,7.960300579062648,1,WC,0,NoSA,buservices,3,satisfactory,106,0.057,0.264,3,less250
20843,2006,8,3355.901960784314,8.118475854044865,1,WC,0,NoSA,buservices,4,good,102,0.02,0.245,3,less250
20899,2015,17,2163.010380622837,7.679256225119923,0,NoWC,1,SA,public,4,good,289,0.516,0.263,4,more250
20899,2016,18,2217.402777777778,7.704091870055866,0,NoWC,1,SA,public,4,good,288,0.5,0.264,4,more250
20899,2017,19,2238.03367003367,7.713352933456497,0,NoWC,0,NoSA,public,4,good,297,0.515,0.269,4,more250
20899,2018,20,2292.678929765886,7.737476251146328,0,NoWC,0,NoSA,public,3,satisfactory,299,0.512,0.288,4,more250
20927,2015,17,1608.421052631579,7.383008264114016,1,WC,0,NoSA,manufacturing,4,good,57,0.509,0.193,2,less100
20927,2016,18,1682.0645161290322,7.427777196592197,1,WC,0,NoSA,manufacturing,4,good,62,0.581,0.177,2,less100
20927,2017,19,1706.5555555555557,7.442232323079409,1,WC,0,NoSA,manufacturing,2,sufficient,63,0.54,0.175,2,less100
20927,2018,20,2333.1290322580644,7.754965577932263,1,WC,0,NoSA,manufacturing,2,sufficient,62,0.742,0.161,2,less100
20946,2012,14,2844.804347826087,7.953249573659984,1,WC,0,NoSA,manufacturing,1,unsatisfactory,92,0.533,0.261,2,less100
20946,2013,15,3256.8777777777777,8.088524278559765,1,WC,0,NoSA,manufacturing,1,unsatisfactory,90,0.1,0.256,2,less100
20946,2014,16,3227.1304347826085,8.079348611062375,1,WC,0,NoSA,manufacturing,1,unsatisfactory,92,0.174,0.239,2,less100
20946,2015,17,3465.3010752688174,8.150554798258721,1,WC,0,NoSA,manufacturing,1,unsatisfactory,93,0.172,0.226,2,less100
20946,2016,18,5907.267441860465,8.683938641694636,1,WC,0,NoSA,manufacturing,1,unsatisfactory,86,0.337,0.256,2,less100
20949,2017,19,1605.2625,7.381042573592913,0,NoWC,0,NoSA,health,4,good,80,0.762,0.3,2,less100
20949,2018,20,1878.68,7.538324681557356,0,NoWC,0,NoSA,health,3,satisfactory,75,0.733,0.293,2,less100
20949,2019,21,2175.3783783783783,7.684957895462787,0,NoWC,0,NoSA,health,2,sufficient,74,0.865,0.378,2,less100
20949,2020,22,2098.3875,7.648924471615364,0,NoWC,0,NoSA,edu,1,unsatisfactory,80,0.55,0.288,2,less100
20949,2021,23,1699.790909090909,7.438260527827438,0,NoWC,0,NoSA,edu,1,unsatisfactory,110,0.355,0.282,3,less250
20966,1999,1,333.38852163461536,5.809308541513517,0,NoWC,0,NoSA,buservices,5,very good,390,0.756,0.423,4,more250
20966,2000,2,536.3779647435897,6.284839070667356,0,NoWC,0,NoSA,buservices,3,satisfactory,390,0.777,0.397,4,more250
20966,2003,5,761.5702917771883,6.6353824750708394,0,NoWC,0,NoSA,buservices,4,good,377,0.406,0.427,4,more250
20978,2000,2,2032.7464583333333,7.6171430927833095,0,NoWC,0,NoSA,manufacturing,4,good,75,0.027,0.56,2,less100
20978,2002,4,2350.373134328358,7.7623293750991635,0,NoWC,0,NoSA,manufacturing,1,unsatisfactory,67,0.03,0.493,2,less100
20978,2005,7,3103.1408450704225,8.040170053386197,0,NoWC,0,NoSA,manufacturing,3,satisfactory,71,0.056,0.606,2,less100
20978,2006,8,2333.9764705882353,7.755328731642402,0,NoWC,0,NoSA,manufacturing,5,very good,85,0.047,0.518,2,less100
20978,2007,9,3633.5060240963853,8.197953307987444,0,NoWC,0,NoSA,manufacturing,4,good,83,0.12,0.554,2,less100
20985,2016,18,1023.1034482758621,6.930595883298394,0,NoWC,0,NoSA,wholesretail,3,satisfactory,58,0.017,0.241,2,less100
20985,2020,22,2290.315789473684,7.736444986374533,0,NoWC,0,NoSA,wholesretail,5,very good,57,0.018,0.263,2,less100
20985,2021,23,1264.622950819672,7.142529294138993,0,NoWC,0,NoSA,wholesretail,4,good,61,0.033,0.262,2,less100
20989,1999,1,913.9374035493827,6.817762082839036,0,NoWC,0,NoSA,manufacturing,5,very good,81,0.062,0.506,2,less100
20989,2000,2,991.1360759493671,6.898851836658755,0,NoWC,0,NoSA,wholesretail,4,good,79,0.013,0.468,2,less100
20989,2001,3,1415.672550154321,7.25535999762027,0,NoWC,0,NoSA,wholesretail,4,good,81,0.012,0.469,2,less100
21014,2000,2,4206.777478448276,8.344452189025066,0,NoWC,0,NoSA,resthotels,4,good,116,0.026,0.155,3,less250
21014,2001,3,4371.418864678899,8.382842918384402,0,NoWC,0,NoSA,resthotels,2,sufficient,109,0.037,0.183,3,less250
21014,2003,5,4316.657142857143,8.370236572169219,0,NoWC,0,NoSA,resthotels,2,sufficient,105,0.019,0.219,3,less250
21014,2004,6,4761.9047619047615,8.468403027246806,0,NoWC,0,NoSA,resthotels,4,good,105,0.019,0.19,3,less250
21014,2005,7,4865.915094339623,8.490010074432425,0,NoWC,1,SA,resthotels,4,good,106,0.057,0.179,3,less250
21014,2006,8,4641.509433962264,8.442794901362378,0,NoWC,0,NoSA,resthotels,4,good,106,0.104,0.198,3,less250
21014,2007,9,3587.283185840708,8.185150422238957,0,NoWC,0,NoSA,resthotels,4,good,113,0.204,0.195,3,less250
21014,2008,10,3398.3545454545456,8.13104663623991,0,NoWC,0,NoSA,resthotels,4,good,110,0.173,0.2,3,less250
21014,2009,11,3484.848484848485,8.156179845878906,0,NoWC,0,NoSA,resthotels,4,good,99,0.202,0.212,2,less100
21014,2010,12,2677.6907216494847,7.892710031026717,0,NoWC,0,NoSA,resthotels,2,sufficient,97,0.165,0.196,2,less100
21014,2011,13,3526.829268292683,8.168154522002494,0,NoWC,0,NoSA,resthotels,4,good,82,0.195,0.171,2,less100
21028,2016,18,3342.9772727272725,8.114617087930723,1,WC,1,SA,manufacturing,4,good,88,0.011,0.5,2,less100
21028,2017,19,3109.061224489796,8.042076102528027,1,WC,0,NoSA,manufacturing,4,good,98,0.071,0.357,2,less100
21028,2018,20,5345.403508771929,8.583992313364048,1,WC,0,NoSA,manufacturing,2,sufficient,57,0.105,0.439,2,less100
21049,2009,11,1282.112676056338,7.156264524458019,0,NoWC,0,NoSA,manufacturing,4,good,71,0.07,0.056,2,less100
21049,2010,12,2423.9302325581393,7.793145564827035,0,NoWC,0,NoSA,manufacturing,4,good,86,0.081,0.058,2,less100
21049,2011,13,1905.2790697674418,7.552383770147946,0,NoWC,0,NoSA,manufacturing,4,good,86,0.081,0.058,2,less100
21071,2007,9,716.1,6.5738198220128945,1,WC,0,NoSA,manufacturing,4,good,20,0.7,0.1,1,less50
21071,2011,13,2051.3478260869565,7.626252332229686,1,WC,0,NoSA,wholesretail,4,good,23,0.174,0.13,1,less50
21071,2013,15,1633.2380952380952,7.398319884692669,1,WC,0,NoSA,wholesretail,4,good,21,0.905,0.143,1,less50
21071,2014,16,1500.2083333333333,7.313359266335022,1,WC,0,NoSA,wholesretail,4,good,24,0.792,0.125,1,less50
21071,2015,17,3085.875,8.034590526593986,1,WC,0,NoSA,wholesretail,4,good,24,0.875,0.125,1,less50
21071,2018,20,4666.380952380952,8.448139093565194,1,WC,0,NoSA,wholesretail,4,good,21,0.905,0.095,1,less50
21071,2019,21,5024.238095238095,8.522029098593181,1,WC,0,NoSA,wholesretail,4,good,21,0.762,0.095,1,less50
21071,2020,22,2536.1612903225805,7.838406913819633,1,WC,0,NoSA,wholesretail,3,satisfactory,31,0.516,0.065,1,less50
21078,2012,14,973.4761904761905,6.880873366861585,1,WC,0,NoSA,wholesretail,5,very good,21,0.524,0.571,1,less50
21078,2013,15,937.8636363636364,6.843604561426914,1,WC,0,NoSA,wholesretail,4,good,22,0.591,0.773,1,less50
21078,2014,16,956.6363636363636,6.863423343942442,1,WC,0,NoSA,wholesretail,4,good,22,0.727,0.636,1,less50
21078,2015,17,1576.25,7.36280388727913,1,WC,0,NoSA,wholesretail,4,good,20,0.05,0.75,1,less50
21078,2016,18,1475.909090909091,7.297029411738576,1,WC,0,NoSA,wholesretail,4,good,22,0.136,0.591,1,less50
21078,2017,19,809.1666666666666,6.69600491149737,1,WC,0,NoSA,wholesretail,4,good,24,0.042,0.75,1,less50
21084,2002,4,1082.0873493975903,6.986647185720605,0,NoWC,0,NoSA,transcom,4,good,332,0.093,0.822,4,more250
21084,2003,5,1351.3246753246754,7.208840631311477,0,NoWC,0,NoSA,transcom,1,unsatisfactory,308,0.088,0.786,4,more250
21084,2004,6,1552.7950310559006,7.347811831859921,0,NoWC,0,NoSA,transcom,4,good,322,0.099,0.807,4,more250
21084,2005,7,1707.9039735099338,7.443022151169623,0,NoWC,1,SA,transcom,4,good,302,0.089,0.768,4,more250
21104,2017,19,2495.75,7.822344564216535,1,WC,0,NoSA,construction,5,very good,44,0.659,0.159,1,less50
21104,2018,20,2587.311111111111,7.858374434372187,1,WC,0,NoSA,construction,5,very good,45,0.689,0.156,1,less50
21104,2019,21,2143.0208333333335,7.66997171700044,1,WC,0,NoSA,construction,5,very good,48,0.646,0.146,1,less50
21104,2020,22,1732.9574468085107,7.457584734773923,1,WC,0,NoSA,construction,4,good,47,0.638,0.106,1,less50
21104,2021,23,2616.0666666666666,7.869427196452169,1,WC,1,SA,construction,5,very good,30,0.4,0.2,1,less50
21112,2012,14,1980.5740740740741,7.591142018066193,0,NoWC,0,NoSA,manufacturing,3,satisfactory,108,0.574,0.815,3,less250
21112,2014,16,2724.137931034483,7.909907301462685,1,WC,0,NoSA,manufacturing,3,satisfactory,116,0.483,0.733,3,less250
21112,2015,17,2526.243902439024,7.834488855034175,1,WC,0,NoSA,manufacturing,4,good,123,0.098,0.748,3,less250
21112,2016,18,2086.081300813008,7.6430426093041115,1,WC,0,NoSA,manufacturing,4,good,123,0.114,0.748,3,less250
21112,2017,19,2247.52,7.7175826650826,1,WC,0,NoSA,manufacturing,4,good,125,0.112,0.768,3,less250
21112,2019,21,2621.5459770114944,7.871519490295371,1,WC,0,NoSA,manufacturing,3,satisfactory,174,0.224,0.805,3,less250
21112,2020,22,2323.942196531792,7.751020245257914,1,WC,0,NoSA,manufacturing,4,good,173,0.168,0.803,3,less250
21112,2021,23,2907.9884393063585,7.975216863166263,1,WC,0,NoSA,manufacturing,2,sufficient,173,0.202,0.85,3,less250
21149,2000,2,409.1416766826923,6.014061493818144,0,NoWC,0,NoSA,transcom,1,unsatisfactory,52,0.096,0.212,2,less100
21149,2001,3,403.74119380482455,6.00077406328928,0,NoWC,0,NoSA,transcom,3,satisfactory,57,0.105,0.175,2,less100
21149,2002,4,398.6363636363636,5.988049632007913,0,NoWC,0,NoSA,transcom,1,unsatisfactory,55,0.036,0.218,2,less100
21149,2003,5,345.3272727272727,5.844492583979766,0,NoWC,0,NoSA,transcom,1,unsatisfactory,55,0.036,0.182,2,less100
21149,2005,7,357.48936170212767,5.879105604214734,0,NoWC,0,NoSA,transcom,1,unsatisfactory,47,0.085,0.17,1,less50
21149,2007,9,261.76,5.567428053414382,0,NoWC,0,NoSA,transcom,4,good,50,0.04,0.12,1,less50
21149,2009,11,447.93617021276594,6.104650745060496,0,NoWC,1,SA,transcom,4,good,47,0.149,0.085,1,less50
21165,2011,13,2024.888888888889,7.613270108350744,0,NoWC,0,NoSA,resthotels,3,satisfactory,45,0.111,0.933,1,less50
21165,2012,14,1881.804347826087,7.539986355031303,0,NoWC,0,NoSA,resthotels,3,satisfactory,46,0.13,0.63,1,less50
21165,2013,15,1645.673076923077,7.405904744816959,0,NoWC,0,NoSA,resthotels,3,satisfactory,52,0.462,0.558,2,less100
21165,2014,16,1949.173076923077,7.575160498501231,0,NoWC,0,NoSA,resthotels,1,unsatisfactory,52,0.346,0.885,2,less100
21168,1998,0,1307.6518542199487,7.1759883300900444,0,NoWC,0,NoSA,public,4,good,782,0.018,0.844,4,more250
21168,1999,1,1243.4852467811158,7.12567339890377,0,NoWC,0,NoSA,public,2,sufficient,699,0.02,0.818,4,more250
21168,2000,2,895.3093705293276,6.797169323942232,0,NoWC,0,NoSA,public,4,good,699,0.021,0.771,4,more250
21170,1999,1,848.5551215277778,6.74353504606192,0,NoWC,0,NoSA,wholesretail,4,good,27,0.074,0.963,1,less50
21170,2000,2,1297.062255859375,7.1678571830560625,0,NoWC,0,NoSA,wholesretail,4,good,24,0.083,0.792,1,less50
21170,2001,3,1407.5865319293478,7.2496318372923545,0,NoWC,0,NoSA,wholesretail,4,good,23,0.087,0.783,1,less50
21170,2002,4,1124,7.024649030453636,0,NoWC,0,NoSA,wholesretail,3,satisfactory,26,0.077,0.769,1,less50
21217,2014,16,3369.103896103896,8.122402081786461,1,WC,0,NoSA,buservices,3,satisfactory,77,0.26,0.831,2,less100
21217,2015,17,1859.0416666666667,7.527816400954218,1,WC,0,NoSA,buservices,2,sufficient,96,0.177,0.833,2,less100
21217,2018,20,813.9345794392524,6.701879993533512,1,WC,0,NoSA,buservices,3,satisfactory,107,0.636,0.869,3,less250
21217,2019,21,1287.84,7.160721675345424,1,WC,0,NoSA,buservices,3,satisfactory,100,0.57,0.87,2,less100
21217,2020,22,1214.9719626168223,7.102476279472856,1,WC,0,NoSA,buservices,4,good,107,0.673,0.804,3,less250
21217,2021,23,1442.990099009901,7.274472697357331,1,WC,0,NoSA,buservices,4,good,101,0.713,0.832,3,less250
21265,2014,16,3125.3333333333335,8.047296223148685,1,WC,0,NoSA,health,4,good,24,0.042,1,1,less50
21265,2015,17,1885.9615384615386,7.542193069804939,1,WC,0,NoSA,health,4,good,26,0.115,0.962,1,less50
21265,2016,18,1758.857142857143,7.472419526463402,1,WC,0,NoSA,health,4,good,28,0.536,0.964,1,less50
21265,2017,19,1653.1333333333334,7.410427755991741,1,WC,0,NoSA,health,4,good,30,0.5,0.933,1,less50
21265,2018,20,1510.060606060606,7.319905065467501,1,WC,0,NoSA,health,4,good,33,0.485,0.939,1,less50
21265,2019,21,1388,7.23561914106675,1,WC,0,NoSA,health,5,very good,36,0.417,0.944,1,less50
21305,2006,8,1577.75,7.3637550604643485,0,NoWC,0,NoSA,manufacturing,4,good,24,0.125,0.25,1,less50
21305,2007,9,1432.4137931034484,7.26711626744363,0,NoWC,0,NoSA,manufacturing,4,good,29,0.034,0.31,1,less50
21305,2008,10,2045.04,7.6231726281878105,0,NoWC,0,NoSA,manufacturing,4,good,25,0.04,0.24,1,less50
21305,2009,11,1819.896551724138,7.506534938743391,0,NoWC,0,NoSA,manufacturing,1,unsatisfactory,29,0.034,0.241,1,less50
21305,2010,12,1749.857142857143,7.4672894309323725,0,NoWC,0,NoSA,manufacturing,1,unsatisfactory,28,0.107,0.25,1,less50
21305,2011,13,1952.75,7.576993914490407,0,NoWC,0,NoSA,manufacturing,1,unsatisfactory,24,0.083,0.292,1,less50
21305,2012,14,2222.8695652173915,7.706554237126861,0,NoWC,0,NoSA,manufacturing,1,unsatisfactory,23,0.087,0.261,1,less50
21352,2011,13,1279.646017699115,7.154338769994461,0,NoWC,0,NoSA,health,3,satisfactory,226,0.181,0.155,3,less250
21352,2012,14,1516.51376146789,7.324169401579971,0,NoWC,0,NoSA,health,2,sufficient,218,0.211,0.165,3,less250
21352,2013,15,1447.9638009049775,7.277913573258156,0,NoWC,0,NoSA,health,1,unsatisfactory,221,0.281,0.158,3,less250
21371,2013,15,959.5806451612904,6.8664963610677665,1,WC,0,NoSA,buservices,2,sufficient,62,0.677,0.484,2,less100
21371,2014,16,686.4769230769231,6.531572609314428,1,WC,1,SA,buservices,3,satisfactory,65,0.615,0.8,2,less100
21371,2015,17,884.7846153846153,6.785344242941288,1,WC,0,NoSA,buservices,2,sufficient,65,0.615,0.8,2,less100
21371,2016,18,1051.6666666666667,6.958131486307204,1,WC,0,NoSA,buservices,3,satisfactory,66,0.621,0.788,2,less100
21371,2018,20,1461.9358974358975,7.287516793545389,1,WC,1,SA,buservices,4,good,78,0.705,0.821,2,less100
21430,2014,16,1067.5675675675675,6.973138038244989,0,NoWC,1,SA,manufacturing,1,unsatisfactory,296,0.088,0.368,4,more250
21430,2017,19,2457.002857142857,7.806697535378809,0,NoWC,1,SA,manufacturing,3,satisfactory,350,0.083,0.469,4,more250
21430,2018,20,2606.4159544159543,7.865731359075192,0,NoWC,1,SA,manufacturing,3,satisfactory,351,0.142,0.444,4,more250
21430,2019,21,3279.976331360947,8.095591485303661,0,NoWC,1,SA,manufacturing,5,very good,338,0.036,0.438,4,more250
21430,2020,22,3036.0395136778116,8.018309153476219,0,NoWC,1,SA,manufacturing,4,good,329,0.085,0.407,4,more250
21430,2021,23,3683,8.211482916445066,0,NoWC,1,SA,manufacturing,4,good,270,0.156,0.459,4,more250
21489,2000,2,2317.3816964285716,7.748193248209759,0,NoWC,0,NoSA,wholesretail,3,satisfactory,168,0.411,0.173,3,less250
21489,2001,3,2992.475268404908,8.00385617287163,0,NoWC,0,NoSA,wholesretail,1,unsatisfactory,163,0.423,0.153,3,less250
21489,2002,4,2224.8982035928143,7.707466442359482,0,NoWC,0,NoSA,wholesretail,1,unsatisfactory,167,0.413,0.15,3,less250
21489,2003,5,2222.737804878049,7.706494960484363,0,NoWC,0,NoSA,wholesretail,4,good,164,0.421,0.152,3,less250
21507,2003,5,1587.607142857143,7.369983220052948,1,WC,0,NoSA,wholesretail,3,satisfactory,28,0.429,0.107,1,less50
21507,2004,6,1518.09375,7.3252107149418535,1,WC,0,NoSA,wholesretail,4,good,32,0.406,0.156,1,less50
21507,2005,7,1449.53125,7.278995507287646,1,WC,0,NoSA,wholesretail,2,sufficient,32,0.375,0.25,1,less50
21507,2006,8,1660.9375,7.415137480970367,1,WC,0,NoSA,wholesretail,4,good,32,0.375,0.125,1,less50
21511,2002,4,936.7179487179487,6.842382221681923,1,WC,0,NoSA,manufacturing,3,satisfactory,39,0.026,0.41,1,less50
21511,2004,6,1017.4102564102565,6.925015713338693,1,WC,0,NoSA,manufacturing,1,unsatisfactory,39,0.026,0.333,1,less50
21511,2006,8,372.2307692307692,5.919514009331782,1,WC,0,NoSA,manufacturing,3,satisfactory,39,0.026,0.359,1,less50
21518,1999,1,988.653353987069,6.896343768652936,0,NoWC,0,NoSA,transcom,4,good,58,0.776,0.017,2,less100
21518,2000,2,1058.592149077869,6.9646951430709265,1,WC,0,NoSA,transcom,3,satisfactory,61,0.607,0.082,2,less100
21518,2001,3,562.9631494728916,6.333214172130515,1,WC,0,NoSA,transcom,3,satisfactory,83,0.554,0.036,2,less100
21521,2012,14,2776.34375,7.9288901432112064,1,WC,0,NoSA,manufacturing,5,very good,32,0.031,0.531,1,less50
21521,2013,15,2241.7567567567567,7.715015103882151,1,WC,0,NoSA,manufacturing,2,sufficient,37,0.054,0.622,1,less50
21521,2014,16,2467.9473684210525,7.811142059198636,1,WC,0,NoSA,manufacturing,5,very good,38,0.026,0.868,1,less50
21521,2015,17,2581.3863636363635,7.85608188384137,1,WC,0,NoSA,manufacturing,4,good,44,0.023,0.841,1,less50
21521,2016,18,1776.1818181818182,7.482221293414518,0,NoWC,0,NoSA,manufacturing,4,good,44,0.023,0.886,1,less50
21521,2017,19,3064.764705882353,8.027726077359008,0,NoWC,0,NoSA,manufacturing,4,good,34,0.029,0.735,1,less50
21521,2018,20,4491.482758620689,8.40993816199345,1,WC,0,NoSA,manufacturing,2,sufficient,29,0.034,0.793,1,less50
21521,2019,21,3157.6363636363635,8.057579040508688,1,WC,0,NoSA,manufacturing,3,satisfactory,33,0.03,0.879,1,less50
21529,2004,6,1020.4418604651163,6.927991009010214,0,NoWC,0,NoSA,construction,4,good,86,0.023,0.209,2,less100
21529,2005,7,1579.0470588235294,7.364576816739682,0,NoWC,0,NoSA,construction,2,sufficient,85,0.071,0.188,2,less100
21529,2006,8,1720.75,7.450515521278474,0,NoWC,0,NoSA,construction,3,satisfactory,84,0.071,0.19,2,less100
21529,2007,9,1998.2903225806451,7.600047255249438,0,NoWC,0,NoSA,buservices,3,satisfactory,93,0.065,0.258,2,less100
21529,2008,10,1369.5816326530612,7.222260594559426,0,NoWC,0,NoSA,buservices,2,sufficient,98,0.061,0.265,2,less100
21538,2013,15,2258.294117647059,7.7223649920494895,1,WC,0,NoSA,public,4,good,51,0.078,0.039,2,less100
21538,2014,16,2398.7924528301887,7.782720745062203,1,WC,0,NoSA,public,4,good,53,0.132,0.038,2,less100
21538,2015,17,1245.611111111111,7.127381540768306,1,WC,0,NoSA,public,4,good,54,0.13,0.037,2,less100
21538,2016,18,2308.9444444444443,7.744545748625214,1,WC,0,NoSA,public,4,good,54,0.185,0.037,2,less100
21538,2018,20,2290.754385964912,7.736636468484944,1,WC,0,NoSA,public,4,good,57,0.263,0.07,2,less100
21538,2019,21,1397.107142857143,7.242159051274639,1,WC,0,NoSA,public,4,good,56,0.286,0.054,2,less100
21546,1998,0,608.3544481981982,6.410757686113027,1,WC,1,SA,health,3,satisfactory,111,0.108,0.486,3,less250
21546,1999,1,555.051097972973,6.3190601779281685,1,WC,0,NoSA,health,3,satisfactory,111,0.108,0.459,3,less250
21546,2000,2,465.36314048423424,6.142818048084622,1,WC,1,SA,health,3,satisfactory,111,0.189,0.459,3,less250
21546,2001,3,560.4078543526786,6.328664829983261,1,WC,1,SA,health,3,satisfactory,112,0.232,0.455,3,less250
21546,2002,4,518.8928571428571,6.251697420896135,1,WC,1,SA,health,3,satisfactory,112,0.205,0.455,3,less250
21546,2003,5,564.7545454545455,6.336391203929349,1,WC,1,SA,health,1,unsatisfactory,110,0.209,0.455,3,less250
21546,2004,6,624.2767857142857,6.43659383687255,1,WC,1,SA,health,4,good,112,0.205,0.455,3,less250
21558,2015,17,1080.5128205128206,6.985191041228534,1,WC,0,NoSA,wholesretail,3,satisfactory,39,0.026,0.077,1,less50
21558,2018,20,1365.6458333333333,7.21938273369772,1,WC,0,NoSA,wholesretail,3,satisfactory,48,0.021,0.042,1,less50
21558,2019,21,1325.1509433962265,7.189281651476306,1,WC,0,NoSA,wholesretail,4,good,53,0.057,0.057,2,less100
21558,2020,22,1702.6181818181817,7.439922452247738,1,WC,0,NoSA,construction,3,satisfactory,55,0.073,0.091,2,less100
21562,2019,21,2743.1666666666665,7.916868249816013,1,WC,0,NoSA,construction,3,satisfactory,24,0.208,0.083,1,less50
21562,2020,22,1881.04,7.5395800943593505,1,WC,0,NoSA,construction,4,good,25,0.48,0.08,1,less50
21562,2021,23,1410.7857142857142,7.251902072343599,1,WC,0,NoSA,construction,2,sufficient,28,0.357,0,1,less50
21584,2006,8,268.7704081632653,5.5938575139104625,0,NoWC,1,SA,manufacturing,4,good,588,0.607,0.696,4,more250
21584,2007,9,285.64554794520546,5.6547516993504505,0,NoWC,1,SA,manufacturing,4,good,584,0.411,0.652,4,more250
21584,2008,10,286.371237458194,5.65728900217384,0,NoWC,1,SA,manufacturing,3,satisfactory,598,0.368,0.567,4,more250
21591,2006,8,1091.5,6.995308175989998,1,WC,0,NoSA,wholesretail,3,satisfactory,24,0.292,0.208,1,less50
21591,2007,9,1625.304347826087,7.393450368196974,1,WC,0,NoSA,wholesretail,3,satisfactory,23,0.304,0.217,1,less50
21591,2008,10,2658.5714285714284,7.885544200580983,1,WC,0,NoSA,wholesretail,4,good,21,0.286,0.286,1,less50
21591,2009,11,1822.7727272727273,7.5081140972812666,1,WC,0,NoSA,wholesretail,2,sufficient,22,0.091,0.318,1,less50
21591,2010,12,1780,7.484368643286131,1,WC,0,NoSA,wholesretail,2,sufficient,21,0.286,0.333,1,less50
21591,2011,13,1957.952380952381,7.579654502545674,1,WC,0,NoSA,wholesretail,2,sufficient,21,0.286,0.333,1,less50
21598,2017,19,1787.3,7.488461380196333,0,NoWC,0,NoSA,transcom,4,good,50,0.02,0.32,1,less50
21598,2018,20,1577.0384615384614,7.363303975719822,0,NoWC,0,NoSA,transcom,4,good,52,0.038,0.288,2,less100
21598,2020,22,1448.5333333333333,7.278306829256213,0,NoWC,0,NoSA,transcom,4,good,45,0.022,0.311,1,less50
21619,2012,14,6467.441176470588,8.774535818768816,1,WC,0,NoSA,manufacturing,4,good,34,0.353,0.176,1,less50
21619,2014,16,8060.612903225807,8.99474487519343,1,WC,0,NoSA,manufacturing,3,satisfactory,31,0.548,0.194,1,less50
21619,2015,17,8383.032258064517,9.033964972663917,1,WC,0,NoSA,manufacturing,4,good,31,0.387,0.226,1,less50
21619,2017,19,5057.533333333334,8.528634159891824,1,WC,1,SA,manufacturing,3,satisfactory,30,0.2,0.267,1,less50
21619,2018,20,5663.933333333333,8.641873865059464,1,WC,1,SA,manufacturing,3,satisfactory,30,0.167,0.333,1,less50
21676,2003,5,591.3298429319372,6.382373971588623,0,NoWC,0,NoSA,wholesretail,1,unsatisfactory,191,0.01,0.34,3,less250
21676,2004,6,779.6923076923077,6.6588993645394385,0,NoWC,0,NoSA,wholesretail,3,satisfactory,195,0.015,0.359,3,less250
21676,2005,7,663.4484848484849,6.497451209233489,0,NoWC,0,NoSA,wholesretail,3,satisfactory,165,0.018,0.248,3,less250
21676,2007,9,733.0526315789474,6.597217502281585,0,NoWC,0,NoSA,wholesretail,4,good,152,0.013,0.48,3,less250
21704,2010,12,2540.4423076923076,7.84009348173925,0,NoWC,0,NoSA,public,1,unsatisfactory,52,0.423,0.769,2,less100
21704,2011,13,2158.7571428571428,7.677287938248532,0,NoWC,0,NoSA,public,1,unsatisfactory,70,0.214,0.757,2,less100
21704,2012,14,1902.28,7.550808445730014,0,NoWC,0,NoSA,public,2,sufficient,75,0.2,0.76,2,less100
21704,2013,15,2016.0121951219512,7.6088766783405974,0,NoWC,0,NoSA,public,3,satisfactory,82,0.146,0.756,2,less100
21704,2014,16,1847.3444444444444,7.521504451412535,0,NoWC,0,NoSA,public,2,sufficient,90,0.133,0.778,2,less100
21704,2015,17,1424.2924528301887,7.261430445064035,0,NoWC,0,NoSA,public,1,unsatisfactory,106,0.019,0.792,3,less250
21704,2016,18,1361.9811320754718,7.216695633511793,0,NoWC,0,NoSA,public,2,sufficient,106,0.113,0.792,3,less250
21704,2017,19,915.5527950310559,6.81952803042677,0,NoWC,0,NoSA,public,2,sufficient,161,0.019,0.839,3,less250
21704,2018,20,841.7272727272727,6.735456057649676,0,NoWC,0,NoSA,public,2,sufficient,176,0.011,0.847,3,less250
21704,2019,21,904.7261904761905,6.807632345961838,0,NoWC,0,NoSA,public,2,sufficient,168,0.006,0.857,3,less250
21704,2020,22,457.0693641618497,6.124835160912329,1,WC,0,NoSA,public,2,sufficient,173,0.127,0.861,3,less250
21704,2021,23,726.6149732620321,6.588396726871818,0,NoWC,0,NoSA,public,2,sufficient,187,0.048,0.802,3,less250
21717,2002,4,1171.09375,7.065693420171072,0,NoWC,0,NoSA,manufacturing,3,satisfactory,32,0.344,0.281,1,less50
21717,2003,5,1539.142857142857,7.338980954185166,0,NoWC,0,NoSA,manufacturing,3,satisfactory,28,0.393,0.25,1,less50
21717,2005,7,690.3157894736842,6.5371491587980985,0,NoWC,0,NoSA,manufacturing,2,sufficient,38,0.105,0.316,1,less50
21717,2006,8,950.7096774193549,6.8572087345698876,0,NoWC,0,NoSA,manufacturing,3,satisfactory,31,0.129,0.387,1,less50
21755,2015,17,1363.8301886792453,7.218052335550056,1,WC,0,NoSA,construction,1,unsatisfactory,53,0.415,0.132,2,less100
21755,2016,18,1476.3703703703704,7.297341902118354,1,WC,0,NoSA,construction,2,sufficient,54,0.185,0.167,2,less100
21755,2017,19,1902.1929824561403,7.550762700869017,1,WC,0,NoSA,construction,3,satisfactory,57,0.368,0.158,2,less100
21755,2018,20,2019.6833333333334,7.61069601242966,1,WC,0,NoSA,construction,3,satisfactory,60,0.35,0.117,2,less100
21770,2001,3,3123.0482954545455,8.046564821606204,0,NoWC,0,NoSA,manufacturing,4,good,33,0.636,0.182,1,less50
21770,2002,4,1609.6,7.38374097990542,0,NoWC,0,NoSA,manufacturing,4,good,35,0.429,0.171,1,less50
21770,2003,5,3248.7428571428572,8.08602338730545,0,NoWC,0,NoSA,manufacturing,4,good,35,0.286,0.114,1,less50
21771,2002,4,4699.445544554455,8.455199811495499,0,NoWC,0,NoSA,wholesretail,1,unsatisfactory,101,0.802,0.307,3,less250
21771,2003,5,3745.8595041322315,8.228406376730002,0,NoWC,0,NoSA,wholesretail,2,sufficient,121,0.669,0.256,3,less250
21771,2004,6,4132.231404958678,8.326572831807587,0,NoWC,0,NoSA,wholesretail,1,unsatisfactory,121,0.645,0.207,3,less250
21782,2009,11,1333.1166666666666,7.195274838229363,1,WC,0,NoSA,transcom,4,good,60,0.933,0.317,2,less100
21782,2010,12,1403.4354838709678,7.246678426716139,1,WC,0,NoSA,transcom,2,sufficient,62,0.758,0.5,2,less100
21782,2011,13,1484.095238095238,7.302560598282136,1,WC,0,NoSA,transcom,1,unsatisfactory,63,0.841,0.524,2,less100
21782,2012,14,1438.4307692307693,7.271308054778032,1,WC,0,NoSA,transcom,3,satisfactory,65,0.815,0.262,2,less100
21795,2002,4,647.3155555555555,6.472833896709578,0,NoWC,0,NoSA,public,3,satisfactory,225,0.129,0.227,3,less250
21795,2004,6,781.0142180094787,6.660593354551673,0,NoWC,0,NoSA,public,3,satisfactory,211,0.028,0.441,3,less250
21795,2006,8,813.7715517241379,6.701679677625698,0,NoWC,0,NoSA,public,3,satisfactory,232,0.125,0.466,3,less250
21795,2008,10,694.2683823529412,6.542858603838448,0,NoWC,0,NoSA,public,3,satisfactory,272,0.085,0.482,4,more250
21795,2009,11,792.4652777777778,6.675148691261977,0,NoWC,0,NoSA,edu,3,satisfactory,288,0.08,0.503,4,more250
21795,2010,12,763.3110367892976,6.637665598007237,0,NoWC,0,NoSA,edu,3,satisfactory,299,0.1,0.421,4,more250
21795,2012,14,1008.3814432989691,6.916101793021247,0,NoWC,0,NoSA,edu,3,satisfactory,291,0.12,0.412,4,more250
21795,2013,15,1123.1964285714287,7.023933853575812,0,NoWC,0,NoSA,edu,3,satisfactory,280,0.211,0.436,4,more250
21795,2014,16,805.2789968652038,6.691188797330378,0,NoWC,0,NoSA,edu,3,satisfactory,319,0.119,0.389,4,more250
21795,2015,17,817.6645768025078,6.706452199699434,0,NoWC,0,NoSA,edu,3,satisfactory,319,0.157,0.417,4,more250
21795,2016,18,1148.3270440251572,7.0460614178634815,0,NoWC,0,NoSA,edu,3,satisfactory,318,0.126,0.453,4,more250
21795,2017,19,1304.204152249135,7.173348288705863,0,NoWC,0,NoSA,edu,3,satisfactory,289,0.128,0.45,4,more250
21795,2019,21,1627.108695652174,7.3945599123951276,0,NoWC,0,NoSA,edu,3,satisfactory,276,0.062,0.482,4,more250
21795,2020,22,1322.3440514469453,7.187161237268586,0,NoWC,0,NoSA,buservices,3,satisfactory,311,0.051,0.486,4,more250
21801,1998,0,1977.8590909090908,7.589770271479826,0,NoWC,0,NoSA,wholesretail,3,satisfactory,275,0.076,0.185,4,more250
21801,1999,1,1475.35989010989,7.296657232307238,0,NoWC,0,NoSA,wholesretail,4,good,273,0.077,0.187,4,more250
21801,2000,2,1523.4582954545454,7.328738223882752,0,NoWC,0,NoSA,wholesretail,4,good,275,0.178,0.2,4,more250
21814,2013,15,1621.7843137254902,7.391282250325002,1,WC,0,NoSA,health,2,sufficient,51,0.314,0.118,2,less100
21814,2014,16,1373.648148148148,7.2252253614938,1,WC,0,NoSA,health,3,satisfactory,54,0.556,0.13,2,less100
21814,2015,17,1684.9285714285713,7.429478451044367,1,WC,0,NoSA,health,1,unsatisfactory,56,0.571,0.107,2,less100
21826,2005,7,2703.372549019608,7.902255364755223,1,WC,0,NoSA,public,3,satisfactory,102,0.529,0.02,3,less250
21826,2006,8,1721.896551724138,7.451181608690761,1,WC,0,NoSA,public,3,satisfactory,145,0.234,0.007,3,less250
21826,2007,9,1902.654135338346,7.551005103714749,1,WC,0,NoSA,public,3,satisfactory,133,0.331,0.008,3,less250
21843,2005,7,1708.225806451613,7.4432105707926235,0,NoWC,0,NoSA,manufacturing,2,sufficient,31,0.613,0.742,1,less50
21843,2007,9,1507.258064516129,7.318047427838617,0,NoWC,0,NoSA,manufacturing,4,good,31,0.548,0.613,1,less50
21843,2009,11,1373.2903225806451,7.224964834675789,0,NoWC,0,NoSA,manufacturing,4,good,31,0.065,0.677,1,less50
21843,2010,12,1265.46875,7.143197885883364,0,NoWC,0,NoSA,manufacturing,5,very good,32,0.562,0.688,1,less50
21843,2012,14,1038.3333333333333,6.945372142553444,0,NoWC,0,NoSA,manufacturing,4,good,30,0.667,0.7,1,less50
21843,2013,15,1335,7.19668657083435,0,NoWC,0,NoSA,manufacturing,4,good,28,0.75,0.607,1,less50
21843,2014,16,890,6.7912214627261855,1,WC,0,NoSA,manufacturing,5,very good,28,0.679,0.607,1,less50
21843,2018,20,1627.7666666666667,7.394964211147131,0,NoWC,0,NoSA,manufacturing,4,good,30,0.433,0.6,1,less50
21843,2019,21,1219.774193548387,7.106421033341122,0,NoWC,0,NoSA,manufacturing,4,good,31,0.548,0.742,1,less50
21843,2020,22,1743.225806451613,7.463492587588989,0,NoWC,0,NoSA,manufacturing,4,good,31,0.613,0.613,1,less50
21843,2021,23,1304.7058823529412,7.173732916848142,0,NoWC,0,NoSA,manufacturing,4,good,34,0.441,0.588,1,less50
21859,2013,15,817.3617021276596,6.706081716750976,1,WC,0,NoSA,edu,4,good,47,0.021,0.702,1,less50
21859,2014,16,515.795918367347,6.245711180208,1,WC,0,NoSA,edu,4,good,49,0.061,0.714,1,less50
21859,2015,17,1053.0833333333333,6.95947764797068,1,WC,0,NoSA,edu,4,good,48,0.021,0.729,1,less50
21917,2002,4,972.9179487179487,6.880299750488305,1,WC,0,NoSA,public,3,satisfactory,195,0.026,0.544,3,less250
21917,2010,12,6493.4,8.778541555416163,1,WC,0,NoSA,public,2,sufficient,40,0.075,0.475,1,less50
21917,2011,13,7415.384615384615,8.911312123137101,1,WC,0,NoSA,public,2,sufficient,39,0.051,0.487,1,less50
21917,2012,14,7513.636363636364,8.9244748304508,1,WC,0,NoSA,public,3,satisfactory,44,0.045,0.477,1,less50
21917,2014,16,3761.904761904762,8.232680693725735,1,WC,0,NoSA,public,3,satisfactory,84,0.119,0.369,2,less100
21917,2016,18,9320.525423728814,9.139974282027142,1,WC,0,NoSA,public,4,good,59,0.102,0.373,2,less100
21917,2019,21,8926.101449275362,9.096735010716758,1,WC,0,NoSA,public,4,good,69,0.116,0.42,2,less100
21921,2001,3,1056.706714527027,6.962912477668329,0,NoWC,0,NoSA,health,4,good,111,0.018,0.387,3,less250
21921,2002,4,1073.6306306306305,6.978801296576658,0,NoWC,0,NoSA,health,1,unsatisfactory,111,0.018,0.423,3,less250
21921,2003,5,1172.2407407407406,7.066672359231519,0,NoWC,0,NoSA,health,5,very good,108,0.037,0.444,3,less250
21921,2004,6,1214.5445544554455,7.1021244331999185,0,NoWC,0,NoSA,health,2,sufficient,101,0.059,0.426,3,less250
21921,2005,7,1452.2,7.280834926946146,0,NoWC,0,NoSA,health,2,sufficient,90,0.122,0.356,2,less100
21921,2007,9,1466.0190476190476,7.290305875281049,1,WC,0,NoSA,health,4,good,105,0.152,0.438,3,less250
21957,2000,2,5846.081495098039,8.673526885891857,1,WC,0,NoSA,manufacturing,4,good,51,0.02,0.882,2,less100
21957,2001,3,2772.3131009615386,7.927437305216104,1,WC,0,NoSA,manufacturing,4,good,52,0.019,0.923,2,less100
21957,2002,4,2955.4716981132074,7.991413544212215,1,WC,0,NoSA,manufacturing,4,good,53,0.019,0.717,2,less100
21957,2003,5,3155.037037037037,8.056755514062365,1,WC,0,NoSA,manufacturing,1,unsatisfactory,54,0.019,0.796,2,less100
21957,2004,6,2705.4193548387098,7.903012208779983,0,NoWC,0,NoSA,manufacturing,3,satisfactory,62,0.016,0.548,2,less100
21957,2006,8,5313.925373134329,8.578086082776348,0,NoWC,0,NoSA,manufacturing,3,satisfactory,67,0.015,0.672,2,less100
21957,2007,9,4454.538461538462,8.401678734434448,0,NoWC,0,NoSA,wholesretail,4,good,91,0.011,0.33,2,less100
21962,2014,16,1133.7441860465117,7.033280873342559,0,NoWC,0,NoSA,finance,3,satisfactory,43,0.116,0.558,1,less50
21962,2015,17,1318.391304347826,7.184167563523494,0,NoWC,0,NoSA,finance,4,good,46,0.065,0.587,1,less50
21962,2017,19,1405.8372093023256,7.248388282809737,0,NoWC,0,NoSA,finance,3,satisfactory,43,0.047,0.581,1,less50
21962,2018,20,2161.978260869565,7.678778943046642,0,NoWC,0,NoSA,finance,3,satisfactory,46,0.13,0.652,1,less50
21962,2019,21,1405.8372093023256,7.248388282809737,0,NoWC,0,NoSA,finance,3,satisfactory,43,0.302,0.605,1,less50
21962,2020,22,2348.8863636363635,7.761696607003575,0,NoWC,0,NoSA,buservices,3,satisfactory,44,0.136,0.614,1,less50
21962,2021,23,2437.5454545454545,7.798746850716778,0,NoWC,0,NoSA,buservices,3,satisfactory,44,0.114,0.636,1,less50
21967,2017,19,2138.1382113821137,7.667690734669629,1,WC,0,NoSA,health,3,satisfactory,123,0.146,0.829,3,less250
21967,2018,20,1953.5681818181818,7.577412816275701,1,WC,0,NoSA,health,3,satisfactory,132,0.091,0.621,3,less250
21967,2019,21,4687.060606060606,8.452560928511307,0,NoWC,0,NoSA,health,3,satisfactory,66,0.242,0.576,2,less100
21967,2020,22,3610.84,8.191695711240119,0,NoWC,0,NoSA,buservices,3,satisfactory,75,0.493,0.453,2,less100
21967,2021,23,5540.090909090909,8.61976618918989,1,WC,0,NoSA,buservices,4,good,66,0.242,0.591,2,less100
21969,2007,9,1780.6666666666667,7.4847431050017965,1,WC,0,NoSA,manufacturing,5,very good,33,0.182,0.818,1,less50
21969,2010,12,1887.509090909091,7.543013297487258,1,WC,0,NoSA,manufacturing,1,unsatisfactory,55,0.127,0.745,2,less100
21969,2013,15,1450.9135802469136,7.2799486923557835,0,NoWC,0,NoSA,manufacturing,3,satisfactory,81,0.049,0.84,2,less100
21969,2014,16,1558.0795454545455,7.351209281259944,0,NoWC,0,NoSA,manufacturing,4,good,88,0.045,0.557,2,less100
21969,2015,17,2160.3676470588234,7.678033693166325,0,NoWC,0,NoSA,manufacturing,1,unsatisfactory,68,0.059,0.838,2,less100
21969,2016,18,2408.27868852459,7.78666753416912,0,NoWC,0,NoSA,manufacturing,3,satisfactory,61,0.049,0.705,2,less100
21969,2017,19,2987.898305084746,8.002325511230667,0,NoWC,0,NoSA,manufacturing,2,sufficient,59,0.017,0.746,2,less100
21969,2018,20,2408.27868852459,7.78666753416912,0,NoWC,0,NoSA,manufacturing,3,satisfactory,61,0.066,0.754,2,less100
21969,2019,21,3383.2727272727275,8.12659878252002,0,NoWC,0,NoSA,manufacturing,4,good,55,0.055,0.745,2,less100
21971,2008,10,1748.8507462686566,7.466714134766967,1,WC,0,NoSA,finance,3,satisfactory,67,0.463,0.746,2,less100
21971,2009,11,1788.421052631579,7.489088416059483,1,WC,0,NoSA,resthotels,3,satisfactory,76,0.289,0.724,2,less100
21971,2010,12,1996.5064935064936,7.599154178943013,1,WC,1,SA,resthotels,4,good,77,0.221,0.519,2,less100
21971,2013,15,2167.7,7.681421976600878,1,WC,1,SA,resthotels,4,good,80,0.412,0.825,2,less100
21984,2008,10,2532.2272727272725,7.836854539396715,1,WC,0,NoSA,manufacturing,3,satisfactory,22,0.227,0.045,1,less50
21984,2009,11,768.9558823529412,6.645033597707692,1,WC,0,NoSA,construction,3,satisfactory,68,0.162,0.029,2,less100
21984,2010,12,911.2352941176471,6.814801145050147,1,WC,0,NoSA,manufacturing,3,satisfactory,68,0.044,0.029,2,less100
21984,2011,13,895.2028985507246,6.797050394873087,1,WC,0,NoSA,manufacturing,3,satisfactory,69,0.203,0.029,2,less100
21984,2012,14,932.3376623376623,6.837695047716845,1,WC,0,NoSA,manufacturing,3,satisfactory,77,0.195,0.026,2,less100
21987,2017,19,1103.8695652173913,7.006577072409066,1,WC,0,NoSA,manufacturing,4,good,23,0.261,0.13,1,less50
21987,2018,20,1227.6818181818182,7.112882969418271,1,WC,0,NoSA,manufacturing,4,good,22,0.318,0.136,1,less50
21987,2020,22,1350.4583333333333,7.208199319986135,1,WC,0,NoSA,manufacturing,4,good,24,0.042,0.208,1,less50
22011,2012,14,1223.7196261682243,7.109650373245149,0,NoWC,0,NoSA,buservices,4,good,107,0.393,0.477,3,less250
22011,2013,15,1547.3218390804598,7.344280869711577,0,NoWC,0,NoSA,buservices,3,satisfactory,87,0.356,0.506,2,less100
22011,2014,16,1208.9529411764706,7.097509926099154,0,NoWC,0,NoSA,buservices,4,good,85,0.4,0.541,2,less100
22011,2015,17,1237.1851851851852,7.120594066268791,0,NoWC,0,NoSA,buservices,4,good,81,0.407,0.531,2,less100
22011,2017,19,1407.6849315068494,7.24970174144108,0,NoWC,0,NoSA,buservices,3,satisfactory,73,0.247,0.521,2,less100
22013,2011,13,1173.8695652173913,7.068060891334391,1,WC,0,NoSA,wholesretail,3,satisfactory,23,0.087,0.13,1,less50
22013,2015,17,2756.153846153846,7.921591452837463,1,WC,0,NoSA,wholesretail,4,good,26,0.115,0.115,1,less50
22013,2019,21,3470.681818181818,8.152106343028967,1,WC,0,NoSA,wholesretail,5,very good,22,0.182,0.136,1,less50
22023,2018,20,5744.336956521739,8.655969771354592,1,WC,0,NoSA,manufacturing,4,good,92,0.402,0.174,2,less100
22023,2020,22,3679.0315789473684,8.210404838636125,1,WC,0,NoSA,manufacturing,1,unsatisfactory,95,0.368,0.474,2,less100
22023,2021,23,4297.728260869565,8.365841850650318,0,NoWC,0,NoSA,manufacturing,1,unsatisfactory,92,0.38,0.457,2,less100
22039,2007,9,2846.5384615384614,7.95385896017003,1,WC,0,NoSA,buservices,4,good,65,0.415,0.123,2,less100
22039,2008,10,1908.9857142857143,7.5543273403482,0,NoWC,0,NoSA,buservices,2,sufficient,70,0.057,0.143,2,less100
22039,2010,12,1251.948717948718,7.1324565907162985,0,NoWC,0,NoSA,buservices,1,unsatisfactory,78,0.038,0.141,2,less100
22042,1998,0,1056.538795405983,6.962753557069082,0,NoWC,0,NoSA,public,3,satisfactory,234,0.038,0.611,3,less250
22042,1999,1,1000.0667489035088,6.907822025658037,0,NoWC,0,NoSA,public,3,satisfactory,228,0.039,0.623,3,less250
22042,2001,3,1284.876501091703,7.158417884610799,0,NoWC,0,NoSA,public,4,good,229,0.061,0.624,3,less250
22042,2002,4,1545.1377777777777,7.342868361911049,0,NoWC,0,NoSA,public,4,good,225,0.071,0.618,3,less250
22061,2014,16,999.3333333333334,6.907088389994433,1,WC,0,NoSA,transcom,4,good,21,0.048,0.381,1,less50
22061,2015,17,1031.4347826086957,6.938706104733215,1,WC,0,NoSA,transcom,4,good,23,0.043,0.522,1,less50
22061,2016,18,2380.217391304348,7.774947103378375,1,WC,0,NoSA,transcom,4,good,23,0.087,0.435,1,less50
22061,2017,19,1689.6666666666667,7.43228654980424,1,WC,0,NoSA,transcom,4,good,27,0.111,0.407,1,less50
22075,2002,4,2599.9285714285716,7.863239251104724,1,WC,0,NoSA,resthotels,4,good,28,0.179,0.5,1,less50
22075,2003,5,3688.5,8.212975150324358,1,WC,0,NoSA,resthotels,3,satisfactory,26,0.038,0.577,1,less50
22075,2004,6,2825.3703703703704,7.946394739542973,1,WC,0,NoSA,resthotels,3,satisfactory,27,0.037,0.556,1,less50
22075,2005,7,2906.074074074074,7.974558333851499,1,WC,0,NoSA,resthotels,5,very good,27,0.037,0.519,1,less50
22107,2005,7,895.4635416666666,6.797341507848601,0,NoWC,0,NoSA,edu,4,good,576,0.264,0.222,4,more250
22107,2006,8,1004.0816326530612,6.911828604369773,0,NoWC,0,NoSA,edu,3,satisfactory,490,0.273,0.182,4,more250
22107,2007,9,834.0802469135803,6.726329617050805,0,NoWC,0,NoSA,edu,4,good,486,0.29,0.167,4,more250
22108,2003,5,1523.9455252918287,7.329057991048572,1,WC,0,NoSA,manufacturing,3,satisfactory,257,0.051,0.237,4,more250
22108,2004,6,1612.3833992094862,7.385468735487632,1,WC,0,NoSA,manufacturing,4,good,253,0.059,0.3,4,more250
22108,2005,7,1228.7370517928287,7.113742133699103,1,WC,0,NoSA,manufacturing,4,good,251,0.06,0.287,4,more250
22113,2009,11,4705.722222222223,8.456534541243068,0,NoWC,1,SA,health,4,good,54,0.537,0.741,2,less100
22113,2010,12,3764.289855072464,8.23331450493284,0,NoWC,1,SA,health,4,good,69,0.42,0.522,2,less100
22113,2012,14,2823.439393939394,7.94571106401246,0,NoWC,1,SA,health,4,good,66,0.621,0.606,2,less100
22113,2013,15,4203.060606060606,8.343568254615787,0,NoWC,1,SA,health,4,good,66,0.682,0.712,2,less100
22115,2003,5,3188.2272727272725,8.067220327434105,1,WC,0,NoSA,buservices,2,sufficient,22,0.545,0.545,1,less50
22115,2005,7,2996.5416666666665,8.005214124913083,1,WC,0,NoSA,buservices,3,satisfactory,24,0.083,0.5,1,less50
22115,2007,9,2651.4666666666667,7.882868224997754,1,WC,0,NoSA,buservices,2,sufficient,30,0.4,0.433,1,less50
22123,2011,13,1577.3214285714287,7.3634833890040285,0,NoWC,0,NoSA,buservices,5,very good,28,0.179,0.036,1,less50
22123,2012,14,1637.4615384615386,7.400902479271141,0,NoWC,0,NoSA,buservices,3,satisfactory,26,0.154,0,1,less50
22123,2013,15,2108.703703703704,7.653828679240377,0,NoWC,0,NoSA,buservices,4,good,27,0.111,0,1,less50
22123,2014,16,2355.8260869565215,7.76464672496559,0,NoWC,0,NoSA,buservices,5,very good,23,0.13,0.087,1,less50
22123,2015,17,1927.8333333333333,7.5641520260673465,0,NoWC,0,NoSA,buservices,5,very good,24,0.125,0.042,1,less50
22123,2016,18,2761.9545454545455,7.923693876721053,0,NoWC,0,NoSA,buservices,5,very good,22,0.136,0.091,1,less50
22123,2017,19,2340.56,7.7581454959595,0,NoWC,0,NoSA,buservices,5,very good,25,0.24,0.04,1,less50
22143,2013,15,537.8151260504202,6.28751486923028,0,NoWC,1,SA,public,1,unsatisfactory,595,0.239,0.555,4,more250
22143,2015,17,1540.013725490196,7.3395466080239284,0,NoWC,0,NoSA,public,3,satisfactory,510,0.231,0.524,4,more250
22143,2016,18,1342.4643449419568,7.202262267327878,0,NoWC,1,SA,public,3,satisfactory,603,0.226,0.491,4,more250
22146,2011,13,1410.7317073170732,7.251863790128339,0,NoWC,0,NoSA,manufacturing,4,good,205,0.005,0.756,3,less250
22146,2012,14,1612.6829268292684,7.385654485230653,0,NoWC,0,NoSA,manufacturing,4,good,205,0.015,0.805,3,less250
22146,2013,15,1592.039800995025,7.372771366716834,0,NoWC,0,NoSA,manufacturing,4,good,201,0.025,0.697,3,less250
22146,2014,16,1572.1393034825871,7.360192584509973,0,NoWC,0,NoSA,manufacturing,4,good,201,0.02,0.871,3,less250
22146,2015,17,4910.589371980676,8.499149248611554,0,NoWC,0,NoSA,manufacturing,4,good,207,0.029,0.826,3,less250
22146,2016,18,4656.529411764706,8.446025688223244,0,NoWC,0,NoSA,manufacturing,5,very good,221,0.018,0.842,3,less250
22146,2017,19,4390.482758620689,8.387194467818349,0,NoWC,1,SA,manufacturing,5,very good,232,0.022,0.81,3,less250
22146,2018,20,4847.3125,8.486179706636905,0,NoWC,1,SA,manufacturing,5,very good,224,0.036,0.924,3,less250
22168,2012,14,3554.8387096774195,8.176064971215805,1,WC,1,SA,health,2,sufficient,93,0.043,0.14,2,less100
22168,2013,15,3636.3636363636365,8.198739460297704,1,WC,1,SA,health,2,sufficient,88,0.068,0.182,2,less100
22168,2014,16,3590.909090909091,8.186160678090843,1,WC,1,SA,health,3,satisfactory,88,0.045,0.159,2,less100
22168,2015,17,6430.193548387097,8.76875991761645,1,WC,1,SA,health,3,satisfactory,93,0.043,0.183,2,less100
22168,2016,18,5846.8125,8.67365191993445,1,WC,1,SA,health,5,very good,96,0.042,0.208,2,less100
22168,2017,19,6196.5,8.731739895504928,1,WC,1,SA,health,4,good,96,0.052,0.208,2,less100
22168,2018,20,6671.569892473119,8.805610477403267,1,WC,1,SA,health,3,satisfactory,93,0.032,0.194,2,less100
22184,2010,12,1126.9565217391305,7.0272759345370615,1,WC,0,NoSA,buservices,4,good,46,0.022,0.109,1,less50
22184,2011,13,1118,7.0192966537150445,1,WC,0,NoSA,buservices,4,good,60,0.033,0.183,2,less100
22184,2012,14,1129.3934426229507,7.029435991150472,1,WC,0,NoSA,buservices,4,good,61,0.18,0.164,2,less100
22184,2013,15,627.7413793103449,6.442128265263743,1,WC,0,NoSA,buservices,4,good,58,0.121,0.121,2,less100
22184,2015,17,1202.8461538461538,7.092445822381974,1,WC,0,NoSA,buservices,4,good,52,0.077,0.077,2,less100
22184,2018,20,1253.9666666666667,7.13406713923404,1,WC,0,NoSA,buservices,5,very good,60,0.1,0.1,2,less100
22184,2019,21,2450.34375,7.803983599819238,1,WC,0,NoSA,buservices,5,very good,64,0.094,0.094,2,less100
22184,2020,22,2097.160714285714,7.648339668063317,1,WC,0,NoSA,art,5,very good,56,0.107,0.179,2,less100
22184,2021,23,1253.9666666666667,7.13406713923404,1,WC,1,SA,art,4,good,60,0.1,0.167,2,less100
22189,2012,14,2134.8513513513512,7.666152298579028,1,WC,0,NoSA,edu,3,satisfactory,74,0.041,0.986,2,less100
22189,2014,16,1503.9746835443038,7.3158666716183145,0,NoWC,0,NoSA,edu,5,very good,79,0.152,0.975,2,less100
22189,2015,17,841.6,6.735304841983446,0,NoWC,0,NoSA,edu,5,very good,100,0.05,0.96,2,less100
22189,2016,18,1435.67,7.269386918185024,0,NoWC,0,NoSA,edu,5,very good,100,0.13,0.99,2,less100
22189,2017,19,940.61,6.846528600966234,0,NoWC,0,NoSA,edu,5,very good,100,0.16,0.99,2,less100
22189,2018,20,960.41,6.867360276621087,0,NoWC,0,NoSA,edu,5,very good,100,0.28,0.99,2,less100
22189,2019,21,1469.4711538461538,7.292657855755554,0,NoWC,1,SA,edu,5,very good,104,0.26,0.971,3,less250
22189,2020,22,1285.4122807017543,7.158834786883887,0,NoWC,1,SA,buservices,5,very good,114,0.167,0.921,3,less250
22189,2021,23,916.0934579439253,6.8201183877926574,0,NoWC,1,SA,buservices,5,very good,107,0.159,0.907,3,less250
22204,2015,17,1862.7142857142858,7.529789996368159,1,WC,0,NoSA,manufacturing,3,satisfactory,21,0.143,0.048,1,less50
22204,2016,18,2461.9545454545455,7.808710844126583,1,WC,0,NoSA,manufacturing,3,satisfactory,22,0.136,0.136,1,less50
22204,2017,19,1914.8181818181818,7.557377952886988,1,WC,0,NoSA,manufacturing,3,satisfactory,22,0.136,0.227,1,less50
22205,2000,2,1939.2044491525423,7.570033090196075,0,NoWC,0,NoSA,construction,3,satisfactory,118,0.034,0.212,3,less250
22205,2001,3,2579.9058779761904,7.855508195845623,0,NoWC,0,NoSA,construction,3,satisfactory,84,0.071,0.238,2,less100
22205,2002,4,3389.114285714286,8.128323893586197,0,NoWC,0,NoSA,construction,4,good,70,0.029,0.129,2,less100
22224,2014,16,4293.68115942029,8.36489972310159,0,NoWC,0,NoSA,health,4,good,69,0.014,0.304,2,less100
22224,2015,17,4321.760563380281,8.371418136036684,0,NoWC,0,NoSA,health,3,satisfactory,71,0.014,0.254,2,less100
22224,2017,19,4408.694444444444,8.391333880267451,0,NoWC,0,NoSA,health,3,satisfactory,72,0.014,0.333,2,less100
22224,2019,21,4493.232876712329,8.410327738733507,0,NoWC,0,NoSA,health,1,unsatisfactory,73,0.014,0.329,2,less100
22228,2009,11,2078,7.639161171659173,1,WC,0,NoSA,public,1,unsatisfactory,32,0.031,0.938,1,less50
22228,2010,12,2564.96875,7.849701574294786,1,WC,0,NoSA,public,3,satisfactory,32,0.031,0.875,1,less50
22228,2011,13,2470.969696969697,7.812365942445059,1,WC,0,NoSA,public,4,good,33,0.03,0.939,1,less50
22229,2018,20,982.5593220338983,6.890160720581155,1,WC,0,NoSA,wholesretail,4,good,59,0.068,0.542,2,less100
22229,2020,22,975.925925925926,6.88338668796518,1,WC,0,NoSA,wholesretail,4,good,54,0.093,0.556,2,less100
22229,2021,23,888.7962962962963,6.7898680712333626,1,WC,0,NoSA,wholesretail,1,unsatisfactory,54,0.074,0.667,2,less100
22237,2003,5,1605.8529411764705,7.381410321930798,1,WC,0,NoSA,finance,4,good,34,0.118,0.118,1,less50
22237,2004,6,913.6388888888889,6.817435404643019,1,WC,0,NoSA,finance,4,good,36,0.111,0.139,1,less50
22237,2005,7,1218.1944444444443,7.1051250779293715,1,WC,0,NoSA,finance,5,very good,36,0.139,0.167,1,less50
22237,2006,8,1612.2941176470588,7.385413361539705,1,WC,0,NoSA,finance,1,unsatisfactory,34,0.206,0.147,1,less50
22237,2007,9,1896.4054054054054,7.547715481374779,1,WC,0,NoSA,finance,3,satisfactory,37,0.162,0.108,1,less50
22266,1998,0,1474.0079900568182,7.295740493397289,1,WC,0,NoSA,public,4,good,44,0.114,0.75,1,less50
22266,1999,1,1394.7891773897059,7.240498555515375,1,WC,0,NoSA,public,4,good,34,0.147,0.676,1,less50
22266,2001,3,1498.3550347222222,7.3121231418183,1,WC,0,NoSA,public,3,satisfactory,36,0.083,0.667,1,less50
22266,2002,4,1546.4166666666667,7.343695705556339,1,WC,0,NoSA,public,3,satisfactory,36,0.111,0.778,1,less50
22266,2003,5,1482.8064516129032,7.301691822233462,1,WC,0,NoSA,public,2,sufficient,31,0.419,0.677,1,less50
22266,2004,6,2113.4137931034484,7.6560598304848515,1,WC,0,NoSA,public,3,satisfactory,29,0.31,0.862,1,less50
22266,2006,8,2042.96,7.622155015575534,1,WC,0,NoSA,public,4,good,25,0.56,0.84,1,less50
22266,2007,9,2451.56,7.804479835603124,1,WC,0,NoSA,public,3,satisfactory,25,0.56,0.84,1,less50
22266,2008,10,2641.5652173913045,7.87912690582876,1,WC,0,NoSA,public,3,satisfactory,23,0.565,0.87,1,less50
22266,2009,11,2504.68,7.825916260847962,1,WC,0,NoSA,public,3,satisfactory,25,0.52,0.8,1,less50
22266,2011,13,2451.56,7.804479835603124,1,WC,0,NoSA,public,4,good,25,0.32,0.76,1,less50
22266,2012,14,2655.88,7.884531328852753,1,WC,0,NoSA,public,4,good,25,0.28,0.68,1,less50
22266,2013,15,2504.5555555555557,7.825866574845741,1,WC,0,NoSA,public,4,good,27,0.185,0.704,1,less50
22266,2015,17,1853.8148148148148,7.525000857002644,1,WC,0,NoSA,public,4,good,27,0.259,0.704,1,less50
22266,2016,18,2357.269230769231,7.7652591224498435,1,WC,0,NoSA,public,4,good,26,0.346,0.808,1,less50
22266,2017,19,2357.269230769231,7.7652591224498435,1,WC,0,NoSA,public,4,good,26,0.538,0.692,1,less50
22266,2018,20,2681.4166666666665,7.8941005408066305,1,WC,0,NoSA,public,4,good,24,0.75,0.833,1,less50
22285,2000,2,1436.085597826087,7.269676356345641,0,NoWC,0,NoSA,construction,4,good,46,0.326,0.37,1,less50
22285,2001,3,1548.5526960784314,7.34507602923684,0,NoWC,0,NoSA,construction,4,good,51,0.333,0.51,2,less100
22285,2002,4,2256.125,7.721404018884413,0,NoWC,0,NoSA,construction,4,good,48,0.458,0.5,1,less50
22285,2003,5,1600.66,7.378171323173137,0,NoWC,0,NoSA,construction,5,very good,50,0.46,0.44,1,less50
22285,2004,6,1721.826923076923,7.451141170689432,0,NoWC,0,NoSA,construction,4,good,52,0.385,0.442,2,less100
22285,2005,7,1683.66,7.428725274180145,0,NoWC,0,NoSA,construction,5,very good,50,0.38,0.42,1,less50
22285,2007,9,1815.304347826087,7.5040084173940995,0,NoWC,0,NoSA,construction,5,very good,46,0.5,0.413,1,less50
22285,2008,10,1751.0444444444445,7.467967714284939,0,NoWC,1,SA,construction,4,good,45,0.289,0.4,1,less50
22285,2009,11,1726.5,7.453851516830047,0,NoWC,1,SA,construction,5,very good,48,0.708,0.479,1,less50
22285,2010,12,1707.18,7.442598165389832,0,NoWC,0,NoSA,construction,4,good,50,0.88,0.48,1,less50
22285,2012,14,1573.3061224489795,7.3609344947083155,0,NoWC,1,SA,construction,5,very good,49,0.939,0.469,1,less50
22285,2014,16,2485.0196078431372,7.818035828979735,0,NoWC,1,SA,construction,5,very good,51,0.667,0.451,2,less100
22285,2015,17,1807.388888888889,7.499638479882781,0,NoWC,1,SA,construction,5,very good,54,0.833,0.463,2,less100
22285,2016,18,1550.7833333333333,7.346515458597763,0,NoWC,1,SA,construction,4,good,60,0.6,0.55,2,less100
22291,2017,19,4074.2608695652175,8.312444627521526,1,WC,0,NoSA,edu,4,good,23,0.087,0.435,1,less50
22291,2018,20,4462.285714285715,8.403416405727253,0,NoWC,0,NoSA,edu,4,good,21,0.095,0.333,1,less50
22291,2019,21,4016.0476190476193,8.298053518633843,0,NoWC,0,NoSA,edu,4,good,21,0.095,0.286,1,less50
22291,2020,22,4239.190476190476,8.352127604570649,0,NoWC,0,NoSA,art,5,very good,21,0.095,0.238,1,less50
22291,2021,23,4685.4,8.452206569896685,1,WC,0,NoSA,art,4,good,20,0.05,0.25,1,less50
22293,2001,3,2061.481115107914,7.631179991352103,0,NoWC,0,NoSA,manufacturing,4,good,139,0.388,0.288,3,less250
22293,2002,4,2297.3724137931035,7.7395213200624315,0,NoWC,0,NoSA,manufacturing,5,very good,145,0.2,0.276,3,less250
22293,2003,5,1691.716049382716,7.433498706569137,0,NoWC,0,NoSA,manufacturing,2,sufficient,162,0.228,0.29,3,less250
22293,2004,6,1755.656050955414,7.47059788425556,0,NoWC,0,NoSA,manufacturing,1,unsatisfactory,157,0.312,0.293,3,less250
22293,2005,7,1748.9281045751634,7.466758367584317,0,NoWC,0,NoSA,manufacturing,2,sufficient,153,0.176,0.275,3,less250
22293,2006,8,1697.474358974359,7.436896754149022,0,NoWC,0,NoSA,manufacturing,1,unsatisfactory,156,0.378,0.244,3,less250
22293,2007,9,1264.719387755102,7.142605548692602,0,NoWC,0,NoSA,manufacturing,3,satisfactory,196,0.352,0.276,3,less250
22296,2009,11,1669.3076923076924,7.420164263954536,0,NoWC,0,NoSA,finance,5,very good,26,0.615,0.077,1,less50
22296,2010,12,2181.5151515151515,7.687774937996869,0,NoWC,0,NoSA,finance,3,satisfactory,33,0.97,0.061,1,less50
22296,2011,13,1832.138888888889,7.513239355072713,0,NoWC,0,NoSA,finance,3,satisfactory,36,0.444,0.278,1,less50
22296,2012,14,1825.5714285714287,7.50964832855339,0,NoWC,0,NoSA,finance,3,satisfactory,35,0.6,0.371,1,less50
22296,2015,17,2237.0833333333335,7.71292821306867,1,WC,0,NoSA,finance,3,satisfactory,36,0.611,0.278,1,less50
22296,2016,18,2370.7631578947367,7.770967189846394,1,WC,0,NoSA,finance,3,satisfactory,38,0.658,0.395,1,less50
22296,2017,19,2328.675,7.753054715278007,0,NoWC,0,NoSA,finance,4,good,40,0.65,0.5,1,less50
22296,2018,20,2987.6216216216217,8.002232905577364,1,WC,0,NoSA,finance,4,good,37,0.595,0.459,1,less50
22296,2019,21,2502.121212121212,7.824894135944994,0,NoWC,0,NoSA,finance,4,good,33,0.788,0.515,1,less50
22296,2020,22,3059.44,8.02598717166274,1,WC,0,NoSA,buservices,4,good,25,0.84,0.64,1,less50
22296,2021,23,3506.1153846153848,8.162263975554408,0,NoWC,0,NoSA,buservices,4,good,26,0.808,0.538,1,less50
22301,2012,14,1288.0357142857142,7.160873634762569,1,WC,0,NoSA,health,3,satisfactory,28,0.429,0.679,1,less50
22301,2013,15,1232.2,7.1165564685804705,1,WC,0,NoSA,health,4,good,30,0.4,0.633,1,less50
22301,2014,16,1247.2333333333333,7.128683043920522,1,WC,0,NoSA,health,3,satisfactory,30,0.267,0.633,1,less50
22301,2015,17,1202.1666666666667,7.091880763275618,1,WC,0,NoSA,health,2,sufficient,30,0.233,0.667,1,less50
22301,2016,18,1250.6129032258063,7.131389032708155,1,WC,0,NoSA,health,3,satisfactory,31,0.387,0.677,1,less50
22301,2017,19,986.15625,6.893814810607657,1,WC,0,NoSA,health,4,good,32,0.406,0.656,1,less50
22301,2018,20,1127.0277777777778,7.027339161276206,1,WC,0,NoSA,health,4,good,36,0.139,0.611,1,less50
22301,2019,21,1113.764705882353,7.015501182632621,1,WC,0,NoSA,health,3,satisfactory,34,0.206,0.588,1,less50
22301,2021,23,1159.2285714285715,7.055510038242902,1,WC,0,NoSA,edu,3,satisfactory,35,0.257,0.6,1,less50
22324,2011,13,1951.6610169491526,7.5764360925426875,1,WC,0,NoSA,manufacturing,4,good,59,0.203,0.695,2,less100
22324,2012,14,1954.7450980392157,7.578015079283978,1,WC,0,NoSA,manufacturing,4,good,51,0.235,0.725,2,less100
22324,2013,15,840.8688524590164,6.7344357054333805,1,WC,0,NoSA,manufacturing,5,very good,61,0.295,0.426,2,less100
22324,2015,17,1992.9423076923076,7.597367372323817,1,WC,0,NoSA,manufacturing,4,good,52,0.462,0.481,2,less100
22324,2016,18,2302.96,7.741950531020261,1,WC,0,NoSA,manufacturing,4,good,50,0.42,0.58,1,less50
22324,2017,19,2149.6785714285716,7.673073608284092,1,WC,0,NoSA,manufacturing,4,good,56,0.357,0.5,2,less100
22324,2019,21,2479.2631578947367,7.81571668125987,1,WC,0,NoSA,manufacturing,4,good,57,0.404,0.421,2,less100
22324,2020,22,2563.591836734694,7.84916461532741,1,WC,0,NoSA,manufacturing,4,good,49,0.388,0.49,1,less50
22324,2021,23,2701.4193548387098,7.901532600844726,1,WC,0,NoSA,manufacturing,4,good,62,0.29,0.435,2,less100
22338,2007,9,1860.5416666666667,7.528622942949323,1,WC,0,NoSA,buservices,3,satisfactory,24,0.083,0.958,1,less50
22338,2008,10,1086.5384615384614,6.990752198553105,1,WC,0,NoSA,buservices,2,sufficient,26,0.077,0.769,1,less50
22338,2011,13,1267.8695652173913,7.1450932631582464,1,WC,0,NoSA,buservices,3,satisfactory,23,0.217,0.913,1,less50
22338,2013,15,1426.3478260869565,7.262872488543281,1,WC,0,NoSA,buservices,3,satisfactory,23,0.043,0.913,1,less50
22338,2014,16,1139.0833333333333,7.037979124364653,1,WC,0,NoSA,buservices,3,satisfactory,24,0.042,0.917,1,less50
22338,2016,18,1602.5862068965516,7.379373982603171,1,WC,0,NoSA,buservices,3,satisfactory,29,0.069,0.897,1,less50
22338,2017,19,1161.1612903225807,7.057175895668693,1,WC,0,NoSA,buservices,3,satisfactory,31,0.065,0.903,1,less50
22338,2018,20,1528.5806451612902,7.332094900921276,1,WC,0,NoSA,buservices,3,satisfactory,31,0.032,0.871,1,less50
22338,2020,22,1436.96875,7.27029113914806,1,WC,0,NoSA,buservices,3,satisfactory,32,0.031,0.875,1,less50
22338,2021,23,1513.1,7.321915805457525,1,WC,0,NoSA,buservices,1,unsatisfactory,30,0.033,0.9,1,less50
22347,2012,14,2117.1111111111113,7.657807754930506,0,NoWC,0,NoSA,health,4,good,126,0.016,0.603,3,less250
22347,2013,15,1919.7916666666667,7.559971952190079,0,NoWC,1,SA,health,4,good,120,0.05,0.733,3,less250
22347,2014,16,1972.311475409836,7.586961471680741,0,NoWC,0,NoSA,health,4,good,122,0.057,0.73,3,less250
22347,2015,17,2558.6949152542375,7.847252608753241,0,NoWC,0,NoSA,health,4,good,118,0.042,0.729,3,less250
22347,2016,18,2277.025641025641,7.730625326881163,0,NoWC,0,NoSA,health,4,good,117,0.051,0.624,3,less250
22347,2017,19,2377.309734513274,7.773724763672806,0,NoWC,0,NoSA,health,4,good,113,0.035,0.681,3,less250
22347,2018,20,2497.954954954955,7.823227658078963,0,NoWC,0,NoSA,health,4,good,111,0.036,0.694,3,less250
22347,2019,21,2798.7169811320755,7.9369163701237015,0,NoWC,0,NoSA,health,4,good,106,0.038,0.415,3,less250
22347,2020,22,2491.837837837838,7.820775804691217,0,NoWC,0,NoSA,buservices,4,good,111,0.036,0.775,3,less250
22347,2021,23,2483.439655172414,7.817399835952384,0,NoWC,0,NoSA,buservices,3,satisfactory,116,0.034,0.828,3,less250
22349,2001,3,2019.37966954023,7.610545648945129,0,NoWC,0,NoSA,public,4,good,87,0.011,0.989,2,less100
22349,2002,4,2337.0588235294117,7.7566485047524285,0,NoWC,0,NoSA,public,3,satisfactory,85,0.035,1,2,less100
22349,2014,16,2526.5588235294117,7.834613507076962,0,NoWC,0,NoSA,public,4,good,68,0.015,1,2,less100
22349,2015,17,2318.0158730158732,7.748466871596645,0,NoWC,0,NoSA,public,5,very good,63,0.032,1,2,less100
22349,2018,20,3767.6666666666665,8.234211167522622,0,NoWC,0,NoSA,public,4,good,57,0.035,1,2,less100
22371,2002,4,2205.2596153846152,7.6986005203536605,1,WC,0,NoSA,public,3,satisfactory,208,0.029,0.418,3,less250
22371,2003,5,1920.5466101694915,7.560365117301133,1,WC,0,NoSA,public,2,sufficient,236,0.021,0.275,3,less250
22371,2004,6,2118.64406779661,7.658531572378719,1,WC,0,NoSA,public,4,good,236,0.025,0.165,3,less250
22371,2005,7,764.1288888888889,6.638736477671962,1,WC,0,NoSA,public,4,good,675,0.03,0.141,4,more250
22371,2006,8,665.7645466847091,6.500936074526243,1,WC,0,NoSA,public,4,good,739,0.014,0.363,4,more250
22382,2011,13,760.2451361867704,6.6336409288872495,0,NoWC,0,NoSA,art,4,good,257,0.031,0.062,4,more250
22382,2012,14,738.2375478927203,6.604265653421463,0,NoWC,0,NoSA,art,4,good,261,0.034,0.069,4,more250
22382,2013,15,847.19140625,6.741926650527062,0,NoWC,0,NoSA,art,3,satisfactory,256,0.035,0.07,4,more250
22382,2014,16,1103.4478764478765,7.006194989826212,0,NoWC,0,NoSA,art,2,sufficient,259,0.046,0.073,4,more250
22384,2016,18,1124.8813559322034,7.025432847683479,1,WC,0,NoSA,health,3,satisfactory,59,0.051,0.305,2,less100
22384,2017,19,901.4941176470588,6.804053517549492,1,WC,0,NoSA,health,4,good,85,0.024,0.4,2,less100
22384,2018,20,686.0941176470589,6.531014816051374,1,WC,0,NoSA,health,4,good,85,0.047,0.471,2,less100
22384,2019,21,682.126582278481,6.525215245134977,1,WC,0,NoSA,health,4,good,79,0.013,0.316,2,less100
22404,2001,3,667.54265625,6.503603292726981,1,WC,0,NoSA,public,2,sufficient,25,0.88,0,1,less50
22404,2002,4,421.16129032258067,6.043015872718742,0,NoWC,0,NoSA,public,3,satisfactory,31,0.71,0.032,1,less50
22404,2003,5,578.8275862068965,6.361004654656298,0,NoWC,1,SA,public,4,good,29,0.897,0.034,1,less50
22408,2000,2,539.5010775862069,6.290644782075633,0,NoWC,0,NoSA,transcom,1,unsatisfactory,1160,0.033,0.489,4,more250
22408,2001,3,556.3107914462081,6.321327115502135,0,NoWC,0,NoSA,transcom,1,unsatisfactory,1134,0.035,0.492,4,more250
22408,2002,4,606.060606060606,6.406979991069647,0,NoWC,0,NoSA,transcom,4,good,924,0.041,0.527,4,more250
22433,2002,4,1345.9762845849802,7.20487489087039,0,NoWC,1,SA,health,1,unsatisfactory,253,0.13,0.945,4,more250
22433,2003,5,1912.4430379746836,7.556136781191612,0,NoWC,1,SA,health,5,very good,237,0.055,0.941,3,less250
22433,2004,6,2092.050209205021,7.645899825472818,0,NoWC,1,SA,health,2,sufficient,239,0.264,0.937,3,less250
22433,2005,7,2158.10460251046,7.676985616612981,0,NoWC,1,SA,health,1,unsatisfactory,239,0.238,0.941,3,less250
22433,2006,8,2008.1632653061224,7.604975784929718,0,NoWC,1,SA,health,3,satisfactory,245,0.331,0.967,3,less250
22433,2007,9,1506.9256505576209,7.3178268613494595,0,NoWC,1,SA,health,3,satisfactory,269,0.442,0.952,4,more250
22433,2008,10,1339.853046594982,7.20031522021096,0,NoWC,1,SA,health,2,sufficient,279,0.387,0.892,4,more250
22433,2010,12,944.4945454545455,6.8506499118635285,0,NoWC,1,SA,health,3,satisfactory,275,0.367,0.818,4,more250
22433,2011,13,873.7160120845922,6.772755393889684,0,NoWC,1,SA,health,1,unsatisfactory,331,0.13,0.918,4,more250
22433,2012,14,936.543909348442,6.842196407435764,0,NoWC,1,SA,health,1,unsatisfactory,353,0.212,0.935,4,more250
22433,2013,15,837.696335078534,6.730655666169334,0,NoWC,1,SA,health,1,unsatisfactory,382,0.306,0.864,4,more250
22433,2014,16,780.2469135802469,6.65961042546251,0,NoWC,1,SA,health,2,sufficient,405,0.235,0.719,4,more250
22433,2015,17,1113.775413711584,7.0155107966720145,0,NoWC,1,SA,health,3,satisfactory,423,0.232,0.631,4,more250
22433,2016,18,1100.7640186915887,7.0037597801364955,0,NoWC,1,SA,health,1,unsatisfactory,428,0.229,0.692,4,more250
22433,2017,19,1123.8811659192825,7.024543300593331,0,NoWC,1,SA,health,2,sufficient,446,0.256,0.65,4,more250
22433,2018,20,1175.9895615866387,7.06986525221734,0,NoWC,1,SA,health,2,sufficient,479,0.182,0.678,4,more250
22433,2020,22,1399.0266429840142,7.243532018790083,0,NoWC,1,SA,health,4,good,563,0.192,0.631,4,more250
22433,2021,23,1354.8026755852843,7.211411095834849,0,NoWC,1,SA,health,3,satisfactory,598,0.14,0.532,4,more250
22444,2009,11,1040.4270072992701,6.947386491810502,0,NoWC,0,NoSA,transcom,3,satisfactory,274,0.135,0.077,4,more250
22444,2010,12,851.5934426229509,6.747109232922688,0,NoWC,0,NoSA,transcom,3,satisfactory,305,0.184,0.148,4,more250
22444,2011,13,1138.5826771653544,7.03753950224821,0,NoWC,0,NoSA,transcom,4,good,254,0.142,0.134,4,more250
22447,2000,2,5738.144495412844,8.654891178415399,1,WC,0,NoSA,buservices,4,good,109,0.018,0.514,3,less250
22447,2001,3,3524.3376396648046,8.167447793949078,1,WC,0,NoSA,buservices,3,satisfactory,179,0.006,0.408,3,less250
22447,2002,4,3111.1111111111113,8.042735211821121,1,WC,0,NoSA,buservices,2,sufficient,180,0.006,0.483,3,less250
22447,2003,5,2546.3426966292136,7.842413372034658,1,WC,0,NoSA,buservices,1,unsatisfactory,178,0.011,0.444,3,less250
22447,2004,6,2857.1428571428573,7.957577403480815,1,WC,0,NoSA,buservices,2,sufficient,175,0.023,0.509,3,less250
22447,2005,7,3051.994082840237,8.023550453621418,1,WC,0,NoSA,buservices,4,good,169,0.012,0.533,3,less250
22449,2013,15,2689.075630252101,7.89695278166438,0,NoWC,0,NoSA,manufacturing,4,good,119,0.017,0.286,3,less250
22449,2014,16,2449.6124031007753,7.803685088207377,0,NoWC,0,NoSA,manufacturing,4,good,129,0.023,0.279,3,less250
22449,2015,17,2242.20245398773,7.71521390017422,0,NoWC,0,NoSA,manufacturing,4,good,163,0.074,0.27,3,less250
22485,2014,16,1085.910652920962,6.990174225397556,0,NoWC,0,NoSA,finance,4,good,291,0.584,0.529,4,more250
22485,2015,17,1631.8610169491526,7.397476370714515,0,NoWC,0,NoSA,finance,5,very good,295,0.715,0.708,4,more250
22485,2016,18,1799.6230529595016,7.495332506931369,0,NoWC,0,NoSA,finance,5,very good,321,0.738,0.654,4,more250
22485,2017,19,3687.310030395137,8.21265248214004,0,NoWC,0,NoSA,finance,5,very good,329,0.711,0.641,4,more250
22485,2018,20,2278.810650887574,7.731408941497184,0,NoWC,0,NoSA,finance,4,good,338,0.769,0.675,4,more250
22485,2019,21,3199.063953488372,8.070613531462213,0,NoWC,0,NoSA,finance,3,satisfactory,344,0.709,0.669,4,more250
22485,2020,22,3248.70245398773,8.086010950677457,0,NoWC,0,NoSA,transcom,4,good,326,0.644,0.629,4,more250
22485,2021,23,2830.123493975904,7.948075627132513,0,NoWC,0,NoSA,transcom,3,satisfactory,332,0.675,0.627,4,more250
22512,2008,10,2975.44,7.998147206203392,1,WC,0,NoSA,resthotels,4,good,100,0.63,0.66,2,less100
22512,2009,11,3143.59375,8.05312193082361,1,WC,0,NoSA,resthotels,3,satisfactory,96,0.729,0.75,2,less100
22512,2010,12,2792.8602150537636,7.934821516376844,1,WC,0,NoSA,resthotels,3,satisfactory,93,0.796,0.742,2,less100
22516,2012,14,938.8214285714286,6.84462528920788,0,NoWC,0,NoSA,buservices,2,sufficient,28,0.5,0.571,1,less50
22516,2013,15,1202.9259259259259,7.09251213961998,0,NoWC,0,NoSA,buservices,4,good,27,0.519,0.593,1,less50
22516,2014,16,1195.8846153846155,7.0866414544256,0,NoWC,0,NoSA,buservices,3,satisfactory,26,0.692,0.577,1,less50
22516,2015,17,1422.9615384615386,7.26049556923655,1,WC,0,NoSA,buservices,3,satisfactory,26,0.308,0.577,1,less50
22516,2016,18,1043.142857142857,6.949993413160269,1,WC,0,NoSA,buservices,4,good,28,0.571,0.607,1,less50
22516,2018,20,2383.6206896551726,7.776375908838162,0,NoWC,0,NoSA,buservices,3,satisfactory,29,0.517,0.724,1,less50
22516,2021,23,2286.1071428571427,7.734605712397789,0,NoWC,0,NoSA,buservices,1,unsatisfactory,28,0.393,0.821,1,less50
22517,2003,5,2856.121212121212,7.9572197637777835,0,NoWC,0,NoSA,public,4,good,66,0.227,0.667,2,less100
22517,2004,6,3002.712121212121,8.007271199655882,0,NoWC,0,NoSA,public,4,good,66,0.318,0.621,2,less100
22517,2005,7,2805.4057971014495,7.939303476691595,0,NoWC,0,NoSA,public,3,satisfactory,69,0.159,0.681,2,less100
22540,2011,13,1044.75,6.951532901328025,1,WC,0,NoSA,public,4,good,20,0.25,0.85,1,less50
22540,2012,14,885.75,6.786434743745581,1,WC,0,NoSA,public,4,good,20,0.15,0.65,1,less50
22540,2013,15,953.9,6.8605588441511625,1,WC,0,NoSA,public,2,sufficient,20,0.1,0.55,1,less50
22566,2002,4,4913.34375,8.499709997154381,1,WC,0,NoSA,buservices,4,good,32,0.125,0.094,1,less50
22566,2003,5,5705.939393939394,8.649262910255311,1,WC,1,SA,buservices,2,sufficient,33,0.091,0.03,1,less50
22566,2004,6,5968.285714285715,8.694215015115288,1,WC,0,NoSA,buservices,2,sufficient,28,0.107,0.071,1,less50
22566,2006,8,5277.969696969697,8.571296775661736,1,WC,0,NoSA,buservices,4,good,33,0.091,0.091,1,less50
22572,2014,16,1449.8636363636363,7.279224787105069,1,WC,0,NoSA,health,4,good,22,0.5,0.682,1,less50
22572,2016,18,1134.6521739130435,7.034081428246501,1,WC,0,NoSA,health,4,good,23,0.174,0.783,1,less50
22572,2018,20,1409.5833333333333,7.251049431426808,1,WC,0,NoSA,health,4,good,24,0.25,0.708,1,less50
22600,2018,20,4355.571428571428,8.379211092750563,0,NoWC,0,NoSA,transcom,4,good,63,0.286,0.603,2,less100
22600,2019,21,4521.677966101695,8.416638435375363,0,NoWC,0,NoSA,transcom,4,good,59,0.305,0.678,2,less100
22600,2020,22,3609.759259259259,8.191396361917436,0,NoWC,0,NoSA,wholesretail,4,good,54,0.352,0.667,2,less100
22600,2021,23,3199.462962962963,8.070738250629708,1,WC,0,NoSA,wholesretail,4,good,54,0.296,0.704,2,less100
22619,2002,4,972.2222222222222,6.879584402015441,0,NoWC,0,NoSA,manufacturing,4,good,576,0.205,0.345,4,more250
22619,2003,5,785.526863084922,6.666354655818643,0,NoWC,0,NoSA,manufacturing,4,good,577,0.224,0.341,4,more250
22619,2004,6,980.3921568627451,6.887952651685957,0,NoWC,0,NoSA,manufacturing,4,good,510,0.231,0.355,4,more250
22623,2004,6,4158.1875,8.332834561196357,1,WC,0,NoSA,buservices,3,satisfactory,64,0.406,0.469,2,less100
22623,2005,7,3316.095238095238,8.106543236619363,1,WC,0,NoSA,buservices,4,good,63,0.317,0.413,2,less100
22623,2006,8,2658.809523809524,7.885633754156469,1,WC,0,NoSA,buservices,5,very good,63,0.381,0.159,2,less100
22657,2012,14,2092.4050632911394,7.646069431342094,0,NoWC,0,NoSA,manufacturing,4,good,158,0.032,0.044,3,less250
22657,2013,15,1236.7168674698796,7.1202154597508835,0,NoWC,0,NoSA,manufacturing,4,good,166,0.036,0.048,3,less250
22657,2015,17,1214.7633136094676,7.102304533184354,0,NoWC,0,NoSA,manufacturing,2,sufficient,169,0.036,0.065,3,less250
22657,2017,19,2286.5,7.73477754309811,0,NoWC,0,NoSA,manufacturing,3,satisfactory,180,0.039,0.072,3,less250
22657,2018,20,1708.311224489796,7.443260573492683,0,NoWC,0,NoSA,manufacturing,3,satisfactory,196,0.036,0.077,3,less250
22657,2019,21,1297.2843601895734,7.168028404842209,0,NoWC,0,NoSA,manufacturing,4,good,211,0.038,0.076,3,less250
22657,2021,23,1927.2602040816328,7.5638546899584505,0,NoWC,0,NoSA,manufacturing,4,good,196,0.092,0.087,3,less250
22660,2009,11,2232.0731707317073,7.710686105549755,0,NoWC,0,NoSA,wholesretail,4,good,41,0.122,0.951,1,less50
22660,2010,12,3542.1388888888887,8.172486029569741,0,NoWC,0,NoSA,wholesretail,3,satisfactory,36,0.167,0.889,1,less50
22660,2011,13,3648.8285714285716,8.202161455729849,0,NoWC,0,NoSA,wholesretail,2,sufficient,35,0.143,0.857,1,less50
22660,2012,14,5020.966666666666,8.521377757228894,0,NoWC,0,NoSA,wholesretail,4,good,30,0.167,0.833,1,less50
22660,2013,15,4270.909090909091,8.359581985414533,0,NoWC,0,NoSA,wholesretail,4,good,33,0.152,0.879,1,less50
22660,2014,16,4387.121212121212,8.38642853062751,0,NoWC,0,NoSA,wholesretail,2,sufficient,33,0.212,0.879,1,less50
22660,2015,17,4511.882352941177,8.414469718578465,0,NoWC,0,NoSA,wholesretail,4,good,34,0.206,0.912,1,less50
22660,2016,18,6149.379310344828,8.724106430560095,0,NoWC,0,NoSA,wholesretail,4,good,29,0.793,0.862,1,less50
22667,2016,18,1844.7942583732058,7.5201230371797285,1,WC,0,NoSA,manufacturing,3,satisfactory,209,0.388,0.478,3,less250
22667,2018,20,3109.5375722543354,8.042229303524277,1,WC,0,NoSA,manufacturing,5,very good,173,0.491,0.428,3,less250
22667,2019,21,3692.923076923077,8.214173585207812,1,WC,0,NoSA,manufacturing,4,good,169,0.515,0.444,3,less250
22681,1998,0,1128.8267106681035,7.028934063146757,0,NoWC,0,NoSA,public,4,good,29,0.034,0.724,1,less50
22681,2001,3,743.6923130580357,6.611627391576821,0,NoWC,0,NoSA,public,5,very good,56,0.018,0.964,2,less100
22681,2004,6,1864.8676470588234,7.530945362835167,0,NoWC,0,NoSA,public,4,good,68,0.015,0.868,2,less100
22681,2006,8,2396.4594594594596,7.781747701894721,0,NoWC,0,NoSA,public,4,good,37,0.054,0.973,1,less50
22681,2007,9,2584.769230769231,7.857391510527811,0,NoWC,0,NoSA,public,3,satisfactory,39,0.051,0.949,1,less50
22681,2008,10,2798.076923076923,7.936687647012257,0,NoWC,0,NoSA,public,4,good,39,0.103,0.974,1,less50
22681,2009,11,2746.6486486486488,7.918136774255875,0,NoWC,0,NoSA,public,4,good,37,0.054,0.892,1,less50
22681,2011,13,2388.5384615384614,7.778436935500645,0,NoWC,0,NoSA,public,4,good,39,0.026,0.872,1,less50
22747,2000,2,661.857125,6.495049709380976,1,WC,0,NoSA,buservices,4,good,125,0.16,0.64,3,less250
22747,2001,3,1104.068943298969,7.006757673527576,1,WC,0,NoSA,buservices,4,good,97,0.237,0.546,2,less100
22747,2002,4,2675.978260869565,7.892070297474301,1,WC,0,NoSA,buservices,3,satisfactory,46,0.5,0.565,1,less50
22766,1998,0,1691.592912371134,7.433425915693087,0,NoWC,0,NoSA,manufacturing,1,unsatisfactory,485,0.01,0.146,4,more250
22766,1999,1,2165.9539641943734,7.680616173500524,0,NoWC,0,NoSA,manufacturing,1,unsatisfactory,391,0.028,0.179,4,more250
22766,2000,2,2031.8871753246754,7.6167202832024685,0,NoWC,0,NoSA,manufacturing,1,unsatisfactory,308,0.039,0.205,4,more250
22766,2001,3,2153.09364334471,7.674660990772765,0,NoWC,0,NoSA,manufacturing,1,unsatisfactory,293,0.055,0.212,4,more250
22784,2000,2,1067.8360272988505,6.973389475241108,0,NoWC,0,NoSA,manufacturing,4,good,87,0.011,0.851,2,less100
22784,2001,3,1067.8360272988505,6.973389475241108,0,NoWC,0,NoSA,manufacturing,3,satisfactory,87,0.011,0.851,2,less100
22784,2002,4,1104.9885057471265,7.007590211858952,0,NoWC,0,NoSA,manufacturing,2,sufficient,87,0.011,0.839,2,less100
22793,1998,0,436.3876091452206,6.07853086021306,0,NoWC,0,NoSA,finance,4,good,136,0.706,0.088,3,less250
22793,1999,1,317.82826063368054,5.761511175994386,0,NoWC,0,NoSA,finance,4,good,144,0.611,0.146,3,less250
22793,2000,2,538.3583984375,6.288524506469753,0,NoWC,0,NoSA,finance,4,good,144,0.583,0.104,3,less250
22801,1998,0,3172.192608173077,8.06217830227731,0,NoWC,1,SA,manufacturing,2,sufficient,26,0.192,0.769,1,less50
22801,1999,1,2463.82421875,7.809469982315587,0,NoWC,1,SA,manufacturing,2,sufficient,28,0.179,0.75,1,less50
22801,2000,2,1684.8125,7.429409560630441,1,WC,0,NoSA,wholesretail,2,sufficient,29,0.138,0.828,1,less50
22801,2001,3,4426.483028017241,8.395360648867145,1,WC,1,SA,wholesretail,4,good,29,0.103,0.793,1,less50
22804,2007,9,1479.4270072992701,7.299410134563228,1,WC,0,NoSA,wholesretail,3,satisfactory,274,0.27,0.58,4,more250
22804,2008,10,1316.2640845070423,7.1825527638711195,1,WC,0,NoSA,wholesretail,4,good,284,0.222,0.687,4,more250
22804,2009,11,1181.5068493150684,7.074545893745215,1,WC,0,NoSA,transcom,5,very good,292,0.202,0.62,4,more250
22804,2010,12,921.049645390071,6.825513938591986,1,WC,0,NoSA,transcom,2,sufficient,282,0.22,0.677,4,more250
22804,2012,14,1136.0824742268042,7.035341197197568,1,WC,0,NoSA,transcom,4,good,291,0.186,0.763,4,more250
22804,2013,15,1045.751633986928,6.952491172823528,1,WC,0,NoSA,transcom,3,satisfactory,306,0.307,0.706,4,more250
22804,2014,16,1006.3694267515923,6.914104506660796,1,WC,0,NoSA,transcom,2,sufficient,314,0.303,0.691,4,more250
22804,2016,18,5566.542056074766,8.624529324349917,1,WC,0,NoSA,wholesretail,4,good,321,0.305,0.664,4,more250
22804,2017,19,4878.048780487805,8.492500578825865,1,WC,0,NoSA,wholesretail,3,satisfactory,328,0.198,0.668,4,more250
22804,2018,20,5671.641791044776,8.643233912311603,1,WC,0,NoSA,wholesretail,2,sufficient,335,0.194,0.651,4,more250
22804,2020,22,6761.409523809524,8.818986656741217,1,WC,0,NoSA,wholesretail,3,satisfactory,315,0.251,0.73,4,more250
22804,2021,23,6956.215231788079,8.847390816885662,1,WC,0,NoSA,wholesretail,1,unsatisfactory,302,0.258,0.712,4,more250
22817,1998,0,2185.188456632653,7.689457353985485,0,NoWC,0,NoSA,manufacturing,4,good,98,0.01,0.582,2,less100
22817,2000,2,1638.891322544643,7.401775269373138,0,NoWC,0,NoSA,manufacturing,3,satisfactory,112,0.009,0.554,3,less250
22817,2001,3,1586.2831101190477,7.369148892014253,0,NoWC,0,NoSA,manufacturing,3,satisfactory,126,0.008,0.563,3,less250
22837,2014,16,2275.927536231884,7.730142956528428,0,NoWC,0,NoSA,manufacturing,4,good,138,0.399,0.138,3,less250
22837,2015,17,2562.4055944055945,7.848701781560437,0,NoWC,0,NoSA,manufacturing,4,good,143,0.28,0.154,3,less250
22837,2016,18,2347.6545454545453,7.761172042974896,0,NoWC,0,NoSA,manufacturing,4,good,165,0.4,0.152,3,less250
22837,2017,19,2538.0060606060606,7.839134036217132,0,NoWC,0,NoSA,manufacturing,4,good,165,0.303,0.164,3,less250
22837,2018,20,2484.0880503144654,7.8176608894116395,0,NoWC,0,NoSA,manufacturing,4,good,159,0.327,0.17,3,less250
22838,1999,1,974.0817819148937,6.8814952651226955,0,NoWC,0,NoSA,manufacturing,3,satisfactory,188,0.011,0.42,3,less250
22838,2000,2,842.9839743589744,6.736947947570831,0,NoWC,0,NoSA,manufacturing,3,satisfactory,195,0.067,0.456,3,less250
22838,2001,3,531.7823660714286,6.2762343193111025,0,NoWC,0,NoSA,manufacturing,3,satisfactory,224,0.013,0.339,3,less250
22838,2004,6,950.6666666666666,6.857163492866077,0,NoWC,0,NoSA,manufacturing,3,satisfactory,33,0.182,0.485,1,less50
22838,2005,7,950.6666666666666,6.857163492866077,0,NoWC,0,NoSA,manufacturing,4,good,33,0.091,0.212,1,less50
22838,2006,8,1197.8484848484848,7.08828229726167,0,NoWC,0,NoSA,manufacturing,3,satisfactory,33,0.152,0.485,1,less50
22838,2008,10,1990.090909090909,7.595935599635359,0,NoWC,0,NoSA,manufacturing,4,good,33,0.121,0.364,1,less50
22838,2009,11,2186.5454545454545,7.6900781593610885,0,NoWC,0,NoSA,manufacturing,4,good,33,0.061,0.364,1,less50
22838,2010,12,2633.96875,7.876247018147806,0,NoWC,0,NoSA,manufacturing,4,good,32,0.062,0.375,1,less50
22838,2011,13,3137.233333333333,8.051096586468006,0,NoWC,0,NoSA,manufacturing,4,good,30,0.033,0.467,1,less50
22838,2012,14,3450.9333333333334,8.14640000483935,0,NoWC,0,NoSA,manufacturing,3,satisfactory,30,0.067,0.367,1,less50
22838,2013,15,4167.782608695652,8.335139424850235,0,NoWC,0,NoSA,manufacturing,3,satisfactory,23,0.087,0.348,1,less50
22838,2014,16,5819.782608695652,8.669018187570071,0,NoWC,0,NoSA,manufacturing,3,satisfactory,23,0.13,0.435,1,less50
22838,2016,18,6166.275862068966,8.726850346671561,0,NoWC,0,NoSA,manufacturing,3,satisfactory,29,0.103,0.345,1,less50
22870,2011,13,1206.3181818181818,7.09532817484288,1,WC,0,NoSA,manufacturing,4,good,22,0.045,0.045,1,less50
22870,2019,21,1447.5454545454545,7.277624611058055,1,WC,0,NoSA,manufacturing,4,good,22,0.045,0.045,1,less50
22870,2020,22,2628.5714285714284,7.874195794541763,1,WC,0,NoSA,manufacturing,4,good,21,0.048,0.048,1,less50
22876,1998,0,1191.3764457295374,7.0828645947536755,1,WC,1,SA,construction,4,good,562,0.192,0.475,4,more250
22876,1999,1,1194.4014794168097,7.085400484851817,1,WC,1,SA,construction,3,satisfactory,583,0.182,0.379,4,more250
22876,2000,2,1144.097349177331,7.042371263754062,1,WC,1,SA,construction,3,satisfactory,547,0.212,0.356,4,more250
22876,2001,3,1201.6313095238095,7.091435337198209,1,WC,1,SA,construction,2,sufficient,525,0.24,0.52,4,more250
22876,2002,4,1054.6139359698682,6.9609300414693935,1,WC,1,SA,construction,4,good,531,0.237,0.557,4,more250
22876,2003,5,902.8864541832669,6.805596802635014,1,WC,0,NoSA,construction,4,good,502,0.257,0.554,4,more250
22887,2013,15,537.8151260504202,6.28751486923028,0,NoWC,0,NoSA,transcom,4,good,595,0.03,0.555,4,more250
22887,2015,17,1997.0196078431372,7.599411152017155,0,NoWC,1,SA,transcom,4,good,510,0.045,0.524,4,more250
22887,2017,19,1636.7572463768115,7.400472274607451,0,NoWC,1,SA,transcom,4,good,552,0.053,0.525,4,more250
22887,2018,20,1451.0704697986578,7.280056818071977,0,NoWC,1,SA,transcom,4,good,596,0.039,0.545,4,more250
22894,2001,3,1609.3276466836735,7.38357175999937,0,NoWC,0,NoSA,construction,4,good,392,0.013,0.852,4,more250
22894,2002,4,1493.3333333333333,7.308766036740921,0,NoWC,0,NoSA,construction,3,satisfactory,375,0.176,0.923,4,more250
22894,2003,5,1159.2046035805627,7.055489362341377,0,NoWC,0,NoSA,construction,3,satisfactory,391,0.056,0.962,4,more250
22894,2004,6,1308.9005235602094,7.176942768797754,0,NoWC,0,NoSA,construction,3,satisfactory,382,0.021,0.885,4,more250
22911,1998,0,935.42449951171875,6.841000436430213,0,NoWC,0,NoSA,health,4,good,64,0.578,0.234,2,less100
22911,2000,2,1984.58740234375,7.593166313754537,0,NoWC,0,NoSA,health,4,good,64,0.234,0.141,2,less100
22911,2001,3,2530,7.835974581721566,0,NoWC,0,NoSA,health,4,good,52,0.346,0.096,2,less100
22911,2002,4,2094.980769230769,7.64729965294932,0,NoWC,0,NoSA,health,4,good,52,0.288,0.077,2,less100
22944,2001,3,1377.7921401515152,7.228237598506095,1,WC,0,NoSA,buservices,3,satisfactory,33,0.212,0.879,1,less50
22944,2003,5,730.2380952380952,6.593370638824929,1,WC,0,NoSA,buservices,2,sufficient,42,0.262,0.762,1,less50
22944,2004,6,975.45,6.88289890298327,1,WC,0,NoSA,buservices,2,sufficient,40,0.275,0.725,1,less50
22944,2006,8,863.1463414634146,6.760584249666325,1,WC,0,NoSA,buservices,3,satisfactory,41,0.22,0.878,1,less50
22944,2007,9,1080.6363636363637,6.985305372182254,1,WC,0,NoSA,buservices,4,good,44,0.205,0.864,1,less50
22944,2008,10,1313.342105263158,7.180330392735948,1,WC,0,NoSA,buservices,4,good,38,0.342,0.895,1,less50
22944,2009,11,1217.2439024390244,7.104344485758027,1,WC,0,NoSA,buservices,4,good,41,0.317,0.707,1,less50
22951,2019,21,1373.3333333333333,7.2249961536754626,1,WC,0,NoSA,transcom,4,good,21,0.143,0.714,1,less50
22951,2020,22,3218.714285714286,8.076737268650072,1,WC,0,NoSA,resthotels,2,sufficient,21,0.286,0.81,1,less50
22951,2021,23,2929.05,7.982433417354616,1,WC,0,NoSA,resthotels,3,satisfactory,20,0.2,0.55,1,less50
22962,2003,5,4101.788461538462,8.31917836771175,0,NoWC,0,NoSA,buservices,3,satisfactory,52,0.231,0.385,2,less100
22962,2004,6,7933.111111111111,8.978800559394653,0,NoWC,0,NoSA,buservices,3,satisfactory,54,0.296,0.389,2,less100
22962,2005,7,8591.846153846154,9.058568910844173,0,NoWC,0,NoSA,buservices,4,good,52,0.288,0.385,2,less100
22962,2006,8,5571.392156862745,8.625400240087398,0,NoWC,0,NoSA,buservices,4,good,51,0.373,0.392,2,less100
22981,2018,20,1459.55,7.2858834480150065,1,WC,0,NoSA,manufacturing,5,very good,40,0.2,0.4,1,less50
22981,2020,22,2228.5666666666666,7.709113907427896,1,WC,0,NoSA,manufacturing,4,good,30,0.167,0.5,1,less50
22981,2021,23,2221.5714285714284,7.705970075166024,1,WC,0,NoSA,manufacturing,4,good,28,0.143,0.5,1,less50
22995,2012,14,2378.269230769231,7.774128288154675,1,WC,0,NoSA,construction,5,very good,26,0.154,0.154,1,less50
22995,2013,15,2499.8518518518517,7.823986749841134,1,WC,0,NoSA,construction,2,sufficient,27,0.111,0.185,1,less50
22995,2014,16,2635.5185185185187,7.876835222838027,1,WC,0,NoSA,construction,2,sufficient,27,0.148,0.259,1,less50
22995,2016,18,2512.4814814814813,7.829026181785534,1,WC,0,NoSA,construction,2,sufficient,27,0.037,0.185,1,less50
22995,2018,20,2920.4615384615386,7.97949694388895,1,WC,0,NoSA,construction,3,satisfactory,26,0.423,0.154,1,less50
22995,2020,22,4844.227272727273,8.48554302197187,1,WC,0,NoSA,construction,5,very good,22,0.636,0.136,1,less50
22995,2021,23,3369.5714285714284,8.122540842728561,1,WC,0,NoSA,mining,5,very good,21,0.667,0.143,1,less50
23051,2004,6,1647.8974358974358,7.40725547303358,1,WC,0,NoSA,buservices,3,satisfactory,39,0.026,0.051,1,less50
23051,2006,8,1609.5813953488373,7.383729421282976,1,WC,0,NoSA,buservices,2,sufficient,43,0.023,0.047,1,less50
23051,2007,9,2348.275,7.761436295043867,1,WC,0,NoSA,buservices,2,sufficient,40,0.1,0.05,1,less50
23051,2008,10,4542.891891891892,8.421319068842292,1,WC,0,NoSA,buservices,2,sufficient,37,0.108,0.081,1,less50
23051,2009,11,3794.0232558139537,8.241182280105576,1,WC,0,NoSA,buservices,1,unsatisfactory,43,0.093,0.07,1,less50
23068,2007,9,305.95454545454544,5.7234365466523975,1,WC,0,NoSA,manufacturing,3,satisfactory,22,0.045,0.727,1,less50
23068,2008,10,419.40909090909093,6.03884679422024,1,WC,0,NoSA,manufacturing,3,satisfactory,22,0.045,0.727,1,less50
23068,2018,20,4008.269230769231,8.29611481385429,1,WC,0,NoSA,manufacturing,3,satisfactory,26,0.038,0.692,1,less50
23068,2019,21,3244.4814814814813,8.08471082638011,1,WC,0,NoSA,manufacturing,3,satisfactory,27,0.037,0.741,1,less50
23093,1998,0,685.5145786830357,6.53016976600166,0,NoWC,0,NoSA,health,4,good,28,0.857,0.571,1,less50
23093,1999,1,509.1409280711207,6.232724850666774,0,NoWC,0,NoSA,health,3,satisfactory,29,0.759,0.379,1,less50
23093,2000,2,662.5359825721154,6.496074869701863,0,NoWC,0,NoSA,health,4,good,26,0.808,0.038,1,less50
23093,2001,3,562.4758649553571,6.332348226412023,0,NoWC,0,NoSA,health,5,very good,28,0.929,0.25,1,less50
23093,2002,4,456.3333333333333,6.12322353662034,0,NoWC,0,NoSA,health,5,very good,27,0.704,0.185,1,less50
23093,2004,6,378.17857142857144,5.93536649525525,0,NoWC,0,NoSA,health,3,satisfactory,28,0.75,0.286,1,less50
23097,2006,8,2472.361809045226,7.812929170749952,0,NoWC,0,NoSA,manufacturing,4,good,199,0.025,0.317,3,less250
23097,2007,9,1903.112676056338,7.551246075241873,0,NoWC,0,NoSA,manufacturing,4,good,213,0.023,0.296,3,less250
23097,2008,10,1706.9360730593608,7.442455272215825,0,NoWC,0,NoSA,manufacturing,4,good,219,0.037,0.219,3,less250
23121,2007,9,1893.8163265306123,7.546349292554911,1,WC,0,NoSA,manufacturing,5,very good,49,0.551,0.041,1,less50
23121,2008,10,1750.8867924528302,7.467877677113416,1,WC,0,NoSA,manufacturing,5,very good,53,0.208,0.057,2,less100
23121,2010,12,2209.4523809523807,7.700499972382169,1,WC,0,NoSA,manufacturing,4,good,42,0.476,0.071,1,less50
23121,2011,13,2974.25641025641,7.997749340605691,1,WC,0,NoSA,manufacturing,5,very good,39,0.59,0.077,1,less50
23121,2012,14,2379.4102564102564,7.774607944535891,1,WC,0,NoSA,manufacturing,5,very good,39,0.897,0.077,1,less50
23121,2013,15,2257.2162162162163,7.721887570286889,1,WC,0,NoSA,manufacturing,4,good,37,0.946,0.081,1,less50
23121,2014,16,3395,8.130059039992796,1,WC,0,NoSA,manufacturing,5,very good,41,0.805,0.073,1,less50
23121,2015,17,2158.0697674418607,7.676969474971975,1,WC,0,NoSA,manufacturing,5,very good,43,0.767,0.07,1,less50
23121,2016,18,1613.8478260869565,7.386376560671743,1,WC,0,NoSA,manufacturing,4,good,46,0.848,0.065,1,less50
23121,2018,20,2930.4210526315787,7.9829013956565085,1,WC,0,NoSA,manufacturing,5,very good,57,0.474,0.035,2,less100
23121,2019,21,3741.8064516129034,8.22732378225019,1,WC,0,NoSA,manufacturing,5,very good,62,0.468,0.032,2,less100
23121,2020,22,2544.4193548387098,7.8416577516137576,1,WC,0,NoSA,manufacturing,1,unsatisfactory,62,0.629,0.048,2,less100
23121,2021,23,2347.46875,7.761092898959733,1,WC,0,NoSA,mining,1,unsatisfactory,64,0.719,0.047,2,less100
23140,1998,0,1290.500679347826,7.162785545580712,1,WC,0,NoSA,construction,4,good,23,0.174,0.739,1,less50
23140,1999,1,1679.7049932065217,7.426373457696113,1,WC,0,NoSA,construction,2,sufficient,23,0.13,0.565,1,less50
23140,2000,2,2602.475632440476,7.864218437310026,1,WC,0,NoSA,construction,2,sufficient,21,0.333,0.714,1,less50
23143,2006,8,617.7,6.426002902701853,1,WC,0,NoSA,buservices,4,good,70,0.029,0.471,2,less100
23143,2007,9,1068.1830985915492,6.973714445454666,1,WC,0,NoSA,buservices,5,very good,71,0.014,0.479,2,less100
23143,2008,10,1130.051282051282,7.030018293022906,1,WC,0,NoSA,buservices,2,sufficient,78,0.038,0.436,2,less100
23189,2006,8,2877.1929824561403,7.964570438971785,1,WC,0,NoSA,health,3,satisfactory,171,0.152,0.322,3,less250
23189,2007,9,2398.597633136095,7.782639526028225,1,WC,0,NoSA,health,4,good,169,0.178,0.32,3,less250
23189,2009,11,1619.718309859155,7.3900075303040715,0,NoWC,0,NoSA,health,3,satisfactory,213,0.122,0.282,3,less250
23193,2018,20,2196.917383820998,7.694810467590621,0,NoWC,0,NoSA,transcom,5,very good,581,0.281,0.559,4,more250
23193,2019,21,2031.7173913043478,7.616636719943474,0,NoWC,0,NoSA,transcom,4,good,598,0.263,0.58,4,more250
23193,2020,22,2278.0820770519263,7.731089173670574,0,NoWC,0,NoSA,wholesretail,4,good,597,0.245,0.595,4,more250
23204,2011,13,1818.867924528302,7.505969567046515,0,NoWC,0,NoSA,buservices,4,good,159,0.101,0.541,3,less250
23204,2012,14,2189.4039735099336,7.691384627554137,0,NoWC,0,NoSA,buservices,4,good,151,0.093,0.563,3,less250
23204,2014,16,1847.953216374269,7.52183393606639,0,NoWC,0,NoSA,buservices,4,good,171,0.111,0.532,3,less250
23204,2015,17,4226.762195121952,8.349191540437246,0,NoWC,0,NoSA,buservices,5,very good,164,0.177,0.561,3,less250
23204,2017,19,4132.547368421053,8.326649292042324,0,NoWC,0,NoSA,buservices,4,good,190,0.142,0.532,3,less250
23204,2018,20,4360.2565445026175,8.380286175094298,0,NoWC,0,NoSA,buservices,4,good,191,0.099,0.555,3,less250
23204,2019,21,4835.5368421052635,8.483747434217076,0,NoWC,0,NoSA,buservices,2,sufficient,190,0.147,0.647,3,less250
23204,2020,22,4988.886597938144,8.514968037183404,0,NoWC,0,NoSA,buservices,2,sufficient,194,0.196,0.577,3,less250
23204,2021,23,3005.3367346938776,8.008144898825666,0,NoWC,0,NoSA,buservices,3,satisfactory,196,0.204,0.577,3,less250
23219,2014,16,2648.4,7.881710963050691,0,NoWC,0,NoSA,buservices,4,good,20,0.2,0.95,1,less50
23219,2017,19,1891.7,7.545231174671618,1,WC,0,NoSA,buservices,4,good,20,0.15,0.95,1,less50
23219,2018,20,3084.304347826087,8.034081415879598,0,NoWC,0,NoSA,buservices,5,very good,23,0.174,0.957,1,less50
23229,2015,17,2009.6153846153845,7.605698631805575,0,NoWC,0,NoSA,construction,3,satisfactory,39,0.359,0.872,1,less50
23229,2016,18,2563.6,7.849167799630072,0,NoWC,0,NoSA,construction,4,good,35,0.629,0.914,1,less50
23229,2018,20,5961.617647058823,8.693097140524134,0,NoWC,0,NoSA,construction,4,good,34,0.912,0.941,1,less50
23229,2019,21,6226.558823529412,8.73657910340308,0,NoWC,0,NoSA,construction,4,good,34,0.853,0.882,1,less50
23229,2020,22,3828.675,8.250274069316536,0,NoWC,0,NoSA,manufacturing,4,good,40,0.55,0.9,1,less50
23309,2015,17,4420.803921568628,8.394076841240924,1,WC,0,NoSA,health,5,very good,51,0.392,0.039,2,less100
23309,2016,18,2319.5576923076924,7.749131796616986,1,WC,0,NoSA,health,4,good,52,0.288,0,2,less100
23309,2017,19,2141.1346153846152,7.669091161617623,1,WC,0,NoSA,health,5,very good,52,0.308,0.019,2,less100
23309,2018,20,1998.3846153846155,7.600094440875214,1,WC,0,NoSA,health,5,very good,52,0.327,0.058,2,less100
23331,2001,3,843.390959224599,6.7374306218153555,0,NoWC,0,NoSA,public,3,satisfactory,748,0.239,0.746,4,more250
23331,2002,4,745.6724367509987,6.614286410947197,0,NoWC,0,NoSA,public,3,satisfactory,751,0.252,0.648,4,more250
23331,2003,5,664.5879765395895,6.499167264483281,0,NoWC,0,NoSA,public,1,unsatisfactory,682,0.268,0.594,4,more250
23331,2006,8,723.5294117647059,6.584141197304293,0,NoWC,0,NoSA,public,3,satisfactory,680,0.19,0.747,4,more250
23335,2015,17,885.0546875,6.785649436884083,0,NoWC,0,NoSA,transcom,5,very good,256,0.359,0.73,4,more250
23335,2016,18,1219.7695473251028,7.106417224249113,0,NoWC,0,NoSA,transcom,3,satisfactory,243,0.42,0.733,3,less250
23335,2017,19,1116.444866920152,7.01790468978345,0,NoWC,0,NoSA,transcom,3,satisfactory,263,0.407,0.681,4,more250
23356,2006,8,2313.12,7.746352541560133,0,NoWC,0,NoSA,construction,3,satisfactory,25,0.08,0.12,1,less50
23356,2007,9,1624.68,7.39306615229502,0,NoWC,0,NoSA,construction,4,good,25,0.08,0.12,1,less50
23356,2008,10,1866.04,7.531573817404761,0,NoWC,0,NoSA,construction,4,good,25,0.04,0.04,1,less50
23356,2009,11,1005.6666666666666,6.913405950490952,0,NoWC,0,NoSA,construction,4,good,24,0.042,0.125,1,less50
23358,2004,6,869.3030303030303,6.767691775990631,1,WC,0,NoSA,transcom,3,satisfactory,66,0.03,0.591,2,less100
23358,2005,7,1159.079365079365,7.055381318199234,1,WC,0,NoSA,transcom,3,satisfactory,63,0.016,0.635,2,less100
23358,2007,9,1840.8823529411766,7.518000275302586,1,WC,0,NoSA,transcom,4,good,51,0.137,0.529,2,less100
23358,2008,10,1869.8301886792453,7.533602897532401,1,WC,0,NoSA,transcom,3,satisfactory,53,0.17,0.623,2,less100
23358,2010,12,1380.6617647058824,7.230318202850805,0,NoWC,0,NoSA,transcom,3,satisfactory,68,0.191,0.515,2,less100
23358,2011,13,1268.7162162162163,7.145760814822742,0,NoWC,0,NoSA,transcom,4,good,74,0.027,0.541,2,less100
23358,2013,15,1030.2962962962963,6.937601706162746,0,NoWC,0,NoSA,transcom,3,satisfactory,81,0.086,0.469,2,less100
23358,2015,17,802.4358974358975,6.687651973229156,1,WC,0,NoSA,transcom,3,satisfactory,78,0.103,0.59,2,less100
23358,2016,18,807.2142857142857,6.693589166744892,1,WC,0,NoSA,transcom,3,satisfactory,84,0.143,0.583,2,less100
23358,2017,19,959.2413793103449,6.866142742180601,0,NoWC,0,NoSA,transcom,3,satisfactory,87,0.103,0.586,2,less100
23358,2018,20,974.3846153846154,6.881806108022095,0,NoWC,0,NoSA,transcom,3,satisfactory,91,0.088,0.604,2,less100
23358,2019,21,1032.3020833333333,6.939546619616688,1,WC,0,NoSA,transcom,4,good,96,0.062,0.615,2,less100
23368,1998,0,2367.0920138888887,7.769417482391246,0,NoWC,0,NoSA,public,2,sufficient,432,0.28,0.25,4,more250
23368,1999,1,2206.0816941624366,7.6989732318396475,0,NoWC,0,NoSA,public,4,good,394,0.297,0.254,4,more250
23368,2000,2,1522.6794403892943,7.328226851679808,0,NoWC,0,NoSA,public,2,sufficient,411,0.292,0.314,4,more250
23368,2001,3,1450.244683908046,7.279487568701149,0,NoWC,0,NoSA,public,3,satisfactory,435,0.271,0.306,4,more250
23368,2002,4,1308.411214953271,7.176568867129535,0,NoWC,0,NoSA,public,3,satisfactory,428,0.285,0.299,4,more250
23368,2004,6,1037.344398340249,6.944419263353728,0,NoWC,0,NoSA,public,1,unsatisfactory,482,0.268,0.276,4,more250
23368,2005,7,1143.6518847006653,7.041981829041814,0,NoWC,0,NoSA,public,1,unsatisfactory,451,0.37,0.279,4,more250
23368,2006,8,1078.9473684210527,6.983741185960059,0,NoWC,0,NoSA,public,3,satisfactory,456,0.368,0.276,4,more250
23384,1998,0,427.7633272058824,6.058570068817357,1,WC,1,SA,mining,4,good,68,0.044,0.029,2,less100
23384,2001,3,495.40249399038464,6.205370551338882,1,WC,1,SA,mining,4,good,52,0.019,0.077,2,less100
23384,2002,4,755.530612244898,6.627420300077748,1,WC,1,SA,mining,4,good,49,0.02,0.082,1,less50
23389,1998,0,2274.8217037671234,7.729656956343312,1,WC,0,NoSA,manufacturing,3,satisfactory,146,0.808,0.527,3,less250
23389,1999,1,3139.4351929530203,8.051798187867151,1,WC,0,NoSA,manufacturing,3,satisfactory,149,0.906,0.55,3,less250
23389,2000,2,2254.3033588435374,7.720596272430825,1,WC,0,NoSA,manufacturing,3,satisfactory,147,0.966,0.571,3,less250
23396,2009,11,4169.142857142857,8.3354657438187445,0,NoWC,1,SA,manufacturing,4,good,70,0.8,0.114,2,less100
23396,2010,12,3607.4444444444443,8.190754890514045,0,NoWC,1,SA,manufacturing,4,good,72,0.958,0.139,2,less100
23396,2011,13,3805.2631578947367,8.244140428980415,0,NoWC,1,SA,manufacturing,4,good,76,0.934,0.211,2,less100
23402,2006,8,441.8698412698413,6.0910153619458365,0,NoWC,0,NoSA,buservices,3,satisfactory,315,0.035,0.543,4,more250
23402,2007,9,625.568253968254,6.438660443007878,0,NoWC,0,NoSA,buservices,3,satisfactory,315,0.035,0.517,4,more250
23402,2008,10,693.1022727272727,6.541177567994126,0,NoWC,0,NoSA,buservices,3,satisfactory,264,0.038,0.511,4,more250
23402,2009,11,791.8607594936709,6.674385567638149,0,NoWC,0,NoSA,buservices,3,satisfactory,237,0.046,0.502,3,less250
23402,2010,12,1374.2645502645503,7.2256739944704576,0,NoWC,0,NoSA,buservices,4,good,189,0.058,0.497,3,less250
23402,2011,13,2235.7113402061855,7.712314729432457,1,WC,0,NoSA,buservices,4,good,97,0.124,0.711,2,less100
23402,2012,14,8063.414634146341,8.995092397664752,1,WC,0,NoSA,buservices,3,satisfactory,41,0.366,0.537,1,less50
23413,2001,3,381.9225657393293,5.9452178805699685,1,WC,0,NoSA,manufacturing,4,good,82,0.024,0.134,2,less100
23413,2002,4,425.3611111111111,6.052938481359098,1,WC,0,NoSA,manufacturing,2,sufficient,72,0.056,0.069,2,less100
23413,2003,5,3683.8548387096776,8.211714993425604,1,WC,0,NoSA,manufacturing,4,good,62,0.048,0.065,2,less100
23446,2012,14,2483.9126984126983,7.817590296869203,1,WC,0,NoSA,health,1,unsatisfactory,126,0.032,0.095,3,less250
23446,2013,15,1832.1439393939395,7.513242111685828,1,WC,0,NoSA,health,3,satisfactory,132,0.03,0.091,3,less250
23446,2014,16,2126.2580645161293,7.662118936538213,1,WC,0,NoSA,health,4,good,124,0.032,0.056,3,less250
23446,2015,17,2985.318181818182,8.001461613719941,1,WC,0,NoSA,health,4,good,88,0.034,0.08,2,less100
23446,2016,18,3013.15625,8.010743396398368,1,WC,0,NoSA,health,4,good,96,0.146,0.135,2,less100
23446,2017,19,3443.6071428571427,8.14427478902289,1,WC,0,NoSA,health,3,satisfactory,84,0.202,0.095,2,less100
23446,2018,20,3436.564705882353,8.142227619391337,1,WC,0,NoSA,health,3,satisfactory,85,0.153,0.129,2,less100
23446,2019,21,3532.8,8.169846036642722,1,WC,0,NoSA,health,3,satisfactory,80,0.175,0.138,2,less100
23446,2021,23,4260.942028985507,8.357245548381666,1,WC,0,NoSA,health,4,good,69,0.087,0.116,2,less100
23477,1998,0,1954.0041015625,7.577635931660146,1,WC,0,NoSA,resthotels,4,good,20,0.15,0.1,1,less50
23477,1999,1,2036.27109375,7.618875518978622,1,WC,0,NoSA,resthotels,4,good,20,0.2,0.1,1,less50
23477,2000,2,940.8700284090909,6.8468050093328605,1,WC,0,NoSA,resthotels,3,satisfactory,22,0.227,0.136,1,less50
23478,2014,16,2996.7373737373737,8.005279433759696,0,NoWC,0,NoSA,finance,4,good,99,0.051,0.566,2,less100
23478,2015,17,2846.237623762376,7.953753269107582,0,NoWC,0,NoSA,finance,4,good,101,0.158,0.564,3,less250
23478,2016,18,2738.640776699029,7.9152170094020615,0,NoWC,0,NoSA,finance,3,satisfactory,103,0.136,0.534,3,less250
23489,1998,0,36.50421565594059,3.597427751342162,1,WC,0,NoSA,construction,2,sufficient,101,0.178,0.663,3,less250
23489,1999,1,15.312934027777779,2.728697832574445,1,WC,0,NoSA,construction,1,unsatisfactory,99,0.192,0.515,2,less100
23489,2000,2,15.992433185818829,2.7721156844887407,1,WC,0,NoSA,construction,5,very good,79,0.215,0.785,2,less100
23493,2008,10,3684.1176470588234,8.211786331463243,1,WC,0,NoSA,buservices,3,satisfactory,68,0.015,0.25,2,less100
23493,2014,16,2579.7708333333335,7.855455849681147,1,WC,1,SA,buservices,3,satisfactory,96,0.021,0.26,2,less100
23493,2015,17,2631.3894736842103,7.875267302651718,1,WC,1,SA,buservices,3,satisfactory,95,0.011,0.189,2,less100
23493,2016,18,2211.5754716981132,7.701460423652643,1,WC,1,SA,buservices,4,good,106,0.019,0.245,3,less250
23493,2017,19,2141.099099099099,7.669074573879595,1,WC,1,SA,buservices,2,sufficient,111,0.018,0.18,3,less250
23493,2018,20,1936.5409836065573,7.5686586624832755,1,WC,1,SA,buservices,3,satisfactory,122,0.016,0.131,3,less250
23493,2019,21,1615.6917808219177,7.387518491200413,1,WC,1,SA,buservices,3,satisfactory,146,0.014,0.171,3,less250
23493,2020,22,1028.6645161290323,6.9360166536459085,1,WC,0,NoSA,buservices,4,good,155,0.006,0.2,3,less250
23493,2021,23,751.0655737704918,6.621492963226002,1,WC,0,NoSA,buservices,3,satisfactory,183,0.005,0.202,3,less250
23547,2014,16,809.7317073170732,6.696702967264714,1,WC,0,NoSA,manufacturing,4,good,41,0.024,0.463,1,less50
23547,2016,18,592.828125,6.3849045171884145,1,WC,0,NoSA,manufacturing,4,good,64,0.016,0.312,2,less100
23547,2017,19,508.14285714285717,6.230762622893142,1,WC,0,NoSA,manufacturing,3,satisfactory,70,0.014,0.314,2,less100
23547,2018,20,567.7887323943662,6.34174939952067,1,WC,1,SA,manufacturing,4,good,71,0.014,0.296,2,less100
23577,2006,8,2203.6,7.6978476655985615,1,WC,0,NoSA,buservices,4,good,25,0.12,0.24,1,less50
23577,2007,9,2663.96,7.887569016532538,1,WC,0,NoSA,buservices,4,good,25,0.12,0.48,1,less50
23577,2009,11,3039.125,8.019324924022197,1,WC,0,NoSA,buservices,3,satisfactory,24,0.083,0.5,1,less50
23577,2010,12,2564.5,7.849518806829323,1,WC,0,NoSA,buservices,3,satisfactory,24,0.042,0.5,1,less50
23577,2011,13,2525.625,7.834243835832738,1,WC,0,NoSA,buservices,2,sufficient,24,0.042,0.375,1,less50
23594,2014,16,1556.6502463054187,7.350291513527262,0,NoWC,0,NoSA,buservices,4,good,203,0.02,0.537,3,less250
23594,2016,18,2449.0528846153848,7.803456651090341,0,NoWC,0,NoSA,buservices,4,good,208,0.024,0.572,3,less250
23594,2017,19,2204.1490384615386,7.69809678979306,0,NoWC,0,NoSA,buservices,5,very good,208,0.029,0.548,3,less250
23669,2015,17,2169.650485436893,7.682321366942941,0,NoWC,0,NoSA,health,4,good,103,0.456,0.039,3,less250
23669,2016,18,2308.3048780487807,7.744268715112365,0,NoWC,0,NoSA,health,3,satisfactory,82,0.341,0.073,2,less100
23669,2017,19,2824.5194805194806,7.946093533721346,0,NoWC,0,NoSA,health,4,good,77,0.701,0.078,2,less100
23685,2000,2,2752.461033950617,7.9202507118937655,0,NoWC,1,SA,manufacturing,2,sufficient,81,0.37,0.84,2,less100
23685,2002,4,3086.304347826087,8.034729650168524,0,NoWC,0,NoSA,manufacturing,1,unsatisfactory,92,0.239,0.663,2,less100
23685,2004,6,2258.134020618557,7.722294096632285,0,NoWC,0,NoSA,manufacturing,1,unsatisfactory,97,0.33,0.722,2,less100
23685,2005,7,2377.0204081632655,7.7736030530041385,0,NoWC,0,NoSA,manufacturing,3,satisfactory,98,0.306,0.633,2,less100
23691,2007,9,1025.1538461538462,6.93259797411819,0,NoWC,0,NoSA,manufacturing,5,very good,195,0.005,0.19,3,less250
23691,2008,10,1105,7.007600613951853,0,NoWC,0,NoSA,manufacturing,4,good,199,0.01,0.241,3,less250
23691,2009,11,1733.2774566473988,7.457769378832222,0,NoWC,0,NoSA,manufacturing,4,good,173,0.012,0.214,3,less250
23691,2010,12,1298.8135593220338,7.1692064800587305,0,NoWC,0,NoSA,manufacturing,3,satisfactory,177,0.011,0.209,3,less250
23691,2012,14,1450,7.27931883541462,0,NoWC,0,NoSA,manufacturing,4,good,228,0.009,0.206,3,less250
23704,2005,7,8455.524590163934,9.04257530437118,0,NoWC,0,NoSA,manufacturing,3,satisfactory,61,0.525,0.049,2,less100
23704,2007,9,1518.2134831460673,7.325289582551049,0,NoWC,0,NoSA,manufacturing,3,satisfactory,267,0.049,0.015,4,more250
23704,2008,10,1271.4931972789116,7.147947234693644,0,NoWC,0,NoSA,manufacturing,2,sufficient,294,0.102,0.027,4,more250
23704,2009,11,2142.8571428571427,7.669895331029034,0,NoWC,0,NoSA,manufacturing,2,sufficient,161,0.081,0.037,3,less250
23708,2005,7,721.3293650793651,6.581095850006834,1,WC,0,NoSA,public,3,satisfactory,252,0.873,0.222,4,more250
23708,2006,8,1100.8,7.003792467179079,1,WC,0,NoSA,public,2,sufficient,255,0.6,0.22,4,more250
23708,2008,10,810.1103896103896,6.697170521850353,1,WC,0,NoSA,public,3,satisfactory,308,0.503,0.247,4,more250
23708,2009,11,818.009900990099,6.706874440429372,1,WC,0,NoSA,public,5,very good,303,0.472,0.228,4,more250
23708,2010,12,871.5973154362416,6.7703275230246955,1,WC,0,NoSA,public,3,satisfactory,298,0.55,0.215,4,more250
23708,2011,13,990.4109589041096,6.898119966998465,1,WC,0,NoSA,public,3,satisfactory,292,0.647,0.212,4,more250
23709,2001,3,1378.1873372395833,7.228524390983339,1,WC,0,NoSA,manufacturing,4,good,48,0.083,0.792,1,less50
23709,2002,4,1437.6041666666667,7.27073323381425,1,WC,0,NoSA,manufacturing,3,satisfactory,48,0.083,0.792,1,less50
23709,2003,5,1118.625,7.019855531503023,1,WC,0,NoSA,manufacturing,5,very good,48,0.021,0.812,1,less50
23709,2004,6,1992.3260869565217,7.5970581230187895,1,WC,0,NoSA,manufacturing,3,satisfactory,46,0.022,0.826,1,less50
23709,2005,7,1902.7058823529412,7.551032300623508,0,NoWC,0,NoSA,manufacturing,4,good,51,0.02,0.804,2,less100
23710,2014,16,1339.676923076923,7.2001837616937525,0,NoWC,0,NoSA,manufacturing,4,good,130,0.354,0.162,3,less250
23710,2015,17,1172.234899328859,7.066667376102855,0,NoWC,0,NoSA,manufacturing,3,satisfactory,149,0.114,0.161,3,less250
23710,2016,18,1187.6845637583892,7.079760945944359,0,NoWC,0,NoSA,manufacturing,2,sufficient,149,0.262,0.161,3,less250
23765,2005,7,4775.805555555556,8.471317941420272,1,WC,0,NoSA,wholesretail,4,good,108,0.935,0.269,3,less250
23765,2007,9,3897.721153846154,8.268147341809925,1,WC,0,NoSA,wholesretail,4,good,104,0.865,0.26,3,less250
23765,2008,10,3629.3106796116504,8.19679801380269,1,WC,0,NoSA,wholesretail,4,good,103,0.699,0.272,3,less250
23813,2002,4,743.6918990703851,6.611626834911438,0,NoWC,1,SA,manufacturing,4,good,753,0.003,0.153,4,more250
23813,2003,5,651.2198275862069,6.478847261992323,1,WC,1,SA,manufacturing,4,good,696,0.003,0.122,4,more250
23813,2004,6,722.543352601156,6.582777421786659,0,NoWC,1,SA,manufacturing,4,good,692,0.004,0.191,4,more250
23813,2005,7,798.4318885448916,6.6826496647618905,0,NoWC,1,SA,manufacturing,4,good,646,0.005,0.135,4,more250
23813,2006,8,719.2982456140351,6.5782760778518945,0,NoWC,1,SA,manufacturing,4,good,684,0.004,0.094,4,more250
23813,2007,9,679,6.520621127558696,0,NoWC,1,SA,manufacturing,5,very good,597,0.005,0.132,4,more250
23813,2008,10,658.1320422535211,6.489405583311174,0,NoWC,1,SA,manufacturing,4,good,568,0.004,0.125,4,more250
23880,2005,7,869.9640718562874,6.768451914078986,0,NoWC,0,NoSA,manufacturing,4,good,167,0.12,0.156,3,less250
23880,2007,9,1367.0838323353294,7.220435160619263,0,NoWC,0,NoSA,manufacturing,4,good,167,0.15,0.156,3,less250
23880,2008,10,1379.6589595375722,7.229591616839534,0,NoWC,0,NoSA,manufacturing,4,good,173,0.185,0.15,3,less250
23880,2009,11,1448.0116279069769,7.277946603235916,0,NoWC,0,NoSA,manufacturing,4,good,172,0.163,0.163,3,less250
23880,2010,12,1491.0114942528735,7.307210023824811,0,NoWC,0,NoSA,manufacturing,4,good,174,0.132,0.161,3,less250
23880,2011,13,1538.5116279069769,7.338570752684122,0,NoWC,0,NoSA,manufacturing,5,very good,172,0.215,0.151,3,less250
23880,2012,14,1465.048128342246,7.289643373022297,0,NoWC,0,NoSA,manufacturing,4,good,187,0.241,0.139,3,less250
23880,2013,15,1521.2984293193717,7.327319479009056,0,NoWC,0,NoSA,manufacturing,4,good,191,0.236,0.141,3,less250
23880,2015,17,604.5097087378641,6.404417730699843,0,NoWC,0,NoSA,manufacturing,3,satisfactory,206,0.184,0.165,3,less250
23880,2016,18,648.5879629629629,6.474797635210354,0,NoWC,0,NoSA,manufacturing,4,good,216,0.167,0.144,3,less250
23880,2017,19,645.4880382775119,6.470006679173885,0,NoWC,0,NoSA,manufacturing,2,sufficient,209,0.215,0.091,3,less250
23880,2018,20,1684.2931937172775,7.429101285180488,0,NoWC,0,NoSA,manufacturing,3,satisfactory,191,0.246,0.136,3,less250
23880,2019,21,1749.0056179775281,7.466802687121807,0,NoWC,0,NoSA,manufacturing,2,sufficient,178,0.129,0.14,3,less250
23880,2020,22,1482.490476190476,7.3014787066964235,0,NoWC,0,NoSA,manufacturing,2,sufficient,210,0.229,0.124,3,less250
23880,2021,23,1073.5258620689656,6.97870370838306,0,NoWC,0,NoSA,manufacturing,2,sufficient,232,0.203,0.164,3,less250
23944,2019,21,1890.8350253807107,7.544773822854086,0,NoWC,0,NoSA,manufacturing,2,sufficient,394,0.036,0.51,4,more250
23944,2020,22,1938.0420792079208,7.56943350491258,0,NoWC,0,NoSA,manufacturing,2,sufficient,404,0.106,0.606,4,more250
23944,2021,23,1771.084745762712,7.479347488564963,0,NoWC,0,NoSA,manufacturing,3,satisfactory,413,0.073,0.62,4,more250
24015,1998,0,1497.0051339285715,7.311221813891751,0,NoWC,0,NoSA,transcom,1,unsatisfactory,560,0.055,0.718,4,more250
24015,1999,1,1617.901213592233,7.388885041114374,0,NoWC,0,NoSA,transcom,1,unsatisfactory,515,0.054,0.722,4,more250
24015,2000,2,1198.891283524904,7.089152478293404,0,NoWC,0,NoSA,transcom,1,unsatisfactory,522,0.052,0.728,4,more250
24038,2000,2,1396.439732142857,7.241681228093681,0,NoWC,0,NoSA,construction,4,good,161,0.006,0.043,3,less250
24038,2001,3,1533.6235894097222,7.3353885733357,0,NoWC,0,NoSA,construction,4,good,144,0.007,0.028,3,less250
24038,2002,4,1383.248322147651,7.2321898687991,0,NoWC,0,NoSA,construction,4,good,149,0.007,0.027,3,less250
24048,2005,7,4996.208333333333,8.516434570402735,0,NoWC,0,NoSA,edu,3,satisfactory,48,0.167,0.438,1,less50
24048,2007,9,4536.591836734694,8.419931312367016,0,NoWC,0,NoSA,edu,4,good,49,0.245,0.408,1,less50
24048,2008,10,3707.5882352941176,8.218136872864191,0,NoWC,0,NoSA,edu,4,good,51,0.196,0.451,2,less100
24048,2009,11,3873.98,8.262037681331002,0,NoWC,1,SA,edu,3,satisfactory,50,0.24,0.48,1,less50
24059,2015,17,1271.021377672209,7.147576090617014,0,NoWC,0,NoSA,public,3,satisfactory,421,0.501,0.344,4,more250
24059,2016,18,1308.4059196617336,7.17656482000567,0,NoWC,0,NoSA,public,1,unsatisfactory,473,0.501,0.478,4,more250
24059,2017,19,1238.1593090211131,7.121381127535208,0,NoWC,0,NoSA,public,1,unsatisfactory,521,0.449,0.351,4,more250
24059,2018,20,1135.0777096114518,7.034456394189791,0,NoWC,0,NoSA,public,1,unsatisfactory,489,0.532,0.346,4,more250
24059,2019,21,1708.8266978922716,7.443562272410371,0,NoWC,0,NoSA,public,4,good,427,0.616,0.403,4,more250
24080,2001,3,1554.030493951613,7.348607153612552,1,WC,0,NoSA,health,4,good,31,0.129,0.129,1,less50
24080,2002,4,1610.6129032258063,7.38437007076969,0,NoWC,0,NoSA,health,3,satisfactory,31,0.226,0.129,1,less50
24080,2005,7,2192.35,7.69272930685461,1,WC,0,NoSA,health,4,good,20,0.35,0.05,1,less50
24087,2003,5,2410.898936170213,7.787754959496794,0,NoWC,0,NoSA,manufacturing,3,satisfactory,188,0.011,0.25,3,less250
24087,2004,6,2631.5789473684213,7.875339305243843,0,NoWC,0,NoSA,manufacturing,3,satisfactory,190,0.016,0.353,3,less250
24087,2005,7,2631.566326530612,7.875334509313975,0,NoWC,0,NoSA,manufacturing,4,good,196,0.015,0.286,3,less250
24087,2006,8,2472.361809045226,7.812929170749952,0,NoWC,0,NoSA,manufacturing,4,good,199,0.015,0.246,3,less250
24087,2007,9,1754.8181818181818,7.470120530429504,1,WC,0,NoSA,manufacturing,4,good,231,0.009,0.229,3,less250
24087,2008,10,1611.2887931034484,7.384789630366016,0,NoWC,1,SA,manufacturing,4,good,232,0.009,0.22,3,less250
24100,2000,2,1732.8828125,7.457541666252042,1,WC,1,SA,health,4,good,116,0.129,0.94,3,less250
24100,2001,3,2020.5030924479167,7.611101815053321,1,WC,0,NoSA,health,2,sufficient,96,0.052,0.948,2,less100
24100,2002,4,2977.574468085106,7.99886431118878,1,WC,0,NoSA,health,4,good,94,0.138,0.851,2,less100
24100,2003,5,3071.7321428571427,8.029996897385669,1,WC,0,NoSA,health,2,sufficient,112,0.17,0.938,3,less250
24122,2006,8,874.6071428571429,6.773774805944262,0,NoWC,0,NoSA,manufacturing,3,satisfactory,224,0.344,0.071,3,less250
24122,2007,9,1403.688995215311,7.246859046668636,0,NoWC,0,NoSA,manufacturing,4,good,209,0.388,0.077,3,less250
24122,2008,10,1713.2247706422017,7.44613270433515,0,NoWC,0,NoSA,manufacturing,3,satisfactory,218,0.367,0.096,3,less250
24137,2017,19,3130.540425531915,8.048960928544542,0,NoWC,0,NoSA,finance,4,good,235,0.013,0.626,3,less250
24137,2018,20,2852.017316017316,7.955781853050578,0,NoWC,0,NoSA,finance,3,satisfactory,231,0.017,0.55,3,less250
24137,2019,21,3341.817391304348,8.114270067119207,0,NoWC,0,NoSA,finance,3,satisfactory,230,0.017,0.539,3,less250
24137,2020,22,2928.071111111111,7.982099161367952,0,NoWC,0,NoSA,resthotels,3,satisfactory,225,0.013,0.618,3,less250
24137,2021,23,3258.981735159817,8.089170074390994,0,NoWC,0,NoSA,resthotels,4,good,219,0.005,0.584,3,less250
24138,2000,2,8110.805098684211,9.000952414523125,1,WC,0,NoSA,health,3,satisfactory,76,0.039,0.487,2,less100
24138,2005,7,1115.7657657657658,7.017296233605172,1,WC,0,NoSA,health,4,good,111,0.045,0.324,3,less250
24138,2006,8,1100.9107142857142,7.003893038325951,1,WC,0,NoSA,health,3,satisfactory,112,0.027,0.321,3,less250
24138,2007,9,1865.2385321100917,7.531144223154245,1,WC,0,NoSA,health,3,satisfactory,109,0.046,0.33,3,less250
24138,2008,10,1344.1698113207547,7.2035318608107906,1,WC,0,NoSA,health,3,satisfactory,106,0.075,0.349,3,less250
24179,2016,18,1109.3163265306123,7.011499182503982,1,WC,0,NoSA,transcom,4,good,98,0.01,0.286,2,less100
24179,2017,19,3922.639175257732,8.274519965241664,1,WC,0,NoSA,transcom,4,good,97,0.01,0.206,2,less100
24179,2019,21,5721.747368421053,8.652029521712805,1,WC,0,NoSA,transcom,4,good,95,0.011,0.211,2,less100
24190,2017,19,242.8409090909091,5.492406533834987,1,WC,1,SA,health,5,very good,308,0.286,0.334,4,more250
24190,2018,20,220.4857142857143,5.39583290496819,0,NoWC,1,SA,health,4,good,315,0.308,0.238,4,more250
24190,2019,21,497.4817813765182,6.209558935579399,0,NoWC,1,SA,health,2,sufficient,247,0.385,0.385,3,less250
24190,2020,22,521.6823529411764,6.257058883389866,0,NoWC,0,NoSA,art,1,unsatisfactory,170,0.565,0.3,3,less250
24190,2021,23,565.6764705882352,6.338022308039205,0,NoWC,1,SA,art,3,satisfactory,170,0.529,0.271,3,less250
24194,2000,2,8011.249198717948,8.988601982798828,0,NoWC,0,NoSA,health,3,satisfactory,39,0.026,0.41,1,less50
24194,2001,3,3323.4162808641977,8.10874853311297,0,NoWC,0,NoSA,health,4,good,81,0.012,0.432,2,less100
24194,2002,4,2156.368932038835,7.67618103614616,0,NoWC,0,NoSA,health,4,good,103,0.01,0.417,3,less250
24194,2003,5,2106.843137254902,7.652945962648766,0,NoWC,0,NoSA,health,4,good,102,0.01,0.402,3,less250
24194,2004,6,4721.555555555556,8.459893591139364,0,NoWC,0,NoSA,health,3,satisfactory,45,0.133,0.556,1,less50
24218,2007,9,1002.6944444444445,6.910446099918584,1,WC,0,NoSA,buservices,2,sufficient,36,0.417,0.583,1,less50
24218,2008,10,1194.3823529411766,7.085384471284265,1,WC,0,NoSA,buservices,1,unsatisfactory,34,0.941,0.559,1,less50
24218,2009,11,1031.3428571428572,6.93861697688528,1,WC,0,NoSA,buservices,1,unsatisfactory,35,0.514,0.514,1,less50
24225,1998,0,838.2092413651316,6.731267760680887,1,WC,0,NoSA,construction,3,satisfactory,76,0.263,0.658,2,less100
24225,1999,1,1133.030039612676,7.032650774015171,1,WC,0,NoSA,construction,4,good,71,0.211,0.676,2,less100
24225,2000,2,893.5077574823944,6.795155016690942,1,WC,0,NoSA,construction,4,good,71,0.127,0.648,2,less100
24263,2005,7,2534.511111111111,7.837756041848785,1,WC,0,NoSA,manufacturing,3,satisfactory,45,0.044,0.578,1,less50
24263,2006,8,1590.679012345679,7.37191625584335,1,WC,0,NoSA,manufacturing,5,very good,81,0.037,0.531,2,less100
24263,2007,9,1373.5068493150684,7.225122492283046,1,WC,0,NoSA,manufacturing,4,good,73,0.041,0.575,2,less100
24270,2003,5,6316.272727272727,8.750884554822123,1,WC,0,NoSA,resthotels,2,sufficient,22,0.091,0.864,1,less50
24270,2005,7,2058.6296296296296,7.62979581208595,1,WC,0,NoSA,resthotels,4,good,27,0.037,0.704,1,less50
24270,2006,8,1812.125,7.502255468771062,1,WC,0,NoSA,resthotels,3,satisfactory,32,0.031,0.781,1,less50
24270,2010,12,1837.7719298245613,7.516309209157867,1,WC,0,NoSA,resthotels,4,good,57,0.035,0.877,2,less100
24289,2018,20,1695.6933333333334,7.43584698239231,1,WC,0,NoSA,transcom,2,sufficient,75,0.04,0.04,2,less100
24289,2019,21,2379.608108108108,7.7746910926487205,1,WC,0,NoSA,transcom,2,sufficient,74,0.054,0.027,2,less100
24289,2021,23,2017.7083333333333,7.609717657927251,1,WC,0,NoSA,wholesretail,2,sufficient,72,0.056,0.028,2,less100
24331,2009,11,443.68897637795277,6.09512381331164,1,WC,0,NoSA,buservices,5,very good,254,0.075,0.075,4,more250
24331,2011,13,683.6666666666666,6.527470469404271,1,WC,0,NoSA,buservices,4,good,261,0.015,0.057,4,more250
24331,2012,14,1330.7651821862348,7.193509380731905,1,WC,0,NoSA,buservices,3,satisfactory,247,0.045,0.065,3,less250
24331,2013,15,1327.8008298755187,7.191279341285254,1,WC,0,NoSA,buservices,4,good,241,0.054,0.075,3,less250
24337,1998,0,1217.6284632731958,7.104660363372627,1,WC,0,NoSA,buservices,3,satisfactory,97,0.01,0.052,2,less100
24337,1999,1,1403.0481636597938,7.246402408565117,1,WC,0,NoSA,buservices,2,sufficient,97,0.01,0.062,2,less100
24337,2006,8,4128.758620689655,8.325732064668827,1,WC,0,NoSA,buservices,2,sufficient,29,0.034,0.069,1,less50
24354,2015,17,1839.1904761904761,7.517080795200721,1,WC,0,NoSA,health,4,good,21,0.048,0.143,1,less50
24354,2016,18,1550.7727272727273,7.346508619410981,1,WC,0,NoSA,health,4,good,22,0.136,0.182,1,less50
24354,2017,19,1931.16,7.565876137618404,1,WC,0,NoSA,health,5,very good,25,0.12,0.16,1,less50
24354,2018,20,2059.88,7.630403007659704,1,WC,0,NoSA,health,4,good,25,0.16,0.16,1,less50
24354,2019,21,2102.8,7.651025068945293,1,WC,0,NoSA,health,4,good,25,0.28,0.2,1,less50
24359,2002,4,547.1,6.30463160106978,1,WC,0,NoSA,buservices,5,very good,20,0.15,0.75,1,less50
24359,2003,5,746.05,6.614792622086431,1,WC,0,NoSA,buservices,4,good,20,0.2,0.7,1,less50
24359,2004,6,1367.75,7.220922332943935,1,WC,0,NoSA,buservices,4,good,20,0.1,0.8,1,less50
24359,2006,8,795.75,6.679285066162202,1,WC,0,NoSA,buservices,4,good,20,0.2,0.8,1,less50
24359,2007,9,845.5,6.739928168338635,1,WC,0,NoSA,buservices,5,very good,20,0.25,0.75,1,less50
24359,2008,10,746.05,6.614792622086431,1,WC,0,NoSA,buservices,3,satisfactory,20,0.2,0.75,1,less50
24359,2009,11,770.9,6.647558663465216,1,WC,0,NoSA,transcom,4,good,20,0.1,0.75,1,less50
24359,2010,12,825.6,6.716110394727298,1,WC,0,NoSA,transcom,3,satisfactory,20,0.25,0.8,1,less50
24359,2013,15,1138.6666666666667,7.037613266240351,1,WC,0,NoSA,transcom,4,good,21,0.143,0.714,1,less50
24359,2014,16,1293.15,7.164836381324044,1,WC,0,NoSA,transcom,4,good,20,0.15,0.75,1,less50
24359,2015,17,1119.05,7.020235390066138,1,WC,0,NoSA,transcom,4,good,20,0.2,0.75,1,less50
24359,2016,18,1288.15,7.160962359510732,1,WC,0,NoSA,transcom,5,very good,20,0.2,0.75,1,less50
24359,2017,19,1407.65,7.249676926271517,1,WC,0,NoSA,transcom,4,good,20,0.25,0.75,1,less50
24359,2018,20,1492.05,7.307906292266533,1,WC,0,NoSA,transcom,4,good,20,0.25,0.7,1,less50
24359,2020,22,1840.2,7.517629540348261,1,WC,0,NoSA,resthotels,3,satisfactory,20,0.2,0.75,1,less50
24359,2021,23,1582.5,7.366761154018331,1,WC,0,NoSA,resthotels,4,good,22,0.136,0.727,1,less50
24383,2016,18,1457.0714285714287,7.284183829407706,0,NoWC,0,NoSA,health,2,sufficient,28,0.107,0.214,1,less50
24383,2017,19,1648.409090909091,7.407565914439197,0,NoWC,0,NoSA,health,4,good,22,0.136,0.364,1,less50
24383,2018,20,1442.3636363636363,7.2740384610635775,0,NoWC,0,NoSA,health,1,unsatisfactory,22,0.182,0.455,1,less50
24397,2000,2,3310.0526041666667,8.104719360742306,1,WC,0,NoSA,finance,4,good,30,0.167,0.933,1,less50
24397,2001,3,1871.3668926886792,7.534424401485514,1,WC,1,SA,finance,2,sufficient,53,0.132,0.906,2,less100
24397,2002,4,4004.44,8.295159024507525,1,WC,1,SA,finance,3,satisfactory,25,0.28,0.96,1,less50
24408,2012,14,4783.322580645161,8.472890684568384,0,NoWC,0,NoSA,manufacturing,3,satisfactory,31,0.065,0.097,1,less50
24408,2013,15,4264.885714285714,8.358170663385211,0,NoWC,0,NoSA,manufacturing,3,satisfactory,35,0.057,0.057,1,less50
24408,2014,16,6066.8387096774195,8.710592942732712,0,NoWC,0,NoSA,manufacturing,3,satisfactory,31,0.161,0.065,1,less50
24408,2015,17,5984.233333333334,8.696883511763986,0,NoWC,0,NoSA,manufacturing,4,good,30,0.167,0.067,1,less50
24408,2016,18,4356.7692307692305,8.379486059548162,0,NoWC,0,NoSA,manufacturing,4,good,39,0.333,0.026,1,less50
24408,2017,19,3958.717391304348,8.28367536069972,0,NoWC,0,NoSA,manufacturing,4,good,46,0.304,0.022,1,less50
24408,2018,20,4301.938775510204,8.366821078092329,0,NoWC,0,NoSA,manufacturing,4,good,49,0.367,0.02,1,less50
24408,2019,21,3587.483870967742,8.185206364160276,0,NoWC,0,NoSA,manufacturing,3,satisfactory,62,0.194,0.032,2,less100
24408,2020,22,3200.239436619718,8.070980909932308,0,NoWC,0,NoSA,manufacturing,4,good,71,0.254,0.028,2,less100
24408,2021,23,2291.105882352941,7.73678989803894,0,NoWC,0,NoSA,manufacturing,1,unsatisfactory,85,0.212,0.024,2,less100
24418,2011,13,1805.1904761904761,7.498421392174735,1,WC,0,NoSA,manufacturing,4,good,21,0.905,0.286,1,less50
24418,2015,17,1430.4642857142858,7.265754345883001,1,WC,0,NoSA,manufacturing,4,good,28,0.786,0.286,1,less50
24418,2016,18,1653.142857142857,7.410433517040713,1,WC,0,NoSA,manufacturing,5,very good,28,0.714,0.286,1,less50
24418,2018,20,1667.344827586207,7.418987716539899,1,WC,0,NoSA,manufacturing,3,satisfactory,29,0.931,0.276,1,less50
24418,2020,22,1491.060606060606,7.3072429618666055,1,WC,0,NoSA,manufacturing,4,good,33,0.545,0.303,1,less50
24428,2019,21,2108.7806691449814,7.653865177510189,1,WC,0,NoSA,public,3,satisfactory,269,0.781,0.807,4,more250
24428,2020,22,2144.2365591397847,7.6705388515238635,1,WC,0,NoSA,public,2,sufficient,279,0.663,0.835,4,more250
24428,2021,23,2224.6263736263736,7.707344258534194,1,WC,0,NoSA,public,2,sufficient,273,0.923,0.802,4,more250
24443,2012,14,1306.6764705882354,7.175242147089452,1,WC,0,NoSA,manufacturing,3,satisfactory,34,0.088,0.176,1,less50
24443,2013,15,1170.8235294117646,7.06546265148269,1,WC,0,NoSA,manufacturing,4,good,34,0.059,0.206,1,less50
24443,2014,16,1163.3529411764705,7.059061581265809,1,WC,0,NoSA,manufacturing,4,good,34,0.029,0.176,1,less50
24450,2016,18,3304.7297297297296,8.103109972763333,1,WC,0,NoSA,buservices,4,good,148,0.277,0.182,3,less250
24450,2017,19,2326.0774647887324,7.751938636388508,1,WC,0,NoSA,buservices,5,very good,284,0.106,0.345,4,more250
24450,2019,21,2582.162162162162,7.856382374299728,1,WC,0,NoSA,buservices,4,good,296,0.139,0.345,4,more250
24477,2013,15,2085.948275862069,7.642978839405774,1,WC,0,NoSA,health,4,good,58,0.345,0.017,2,less100
24477,2015,17,2739.3389830508477,7.915471923215628,1,WC,0,NoSA,health,3,satisfactory,59,0.831,0.102,2,less100
24477,2016,18,3105.0172413793102,8.040774547131328,1,WC,0,NoSA,health,4,good,58,0.672,0.19,2,less100
24477,2017,19,2916.4561403508774,7.978124507627289,1,WC,0,NoSA,health,4,good,57,0.684,0.211,2,less100
24477,2018,20,4030.018181818182,8.301526166547966,1,WC,0,NoSA,health,4,good,55,0.709,0.218,2,less100
24477,2019,21,4212.090909090909,8.345714456375866,1,WC,0,NoSA,health,4,good,55,0.818,0.218,2,less100
24477,2020,22,3805.490909090909,8.244200278817695,1,WC,0,NoSA,art,4,good,55,0.764,0.218,2,less100
24477,2021,23,4883.808510638298,8.493680626975946,1,WC,0,NoSA,art,4,good,47,0.745,0.128,1,less50
24482,2017,19,1714.576923076923,7.446921637083117,1,WC,0,NoSA,transcom,1,unsatisfactory,26,0.115,0.115,1,less50
24482,2018,20,1710.4193548387098,7.444493856178873,1,WC,0,NoSA,transcom,1,unsatisfactory,31,0.161,0.097,1,less50
24482,2019,21,1734.2068965517242,7.458305467726598,1,WC,0,NoSA,transcom,2,sufficient,29,0.034,0.103,1,less50
24482,2020,22,1969.625,7.58559844828221,1,WC,0,NoSA,wholesretail,1,unsatisfactory,24,0.208,0.083,1,less50
24511,1998,0,974.73004150390625,6.882160552150548,0,NoWC,1,SA,manufacturing,4,good,32,0.062,0.125,1,less50
24511,1999,1,1004.4146205357143,6.912160183664656,0,NoWC,0,NoSA,manufacturing,4,good,28,0.071,0.143,1,less50
24511,2000,2,1278.336181640625,7.153314653272062,0,NoWC,0,NoSA,manufacturing,3,satisfactory,24,0.083,0.125,1,less50
24511,2001,3,1470.0919596354167,7.293080235391252,0,NoWC,0,NoSA,manufacturing,5,very good,24,0.042,0.167,1,less50
24511,2003,5,1527.0384615384614,7.3310854925494064,0,NoWC,1,SA,manufacturing,3,satisfactory,26,0.038,0.154,1,less50
24511,2004,6,1053.642857142857,6.96000882646479,1,WC,0,NoSA,manufacturing,3,satisfactory,28,0.036,0.393,1,less50
24511,2005,7,1306.9166666666667,7.1754259523464246,0,NoWC,0,NoSA,manufacturing,3,satisfactory,24,0.042,0.167,1,less50
24511,2006,8,1547.875,7.344638301535262,0,NoWC,0,NoSA,manufacturing,3,satisfactory,24,0.042,0.167,1,less50
24511,2007,9,1085.4347826086957,6.98973590700556,0,NoWC,0,NoSA,manufacturing,4,good,23,0.174,0.217,1,less50
24511,2008,10,1338.1904761904761,7.199073589442863,1,WC,0,NoSA,manufacturing,4,good,21,0.19,0.19,1,less50
24511,2013,15,1504.4285714285713,7.316168418325284,1,WC,0,NoSA,construction,4,good,21,0.238,0.19,1,less50
24511,2015,17,1530.15,7.333121048796638,1,WC,0,NoSA,construction,4,good,20,0.2,0.2,1,less50
24511,2017,19,1745.15,7.464595790827575,1,WC,0,NoSA,construction,4,good,20,0.4,0.3,1,less50
24511,2018,20,1552.304347826087,7.3474957819214,1,WC,0,NoSA,construction,4,good,23,0.348,0.217,1,less50
24511,2019,21,1583.4583333333333,7.367366552612819,1,WC,0,NoSA,construction,4,good,24,0.208,0.25,1,less50
24511,2020,22,1625.125,7.393340014882333,1,WC,0,NoSA,construction,4,good,24,0.292,0.458,1,less50
24520,2019,21,2203.8888888888887,7.697978755612211,1,WC,0,NoSA,construction,4,good,36,0.472,0.278,1,less50
24520,2020,22,2709.9032258064517,7.9046682032016085,1,WC,0,NoSA,construction,4,good,31,0.29,0.806,1,less50
24520,2021,23,2709.9032258064517,7.9046682032016085,0,NoWC,0,NoSA,construction,4,good,31,0.516,0.71,1,less50
24537,2013,15,822.6221079691517,6.712496931157463,0,NoWC,0,NoSA,buservices,3,satisfactory,389,0.044,0.522,4,more250
24537,2014,16,975.3086419753087,6.88275397677672,0,NoWC,0,NoSA,buservices,4,good,324,0.102,0.531,4,more250
24537,2016,18,1473.551948051948,7.295431056426992,0,NoWC,0,NoSA,buservices,5,very good,154,0.175,0.545,3,less250
24537,2017,19,1531.5454545454545,7.334032605587834,0,NoWC,0,NoSA,buservices,4,good,176,0.17,0.608,3,less250
24537,2018,20,1504.0231213872833,7.315898877654439,0,NoWC,0,NoSA,buservices,4,good,173,0.168,0.613,3,less250
24537,2019,21,2082.397435897436,7.641275122358735,0,NoWC,0,NoSA,buservices,5,very good,78,0.269,0.692,2,less100
24537,2020,22,1857.2,7.5268252561457665,0,NoWC,0,NoSA,buservices,3,satisfactory,75,0.227,0.667,2,less100
24537,2021,23,2101.7246376811595,7.650513542703942,0,NoWC,0,NoSA,buservices,2,sufficient,69,0.246,0.638,2,less100
24551,2005,7,6877.16,8.835961055008182,0,NoWC,0,NoSA,wholesretail,4,good,75,0.2,0.36,2,less100
24551,2006,8,4793.202380952381,8.474954022543693,0,NoWC,0,NoSA,wholesretail,5,very good,84,0.179,0.464,2,less100
24551,2007,9,4136.357142857143,8.327570762280727,0,NoWC,0,NoSA,wholesretail,4,good,98,0.112,0.347,2,less100
24551,2008,10,3167.9576271186443,8.060842377566662,0,NoWC,0,NoSA,wholesretail,4,good,118,0.169,0.407,3,less250
24567,2008,10,1540.5714285714287,7.339908684096775,1,WC,1,SA,manufacturing,3,satisfactory,21,0.19,0.762,1,less50
24567,2009,11,1549.55,7.345719845180888,1,WC,1,SA,manufacturing,3,satisfactory,20,0.2,0.75,1,less50
24567,2011,13,2616.6,7.869631044076776,1,WC,1,SA,manufacturing,4,good,20,0.3,0.8,1,less50
24567,2012,14,2720.25,7.908479066831122,1,WC,1,SA,manufacturing,4,good,20,0.3,0.8,1,less50
24567,2014,16,2238.88,7.713731019807403,1,WC,1,SA,manufacturing,4,good,25,0.28,0.72,1,less50
24567,2015,17,2560.0416666666665,7.8477788133828215,1,WC,1,SA,manufacturing,4,good,24,0.333,0.75,1,less50
24567,2016,18,2646.2083333333335,7.880883076773231,1,WC,1,SA,manufacturing,4,good,24,0.083,0.625,1,less50
24567,2017,19,2629.68,7.8746174447652475,1,WC,1,SA,manufacturing,4,good,25,0.04,0.76,1,less50
24567,2018,20,2670.1111111111113,7.889875365176786,1,WC,1,SA,manufacturing,4,good,27,0.037,0.593,1,less50
24586,2003,5,1621.8695652173913,7.391334815422946,1,WC,0,NoSA,buservices,2,sufficient,46,0.109,0.326,1,less50
24586,2005,7,3732.904761904762,8.224941966107153,1,WC,0,NoSA,buservices,4,good,42,0.19,0.238,1,less50
24586,2006,8,3243.769230769231,8.084491275457466,1,WC,0,NoSA,buservices,4,good,39,0.205,0.462,1,less50
24639,2000,2,2724.615007267442,7.910082415379422,0,NoWC,0,NoSA,health,2,sufficient,86,0.035,0.465,2,less100
24639,2003,5,2482.3560606060605,7.81696341260935,0,NoWC,0,NoSA,health,2,sufficient,132,0.053,0.439,3,less250
24639,2006,8,3000.9083333333333,8.006670299600083,1,WC,0,NoSA,health,1,unsatisfactory,120,0.125,0.592,3,less250
24639,2008,10,3337.6696428571427,8.11302813073723,1,WC,0,NoSA,health,2,sufficient,112,0.045,0.571,3,less250
24641,2002,4,8293.047619047618,9.023172806512086,0,NoWC,1,SA,manufacturing,3,satisfactory,21,0.81,0.714,1,less50
24641,2003,5,8155.379310344828,9.006433026584697,0,NoWC,1,SA,manufacturing,4,good,29,0.655,0.621,1,less50
24641,2005,7,2091.150684931507,7.645469760405353,0,NoWC,1,SA,manufacturing,3,satisfactory,73,0.753,0.534,2,less100
24641,2006,8,1687.1443298969073,7.430792633063601,0,NoWC,1,SA,manufacturing,3,satisfactory,97,0.835,0.567,2,less100
24641,2007,9,1195.588785046729,7.086394050177372,0,NoWC,0,NoSA,manufacturing,3,satisfactory,107,0.776,0.514,3,less250
24671,2017,19,5281.742857142857,8.572011408813804,1,WC,0,NoSA,manufacturing,3,satisfactory,35,0.057,0.143,1,less50
24671,2018,20,4275.078947368421,8.360557848421028,1,WC,0,NoSA,manufacturing,4,good,38,0.053,0.184,1,less50
24671,2019,21,5335.085714285714,8.582060230014608,1,WC,0,NoSA,manufacturing,2,sufficient,35,0.029,0.257,1,less50
24671,2020,22,5575.888888888889,8.626207025571967,1,WC,0,NoSA,manufacturing,4,good,36,0.028,0.167,1,less50
24673,2005,7,2311.4285714285716,7.745621041557169,1,WC,0,NoSA,art,4,good,21,0.095,0.095,1,less50
24673,2008,10,2265.2,7.72541833423965,1,WC,0,NoSA,art,3,satisfactory,20,0.25,0.1,1,less50
24673,2009,11,1833.75,7.514118329457191,1,WC,0,NoSA,art,3,satisfactory,20,0.2,0.1,1,less50
24673,2010,12,1833.75,7.514118329457191,0,NoWC,0,NoSA,art,2,sufficient,20,0.25,0.05,1,less50
24673,2014,16,2157.35,7.676635895627521,1,WC,0,NoSA,art,3,satisfactory,20,0.3,0.1,1,less50
24673,2015,17,1829.0434782608695,7.51154841971077,1,WC,0,NoSA,art,4,good,23,0.261,0.043,1,less50
24673,2016,18,1829.0434782608695,7.51154841971077,1,WC,0,NoSA,art,4,good,23,0.217,0.043,1,less50
24673,2017,19,1922.8260869565217,7.561551303098836,1,WC,0,NoSA,art,4,good,23,0.217,0.043,1,less50
24673,2018,20,2040.0869565217392,7.620747711675762,1,WC,0,NoSA,art,4,good,23,0.304,0.043,1,less50
24673,2019,21,1855.32,7.5258124669025035,1,WC,0,NoSA,art,4,good,25,0.28,0.12,1,less50
24690,2010,12,2315.375,7.747326940442887,1,WC,0,NoSA,construction,5,very good,24,0.5,1,1,less50
24690,2011,13,1560.2222222222222,7.352583540240975,1,WC,0,NoSA,construction,4,good,27,0.444,1,1,less50
24690,2012,14,1574.2222222222222,7.36151660212645,1,WC,0,NoSA,construction,4,good,27,0.519,1,1,less50
24690,2013,15,2146.8695652173915,7.671766043922161,1,WC,0,NoSA,construction,4,good,23,0.348,1,1,less50
24690,2014,16,1858.7307692307693,7.527649151644593,1,WC,0,NoSA,construction,3,satisfactory,26,0.462,1,1,less50
24690,2016,18,2023.2916666666667,7.612481002092669,1,WC,0,NoSA,construction,3,satisfactory,24,0.542,0.958,1,less50
24690,2017,19,2463.6666666666665,7.809406034116777,1,WC,0,NoSA,construction,3,satisfactory,24,0.625,1,1,less50
24690,2018,20,3214,8.075271546297458,1,WC,0,NoSA,construction,4,good,26,0.462,1,1,less50
24690,2019,21,2220.8333333333335,7.705637779805991,1,WC,0,NoSA,construction,4,good,24,0.583,0.875,1,less50
24690,2020,22,2736.925925925926,7.914590644708761,1,WC,0,NoSA,manufacturing,5,very good,27,0.481,0.852,1,less50
24690,2021,23,2103.1935483870966,7.651212205888665,1,WC,0,NoSA,manufacturing,4,good,31,0.419,0.839,1,less50
24709,2008,10,672.8611111111111,6.511538935555122,1,WC,0,NoSA,buservices,1,unsatisfactory,108,0.398,0.037,3,less250
24709,2009,11,793.6272727272727,6.6766139212159485,1,WC,0,NoSA,buservices,2,sufficient,110,0.127,0.009,3,less250
24709,2010,12,675.5238095238095,6.515488404038609,1,WC,0,NoSA,buservices,1,unsatisfactory,126,0.111,0.016,3,less250
24709,2011,13,639.2222222222222,6.460252159527074,1,WC,0,NoSA,buservices,1,unsatisfactory,126,0.103,0.032,3,less250
24709,2012,14,802.9811320754717,6.68833121687802,0,NoWC,1,SA,buservices,3,satisfactory,106,0.104,0.038,3,less250
24709,2013,15,672.6,6.5111507993061695,0,NoWC,0,NoSA,buservices,5,very good,110,0.155,0.036,3,less250
24709,2014,16,732.8761904761905,6.596976779674928,0,NoWC,0,NoSA,buservices,2,sufficient,105,0.181,0.038,3,less250
24709,2015,17,721.8318584070796,6.58179222867866,0,NoWC,1,SA,buservices,3,satisfactory,113,0.133,0.027,3,less250
24709,2016,18,620.0227272727273,6.429756134258786,0,NoWC,1,SA,buservices,3,satisfactory,132,0.114,0.03,3,less250
24709,2017,19,719.9677419354839,6.579206408139039,0,NoWC,1,SA,buservices,2,sufficient,124,0.121,0.048,3,less250
24709,2018,20,1119.8214285714287,7.020924512801917,0,NoWC,1,SA,buservices,2,sufficient,84,0.321,0.083,2,less100
24712,2010,12,2111.6747967479673,7.655236654157682,0,NoWC,0,NoSA,buservices,4,good,123,0.033,0.577,3,less250
24712,2011,13,2493.103448275862,7.821283578160382,0,NoWC,0,NoSA,buservices,3,satisfactory,116,0.026,0.578,3,less250
24712,2012,14,2065.965811965812,7.633353101607434,0,NoWC,0,NoSA,buservices,4,good,117,0.026,0.521,3,less250
24712,2013,15,2120.1724137931033,7.659252691620074,0,NoWC,0,NoSA,buservices,4,good,116,0.043,0.552,3,less250
24712,2014,16,2083.7758620689656,7.641936845298825,0,NoWC,0,NoSA,buservices,4,good,116,0.043,0.534,3,less250
24712,2015,17,2048.983193277311,7.625098945802776,0,NoWC,0,NoSA,buservices,4,good,119,0.042,0.597,3,less250
24712,2016,18,1992.856,7.5973240647173315,0,NoWC,0,NoSA,buservices,4,good,125,0.04,0.568,3,less250
24712,2017,19,1951.904761904762,7.57656097577496,0,NoWC,0,NoSA,buservices,4,good,126,0.04,0.548,3,less250
24712,2018,20,1695.595744680851,7.4357894298509235,0,NoWC,0,NoSA,buservices,4,good,141,0.043,0.582,3,less250
24712,2019,21,1710.6965517241379,7.444655906745767,0,NoWC,0,NoSA,buservices,4,good,145,0.041,0.579,3,less250
24713,2008,10,2851,7.955425088912672,1,WC,0,NoSA,manufacturing,4,good,26,0.077,0.077,1,less50
24713,2010,12,1336.88,7.198093819895127,1,WC,0,NoSA,manufacturing,4,good,25,0.2,0.16,1,less50
24713,2011,13,2345.3809523809523,7.7602031207272315,1,WC,0,NoSA,manufacturing,4,good,21,0.238,0.143,1,less50
24713,2012,14,1906.0869565217392,7.552807705692747,1,WC,0,NoSA,manufacturing,4,good,23,0.174,0.13,1,less50
24713,2013,15,1717.6666666666667,7.448722059660114,1,WC,1,SA,manufacturing,3,satisfactory,24,0.208,0.167,1,less50
24713,2014,16,1395.5833333333333,7.241067766946478,1,WC,0,NoSA,manufacturing,4,good,24,0.167,0.125,1,less50
24713,2015,17,875.56,6.774863681644954,1,WC,0,NoSA,manufacturing,4,good,25,0.16,0.12,1,less50
24713,2016,18,765.5217391304348,6.640557613297294,1,WC,0,NoSA,manufacturing,4,good,23,0.217,0.13,1,less50
24713,2017,19,800.3181818181819,6.685009375868129,1,WC,0,NoSA,manufacturing,3,satisfactory,22,0.227,0.136,1,less50
24713,2018,20,750.7826086956521,6.621116140746218,1,WC,0,NoSA,manufacturing,5,very good,23,0.391,0.13,1,less50
24713,2019,21,722.1363636363636,6.582213990361708,1,WC,0,NoSA,manufacturing,3,satisfactory,22,0.409,0.091,1,less50
24740,2016,18,3888.6822916666665,8.265825636724148,0,NoWC,1,SA,manufacturing,5,very good,192,0.068,0.927,3,less250
24740,2017,19,3762.6395939086296,8.232876009739957,0,NoWC,1,SA,manufacturing,4,good,197,0.076,0.909,3,less250
24740,2018,20,2708.3489583333335,7.904094487743956,0,NoWC,1,SA,manufacturing,5,very good,192,0.083,0.927,3,less250
24743,1998,0,2863.365370639535,7.959752915062336,1,WC,0,NoSA,edu,4,good,43,0.256,0.093,1,less50
24743,1999,1,2995.646949404762,8.004915497040738,1,WC,1,SA,edu,4,good,42,0.262,0.095,1,less50
24743,2000,2,3013.8873546511627,8.010986004450576,0,NoWC,1,SA,edu,4,good,43,0.256,0.093,1,less50
24743,2001,3,2849.2992021276596,7.954828349035517,0,NoWC,1,SA,edu,4,good,47,0.426,0.085,1,less50
24761,1998,0,917.9387342908439,6.822130650148127,0,NoWC,1,SA,health,3,satisfactory,1114,0.17,0.34,4,more250
24761,1999,1,916.8736155063291,6.820969638882559,0,NoWC,0,NoSA,health,5,very good,948,0.178,0.301,4,more250
24761,2000,2,732.8117681498829,6.596888872387473,0,NoWC,0,NoSA,health,3,satisfactory,854,0.214,0.253,4,more250
24775,1999,1,753.6754694835681,6.624961863528693,0,NoWC,0,NoSA,buservices,3,satisfactory,213,0.005,0.033,3,less250
24775,2000,2,988.1257694128788,6.8958099866228935,0,NoWC,0,NoSA,buservices,3,satisfactory,132,0.015,0.061,3,less250
24775,2001,3,1330.1723484848485,7.1930637981473,0,NoWC,0,NoSA,buservices,4,good,132,0.03,0.061,3,less250
24775,2002,4,1033.9247311827958,6.941117258591692,0,NoWC,0,NoSA,buservices,3,satisfactory,93,0.043,0.043,2,less100
24778,1998,0,1628.3180732484077,7.395302904167157,0,NoWC,0,NoSA,health,1,unsatisfactory,628,0.123,0.341,4,more250
24778,1999,1,1538.400331858407,7.33849840999114,0,NoWC,0,NoSA,health,1,unsatisfactory,565,0.15,0.34,4,more250
24778,2000,2,1109.612145390071,7.011765814677984,0,NoWC,0,NoSA,health,2,sufficient,564,0.11,0.395,4,more250
24778,2001,3,931.8411189069424,6.837162326877558,0,NoWC,0,NoSA,health,1,unsatisfactory,677,0.14,0.133,4,more250
24778,2003,5,682.6039156626506,6.525914772850309,0,NoWC,0,NoSA,health,4,good,664,0.003,0.319,4,more250
24778,2004,6,753.0120481927711,6.624081227927895,0,NoWC,0,NoSA,health,4,good,664,0.113,0.327,4,more250
24778,2005,7,807.1784037558685,6.693544714166957,0,NoWC,0,NoSA,health,4,good,639,0.207,0.264,4,more250
24795,2003,5,1185.764705882353,7.078143166858607,0,NoWC,0,NoSA,buservices,3,satisfactory,34,0.382,0.147,1,less50
24795,2004,6,2374.5263157894738,7.772553250593367,0,NoWC,0,NoSA,buservices,2,sufficient,38,0.158,0.132,1,less50
24795,2005,7,2425.0526315789475,7.7936085068799565,0,NoWC,0,NoSA,buservices,3,satisfactory,38,0.158,0.132,1,less50
24795,2006,8,1942.6666666666667,7.5718168786469855,0,NoWC,0,NoSA,buservices,2,sufficient,42,0.143,0.119,1,less50
24795,2007,9,2669.0243902439024,7.889468287708181,0,NoWC,0,NoSA,buservices,5,very good,41,0.268,0.122,1,less50
24795,2008,10,1942.6666666666667,7.5718168786469855,0,NoWC,0,NoSA,buservices,5,very good,42,0.286,0.119,1,less50
24795,2009,11,2143.0697674418607,7.66999455091278,0,NoWC,0,NoSA,buservices,5,very good,43,0.349,0.14,1,less50
24795,2011,13,2149.3695652173915,7.6729298526424285,0,NoWC,0,NoSA,buservices,5,very good,46,0.413,0.109,1,less50
24795,2012,14,4173.521739130435,8.336515500126017,0,NoWC,0,NoSA,buservices,5,very good,46,0.391,0.13,1,less50
24795,2015,17,3599.6666666666665,8.18859652756465,0,NoWC,0,NoSA,buservices,3,satisfactory,48,0.396,0.125,1,less50
24795,2016,18,2879.74,7.96545529127693,0,NoWC,0,NoSA,buservices,2,sufficient,50,0.5,0.2,1,less50
24795,2017,19,3225.3,8.078781248159292,0,NoWC,0,NoSA,buservices,2,sufficient,50,0.72,0.14,1,less50
24795,2018,20,2303.78,7.742306531145582,0,NoWC,0,NoSA,buservices,4,good,50,0.72,0.12,1,less50
24795,2019,21,3071.72,8.029992944280195,0,NoWC,0,NoSA,buservices,4,good,50,0.68,0.1,1,less50
24795,2020,22,3839.64,8.253133891186966,0,NoWC,0,NoSA,buservices,5,very good,50,0.64,0.12,1,less50
24795,2021,23,3134.408163265306,8.050195651597715,0,NoWC,0,NoSA,buservices,5,very good,49,0.653,0.143,1,less50
24798,2012,14,1178.774193548387,7.072230358486465,0,NoWC,0,NoSA,manufacturing,2,sufficient,31,0.355,0.194,1,less50
24798,2013,15,1047.2439024390244,6.953917137359991,0,NoWC,0,NoSA,manufacturing,4,good,41,0.634,0.122,1,less50
24798,2014,16,1827.103448275862,7.510487176710384,0,NoWC,0,NoSA,manufacturing,2,sufficient,29,0.724,0.103,1,less50
24798,2015,17,1725.5833333333333,7.4533204365520245,0,NoWC,0,NoSA,manufacturing,3,satisfactory,36,0.306,0.25,1,less50
24798,2016,18,1343.4705882352941,7.203011535918106,0,NoWC,0,NoSA,manufacturing,3,satisfactory,34,0.353,0.235,1,less50
24798,2017,19,1278.9714285714285,7.153811462448504,0,NoWC,0,NoSA,manufacturing,4,good,35,0.314,0.143,1,less50
24798,2018,20,843.2692307692307,6.737286279218901,0,NoWC,0,NoSA,manufacturing,3,satisfactory,52,0.365,0.115,2,less100
24798,2019,21,1613.2978723404256,7.386035730846723,0,NoWC,0,NoSA,manufacturing,4,good,47,0.234,0.106,1,less50
24809,1998,0,747.2060032894736,6.616340921263345,0,NoWC,0,NoSA,wholesretail,5,very good,76,0.013,0.724,2,less100
24809,2000,2,569.975390625,6.345593185554452,0,NoWC,0,NoSA,wholesretail,4,good,80,0.013,0.6,2,less100
24809,2001,3,502.9589012632979,6.220508459531498,0,NoWC,0,NoSA,wholesretail,4,good,94,0.011,0.596,2,less100
24809,2018,20,870.8333333333334,6.7694506076049565,1,WC,0,NoSA,wholesretail,4,good,54,0.019,0.537,2,less100
24811,2015,17,4406.879310344828,8.390922078568376,1,WC,0,NoSA,health,4,good,58,0.69,0.5,2,less100
24811,2016,18,4650.714285714285,8.44477609661565,1,WC,0,NoSA,health,4,good,56,0.464,0.5,2,less100
24811,2017,19,3490.5394736842104,8.157811580237562,1,WC,0,NoSA,health,4,good,76,0.724,0.474,2,less100
24816,2002,4,1848.1848184818482,7.521959257201963,1,WC,0,NoSA,buservices,4,good,303,0.01,0.043,4,more250
24816,2003,5,1208.664,7.097270896356332,1,WC,0,NoSA,buservices,1,unsatisfactory,375,0.008,0.067,4,more250
24816,2004,6,1326.2599469496022,7.190118189956318,1,WC,0,NoSA,buservices,2,sufficient,377,0.011,0.034,4,more250
24816,2005,7,1469.4786324786326,7.292662945078626,1,WC,0,NoSA,buservices,4,good,351,0.011,0.034,4,more250
24816,2006,8,1459.940652818991,7.286151065122083,1,WC,0,NoSA,buservices,5,very good,337,0.012,0.036,4,more250
24816,2007,9,1192.2441176470588,7.083592623341091,1,WC,0,NoSA,buservices,5,very good,340,0.009,0.035,4,more250
24816,2008,10,1010.3216216216216,6.918023996394055,1,WC,0,NoSA,buservices,4,good,370,0.005,0.032,4,more250
24816,2009,11,858.2089552238806,6.754847607394476,1,WC,0,NoSA,transcom,4,good,402,0.005,0.035,4,more250
24816,2010,12,652.6030150753769,6.4809690042456625,1,WC,0,NoSA,transcom,2,sufficient,398,0.005,0.04,4,more250
24816,2011,13,672.5581395348837,6.511088560579139,1,WC,0,NoSA,transcom,3,satisfactory,430,0.005,0.049,4,more250
24816,2012,14,781.5602836879433,6.661292285322783,1,WC,0,NoSA,transcom,3,satisfactory,423,0.005,0.054,4,more250
24816,2013,15,665.2806652806653,6.500209004670148,1,WC,0,NoSA,transcom,4,good,481,0.004,0.052,4,more250
24816,2014,16,620.8251473477407,6.431049476018527,1,WC,0,NoSA,transcom,3,satisfactory,509,0.004,0.051,4,more250
24816,2015,17,2398.55460385439,7.782621586517624,1,WC,0,NoSA,transcom,4,good,467,0.004,0.051,4,more250
24816,2016,18,2961.315334773218,7.993388818470878,1,WC,0,NoSA,transcom,4,good,463,0.006,0.084,4,more250
24816,2017,19,2974.012765957447,7.9976674195318855,1,WC,0,NoSA,transcom,4,good,470,0.006,0.085,4,more250
24816,2018,20,2913.6542669584246,7.977163334197485,1,WC,0,NoSA,transcom,4,good,457,0.013,0.085,4,more250
24816,2019,21,2867.3995433789955,7.961160815566495,1,WC,0,NoSA,transcom,4,good,438,0.009,0.084,4,more250
24816,2020,22,2601.9875518672197,7.864030874997678,1,WC,0,NoSA,wholesretail,3,satisfactory,482,0.004,0.087,4,more250
24827,2007,9,1447.725,7.277748637782048,0,NoWC,0,NoSA,wholesretail,3,satisfactory,280,0.018,0.464,4,more250
24827,2008,10,1311.6456140350876,7.179037821763675,0,NoWC,0,NoSA,wholesretail,3,satisfactory,285,0.018,0.53,4,more250
24827,2009,11,1184.8241379310346,7.0773496357465975,0,NoWC,0,NoSA,wholesretail,3,satisfactory,290,0.014,0.534,4,more250
24828,2013,15,882.2450980392157,6.782469906336164,0,NoWC,0,NoSA,health,4,good,102,0.039,0.049,3,less250
24828,2014,16,1020.4752475247525,6.928023726712966,0,NoWC,0,NoSA,health,3,satisfactory,101,0.04,0.079,3,less250
24828,2015,17,1409.46,7.250961931293729,0,NoWC,0,NoSA,health,4,good,100,0.09,0.13,2,less100
24828,2017,19,3011.6666666666665,8.010248914358218,0,NoWC,0,NoSA,health,4,good,90,0.056,0.044,2,less100
24828,2018,20,3080.1136363636365,8.032721770210278,0,NoWC,0,NoSA,health,3,satisfactory,88,0.125,0.057,2,less100
24828,2019,21,1467.4235294117648,7.2912634409147055,0,NoWC,0,NoSA,health,4,good,85,0.129,0.047,2,less100
24828,2020,22,1658.1882352941177,7.413480860791504,0,NoWC,0,NoSA,buservices,3,satisfactory,85,0.059,0.047,2,less100
24828,2021,23,2115.512195121951,7.657052234795811,0,NoWC,0,NoSA,buservices,3,satisfactory,82,0.085,0.061,2,less100
24848,2012,14,1846.927374301676,7.521278658528306,1,WC,0,NoSA,buservices,3,satisfactory,179,0.034,0.089,3,less250
24848,2013,15,1675.392670157068,7.42380284672928,0,NoWC,0,NoSA,buservices,3,satisfactory,191,0.037,0.089,3,less250
24848,2014,16,1067.665024630542,6.973229322972843,0,NoWC,0,NoSA,buservices,5,very good,203,0.069,0.084,3,less250
24858,2013,15,452.3258426966292,6.1144028110369275,1,WC,1,SA,construction,3,satisfactory,89,0.112,0.36,2,less100
24858,2014,16,943.044776119403,6.849113764135464,0,NoWC,1,SA,construction,4,good,67,0.104,0.328,2,less100
24858,2015,17,1177.3478260869565,7.071019582793359,0,NoWC,1,SA,construction,4,good,69,0.058,0.29,2,less100
24858,2016,18,923.4615384615385,6.828129151193817,0,NoWC,1,SA,construction,4,good,65,0.123,0.462,2,less100
24858,2017,19,1751.3333333333333,7.468132681577376,0,NoWC,1,SA,construction,4,good,66,0.045,0.348,2,less100
24858,2018,20,1544.34375,7.342354341815366,0,NoWC,1,SA,construction,3,satisfactory,64,0.031,0.469,2,less100
24858,2019,21,2038.2096774193549,7.61982709240577,0,NoWC,1,SA,construction,3,satisfactory,62,0.081,0.403,2,less100
24860,1999,1,2946.4277542372884,7.988348784797761,0,NoWC,0,NoSA,manufacturing,4,good,295,0.061,0.241,4,more250
24860,2000,2,2038.505700325733,7.619972318588846,0,NoWC,0,NoSA,manufacturing,4,good,307,0.065,0.235,4,more250
24860,2001,3,1935.1424463190185,7.567936218423125,0,NoWC,0,NoSA,manufacturing,4,good,326,0.061,0.242,4,more250
24860,2002,4,1800.6430868167204,7.4958991505320975,0,NoWC,0,NoSA,manufacturing,5,very good,311,0.045,0.238,4,more250
24869,2002,4,1082.6666666666667,6.987182412613459,0,NoWC,0,NoSA,public,3,satisfactory,21,0.048,0,1,less50
24869,2003,5,2494.190476190476,7.8217194970968995,1,WC,0,NoSA,public,2,sufficient,21,0.048,0,1,less50
24869,2004,6,1734.5416666666667,7.458498488413961,1,WC,0,NoSA,public,4,good,24,0.042,0,1,less50
24869,2005,7,1884.7272727272727,7.5415384065112265,1,WC,0,NoSA,public,4,good,22,0.045,0,1,less50
24869,2019,21,1776.7272727272727,7.482528340139206,1,WC,0,NoSA,public,4,good,33,0.061,0,1,less50
24869,2020,22,1983.1851851851852,7.592459510536355,1,WC,0,NoSA,public,4,good,27,0.074,0,1,less50
24869,2021,23,2804.1304347826085,7.9388487644700865,0,NoWC,0,NoSA,public,3,satisfactory,23,0.304,0,1,less50
24898,2006,8,5055.736842105263,8.528278885837873,1,WC,0,NoSA,manufacturing,1,unsatisfactory,57,0.105,0.825,2,less100
24898,2007,9,4663.571428571428,8.44753683456542,1,WC,0,NoSA,manufacturing,4,good,56,0.107,0.821,2,less100
24898,2008,10,3186.5692307692307,8.066700140791436,1,WC,0,NoSA,manufacturing,4,good,65,0.062,0.708,2,less100
24898,2009,11,4087.123076923077,8.315596597356773,1,WC,0,NoSA,manufacturing,5,very good,65,0.077,0.631,2,less100
24898,2010,12,3949.7894736842104,8.281417558673324,1,WC,0,NoSA,manufacturing,2,sufficient,57,0.193,0.754,2,less100
24898,2011,13,4423.771929824561,8.394747988940308,0,NoWC,0,NoSA,manufacturing,3,satisfactory,57,0.105,0.789,2,less100
24898,2013,15,4185.166666666667,8.339301806901599,0,NoWC,0,NoSA,manufacturing,3,satisfactory,60,0.3,0.767,2,less100
24908,2017,19,1030.3181818181818,6.937622947906041,1,WC,1,SA,manufacturing,4,good,22,0.591,0.182,1,less50
24908,2018,20,1621,7.390798521735676,1,WC,0,NoSA,manufacturing,4,good,22,0.591,0.182,1,less50
24908,2019,21,1988.5,7.595135864647745,1,WC,0,NoSA,manufacturing,4,good,20,0.55,0.2,1,less50
24908,2021,23,1734.25,7.458330322265411,1,WC,1,SA,manufacturing,3,satisfactory,24,0.458,0.25,1,less50
24911,2009,11,1008.7105263157895,6.916428087533047,1,WC,0,NoSA,buservices,4,good,76,0.013,0.145,2,less100
24911,2010,12,2061.514705882353,7.631196285704995,0,NoWC,0,NoSA,buservices,4,good,68,0.029,0.147,2,less100
24911,2011,13,1521.0833333333333,7.327178079274784,0,NoWC,0,NoSA,buservices,4,good,72,0.069,0.083,2,less100
24911,2012,14,1849.9594594594594,7.522919004026562,0,NoWC,0,NoSA,buservices,4,good,74,0.027,0.081,2,less100
24911,2013,15,1673.1944444444443,7.4224899192448435,0,NoWC,0,NoSA,buservices,4,good,72,0.069,0.083,2,less100
24911,2014,16,2503.2571428571428,7.825348020017235,0,NoWC,0,NoSA,buservices,4,good,70,0.014,0.086,2,less100
24911,2015,17,3396.6376811594205,8.130541303996868,0,NoWC,0,NoSA,buservices,4,good,69,0.087,0.087,2,less100
24911,2016,18,3122.0281690140846,8.046238123781016,0,NoWC,0,NoSA,buservices,4,good,71,0.028,0.141,2,less100
24911,2017,19,3101.5466666666666,8.039656190782859,0,NoWC,0,NoSA,buservices,4,good,75,0.027,0.173,2,less100
24911,2018,20,3374.337837837838,8.123954387861442,0,NoWC,0,NoSA,buservices,4,good,74,0.014,0.149,2,less100
24911,2019,21,3232.909090909091,8.081137658217523,0,NoWC,0,NoSA,buservices,4,good,77,0.013,0.156,2,less100
24911,2020,22,3600.5890410958905,8.188852733586131,0,NoWC,0,NoSA,buservices,4,good,73,0.055,0.164,2,less100
24925,2019,21,3539.425,8.17171956355621,0,NoWC,0,NoSA,health,4,good,40,0.025,0.225,1,less50
24925,2020,22,2488.7073170731705,7.819518704884042,0,NoWC,0,NoSA,art,3,satisfactory,41,0.024,0.22,1,less50
24925,2021,23,2616.3333333333335,7.869529125458704,0,NoWC,0,NoSA,art,1,unsatisfactory,42,0.024,0.262,1,less50
24948,2014,16,1703.4245283018868,7.440395932216954,0,NoWC,0,NoSA,buservices,4,good,106,0.009,0.519,3,less250
24948,2015,17,1909.8076923076924,7.554757831315977,0,NoWC,0,NoSA,buservices,4,good,104,0.019,0.615,3,less250
24948,2016,18,1952.036036036036,7.576628227886669,0,NoWC,0,NoSA,buservices,3,satisfactory,111,0.018,0.622,3,less250
24948,2017,19,1969.7818181818182,7.585678063406587,0,NoWC,0,NoSA,buservices,4,good,110,0.018,0.627,3,less250
24948,2018,20,2092.890909090909,7.646301599296359,0,NoWC,0,NoSA,buservices,4,good,110,0.009,0.627,3,less250
24948,2019,21,2692.0363636363636,7.8980531987106675,0,NoWC,0,NoSA,buservices,4,good,110,0.027,0.691,3,less250
24948,2020,22,2620.566371681416,7.871145745790743,0,NoWC,0,NoSA,buservices,4,good,113,0.035,0.602,3,less250
24948,2021,23,2623.2830188679245,7.872181872966495,0,NoWC,0,NoSA,buservices,4,good,106,0.019,0.604,3,less250
24975,1998,0,2378.1017441860463,7.774057861947748,0,NoWC,0,NoSA,manufacturing,3,satisfactory,430,0.028,0.777,4,more250
24975,1999,1,1837.624075052854,7.516228752645648,0,NoWC,0,NoSA,manufacturing,2,sufficient,473,0.008,0.71,4,more250
24975,2000,2,1222.30712890625,7.108495441136536,0,NoWC,0,NoSA,manufacturing,2,sufficient,512,0.002,0.795,4,more250
24975,2001,3,666.0419592696629,6.5013526704622535,0,NoWC,0,NoSA,manufacturing,3,satisfactory,534,0.004,0.839,4,more250
24996,2002,4,1270.076923076923,7.146832746970296,1,WC,0,NoSA,manufacturing,2,sufficient,39,0.538,0.744,1,less50
24996,2003,5,965,6.872128101338986,1,WC,0,NoSA,manufacturing,3,satisfactory,38,0.5,0.737,1,less50
24996,2004,6,708.4878048780488,6.5631328463898635,1,WC,0,NoSA,manufacturing,3,satisfactory,41,0.268,0.78,1,less50
24996,2005,7,915.7045454545455,6.819693764013723,1,WC,0,NoSA,manufacturing,3,satisfactory,44,0.432,0.75,1,less50
24996,2007,9,852.4130434782609,6.748071202170105,1,WC,0,NoSA,buservices,4,good,46,0.435,0.739,1,less50
25031,2007,9,1858.142857142857,7.527332804008427,0,NoWC,1,SA,transcom,2,sufficient,28,0.036,0.5,1,less50
25031,2009,11,1255.0666666666666,7.134943971004955,0,NoWC,0,NoSA,transcom,1,unsatisfactory,30,0.033,0.467,1,less50
25031,2010,12,931.3666666666667,6.836653041488988,0,NoWC,0,NoSA,transcom,3,satisfactory,30,0.033,0.6,1,less50
25031,2011,13,1586.9117647058824,7.369545120181673,0,NoWC,0,NoSA,transcom,4,good,34,0.088,0.618,1,less50
25064,2016,18,1126.225641025641,7.026627180298543,1,WC,0,NoSA,edu,4,good,195,0.297,0.164,3,less250
25064,2017,19,1016.3767441860465,6.923999370611681,1,WC,0,NoSA,edu,4,good,215,0.27,0.223,3,less250
25064,2018,20,1028.9611650485438,6.936304994644254,1,WC,0,NoSA,edu,4,good,206,0.214,0.209,3,less250
25070,2006,8,2425.477011494253,7.793783489798366,0,NoWC,1,SA,health,4,good,174,0.023,0.086,3,less250
25070,2007,9,2684.523178807947,7.895258404136373,0,NoWC,0,NoSA,health,4,good,151,0.026,0.079,3,less250
25070,2008,10,2632.5281690140846,7.875699944431065,0,NoWC,0,NoSA,health,4,good,142,0.035,0.07,3,less250
25070,2009,11,2041.4201183431953,7.6214009810904235,0,NoWC,0,NoSA,health,3,satisfactory,169,0.03,0.071,3,less250
25070,2010,12,1527.8588235294117,7.331622572479838,0,NoWC,0,NoSA,health,1,unsatisfactory,170,0.041,0.059,3,less250
25098,2012,14,817.6666666666666,6.7064547555903795,1,WC,0,NoSA,buservices,3,satisfactory,21,0.143,0.381,1,less50
25098,2013,15,817.6666666666666,6.7064547555903795,1,WC,0,NoSA,buservices,3,satisfactory,21,0.143,0.286,1,less50
25098,2014,16,862.2380952380952,6.7595314450972195,1,WC,0,NoSA,buservices,3,satisfactory,21,0.095,0.286,1,less50
25108,2012,14,1443.6681222707423,7.274942460814821,1,WC,0,NoSA,buservices,1,unsatisfactory,229,0.738,0.114,3,less250
25108,2013,15,1130.7420494699647,7.030629377132672,0,NoWC,0,NoSA,buservices,1,unsatisfactory,283,0.629,0.039,4,more250
25108,2014,16,957.5757575757576,6.864404838108523,1,WC,0,NoSA,buservices,2,sufficient,330,0.582,0.091,4,more250
25137,2009,11,1769.3529411764705,7.478369188774092,1,WC,0,NoSA,buservices,4,good,34,0.118,0.235,1,less50
25137,2011,13,1115.2439024390244,7.016828406554759,1,WC,0,NoSA,buservices,4,good,41,0.122,0.244,1,less50
25137,2012,14,1460.5405405405406,7.286561879429911,1,WC,0,NoSA,buservices,3,satisfactory,37,0.135,0.243,1,less50
25137,2013,15,1044.4324324324325,6.951228889993176,1,WC,0,NoSA,buservices,3,satisfactory,37,0.135,0.216,1,less50
25137,2014,16,1057.3703703703704,6.963540322196691,1,WC,0,NoSA,buservices,2,sufficient,27,0.296,0.222,1,less50
25137,2015,17,1098.0384615384614,7.001280650179538,1,WC,0,NoSA,buservices,3,satisfactory,26,0.154,0.231,1,less50
25137,2016,18,1019.6296296296297,6.927194732132324,1,WC,0,NoSA,buservices,4,good,27,0.333,0.222,1,less50
25137,2017,19,839.5,6.732806476517595,1,WC,0,NoSA,buservices,3,satisfactory,30,0.167,0.167,1,less50
25137,2018,20,158.20689655172413,5.063903648262787,1,WC,0,NoSA,buservices,4,good,29,0.103,0.172,1,less50
25137,2019,21,197.3548387096774,5.2850033202257025,1,WC,0,NoSA,buservices,4,good,31,0.129,0.194,1,less50
25137,2021,23,174.42105263157896,5.161472218820068,1,WC,0,NoSA,buservices,5,very good,38,0.132,0.211,1,less50
25165,2012,14,4861.764705882353,8.489156759192953,1,WC,0,NoSA,buservices,2,sufficient,68,0.103,0.574,2,less100
25165,2013,15,4444.444444444444,8.399410155759854,1,WC,0,NoSA,buservices,2,sufficient,72,0.139,0.528,2,less100
25165,2014,16,5448.275862068966,8.60305448202263,1,WC,0,NoSA,buservices,3,satisfactory,58,0.052,0.466,2,less100
25165,2015,17,8715.388059701492,9.072845484754124,1,WC,0,NoSA,buservices,4,good,67,0.075,0.597,2,less100
25165,2016,18,5525.632352941177,8.617152972857733,1,WC,0,NoSA,buservices,2,sufficient,68,0.074,0.529,2,less100
25165,2017,19,5010.864864864865,8.519363806898,1,WC,0,NoSA,buservices,4,good,74,0.014,0.595,2,less100
25183,2015,17,733.11320754716985,6.5973001340912205,0,NoWC,0,NoSA,manufacturing,4,good,106,0.245,0.632,3,less250
25183,2016,18,1664.5394736842106,7.417303771773961,0,NoWC,0,NoSA,manufacturing,4,good,76,0.487,0.592,2,less100
25183,2017,19,2140.1315789473683,7.668622591615167,0,NoWC,0,NoSA,manufacturing,4,good,76,0.579,0.882,2,less100
25183,2019,21,2067.576271186441,7.634132316754984,0,NoWC,0,NoSA,manufacturing,4,good,59,0.373,0.712,2,less100
25183,2020,22,1642.9272727272728,7.404234852131967,0,NoWC,0,NoSA,manufacturing,3,satisfactory,55,0.782,0.727,2,less100
25183,2021,23,2357.2391304347825,7.765246353214054,0,NoWC,0,NoSA,manufacturing,2,sufficient,46,0.913,0.674,1,less50
25189,2009,11,1533.3333333333333,7.335199293809077,1,WC,0,NoSA,health,4,good,225,0.653,0.396,3,less250
25189,2011,13,1274.0088105726873,7.1499237517853445,1,WC,0,NoSA,health,4,good,227,0.885,0.555,3,less250
25189,2012,14,1210.989010989011,7.099192669184101,1,WC,0,NoSA,health,1,unsatisfactory,273,0.707,0.429,4,more250
25190,2018,20,2905.7272727272725,7.9744389900107455,1,WC,0,NoSA,buservices,4,good,44,0.341,0.682,1,less50
25190,2019,21,3325.8048780487807,8.109466992382181,1,WC,0,NoSA,buservices,4,good,41,0.146,0.756,1,less50
25190,2020,22,2654.7441860465115,7.8841035772623504,1,WC,0,NoSA,health,4,good,43,0.209,0.744,1,less50
25190,2021,23,2500.5,7.824245990858959,1,WC,0,NoSA,health,3,satisfactory,42,0.095,0.786,1,less50
25207,1999,1,2669.179070723684,7.88952623996907,0,NoWC,0,NoSA,manufacturing,4,good,76,0.026,0.816,2,less100
25207,2000,2,1903.7552083333333,7.551583640034038,0,NoWC,0,NoSA,manufacturing,4,good,102,0.01,0.843,3,less250
25207,2001,3,1541.3030772900763,7.340383491705587,0,NoWC,1,SA,manufacturing,2,sufficient,131,0.008,0.832,3,less250
25207,2002,4,1384.7835820895523,7.2332991479927244,0,NoWC,1,SA,manufacturing,2,sufficient,134,0.007,0.873,3,less250
25214,2016,18,2476.2166344294005,7.814487123688525,0,NoWC,1,SA,buservices,4,good,517,0.458,0.573,4,more250
25214,2017,19,2433.7806691449814,7.797201158207413,0,NoWC,1,SA,buservices,4,good,538,0.435,0.539,4,more250
25214,2018,20,2547.72,7.842954120543803,0,NoWC,1,SA,buservices,4,good,575,0.407,0.565,4,more250
25214,2019,21,2139.221476510067,7.668197245802737,0,NoWC,1,SA,buservices,4,good,596,0.174,0.582,4,more250
25214,2021,23,1803.5066864784546,7.497488207837943,0,NoWC,1,SA,buservices,2,sufficient,673,0.147,0.473,4,more250
25221,1998,0,1967.5506221719456,7.584544709145801,0,NoWC,0,NoSA,wholesretail,3,satisfactory,442,0.029,0.52,4,more250
25221,1999,1,1857.2568108974358,7.526855845219934,0,NoWC,0,NoSA,wholesretail,2,sufficient,468,0.028,0.513,4,more250
25221,2000,2,1314.750525210084,7.181402211944623,0,NoWC,0,NoSA,wholesretail,4,good,476,0.027,0.607,4,more250
25221,2001,3,1287.4621173469388,7.16042820868516,0,NoWC,0,NoSA,wholesretail,3,satisfactory,490,0.031,0.567,4,more250
25255,2000,2,3740.633491847826,8.227010258911935,1,WC,0,NoSA,construction,4,good,23,0.043,0.174,1,less50
25255,2001,3,1896.0795454545455,7.547543636288571,1,WC,0,NoSA,construction,4,good,22,0.045,0.182,1,less50
25255,2002,4,1997.125,7.599463925347735,1,WC,0,NoSA,construction,4,good,24,0.083,0.167,1,less50
25256,2013,15,1413.060975609756,7.253513535051225,0,NoWC,1,SA,buservices,3,satisfactory,82,0.061,0.098,2,less100
25256,2014,16,1826.7837837837837,7.51031220442876,0,NoWC,1,SA,buservices,4,good,74,0.081,0.095,2,less100
25256,2015,17,2129.970588235294,7.663863450267898,0,NoWC,1,SA,buservices,4,good,68,0.103,0.103,2,less100
25256,2016,18,3092.90625,8.036866461847428,0,NoWC,0,NoSA,buservices,4,good,64,0.109,0.109,2,less100
25256,2018,20,2839.970588235294,7.951548974846447,0,NoWC,0,NoSA,buservices,3,satisfactory,68,0.103,0.074,2,less100
25256,2019,21,6015.147540983607,8.702036156949783,0,NoWC,0,NoSA,buservices,3,satisfactory,61,0.082,0.082,2,less100
25256,2020,22,7857.235294117647,8.969190079795974,0,NoWC,0,NoSA,buservices,4,good,51,0.098,0.098,2,less100
25256,2021,23,13276.84375,9.49377672535486,1,WC,0,NoSA,buservices,4,good,32,0.156,0.125,1,less50
25280,2019,21,3554.980769230769,8.176104932723629,1,WC,0,NoSA,manufacturing,4,good,52,0.019,0.077,2,less100
25280,2020,22,2986.173076923077,8.00174793922012,1,WC,0,NoSA,manufacturing,2,sufficient,52,0.077,0.077,2,less100
25280,2021,23,4201.340909090909,8.343159017386796,1,WC,0,NoSA,manufacturing,2,sufficient,44,0.023,0.091,1,less50
25297,2016,18,2454.878787878788,7.805832665436911,1,WC,0,NoSA,manufacturing,4,good,33,0.576,0.03,1,less50
25297,2019,21,2559.4411764705883,7.847544223203606,1,WC,0,NoSA,manufacturing,4,good,34,0.029,0.294,1,less50
25297,2020,22,1679.3684210526317,7.42617306186458,1,WC,0,NoSA,manufacturing,3,satisfactory,38,0.053,0.368,1,less50
25307,2016,18,987.7391304347826,6.895418624862217,1,WC,0,NoSA,wholesretail,3,satisfactory,23,0.087,0.304,1,less50
25307,2019,21,1494.1666666666667,7.309323916811178,1,WC,0,NoSA,wholesretail,4,good,24,0.042,0.125,1,less50
25307,2021,23,3101.8695652173915,8.039760294244225,1,WC,0,NoSA,wholesretail,2,sufficient,23,0.087,0.304,1,less50
25311,2003,5,4699.3,8.455168840435844,0,NoWC,0,NoSA,resthotels,3,satisfactory,90,0.122,0.244,2,less100
25311,2004,6,4927.045977011494,8.502494894144728,0,NoWC,0,NoSA,resthotels,3,satisfactory,87,0.126,0.276,2,less100
25311,2006,8,4646.6463414634145,8.443901021489797,0,NoWC,0,NoSA,resthotels,4,good,82,0.134,0.183,2,less100
25311,2007,9,4606.397727272727,8.435201426473093,0,NoWC,0,NoSA,resthotels,4,good,88,0.045,0.193,2,less100
25311,2008,10,4346.732558139535,8.377179705778818,0,NoWC,0,NoSA,resthotels,3,satisfactory,86,0.058,0.198,2,less100
25311,2010,12,2854.2417582417584,7.9565615030132495,0,NoWC,0,NoSA,resthotels,2,sufficient,91,0.121,0.264,2,less100
25311,2011,13,3402.3529411764707,8.13222251277643,0,NoWC,0,NoSA,resthotels,4,good,85,0.129,0.271,2,less100
25311,2013,15,3950.617283950617,8.28162712010347,0,NoWC,0,NoSA,resthotels,4,good,81,0.272,0.296,2,less100
25311,2014,16,4328.767123287671,8.373038051420657,0,NoWC,0,NoSA,resthotels,4,good,73,0.301,0.26,2,less100
25311,2017,19,8262.41935483871,9.019472723729702,0,NoWC,0,NoSA,resthotels,4,good,62,0.468,0.29,2,less100
25311,2018,20,10615.75,9.270094026375295,0,NoWC,0,NoSA,resthotels,5,very good,48,0.562,0.375,1,less50
25311,2019,21,9104.51724137931,9.116525969490716,0,NoWC,0,NoSA,resthotels,4,good,58,0.414,0.31,2,less100
25339,2016,18,1576.25,7.36280388727913,0,NoWC,0,NoSA,manufacturing,1,unsatisfactory,20,0.1,0.1,1,less50
25339,2017,19,1617.3809523809523,7.388563423901979,0,NoWC,0,NoSA,manufacturing,4,good,21,0.095,0.095,1,less50
25339,2018,20,2042.8095238095239,7.622081356897692,0,NoWC,0,NoSA,manufacturing,4,good,21,0.095,0.095,1,less50
25339,2020,22,1824.6521739130435,7.509144658215391,0,NoWC,0,NoSA,manufacturing,3,satisfactory,23,0.13,0.087,1,less50
25346,2010,12,587.7931034482758,6.376375021095769,1,WC,0,NoSA,buservices,4,good,29,0.207,0.483,1,less50
25346,2011,13,117.4375,4.765906277173684,1,WC,0,NoSA,buservices,4,good,32,0.375,0.469,1,less50
25346,2012,14,194.63636363636363,5.271133015791312,1,WC,0,NoSA,buservices,4,good,33,0.364,0.515,1,less50
25346,2014,16,185.125,5.221031272587963,1,WC,0,NoSA,buservices,3,satisfactory,40,0.25,0.5,1,less50
25346,2015,17,221.1764705882353,5.398960892327724,1,WC,0,NoSA,buservices,2,sufficient,34,0.412,0.441,1,less50
25346,2016,18,219.4857142857143,5.3912871474164366,1,WC,0,NoSA,buservices,4,good,35,0.343,0.429,1,less50
25346,2017,19,281.3142857142857,5.639472498828732,1,WC,0,NoSA,buservices,2,sufficient,35,0.343,0.429,1,less50
25441,2000,2,1380.66796875,7.230322696370027,1,WC,0,NoSA,manufacturing,3,satisfactory,54,0.037,0.593,2,less100
25441,2001,3,1038.0977678571428,6.945145247977393,1,WC,0,NoSA,manufacturing,3,satisfactory,70,0.014,0.5,2,less100
25441,2002,4,935.072463768116,6.840624027641886,1,WC,0,NoSA,manufacturing,2,sufficient,69,0.014,0.464,2,less100
25456,2012,14,2739,7.915348169263078,1,WC,0,NoSA,health,4,good,42,0.857,0.524,1,less50
25456,2013,15,2361.891304347826,7.767217977217403,1,WC,0,NoSA,health,4,good,46,0.804,0.522,1,less50
25456,2014,16,2151.2156862745096,7.67378839679982,1,WC,0,NoSA,health,4,good,51,0.725,0.51,2,less100
25456,2015,17,2458.076923076923,7.807134584622846,1,WC,0,NoSA,health,3,satisfactory,52,0.712,0.462,2,less100
25456,2016,18,2478.1428571428573,7.815264710706096,1,WC,0,NoSA,health,4,good,49,0.755,0.633,1,less50
25456,2017,19,2049.943396226415,7.625567460154376,1,WC,0,NoSA,health,3,satisfactory,53,0.585,0.528,2,less100
25456,2019,21,1176.7333333333333,7.070497516878069,1,WC,0,NoSA,health,4,good,45,0.733,0.533,1,less50
25468,1998,0,2680.768465909091,7.8938587734134105,0,NoWC,0,NoSA,finance,4,good,55,0.109,0.073,2,less100
25468,1999,1,3119.6694972826085,8.045482344834372,0,NoWC,0,NoSA,finance,3,satisfactory,46,0.13,0.13,1,less50
25468,2000,2,2934.0427083333334,7.984136514947814,0,NoWC,0,NoSA,public,3,satisfactory,45,0.133,0.089,1,less50
25473,2004,6,1114.057142857143,7.0157637143755736,1,WC,0,NoSA,mining,3,satisfactory,35,0.029,0.486,1,less50
25473,2006,8,3245.740740740741,8.085098874502947,1,WC,0,NoSA,mining,2,sufficient,27,0.926,0.259,1,less50
25473,2007,9,2682.676470588235,7.894570258208061,1,WC,0,NoSA,mining,2,sufficient,34,0.029,0.441,1,less50
25473,2008,10,1698.942857142857,7.437761487876691,1,WC,0,NoSA,mining,2,sufficient,35,0.029,0.6,1,less50
25476,1998,0,5000.277243589743,8.517248638596962,0,NoWC,1,SA,edu,3,satisfactory,39,0.359,0.923,1,less50
25476,1999,1,3503.8709077380954,8.161623609978676,0,NoWC,1,SA,edu,4,good,42,0.238,0.905,1,less50
25476,2000,2,2807.9001913265306,7.940192220114601,0,NoWC,1,SA,edu,4,good,49,0.224,0.939,1,less50
25476,2001,3,3757.1575520833335,8.231417980303782,0,NoWC,1,SA,edu,2,sufficient,36,0.333,0.889,1,less50
25486,2007,9,2193.3636363636365,7.693191551527076,1,WC,0,NoSA,wholesretail,4,good,33,0.03,0.333,1,less50
25486,2008,10,2087.5,7.64372245672501,1,WC,0,NoSA,wholesretail,4,good,36,0.028,0.306,1,less50
25486,2009,11,4213.2,8.345977732962387,1,WC,0,NoSA,wholesretail,5,very good,35,0.029,0.343,1,less50
25511,2004,6,523.4411764705883,6.260424658133824,1,WC,0,NoSA,manufacturing,1,unsatisfactory,34,0.618,0.353,1,less50
25511,2006,8,824.2424242424242,6.714464690817609,1,WC,0,NoSA,manufacturing,2,sufficient,33,0.636,0.364,1,less50
25511,2007,9,753.1612903225806,6.624279401838535,1,WC,0,NoSA,manufacturing,2,sufficient,31,0.355,0.323,1,less50
25513,2013,15,1597.5666666666666,7.3762369172536575,0,NoWC,0,NoSA,finance,4,good,30,0.033,0.1,1,less50
25513,2014,16,1851,7.523481312573497,0,NoWC,0,NoSA,finance,4,good,29,0.034,0.103,1,less50
25513,2015,17,2272.1111111111113,7.728464683183596,0,NoWC,0,NoSA,finance,4,good,27,0.037,0.111,1,less50
25540,2015,17,2210.848484848485,7.701131650625308,1,WC,0,NoSA,resthotels,1,unsatisfactory,33,0.091,0.667,1,less50
25540,2016,18,2269.030303030303,7.727107839926582,1,WC,0,NoSA,resthotels,2,sufficient,33,0.091,0.758,1,less50
25540,2017,19,1609.3823529411766,7.3836057526594825,1,WC,0,NoSA,resthotels,3,satisfactory,34,0.088,0.471,1,less50
25571,2002,4,1842.475,7.518865055450407,1,WC,0,NoSA,manufacturing,3,satisfactory,80,0.088,0.162,2,less100
25571,2004,6,2203.974683544304,7.69801768361169,1,WC,0,NoSA,manufacturing,3,satisfactory,79,0.025,0.266,2,less100
25571,2006,8,2475.825,7.814328952792911,1,WC,0,NoSA,manufacturing,3,satisfactory,80,0.15,0.25,2,less100
25571,2009,11,2666.7368421052633,7.888610847437083,0,NoWC,0,NoSA,manufacturing,1,unsatisfactory,76,0.026,0.197,2,less100
25571,2010,12,3267.32,8.09172535599322,0,NoWC,0,NoSA,manufacturing,3,satisfactory,75,0.027,0.2,2,less100
25571,2011,13,3961.6438356164385,8.284414328118356,0,NoWC,0,NoSA,manufacturing,4,good,73,0.027,0.205,2,less100
25601,1998,0,790.8613689095127,6.673122691863498,0,NoWC,0,NoSA,manufacturing,3,satisfactory,1293,0.21,0.24,4,more250
25601,2000,2,539.5010775862069,6.290644782075633,0,NoWC,1,SA,manufacturing,3,satisfactory,1160,0.23,0.303,4,more250
25601,2001,3,556.3107914462081,6.321327115502135,0,NoWC,0,NoSA,manufacturing,4,good,1134,0.238,0.297,4,more250
25611,2006,8,2798.8846153846152,7.9369762651518485,1,WC,0,NoSA,transcom,2,sufficient,26,0.038,0.962,1,less50
25611,2009,11,2290.6521739130435,7.736591848104478,1,WC,0,NoSA,transcom,5,very good,23,0.043,0.826,1,less50
25611,2010,12,2225.6666666666665,7.707811775189759,1,WC,0,NoSA,transcom,4,good,36,0.028,0.5,1,less50
25611,2012,14,2101.7567567567567,7.650528824834436,1,WC,0,NoSA,transcom,5,very good,37,0.027,0.73,1,less50
25611,2013,15,2440.7105263157896,7.8000444752067075,1,WC,0,NoSA,transcom,4,good,38,0.026,0.816,1,less50
25611,2014,16,2013.95,7.607853246753847,1,WC,0,NoSA,transcom,4,good,40,0.025,0.7,1,less50
25611,2015,17,1971.5121951219512,7.586556139005856,1,WC,0,NoSA,transcom,5,very good,41,0.049,0.854,1,less50
25611,2016,18,2471.475,7.812570417381267,1,WC,0,NoSA,transcom,5,very good,40,0.025,0.875,1,less50
25611,2017,19,2469.575,7.811801350039853,1,WC,0,NoSA,transcom,5,very good,40,0.05,0.825,1,less50
25611,2018,20,1553.1,7.348008212575965,1,WC,0,NoSA,transcom,4,good,60,0.033,0.9,2,less100
25611,2020,22,1857.4615384615386,7.526966070300307,1,WC,0,NoSA,wholesretail,3,satisfactory,65,0.031,0.815,2,less100
25611,2021,23,1772.344262295082,7.480058391242879,1,WC,0,NoSA,wholesretail,3,satisfactory,61,0.049,0.77,2,less100
25625,2007,9,2085.2585034013605,7.642648108994409,0,NoWC,0,NoSA,buservices,5,very good,147,0.068,0.034,3,less250
25625,2008,10,2397.060810810811,7.781998603662358,0,NoWC,0,NoSA,buservices,4,good,148,0.027,0.027,3,less250
25625,2009,11,2315.4362416107383,7.747353390068038,0,NoWC,0,NoSA,buservices,5,very good,149,0.02,0.027,3,less250
25625,2010,12,1536.8994082840236,7.337522294607027,0,NoWC,0,NoSA,buservices,1,unsatisfactory,169,0.071,0.03,3,less250
25690,2004,6,1672.2408026755852,7.421919804013642,0,NoWC,1,SA,manufacturing,1,unsatisfactory,299,0.017,0.227,4,more250
25690,2005,7,1719.29,7.449666693888291,0,NoWC,1,SA,manufacturing,4,good,300,0.02,0.203,4,more250
25690,2007,9,1675.0537190082644,7.423600514794612,0,NoWC,1,SA,manufacturing,3,satisfactory,242,0.017,0.194,3,less250
25690,2008,10,1746.8177570093458,7.465550987010474,0,NoWC,1,SA,manufacturing,2,sufficient,214,0.019,0.22,3,less250
25704,1998,0,13455.049342105263,9.507109730349026,0,NoWC,0,NoSA,manufacturing,4,good,76,0.079,0.276,2,less100
25704,2000,2,8023.349358974359,8.99011123948645,0,NoWC,0,NoSA,manufacturing,4,good,78,0.064,0.218,2,less100
25704,2002,4,7088.607594936709,8.86624421024431,0,NoWC,0,NoSA,manufacturing,3,satisfactory,79,0.038,0.203,2,less100
25704,2003,5,655.6285714285714,6.485594426500562,0,NoWC,1,SA,manufacturing,2,sufficient,70,0.114,0.2,2,less100
25704,2004,6,745.0428571428571,6.613441743091233,1,WC,1,SA,manufacturing,3,satisfactory,70,0.086,0.414,2,less100
25717,2008,10,9454.875,9.154285760486921,1,WC,0,NoSA,construction,3,satisfactory,32,0.219,0.562,1,less50
25717,2009,11,7840.909090909091,8.967110062095236,1,WC,1,SA,construction,4,good,44,0.227,0.591,1,less50
25717,2010,12,8378.58064516129,9.033433805044954,1,WC,1,SA,construction,4,good,31,0.355,0.613,1,less50
25717,2011,13,9640,9.17367638760459,1,WC,1,SA,construction,4,good,30,0.333,0.7,1,less50
25717,2013,15,10322.58064516129,9.242089070290763,1,WC,1,SA,construction,3,satisfactory,31,0.387,0.677,1,less50
25717,2014,16,7900,8.974618038455112,1,WC,1,SA,construction,3,satisfactory,40,0.575,0.6,1,less50
25755,2009,11,1403.2375,7.246537345890241,0,NoWC,0,NoSA,public,4,good,160,0.025,0.444,3,less250
25755,2010,12,1613.2670807453417,7.386016644545637,0,NoWC,0,NoSA,public,2,sufficient,161,0.025,0.441,3,less250
25755,2011,13,1686.6331360946745,7.43048959363003,0,NoWC,0,NoSA,public,4,good,169,0.03,0.438,3,less250
25755,2012,14,1712.9533678756477,7.445974275464176,0,NoWC,0,NoSA,public,2,sufficient,193,0.01,0.373,3,less250
25755,2013,15,1446.1712962962963,7.276674857871567,0,NoWC,0,NoSA,public,2,sufficient,216,0.023,0.37,3,less250
25755,2014,16,1533.9805825242718,7.335621323779468,0,NoWC,0,NoSA,public,4,good,206,0.029,0.369,3,less250
25755,2015,17,2111.8990384615386,7.655342839924775,0,NoWC,0,NoSA,public,3,satisfactory,208,0.053,0.375,3,less250
25755,2016,18,1733.3785046728972,7.457827675950053,0,NoWC,0,NoSA,public,4,good,214,0.065,0.383,3,less250
25755,2017,19,1836.4429223744291,7.51558578520932,0,NoWC,0,NoSA,public,4,good,219,0.014,0.365,3,less250
25755,2018,20,1900.5,7.549872288429303,0,NoWC,0,NoSA,public,4,good,226,0.027,0.345,3,less250
25764,2009,11,937.6311475409836,6.843356638771155,1,WC,0,NoSA,health,3,satisfactory,122,0.746,0.279,3,less250
25764,2010,12,1034.7350427350427,6.941900675569106,1,WC,0,NoSA,health,2,sufficient,117,0.444,0.239,3,less250
25764,2011,13,1030.7560975609756,6.9380478872241085,1,WC,0,NoSA,health,2,sufficient,123,0.634,0.268,3,less250
25768,2000,2,2388.6307251908397,7.778475562414946,0,NoWC,0,NoSA,manufacturing,4,good,262,0.008,0.248,4,more250
25768,2001,3,2102.8547916666666,7.651051125133632,0,NoWC,0,NoSA,manufacturing,3,satisfactory,300,0.007,0.153,4,more250
25768,2003,5,1584.7867132867134,7.3682051115068905,0,NoWC,0,NoSA,manufacturing,3,satisfactory,286,0.035,0.175,4,more250
25768,2004,6,1694.915254237288,7.435388021064509,0,NoWC,0,NoSA,manufacturing,3,satisfactory,295,0.014,0.217,4,more250
25768,2005,7,1719.29,7.449666693888291,0,NoWC,0,NoSA,manufacturing,3,satisfactory,300,0.007,0.163,4,more250
25768,2006,8,1662.162162162162,7.415874541150385,0,NoWC,0,NoSA,manufacturing,3,satisfactory,296,0.007,0.233,4,more250
25777,2001,3,2700.49271373057,7.90118952191065,0,NoWC,0,NoSA,manufacturing,4,good,193,0.358,0.492,3,less250
25777,2002,4,2451.7289156626507,7.804548734526122,0,NoWC,0,NoSA,manufacturing,3,satisfactory,166,0.404,0.47,3,less250
25777,2003,5,2560.5662650602408,7.847983710302251,0,NoWC,0,NoSA,manufacturing,1,unsatisfactory,166,0.386,0.434,3,less250
25777,2005,7,3349.2662337662337,8.116496566130863,0,NoWC,0,NoSA,manufacturing,3,satisfactory,154,0.403,0.455,3,less250
25777,2006,8,3236.842105263158,8.082353474628169,0,NoWC,0,NoSA,manufacturing,3,satisfactory,152,0.441,0.467,3,less250
25777,2007,9,2702.42,7.901902946855042,0,NoWC,0,NoSA,manufacturing,2,sufficient,150,0.433,0.46,3,less250
25794,2000,2,1087.335193452381,6.991485205227861,0,NoWC,0,NoSA,manufacturing,3,satisfactory,42,0.19,0.667,1,less50
25794,2001,3,859.9711602393617,6.7568988540798625,0,NoWC,0,NoSA,manufacturing,2,sufficient,47,0.128,0.745,1,less50
25794,2002,4,2759.125,7.9226688794613755,0,NoWC,0,NoSA,manufacturing,3,satisfactory,32,0.219,0.781,1,less50
25794,2003,5,1796.625,7.4936651838713955,0,NoWC,0,NoSA,manufacturing,4,good,32,0.219,0.75,1,less50
25821,2012,14,2174.8655462184875,7.684722123781403,1,WC,0,NoSA,public,4,good,119,0.168,0.059,3,less250
25821,2013,15,2644.628099173554,7.880285729179168,1,WC,0,NoSA,public,2,sufficient,121,0.165,0.083,3,less250
25821,2014,16,2501.2377049180327,7.824540970310863,1,WC,0,NoSA,public,4,good,122,0.164,0.082,3,less250
25821,2015,17,2787.7355371900826,7.932984909845316,1,WC,0,NoSA,public,2,sufficient,121,0.198,0.091,3,less250
25821,2016,18,2573.768,7.853126252003799,1,WC,0,NoSA,public,4,good,125,0.2,0.056,3,less250
25821,2017,19,2704.65,7.902727792890487,1,WC,0,NoSA,public,4,good,140,0.157,0.05,3,less250
25821,2018,20,4159.720720720721,8.333203216559557,1,WC,0,NoSA,public,4,good,111,0.171,0.054,3,less250
25821,2019,21,4656.570093457944,8.446034424668767,1,WC,0,NoSA,public,4,good,107,0.159,0.037,3,less250
25825,2004,6,2590.9333333333334,7.859773450139744,1,WC,0,NoSA,manufacturing,4,good,30,0.033,0.9,1,less50
25825,2005,7,2310,7.745002803515839,1,WC,0,NoSA,manufacturing,4,good,30,0.067,0.933,1,less50
25825,2006,8,2180.8064516129034,7.687450019307712,1,WC,0,NoSA,manufacturing,4,good,31,0.419,0.903,1,less50
25828,2013,15,2650.862068965517,7.882640175122345,1,WC,0,NoSA,manufacturing,4,good,29,0.517,0.241,1,less50
25828,2015,17,4211.379310344828,8.34554550017866,1,WC,0,NoSA,manufacturing,4,good,29,0.241,0.276,1,less50
25828,2019,21,6286.36,8.746137485841727,1,WC,0,NoSA,manufacturing,5,very good,25,0.28,0.24,1,less50
25828,2020,22,4923.04,8.501681504852147,1,WC,0,NoSA,manufacturing,4,good,25,0.28,0.24,1,less50
25839,2014,16,1671.957671957672,7.4217504775094065,0,NoWC,0,NoSA,buservices,4,good,189,0.222,0.175,3,less250
25839,2015,17,2892.60101010101,7.969911379841331,0,NoWC,0,NoSA,buservices,4,good,198,0.465,0.177,3,less250
25839,2016,18,3010.0257731958764,8.00970392022981,0,NoWC,0,NoSA,buservices,4,good,194,0.201,0.165,3,less250
25839,2017,19,2946.1666666666665,7.988260169307828,0,NoWC,0,NoSA,buservices,4,good,198,0.444,0.162,3,less250
25839,2018,20,2811.874418604651,7.941606592831121,0,NoWC,0,NoSA,buservices,4,good,215,0.391,0.172,3,less250
25839,2019,21,3248.624505928854,8.085986956792167,0,NoWC,0,NoSA,buservices,3,satisfactory,253,0.292,0.17,4,more250
25845,1998,0,495.1904350828729,6.204942405923087,1,WC,0,NoSA,construction,2,sufficient,181,0.017,0.95,3,less250
25845,1999,1,1084.1211756993007,6.988524961452498,1,WC,0,NoSA,construction,3,satisfactory,143,0.035,0.979,3,less250
25845,2000,2,917.7996945488721,6.821979169152737,1,WC,0,NoSA,construction,4,good,133,0.023,0.962,3,less250
25856,2013,15,967.2,6.874405299300583,1,WC,1,SA,health,5,very good,25,0.08,0.28,1,less50
25856,2014,16,1242.4545454545455,7.12484417416643,1,WC,1,SA,health,5,very good,22,0.045,0.364,1,less50
25856,2015,17,1576.95,7.36324788068995,0,NoWC,1,SA,health,4,good,20,0.25,0.25,1,less50
25856,2016,18,1426.7857142857142,7.263179441019217,0,NoWC,1,SA,health,4,good,28,0.179,0.286,1,less50
25856,2017,19,1345.68,7.204654740483527,0,NoWC,1,SA,health,4,good,25,0.16,0.32,1,less50
25856,2019,21,1614.5,7.38678059019833,0,NoWC,1,SA,health,4,good,28,0.321,0.357,1,less50
25856,2021,23,2971.086956521739,7.996683143469751,0,NoWC,1,SA,buservices,3,satisfactory,23,0.261,0.304,1,less50
25863,2004,6,5648.528301886792,8.639150312668159,1,WC,0,NoSA,buservices,4,good,53,0.038,0.679,2,less100
25863,2011,13,3362.7906976744184,8.12052647301324,0,NoWC,0,NoSA,construction,2,sufficient,86,0.035,0.779,2,less100
25863,2012,14,2828.3720930232557,7.947456592980538,0,NoWC,0,NoSA,construction,1,unsatisfactory,86,0.012,0.733,2,less100
25863,2013,15,2733.8444444444444,7.913464118973353,0,NoWC,0,NoSA,construction,2,sufficient,90,0.033,0.767,2,less100
25863,2014,16,3397.8494623655915,8.130897999415794,0,NoWC,0,NoSA,construction,1,unsatisfactory,93,0.011,0.763,2,less100
25863,2015,17,3668.774509803922,8.20761296425022,0,NoWC,0,NoSA,construction,3,satisfactory,102,0.02,0.745,3,less250
25863,2016,18,3179.16814159292,8.064374850859359,0,NoWC,0,NoSA,construction,2,sufficient,113,0.018,0.504,3,less250
25863,2019,21,2814.8849557522126,7.942676671444596,0,NoWC,0,NoSA,construction,2,sufficient,113,0.009,0.752,3,less250
25863,2021,23,10496.268292682927,9.258775072278956,0,NoWC,0,NoSA,construction,4,good,41,0.049,0.829,1,less50
25892,2001,3,1938.8001143292684,7.569824562940307,1,WC,0,NoSA,buservices,3,satisfactory,82,0.049,0.524,2,less100
25892,2002,4,1599.7317073170732,7.37759121124069,1,WC,0,NoSA,buservices,3,satisfactory,82,0.134,0.512,2,less100
25892,2003,5,2322.5731707317073,7.750430975350686,1,WC,0,NoSA,buservices,3,satisfactory,82,0.073,0.476,2,less100
25892,2005,7,3769.5,8.234697645651757,1,WC,0,NoSA,buservices,3,satisfactory,58,0.19,0.759,2,less100
25892,2006,8,4946.8,8.506496181867902,1,WC,0,NoSA,buservices,3,satisfactory,55,0.2,0.691,2,less100
25900,2019,21,2932.5666666666666,7.9836333140003966,1,WC,0,NoSA,public,4,good,30,0.233,0.9,1,less50
25900,2020,22,3966.037037037037,8.285522647673815,1,WC,0,NoSA,art,4,good,27,0.259,0.852,1,less50
25900,2021,23,3517.0967741935483,8.165391148215281,1,WC,0,NoSA,art,3,satisfactory,31,0.129,0.871,1,less50
25901,2007,9,294.3695652173913,5.6848360024937294,1,WC,0,NoSA,buservices,3,satisfactory,46,0.065,0.022,1,less50
25901,2008,10,300.9047619047619,5.7067938090500325,1,WC,0,NoSA,buservices,4,good,42,0.071,0.024,1,less50
25901,2009,11,439.79487179487177,6.086308417740882,1,WC,0,NoSA,buservices,3,satisfactory,39,0.077,0.026,1,less50
25901,2010,12,381.15555555555557,5.943207574100208,1,WC,0,NoSA,buservices,4,good,45,0.067,0.022,1,less50
25901,2011,13,349.1698113207547,5.855558369256854,1,WC,0,NoSA,buservices,3,satisfactory,53,0.057,0.019,2,less100
25901,2012,14,361.0925925925926,5.889134414621313,1,WC,0,NoSA,buservices,4,good,54,0.056,0.019,2,less100
25901,2013,15,374.462962962963,5.925492900771455,1,WC,0,NoSA,buservices,4,good,54,0.056,0.019,2,less100
25901,2014,16,391.18518518518516,5.969181067262549,1,WC,0,NoSA,buservices,4,good,54,0.056,0.019,2,less100
25901,2015,17,556.6111111111111,6.3218668113630985,1,WC,0,NoSA,buservices,4,good,54,0.056,0.019,2,less100
25901,2016,18,709.0208333333334,6.563884910209497,1,WC,0,NoSA,buservices,2,sufficient,48,0.083,0.021,1,less50
25901,2017,19,892.2558139534884,6.793752878407868,1,WC,0,NoSA,buservices,2,sufficient,43,0.07,0.047,1,less50
25901,2018,20,857.6,6.754137790316538,1,WC,0,NoSA,buservices,2,sufficient,40,0.075,0.05,1,less50
25901,2019,21,879.5897435897435,6.779455598300827,1,WC,0,NoSA,buservices,2,sufficient,39,0.103,0.026,1,less50
25901,2020,22,1374.9615384615386,7.226181037681475,1,WC,0,NoSA,edu,2,sufficient,26,0.077,0.077,1,less50
25901,2021,23,1040.96875,6.9479070489520875,1,WC,0,NoSA,edu,2,sufficient,32,0.062,0.031,1,less50
25911,2000,2,2367.997265625,7.769799841284057,1,WC,0,NoSA,manufacturing,3,satisfactory,20,0.2,0.2,1,less50
25911,2001,3,2133.2119140625,7.665384063776714,1,WC,0,NoSA,manufacturing,3,satisfactory,20,0.15,0.2,1,less50
25911,2002,4,1805.3,7.498482061942612,1,WC,0,NoSA,manufacturing,3,satisfactory,20,0.1,0.15,1,less50
25911,2003,5,1749.3333333333333,7.466990041955815,1,WC,0,NoSA,manufacturing,4,good,21,0.095,0.143,1,less50
25911,2004,6,2249.1428571428573,7.718304470236721,1,WC,0,NoSA,manufacturing,3,satisfactory,21,0.095,0.143,1,less50
25911,2005,7,2003.7727272727273,7.602787046228859,1,WC,0,NoSA,manufacturing,4,good,22,0.136,0.136,1,less50
25918,2010,12,1053.111111111111,6.959504025191314,0,NoWC,0,NoSA,manufacturing,2,sufficient,36,0.083,0.028,1,less50
25918,2011,13,2212.945945945946,7.7020799140617955,0,NoWC,0,NoSA,manufacturing,3,satisfactory,37,0.081,0,1,less50
25918,2013,15,2382.840909090909,7.7760487141025845,0,NoWC,0,NoSA,manufacturing,2,sufficient,44,0.023,0.023,1,less50
25918,2014,16,2473.2615384615383,7.813293019495811,0,NoWC,0,NoSA,manufacturing,4,good,65,0.031,0.169,2,less100
25945,1998,0,1477.7221820809248,7.2982571150176865,0,NoWC,0,NoSA,finance,4,good,692,0.007,0.129,4,more250
25945,1999,1,1268.8995437956205,7.145905302875356,0,NoWC,0,NoSA,finance,3,satisfactory,685,0.006,0.109,4,more250
25945,2000,2,1051.8004201680671,6.958258660630413,0,NoWC,0,NoSA,finance,3,satisfactory,595,0.005,0.166,4,more250
25945,2001,3,1029.129588091354,6.9364686638536215,0,NoWC,0,NoSA,finance,3,satisfactory,613,0.003,0.148,4,more250
25967,2009,11,2217.310344827586,7.704050183954578,1,WC,0,NoSA,resthotels,5,very good,58,0.052,0.621,2,less100
25967,2010,12,2254.2586206896553,7.720576426566851,1,WC,0,NoSA,resthotels,1,unsatisfactory,58,0.052,0.603,2,less100
25967,2011,13,2283.934426229508,7.733654860306626,1,WC,0,NoSA,resthotels,4,good,61,0.049,0.459,2,less100
25967,2012,14,2415.864406779661,7.789812434458086,1,WC,0,NoSA,resthotels,5,very good,59,0.051,0.559,2,less100
25967,2013,15,2371.7868852459014,7.771398910063473,1,WC,0,NoSA,resthotels,5,very good,61,0.098,0.623,2,less100
25967,2014,16,3659.3225806451615,8.205033322009232,1,WC,0,NoSA,resthotels,5,very good,62,0.129,0.661,2,less100
25967,2016,18,1656.2575757575758,7.4123158637663815,1,WC,0,NoSA,resthotels,5,very good,66,0.106,0.682,2,less100
25967,2017,19,1688.7272727272727,7.431730431139302,1,WC,0,NoSA,resthotels,5,very good,66,0.076,0.652,2,less100
25967,2018,20,1945.4262295081967,7.573236373179955,1,WC,0,NoSA,resthotels,5,very good,61,0.082,0.656,2,less100
25967,2019,21,2014.051724137931,7.607903755241638,1,WC,0,NoSA,resthotels,4,good,58,0.103,0.672,2,less100
25967,2021,23,1915.6785714285713,7.557827184242754,1,WC,0,NoSA,resthotels,1,unsatisfactory,56,0.107,0.661,2,less100
25970,2009,11,2435.5384615384614,7.797923145172186,1,WC,0,NoSA,manufacturing,4,good,52,0.038,0.269,2,less100
25970,2011,13,2405.0851063829787,7.785340569183177,1,WC,0,NoSA,manufacturing,5,very good,47,0.064,0.255,1,less50
25970,2012,14,2513.0208333333335,7.829240827733396,1,WC,0,NoSA,manufacturing,4,good,48,0.042,0.25,1,less50
25970,2014,16,1368.591836734694,7.221537633817498,1,WC,0,NoSA,manufacturing,4,good,49,0.163,0.286,1,less50
25970,2015,17,1592.14,7.3728343022363525,1,WC,0,NoSA,manufacturing,4,good,50,0.22,0.26,1,less50
25970,2016,18,1474.54,7.296101355727323,1,WC,0,NoSA,manufacturing,4,good,50,0.12,0.24,1,less50
25970,2017,19,1491.5686274509803,7.307583615267021,1,WC,0,NoSA,manufacturing,4,good,51,0.157,0.216,2,less100
25970,2018,20,1764.2156862745098,7.475461500222906,1,WC,0,NoSA,manufacturing,4,good,51,0.118,0.275,2,less100
25970,2019,21,1951.1568627450981,7.576177738593106,1,WC,0,NoSA,manufacturing,4,good,51,0.157,0.275,2,less100
25978,1998,0,1008.1403315727699,6.91586265677154,0,NoWC,0,NoSA,manufacturing,2,sufficient,213,0.005,0.789,3,less250
25978,1999,1,1071.3820465686274,6.97670472632366,0,NoWC,0,NoSA,manufacturing,3,satisfactory,204,0.005,0.73,3,less250
25978,2001,3,1062.687748015873,6.968556589203196,0,NoWC,0,NoSA,manufacturing,4,good,126,0.008,0.746,3,less250
25978,2002,4,1321.7238095238095,7.186692079919285,0,NoWC,0,NoSA,manufacturing,3,satisfactory,105,0.01,0.638,3,less250
25978,2006,8,1225.0641025641025,7.11074845023349,0,NoWC,0,NoSA,manufacturing,3,satisfactory,78,0.013,0.821,2,less100
25978,2008,10,1539.3013698630136,7.339083936541582,0,NoWC,0,NoSA,manufacturing,3,satisfactory,73,0.027,0.726,2,less100
25978,2009,11,1636.9473684210527,7.400588425614843,0,NoWC,0,NoSA,manufacturing,1,unsatisfactory,76,0.013,0.737,2,less100
25978,2011,13,1476.73417721519,7.2975882915304435,0,NoWC,0,NoSA,manufacturing,2,sufficient,79,0.013,0.785,2,less100
25981,1999,1,3606.6053779069766,8.190522270401372,0,NoWC,0,NoSA,manufacturing,4,good,43,0.07,0,1,less50
25981,2000,2,3102.6625548245615,8.040015910492524,0,NoWC,0,NoSA,manufacturing,4,good,57,0.035,0.018,2,less100
25981,2001,3,2795.7133861940297,7.935842589585048,0,NoWC,0,NoSA,manufacturing,4,good,67,0.03,0.015,2,less100
25981,2002,4,4702.368421052632,8.45582158014632,0,NoWC,0,NoSA,manufacturing,4,good,38,0.053,0.026,1,less50
25982,2012,14,3109.2727272727275,8.042144128074629,1,WC,0,NoSA,edu,4,good,22,0.227,0.182,1,less50
25982,2013,15,2289.2272727272725,7.735969604113846,1,WC,0,NoSA,edu,4,good,22,0.636,0.182,1,less50
25982,2015,17,2582.0416666666665,7.856335708637601,1,WC,0,NoSA,edu,4,good,24,0.5,0.167,1,less50
25982,2021,23,4140.28,8.328518697382604,1,WC,0,NoSA,art,3,satisfactory,25,0.04,0.28,1,less50
25986,2011,13,3706.7619047619046,8.217913972537115,1,WC,0,NoSA,health,5,very good,42,0.048,0.262,1,less50
25986,2014,16,5436.5952380952385,8.60090826855811,1,WC,0,NoSA,health,5,very good,42,0.143,0.119,1,less50
25986,2015,17,6034.2558139534885,8.705207814238557,1,WC,0,NoSA,health,4,good,43,0.116,0.326,1,less50
25986,2016,18,5766.066666666667,8.6597454401618,1,WC,0,NoSA,health,4,good,45,0.111,0.111,1,less50
25986,2017,19,5741.531914893617,8.655481337834185,1,WC,0,NoSA,health,4,good,47,0.106,0.128,1,less50
25986,2018,20,5405.6875,8.595206919024228,1,WC,0,NoSA,health,1,unsatisfactory,48,0.021,0.104,1,less50
25986,2019,21,5507.183673469388,8.613808641433618,1,WC,0,NoSA,health,3,satisfactory,49,0.02,0.143,1,less50
25994,2014,16,4315.772727272727,8.370031666806346,1,WC,0,NoSA,buservices,3,satisfactory,22,0.045,0.818,1,less50
25994,2015,17,3553.8636363636365,8.175790638919295,1,WC,0,NoSA,buservices,4,good,22,0.136,0.818,1,less50
25994,2017,19,1688.9166666666667,7.431842576731313,1,WC,0,NoSA,buservices,3,satisfactory,48,0.021,0.938,1,less50
25994,2018,20,1742.2,7.462903961384792,1,WC,0,NoSA,buservices,2,sufficient,50,0.02,0.92,1,less50
26008,1998,0,1988.1774075875487,7.594973622464085,0,NoWC,0,NoSA,edu,4,good,257,0.019,0.405,4,more250
26008,1999,1,2145.6213521400778,7.671184464071893,0,NoWC,0,NoSA,edu,4,good,257,0.113,0.304,4,more250
26008,2000,2,5623.383578431372,8.6346888219413,0,NoWC,0,NoSA,edu,2,sufficient,102,0.049,0.265,3,less250
26008,2001,3,2373.751096491228,7.772226724050023,0,NoWC,1,SA,edu,4,good,228,0.022,0.377,3,less250
26008,2002,4,2488.8888888888887,7.819591660506911,0,NoWC,0,NoSA,edu,3,satisfactory,225,0.022,0.396,3,less250
26008,2004,6,2212.3893805309735,7.701828378132043,1,WC,1,SA,edu,5,very good,226,0.022,0.504,3,less250
26008,2005,7,2282.2433628318586,7.732914169272206,1,WC,0,NoSA,edu,4,good,226,0.027,0.504,3,less250
26008,2006,8,2176.991150442478,7.685698996202159,0,NoWC,0,NoSA,edu,4,good,226,0.044,0.504,3,less250
26008,2007,9,1793.641592920354,7.492003241679012,1,WC,0,NoSA,edu,1,unsatisfactory,226,0.027,0.327,3,less250
26015,2001,3,2441.9031113537117,7.800532977943208,0,NoWC,1,SA,manufacturing,5,very good,229,0.087,0.118,3,less250
26015,2002,4,1693.672064777328,7.434654270153762,0,NoWC,1,SA,manufacturing,1,unsatisfactory,247,0.19,0.126,3,less250
26015,2003,5,1343.2844036697247,7.2028729415420445,0,NoWC,1,SA,manufacturing,4,good,218,0.151,0.115,3,less250
26015,2004,6,352.1363636363636,5.8640184972735865,0,NoWC,0,NoSA,manufacturing,4,good,220,0.132,0.1,3,less250
26015,2005,7,471.78823529411767,6.156530230872333,0,NoWC,0,NoSA,manufacturing,4,good,170,0.082,0.129,3,less250
26015,2006,8,468.8728323699422,6.15033158534672,0,NoWC,0,NoSA,manufacturing,4,good,173,0.104,0.116,3,less250
26015,2007,9,853.7931034482758,6.749688896812058,0,NoWC,0,NoSA,manufacturing,4,good,174,0.115,0.121,3,less250
26022,1999,1,7518.546875,8.925128163564207,0,NoWC,0,NoSA,public,4,good,24,0.583,0,1,less50
26022,2000,2,4292.330255681818,8.364585047594113,0,NoWC,0,NoSA,public,3,satisfactory,44,0.386,0,1,less50
26022,2001,3,4928.81631097561,8.50285413901472,0,NoWC,0,NoSA,public,3,satisfactory,41,0.171,0.049,1,less50
26022,2002,4,5915.294117647059,8.685296499207913,0,NoWC,0,NoSA,public,4,good,34,0.382,0.029,1,less50
26022,2003,5,5982.705882352941,8.696628233290324,0,NoWC,0,NoSA,public,3,satisfactory,34,0.353,0.029,1,less50
26022,2004,6,4004.037037037037,8.29505839040158,0,NoWC,0,NoSA,public,1,unsatisfactory,54,0.278,0.019,2,less100
26022,2005,7,4521.1875,8.416529959560034,0,NoWC,0,NoSA,public,1,unsatisfactory,48,0.354,0,1,less50
26072,2016,18,3106.809523809524,8.041351602013153,1,WC,0,NoSA,wholesretail,4,good,21,0.19,0.095,1,less50
26072,2018,20,3243.8571428571427,8.084518376921963,1,WC,0,NoSA,wholesretail,2,sufficient,21,0.238,0.048,1,less50
26072,2019,21,3243.8571428571427,8.084518376921963,1,WC,0,NoSA,wholesretail,4,good,21,0.238,0.048,1,less50
26077,2016,18,1847.9154929577464,7.521813522237062,1,WC,0,NoSA,health,4,good,71,0.451,0.592,2,less100
26077,2018,20,3690.9692307692308,8.2136443667094845,1,WC,0,NoSA,health,4,good,65,0.446,0.585,2,less100
26077,2019,21,2797.492537313433,7.9364787725555095,1,WC,0,NoSA,health,2,sufficient,67,0.463,0.537,2,less100
26077,2020,22,3462.277777777778,8.14968196873282,1,WC,0,NoSA,buservices,4,good,72,0.444,0.556,2,less100
26077,2021,23,3079.2428571428572,8.032439020144585,1,WC,0,NoSA,buservices,3,satisfactory,70,0.386,0.571,2,less100
26084,2008,10,3516.15,8.165121920011106,1,WC,0,NoSA,construction,2,sufficient,20,0.4,0.7,1,less50
26084,2009,11,3244.0476190476193,8.084577094242123,1,WC,0,NoSA,construction,3,satisfactory,21,0.19,0.667,1,less50
26084,2010,12,2961.9565217391305,7.993605316036396,1,WC,0,NoSA,construction,3,satisfactory,23,0.13,0.652,1,less50
26084,2012,14,3139.3928571428573,8.051784702608492,1,WC,0,NoSA,construction,2,sufficient,28,0.214,0.643,1,less50
26088,2005,7,1107.8461538461538,7.010173007347276,1,WC,0,NoSA,manufacturing,5,very good,26,0.077,0.231,1,less50
26088,2006,8,1094.08,6.997669106450936,1,WC,0,NoSA,manufacturing,4,good,25,0.08,0.2,1,less50
26088,2007,9,1013.0370370370371,6.920708065314808,1,WC,0,NoSA,manufacturing,3,satisfactory,27,0.074,0.481,1,less50
26088,2008,10,783.4166666666666,6.66366469579055,1,WC,0,NoSA,manufacturing,3,satisfactory,36,0.194,0.139,1,less50
26088,2009,11,795.5142857142857,6.678988805774089,1,WC,0,NoSA,manufacturing,3,satisfactory,35,0.314,0.143,1,less50
26088,2010,12,895.0571428571428,6.7968875630044945,1,WC,0,NoSA,manufacturing,3,satisfactory,35,0.143,0.086,1,less50
26088,2011,13,806.3823529411765,6.69255801332415,1,WC,0,NoSA,manufacturing,3,satisfactory,34,0.059,0.059,1,less50
26137,2015,17,649.3863636363636,6.476027861044154,1,WC,0,NoSA,wholesretail,3,satisfactory,44,0.068,0.841,1,less50
26137,2016,18,663.2340425531914,6.497127933253393,1,WC,0,NoSA,wholesretail,3,satisfactory,47,0.043,0.745,1,less50
26137,2017,19,698.6734693877551,6.549183493444537,1,WC,0,NoSA,wholesretail,3,satisfactory,49,0.041,0.755,1,less50
26137,2018,20,1023.7954545454545,6.931272034226026,0,NoWC,0,NoSA,wholesretail,2,sufficient,44,0.045,0.705,1,less50
26137,2019,21,741.9411764705883,6.609269963030977,0,NoWC,0,NoSA,wholesretail,3,satisfactory,51,0.039,0.725,2,less100
26137,2020,22,900.925925925926,6.803423041049877,0,NoWC,0,NoSA,wholesretail,3,satisfactory,54,0.019,0.833,2,less100
26137,2021,23,458.10169491525426,6.127091200766346,0,NoWC,0,NoSA,wholesretail,4,good,59,0.017,0.729,2,less100
26145,2002,4,4761.64,8.468347425701069,0,NoWC,0,NoSA,public,2,sufficient,25,0.12,0.6,1,less50
26145,2003,5,6944.041666666667,8.845639256706209,0,NoWC,0,NoSA,public,2,sufficient,24,0.125,0.625,1,less50
26145,2005,7,10723.095238095239,9.28015512784584,0,NoWC,0,NoSA,public,2,sufficient,21,0.143,0.381,1,less50
26145,2006,8,10449.1,9.254271129282124,0,NoWC,0,NoSA,public,1,unsatisfactory,30,0.1,0.4,1,less50
26160,2007,9,2191.1513513513514,7.692182415872973,0,NoWC,0,NoSA,wholesretail,3,satisfactory,185,0.665,0.881,3,less250
26160,2011,13,1296.8609865470853,7.167701997806628,0,NoWC,0,NoSA,wholesretail,4,good,223,0.758,0.888,3,less250
26160,2013,15,1415.929203539823,7.2555412755036235,0,NoWC,0,NoSA,wholesretail,3,satisfactory,226,0.832,0.876,3,less250
26160,2014,16,1663.157894736842,7.416473420408563,0,NoWC,0,NoSA,wholesretail,4,good,190,0.974,0.884,3,less250
26160,2015,17,1972.205357142857,7.586907666222933,0,NoWC,0,NoSA,wholesretail,4,good,224,0.821,0.875,3,less250
26160,2016,18,1999.570796460177,7.600687834741916,0,NoWC,0,NoSA,wholesretail,4,good,226,0.779,0.881,3,less250
26160,2018,20,1916.9442231075698,7.5584876466951565,0,NoWC,0,NoSA,wholesretail,4,good,251,0.697,0.837,4,more250
26160,2019,21,1861.5130111524163,7.5291448828947996,0,NoWC,0,NoSA,wholesretail,2,sufficient,269,0.699,0.859,4,more250
26160,2020,22,1849.6678571428572,7.522761365274195,0,NoWC,0,NoSA,wholesretail,4,good,280,0.65,0.854,4,more250
26160,2021,23,1911.9520295202951,7.5558800041335825,0,NoWC,0,NoSA,wholesretail,4,good,271,0.661,0.838,4,more250
26178,2019,21,3248.54,8.085960943620181,0,NoWC,0,NoSA,wholesretail,5,very good,50,0.42,0.2,1,less50
26178,2020,22,2736.66,7.914493477721804,0,NoWC,0,NoSA,wholesretail,5,very good,50,0.2,0.24,1,less50
26178,2021,23,2376.5348837209303,7.773398774558129,0,NoWC,0,NoSA,wholesretail,5,very good,43,0.721,0.279,1,less50
26183,2002,4,2426.754716981132,7.7943101363346035,0,NoWC,0,NoSA,mining,3,satisfactory,53,0.057,0.491,2,less100
26183,2003,5,1678.4038461538462,7.425598529199134,0,NoWC,0,NoSA,mining,2,sufficient,52,0.058,0.404,2,less100
26183,2004,6,1762.408163265306,7.474436427380099,0,NoWC,0,NoSA,mining,3,satisfactory,49,0.061,0.388,1,less50
26183,2006,8,2195.9268292682927,7.6943594820689665,0,NoWC,0,NoSA,mining,4,good,41,0.073,0.39,1,less50
26183,2007,9,1957.2391304347825,7.579290152284179,0,NoWC,0,NoSA,mining,4,good,46,0.065,0.435,1,less50
26188,2019,21,4656.857142857143,8.446096066724264,0,NoWC,0,NoSA,resthotels,5,very good,49,0.898,0.816,1,less50
26188,2020,22,2282.796296296296,7.733156416222257,0,NoWC,0,NoSA,finance,4,good,54,0.796,0.593,2,less100
26188,2021,23,2462.8571428571427,7.809077395162371,0,NoWC,0,NoSA,finance,4,good,56,0.821,0.625,2,less100
26220,2005,7,2025,7.613324979540639,1,WC,0,NoSA,wholesretail,4,good,22,0.045,0.136,1,less50
26220,2006,8,2025,7.613324979540639,1,WC,0,NoSA,wholesretail,3,satisfactory,22,0.045,0.136,1,less50
26220,2007,9,1725.7272727272727,7.453403847992171,1,WC,0,NoSA,wholesretail,4,good,22,0.045,0.227,1,less50
26220,2008,10,1782,7.485491608030754,1,WC,0,NoSA,wholesretail,4,good,25,0.04,0.24,1,less50
26220,2009,11,2215.714285714286,7.7033301071152716,1,WC,0,NoSA,wholesretail,3,satisfactory,21,0.048,0.238,1,less50
26220,2010,12,3192.8,8.068653553734524,1,WC,0,NoSA,wholesretail,2,sufficient,20,0.15,0.15,1,less50
26220,2012,14,2213.5,7.702330252172196,1,WC,0,NoSA,wholesretail,5,very good,26,0.154,0.192,1,less50
26220,2015,17,4261.7307692307695,8.357430640609467,1,WC,0,NoSA,wholesretail,4,good,26,0.308,0.269,1,less50
26220,2016,18,2862.5172413793102,7.959456671033634,1,WC,0,NoSA,wholesretail,4,good,29,0.034,0.241,1,less50
26220,2017,19,2475.03125,7.814008301185706,0,NoWC,0,NoSA,wholesretail,4,good,32,0.188,0.219,1,less50
26220,2018,20,2613.030303030303,7.86826586247989,0,NoWC,0,NoSA,wholesretail,4,good,33,0.485,0.212,1,less50
26220,2019,21,2117.0526315789475,7.657780132223533,0,NoWC,0,NoSA,wholesretail,4,good,38,0.421,0.184,1,less50
26220,2020,22,2043.2432432432433,7.6222936495234,0,NoWC,0,NoSA,wholesretail,3,satisfactory,37,0.432,0.189,1,less50
26220,2021,23,1843.4864864864865,7.519413887290123,0,NoWC,0,NoSA,wholesretail,4,good,37,0.189,0.216,1,less50
26239,2001,3,407.9589181673729,6.0111664785682635,1,WC,0,NoSA,manufacturing,4,good,59,0.203,0.847,2,less100
26239,2002,4,277.38709677419354,5.62541399192575,1,WC,1,SA,manufacturing,3,satisfactory,62,0.177,0.887,2,less100
26239,2003,5,444.93055555555554,6.097918215057066,1,WC,1,SA,manufacturing,3,satisfactory,72,0.194,0.764,2,less100
26239,2004,6,348.6119402985075,5.853959384646511,1,WC,1,SA,manufacturing,3,satisfactory,67,0.209,0.776,2,less100
26239,2005,7,537.53125,6.286986897846664,1,WC,1,SA,manufacturing,4,good,64,0.219,0.781,2,less100
26296,2008,10,1682.7073170731708,7.428159273585124,1,WC,0,NoSA,public,4,good,41,0.244,0.415,1,less50
26296,2009,11,1244.9411764705883,7.126843559967806,1,WC,0,NoSA,public,4,good,51,0.137,0.451,2,less100
26296,2010,12,1122.3061224489795,7.023140885276848,1,WC,0,NoSA,public,1,unsatisfactory,49,0.429,0.367,1,less50
26296,2011,13,942.7916666666666,6.848845332103382,1,WC,0,NoSA,public,1,unsatisfactory,48,0.333,0.354,1,less50
26296,2012,14,808.2291666666666,6.694845640420159,1,WC,0,NoSA,public,4,good,48,0.25,0.292,1,less50
26296,2013,15,1012.375,6.920054334569154,1,WC,0,NoSA,public,4,good,48,0.125,0.417,1,less50
26322,1998,0,1187.6698606271777,7.079748566207625,0,NoWC,0,NoSA,manufacturing,4,good,861,0.331,0.789,4,more250
26322,1999,1,1155.8459940159576,7.052587817187741,0,NoWC,0,NoSA,manufacturing,4,good,752,0.335,0.791,4,more250
26322,2000,2,1103.7411816578483,7.006460762448291,0,NoWC,0,NoSA,manufacturing,4,good,567,0.418,0.806,4,more250
26322,2001,3,1411.3119407158836,7.252275005176264,0,NoWC,0,NoSA,manufacturing,4,good,447,0.602,0.783,4,more250
26322,2002,4,1421.3197969543148,7.2593411534133985,0,NoWC,0,NoSA,manufacturing,3,satisfactory,394,0.632,0.772,4,more250
26322,2003,5,1224.9972972972973,7.110693916688473,0,NoWC,0,NoSA,manufacturing,2,sufficient,370,0.662,0.711,4,more250
26364,2013,15,1860.4651162790697,7.528581797962456,0,NoWC,0,NoSA,finance,3,satisfactory,172,0.058,0.39,3,less250
26364,2014,16,1837.2093023255813,7.516003015755596,0,NoWC,0,NoSA,finance,4,good,172,0.058,0.523,3,less250
26364,2015,17,6898.9941860465115,8.839130909821664,0,NoWC,0,NoSA,finance,3,satisfactory,172,0.058,0.442,3,less250
26364,2016,18,7397.656976744186,8.908918604291758,0,NoWC,0,NoSA,finance,4,good,172,0.058,0.5,3,less250
26364,2017,19,10169.880794701987,9.22718576770567,0,NoWC,0,NoSA,finance,4,good,151,0.066,0.53,3,less250
26376,2009,11,1230.2972972972973,7.11501112428024,1,WC,0,NoSA,manufacturing,3,satisfactory,37,0.027,0.081,1,less50
26376,2010,12,1395.5294117647059,7.241029128902401,1,WC,0,NoSA,manufacturing,4,good,34,0.029,0.029,1,less50
26376,2011,13,1379,7.229113877793302,1,WC,0,NoSA,manufacturing,4,good,39,0.026,0.103,1,less50
26376,2013,15,2109.7419354838707,7.654320913532309,1,WC,0,NoSA,manufacturing,4,good,31,0.032,0.032,1,less50
26376,2014,16,1981.878787878788,7.591800556550975,1,WC,0,NoSA,manufacturing,4,good,33,0.03,0.03,1,less50
26376,2015,17,2372.705882352941,7.771786305371485,1,WC,0,NoSA,manufacturing,4,good,34,0.029,0.088,1,less50
26376,2016,18,2382.6666666666665,7.775975587611209,1,WC,0,NoSA,manufacturing,4,good,33,0.03,0.091,1,less50
26376,2017,19,2111.9189189189187,7.655352253425821,1,WC,0,NoSA,manufacturing,4,good,37,0.081,0.108,1,less50
26376,2018,20,2101.230769230769,7.650278532619443,1,WC,0,NoSA,manufacturing,4,good,39,0.051,0.128,1,less50
26376,2019,21,2493.181818181818,7.82131501234506,1,WC,0,NoSA,manufacturing,4,good,33,0.03,0.152,1,less50
26376,2020,22,1821.8,7.50758030231071,1,WC,0,NoSA,manufacturing,4,good,35,0.029,0.114,1,less50
26386,2010,12,1754.7058823529412,7.470056533452579,0,NoWC,0,NoSA,manufacturing,4,good,34,0.059,0.088,1,less50
26386,2012,14,1420.4857142857143,7.258754144422634,0,NoWC,0,NoSA,manufacturing,4,good,35,0.057,0.143,1,less50
26386,2013,15,1747.6060606060605,7.4660021650307895,0,NoWC,0,NoSA,manufacturing,4,good,33,0.152,0.152,1,less50
26386,2014,16,1864.375,7.530681155269013,0,NoWC,0,NoSA,manufacturing,4,good,32,0.062,0.156,1,less50
26386,2015,17,2209.6296296296296,7.70058019206441,0,NoWC,0,NoSA,manufacturing,4,good,27,0.074,0.111,1,less50
26386,2016,18,1704.5714285714287,7.441068996579326,0,NoWC,0,NoSA,manufacturing,4,good,28,0.036,0.071,1,less50
26386,2017,19,1655,7.411556287811163,0,NoWC,0,NoSA,manufacturing,4,good,28,0.036,0.107,1,less50
26386,2018,20,1657.2333333333333,7.412904824249892,0,NoWC,0,NoSA,manufacturing,4,good,30,0.1,0.267,1,less50
26386,2021,23,1754.7058823529412,7.470056533452579,0,NoWC,0,NoSA,manufacturing,4,good,34,0.059,0.147,1,less50
26397,2003,5,2183.0416666666665,7.688474443251285,1,WC,0,NoSA,manufacturing,3,satisfactory,24,0.125,0.5,1,less50
26397,2004,6,2029.8333333333333,7.615708966859056,1,WC,0,NoSA,manufacturing,4,good,24,0.167,0.542,1,less50
26397,2005,7,2870.7,7.962311181453327,1,WC,0,NoSA,manufacturing,4,good,20,0.15,0.4,1,less50
26397,2006,8,1876.6666666666667,7.5372524324656265,1,WC,0,NoSA,manufacturing,3,satisfactory,24,0.167,0.542,1,less50
26397,2007,9,1867.148148148148,7.5321674913031655,1,WC,0,NoSA,manufacturing,4,good,27,0.148,0.519,1,less50
26397,2008,10,2109.8,7.654348435247709,1,WC,0,NoSA,manufacturing,4,good,30,0.133,0.467,1,less50
26397,2009,11,2558.0714285714284,7.847008905349959,1,WC,0,NoSA,manufacturing,5,very good,28,0.143,0.5,1,less50
26397,2010,12,1940.4722222222222,7.570686635953719,1,WC,0,NoSA,manufacturing,4,good,36,0.111,0.472,1,less50
26397,2011,13,2451.128205128205,7.804303689433985,1,WC,0,NoSA,manufacturing,4,good,39,0.103,0.487,1,less50
26397,2012,14,2114.1,7.656384469001086,1,WC,0,NoSA,manufacturing,4,good,40,0.1,0.525,1,less50
26397,2013,15,2009.3720930232557,7.605577560718005,1,WC,0,NoSA,manufacturing,4,good,43,0.093,0.465,1,less50
26397,2014,16,2548.6136363636365,7.843304818294994,1,WC,0,NoSA,manufacturing,4,good,44,0.091,0.5,1,less50
26397,2015,17,2639.6923076923076,7.878417639231319,1,WC,0,NoSA,manufacturing,4,good,39,0.103,0.462,1,less50
26397,2016,18,3186.972222222222,8.066826598415192,1,WC,0,NoSA,manufacturing,4,good,36,0.111,0.5,1,less50
26397,2018,20,4120.72972972973,8.323785545526317,1,WC,0,NoSA,manufacturing,4,good,37,0.081,0.568,1,less50
26417,2011,13,1419.1904761904761,7.257841900844013,1,WC,0,NoSA,manufacturing,4,good,21,0.238,0.048,1,less50
26417,2013,15,1407.4761904761904,7.249553443690439,1,WC,0,NoSA,manufacturing,4,good,21,0.238,0.048,1,less50
26417,2014,16,1424.2857142857142,7.261425713900571,1,WC,0,NoSA,manufacturing,4,good,21,0.238,0.048,1,less50
26417,2015,17,1424.2857142857142,7.261425713900571,1,WC,0,NoSA,manufacturing,4,good,21,0.143,0.048,1,less50
26417,2016,18,1548.9,7.3453002805537135,1,WC,0,NoSA,manufacturing,4,good,20,0.15,0.05,1,less50
26417,2018,20,1475.142857142857,7.296510116384281,1,WC,0,NoSA,manufacturing,3,satisfactory,21,0.143,0.048,1,less50
26417,2021,23,1335.2727272727273,7.196890840061901,1,WC,0,NoSA,manufacturing,3,satisfactory,22,0.045,0.136,1,less50
26418,2000,2,2349.400390625,7.761915421655627,1,WC,0,NoSA,edu,3,satisfactory,36,0.028,0.028,1,less50
26418,2001,3,1760.66421875,7.473446413852901,1,WC,0,NoSA,edu,2,sufficient,50,0.02,0.06,1,less50
26418,2002,4,2057.480769230769,7.629237585839632,0,NoWC,0,NoSA,edu,2,sufficient,52,0.077,0.058,2,less100
26449,2012,14,2827.3465346534654,7.947093930532653,0,NoWC,0,NoSA,manufacturing,4,good,101,0.485,0.901,3,less250
26449,2013,15,3168.3168316831684,8.06095575793465,0,NoWC,0,NoSA,manufacturing,4,good,101,0.574,0.901,3,less250
26449,2014,16,2774.4257425742576,7.928199065152699,0,NoWC,0,NoSA,manufacturing,4,good,101,0.485,0.901,3,less250
26449,2017,19,2564.078431372549,7.849354407031585,0,NoWC,0,NoSA,manufacturing,4,good,102,0.471,0.902,3,less250
26449,2019,21,2720.5533980582522,7.908590593764322,0,NoWC,0,NoSA,manufacturing,5,very good,103,0.33,0.893,3,less250
26449,2020,22,1632.3300970873786,7.397763780443338,0,NoWC,0,NoSA,manufacturing,5,very good,103,0.33,0.903,3,less250
26449,2021,23,2198.8454545454547,7.695687708205731,0,NoWC,0,NoSA,manufacturing,5,very good,110,0.3,0.891,3,less250
26484,2002,4,1357.8353658536585,7.213647067966448,0,NoWC,0,NoSA,buservices,3,satisfactory,328,0.012,0.085,4,more250
26484,2003,5,1457.3922829581993,7.284404010147509,0,NoWC,0,NoSA,public,1,unsatisfactory,311,0.01,0.061,4,more250
26484,2005,7,947.1586206896552,6.853466577248176,0,NoWC,0,NoSA,public,4,good,290,0.017,0.103,4,more250
26484,2006,8,1607.8541666666667,7.382655753254634,0,NoWC,0,NoSA,public,4,good,288,0.017,0.08,4,more250
26484,2007,9,1360.278523489933,7.215444754445894,0,NoWC,0,NoSA,public,2,sufficient,298,0.017,0.081,4,more250
26484,2008,10,1164.545171339564,7.06008587890231,0,NoWC,0,NoSA,public,2,sufficient,321,0.019,0.084,4,more250
26484,2009,11,1081.5047021943574,6.986108593228653,0,NoWC,0,NoSA,buservices,2,sufficient,319,0.016,0.082,4,more250
26484,2010,12,821.9493670886076,6.711678795943188,0,NoWC,0,NoSA,buservices,3,satisfactory,316,0.019,0.082,4,more250
26484,2011,13,884.4036697247707,6.784913598369493,0,NoWC,0,NoSA,buservices,3,satisfactory,327,0.021,0.101,4,more250
26484,2012,14,1039.622641509434,6.946613081588884,0,NoWC,0,NoSA,buservices,3,satisfactory,318,0.016,0.085,4,more250
26484,2013,15,1012.6582278481013,6.920334061188997,0,NoWC,0,NoSA,buservices,3,satisfactory,316,0.032,0.108,4,more250
26484,2014,16,981.3664596273292,6.888945947024641,0,NoWC,0,NoSA,buservices,4,good,322,0.022,0.118,4,more250
26484,2016,18,3476.9430379746836,8.153908749352723,0,NoWC,0,NoSA,buservices,3,satisfactory,316,0.07,0.12,4,more250
26484,2017,19,3757.153846153846,8.231416993938087,0,NoWC,0,NoSA,buservices,5,very good,312,0.083,0.128,4,more250
26484,2018,20,4184.092063492063,8.339045009205373,0,NoWC,0,NoSA,public,5,very good,315,0.086,0.13,4,more250
26484,2019,21,5865.543130990415,8.676850362254417,0,NoWC,0,NoSA,public,2,sufficient,313,0.083,0.134,4,more250
26484,2020,22,4968.664536741214,8.510906378102007,0,NoWC,0,NoSA,buservices,4,good,313,0.089,0.134,4,more250
26484,2021,23,5100.508090614887,8.537095439360877,0,NoWC,0,NoSA,buservices,2,sufficient,309,0.097,0.136,4,more250
26499,2014,16,3862.1428571428573,8.258977452760792,0,NoWC,0,NoSA,edu,4,good,21,0.524,0,1,less50
26499,2015,17,3469.5,8.151765770339603,0,NoWC,0,NoSA,edu,5,very good,24,0.5,0,1,less50
26499,2017,19,3469.5,8.151765770339603,0,NoWC,0,NoSA,edu,5,very good,24,0.5,0.083,1,less50
26506,2012,14,2084.0666666666666,7.6420763921248716,1,WC,0,NoSA,finance,4,good,30,0.133,0.3,1,less50
26506,2013,15,1389.3666666666666,7.236603286799738,1,WC,0,NoSA,finance,4,good,30,0.167,0.3,1,less50
26506,2014,16,2515.2413793103447,7.830124053797375,1,WC,0,NoSA,finance,4,good,29,0.207,0.31,1,less50
26506,2015,17,1488.607142857143,7.30559615828669,1,WC,0,NoSA,finance,4,good,28,0.286,0.357,1,less50
26561,2014,16,1284.6227272727272,7.15822035676802,1,WC,0,NoSA,transcom,3,satisfactory,220,0.077,0.232,3,less250
26561,2015,17,1392.6556603773586,7.238967750385117,1,WC,0,NoSA,transcom,4,good,212,0.09,0.307,3,less250
26561,2016,18,1728.545871559633,7.455035797372073,1,WC,0,NoSA,transcom,1,unsatisfactory,218,0.087,0.202,3,less250
26561,2017,19,1425.9867841409691,7.262619333147963,1,WC,0,NoSA,transcom,1,unsatisfactory,227,0.088,0.291,3,less250
26561,2018,20,3816.2235294117645,8.247016607742493,1,WC,0,NoSA,transcom,4,good,85,0.271,0.188,2,less100
26574,2006,8,2504.695652173913,7.825922509999553,1,WC,0,NoSA,transcom,4,good,23,0.304,0.565,1,less50
26574,2007,9,2503.2608695652175,7.825349508759737,1,WC,0,NoSA,transcom,3,satisfactory,23,0.391,0.478,1,less50
26574,2016,18,1455.391304347826,7.2830300811444335,1,WC,0,NoSA,transcom,1,unsatisfactory,23,0.478,0.565,1,less50
26574,2017,19,1738.8636363636363,7.460987096307636,1,WC,0,NoSA,transcom,2,sufficient,22,0.364,0.409,1,less50
26574,2018,20,1554.8636363636363,7.349143127111195,1,WC,0,NoSA,transcom,2,sufficient,22,0.136,0.591,1,less50
26574,2019,21,1787.35,7.488489354963095,1,WC,0,NoSA,transcom,1,unsatisfactory,20,0.15,0.45,1,less50
26574,2020,22,1883.9,7.541099375171329,1,WC,0,NoSA,transcom,1,unsatisfactory,20,0.15,0.6,1,less50
26574,2021,23,1995.45,7.598624867798025,1,WC,0,NoSA,transcom,2,sufficient,20,0.15,0.6,1,less50
26590,2002,4,1895.4491978609626,7.547211133152203,0,NoWC,0,NoSA,manufacturing,3,satisfactory,187,0.251,0.807,3,less250
26590,2004,6,880.6058823529412,6.780610173236819,0,NoWC,0,NoSA,manufacturing,4,good,170,0.3,0.671,3,less250
26590,2005,7,915.3658536585366,6.819323825424759,0,NoWC,0,NoSA,manufacturing,2,sufficient,164,0.299,0.72,3,less250
26590,2006,8,900.3376623376623,6.802769873336933,0,NoWC,0,NoSA,manufacturing,3,satisfactory,154,0.292,0.727,3,less250
26594,2006,8,1223.8805970149253,7.109781906855424,0,NoWC,0,NoSA,transcom,4,good,402,0.012,0.366,4,more250
26594,2007,9,857.0042283298097,6.753442852459365,0,NoWC,0,NoSA,transcom,4,good,473,0.03,0.359,4,more250
26594,2008,10,805.6443965517242,6.6916424498060705,0,NoWC,0,NoSA,transcom,4,good,464,0.03,0.399,4,more250
26596,1998,0,669.1566428571429,6.506018177499605,0,NoWC,1,SA,construction,3,satisfactory,875,0.119,0.728,4,more250
26596,1999,1,705.9129157110092,6.559491881033885,0,NoWC,1,SA,construction,1,unsatisfactory,872,0.117,0.731,4,more250
26596,2000,2,720.9922235023041,6.580628351515693,0,NoWC,1,SA,construction,1,unsatisfactory,868,0.118,0.653,4,more250
26596,2001,3,731.003983198146,6.5944189087064045,0,NoWC,0,NoSA,construction,3,satisfactory,863,0.122,0.647,4,more250
26610,2019,21,3064.9,8.027770221410652,1,WC,0,NoSA,buservices,4,good,30,0.267,0.033,1,less50
26610,2020,22,3212.7,8.074866984074939,1,WC,0,NoSA,buservices,4,good,30,0.333,0.033,1,less50
26610,2021,23,2525.8275862068967,7.834324044922519,1,WC,0,NoSA,buservices,3,satisfactory,29,0.276,0.034,1,less50
26623,2002,4,1734.2222222222222,7.458314304966728,0,NoWC,0,NoSA,manufacturing,2,sufficient,36,0.222,1,1,less50
26623,2003,5,3153.151515151515,8.056157712672608,0,NoWC,0,NoSA,manufacturing,5,very good,33,0.212,0.97,1,less50
26623,2004,6,4861.111111111111,8.48902231444954,0,NoWC,0,NoSA,manufacturing,2,sufficient,36,0.083,0.972,1,less50
26633,2006,8,359.30379746835445,5.884168263137805,0,NoWC,0,NoSA,health,1,unsatisfactory,79,0.025,0.937,2,less100
26633,2007,9,591.3541666666666,6.3824151046969355,0,NoWC,0,NoSA,health,3,satisfactory,96,0.01,0.854,2,less100
26633,2008,10,455.55555555555554,6.12151767535618,0,NoWC,0,NoSA,health,3,satisfactory,108,0.019,0.907,3,less250
26649,1998,0,876.25,6.7756514383488,0,NoWC,0,NoSA,manufacturing,2,sufficient,1167,0.36,0.344,4,more250
26649,1999,1,753.8561903729402,6.625201620868522,0,NoWC,0,NoSA,manufacturing,3,satisfactory,1153,0.356,0.265,4,more250
26649,2000,2,539.5010775862069,6.290644782075633,0,NoWC,0,NoSA,manufacturing,1,unsatisfactory,1160,0.279,0.272,4,more250
26652,2007,9,1973.6153846153845,7.587622360389155,0,NoWC,1,SA,manufacturing,4,good,26,0.038,0.192,1,less50
26652,2009,11,2351.9166666666665,7.762985877551828,1,WC,0,NoSA,construction,3,satisfactory,24,0.042,0.667,1,less50
26652,2010,12,2332.4545454545455,7.754676445052321,1,WC,1,SA,construction,2,sufficient,22,0.045,0.636,1,less50
26652,2012,14,2565.7272727272725,7.849997254541458,1,WC,1,SA,construction,3,satisfactory,22,0.091,0.636,1,less50
26652,2013,15,2565.7272727272725,7.849997254541458,1,WC,1,SA,construction,3,satisfactory,22,0.045,0.545,1,less50
26652,2014,16,2257.84,7.722163883031573,0,NoWC,1,SA,construction,3,satisfactory,25,0.08,0.48,1,less50
26652,2015,17,2668.36,7.889219330466672,0,NoWC,1,SA,construction,2,sufficient,25,0.12,0.44,1,less50
26652,2016,18,2900.391304347826,7.972600939405723,1,WC,1,SA,construction,2,sufficient,23,0.261,0.478,1,less50
26652,2017,19,2668.36,7.889219330466672,1,WC,0,NoSA,construction,2,sufficient,25,0.16,0.44,1,less50
26652,2019,21,2565.730769230769,7.849998617313391,1,WC,1,SA,construction,4,good,26,0.077,0.462,1,less50
26652,2020,22,3176.6190476190477,8.06357271761145,1,WC,1,SA,construction,4,good,21,0.048,0.381,1,less50
26671,2009,11,549.3630573248407,6.308759529545298,1,WC,0,NoSA,buservices,5,very good,628,0.326,0.503,4,more250
26671,2010,12,494.7352380952381,6.204022746938476,1,WC,0,NoSA,buservices,4,good,525,0.379,0.528,4,more250
26671,2011,13,486.0504201680672,6.186312363721117,0,NoWC,0,NoSA,buservices,4,good,595,0.291,0.511,4,more250
26671,2013,15,537.8151260504202,6.28751486923028,1,WC,0,NoSA,buservices,3,satisfactory,595,0.277,0.555,4,more250
26723,2019,21,1411.15625,7.2521646827878286,1,WC,0,NoSA,manufacturing,5,very good,32,0.312,0.125,1,less50
26723,2020,22,2281.375,7.732533610350185,1,WC,0,NoSA,manufacturing,3,satisfactory,32,0.25,0.188,1,less50
26723,2021,23,1426.5172413793102,7.262991257071443,1,WC,0,NoSA,manufacturing,3,satisfactory,29,0.448,0.207,1,less50
26750,2000,2,1554.4823232323233,7.348897858081515,0,NoWC,0,NoSA,manufacturing,5,very good,99,0.03,0.939,2,less100
26750,2001,3,2069.9710582386365,7.635289904634443,0,NoWC,0,NoSA,manufacturing,2,sufficient,88,0.068,0.932,2,less100
26750,2002,4,2434.550561797753,7.797517444270406,0,NoWC,0,NoSA,manufacturing,3,satisfactory,89,0.146,0.955,2,less100
26750,2005,7,2149.4329896907216,7.672959360614718,0,NoWC,0,NoSA,manufacturing,2,sufficient,97,0.175,0.938,2,less100
26750,2007,9,3296.9714285714285,8.100759577147445,1,WC,0,NoSA,manufacturing,3,satisfactory,70,0.3,0.957,2,less100
26756,2007,9,2138.733333333333,7.667969032462227,1,WC,0,NoSA,transcom,4,good,30,0.067,0.4,1,less50
26756,2008,10,3564.5333333333333,8.178788421989154,1,WC,0,NoSA,transcom,1,unsatisfactory,30,0.067,0.3,1,less50
26756,2011,13,2851.633333333333,7.955647208519148,1,WC,0,NoSA,transcom,1,unsatisfactory,30,0.033,0.267,1,less50
26797,2009,11,5406.607142857143,8.595377029604775,1,WC,0,NoSA,health,3,satisfactory,56,0.857,0.143,2,less100
26797,2010,12,3819.6470588235293,8.247913304353993,1,WC,0,NoSA,health,3,satisfactory,68,0.662,0.147,2,less100
26797,2012,14,4861.764705882353,8.489156759192953,1,WC,0,NoSA,health,3,satisfactory,68,0.588,0.162,2,less100
26799,2004,6,4420.772727272727,8.39406978496643,1,WC,0,NoSA,art,3,satisfactory,22,0.045,0.182,1,less50
26799,2005,7,4363.045454545455,8.380925591255327,1,WC,0,NoSA,art,3,satisfactory,22,0.045,0.182,1,less50
26799,2007,9,4003.090909090909,8.294822068974748,1,WC,0,NoSA,art,3,satisfactory,22,0.045,0.182,1,less50
26799,2008,10,3826.913043478261,8.24981376331709,1,WC,0,NoSA,art,4,good,23,0.043,0.304,1,less50
26816,2011,13,3213.3333333333335,8.075064098936481,1,WC,0,NoSA,manufacturing,1,unsatisfactory,90,0.156,0.822,2,less100
26816,2012,14,3756.818181818182,8.231327649890854,1,WC,0,NoSA,manufacturing,3,satisfactory,88,0.159,0.841,2,less100
26816,2013,15,3516.4835164835163,8.165216768259059,1,WC,0,NoSA,manufacturing,2,sufficient,91,0.22,0.846,2,less100
26816,2014,16,3397.8494623655915,8.130897999415794,1,WC,0,NoSA,manufacturing,4,good,93,0.172,0.839,2,less100
26816,2015,17,7342.936842105263,8.901494156312246,1,WC,0,NoSA,manufacturing,4,good,95,0.147,0.853,2,less100
26816,2017,19,6154.152173913043,8.724882283218943,1,WC,0,NoSA,manufacturing,3,satisfactory,92,0.185,0.913,2,less100
26816,2018,20,9887.159574468085,9.19899218159374,1,WC,0,NoSA,manufacturing,4,good,94,0.16,0.894,2,less100
26831,2013,15,1414.7375886524824,7.254699343163853,1,WC,0,NoSA,public,2,sufficient,141,0.085,0.021,3,less250
26831,2015,17,1470.304054054054,7.293224497876997,1,WC,0,NoSA,public,2,sufficient,148,0.128,0.02,3,less250
26831,2016,18,1597.4347826086957,7.376154360760247,1,WC,0,NoSA,public,3,satisfactory,138,0.261,0.022,3,less250
26831,2017,19,1884.802919708029,7.541578542537152,1,WC,0,NoSA,public,2,sufficient,137,0.365,0.022,3,less250
26831,2018,20,2041.0681818181818,7.621228568336235,1,WC,0,NoSA,public,2,sufficient,132,0.826,0.023,3,less250
26831,2019,21,8820.075,9.084785652366044,1,WC,0,NoSA,public,3,satisfactory,40,0.9,0.075,1,less50
26854,2008,10,1096.2222222222222,6.999625204457464,0,NoWC,0,NoSA,manufacturing,3,satisfactory,180,0.306,0.456,3,less250
26854,2009,11,1000.4782608695652,6.908233425521424,0,NoWC,0,NoSA,manufacturing,2,sufficient,184,0.527,0.435,3,less250
26854,2011,13,1181.5494505494505,7.0745819497921145,0,NoWC,0,NoSA,manufacturing,3,satisfactory,182,0.599,0.478,3,less250
26854,2012,14,1249.835978835979,7.130767604755436,0,NoWC,0,NoSA,manufacturing,3,satisfactory,189,0.545,0.492,3,less250
26856,2000,2,698.4247159090909,6.548827393230663,0,NoWC,0,NoSA,manufacturing,4,good,77,0.052,0.312,2,less100
26856,2001,3,660.6754261363636,6.4932626846652575,0,NoWC,0,NoSA,manufacturing,2,sufficient,77,0.052,0.273,2,less100
26856,2002,4,671.7088607594936,6.509825003728901,0,NoWC,0,NoSA,manufacturing,2,sufficient,79,0.013,0.519,2,less100
26856,2004,6,473.79761904761904,6.160780266485421,0,NoWC,0,NoSA,manufacturing,3,satisfactory,84,0.036,0.238,2,less100
26856,2005,7,454.010989010989,6.118121402618435,0,NoWC,0,NoSA,manufacturing,3,satisfactory,91,0.055,0.176,2,less100
26856,2006,8,384.77777777777777,5.952665967066203,0,NoWC,0,NoSA,manufacturing,3,satisfactory,99,0.051,0.202,2,less100
26856,2008,10,904.76,6.807669715159781,0,NoWC,0,NoSA,manufacturing,4,good,100,0.09,0.2,2,less100
26856,2009,11,957.5578947368421,6.864386183704018,0,NoWC,0,NoSA,manufacturing,3,satisfactory,95,0.095,0.316,2,less100
26856,2010,12,778.021052631579,6.6567535837500404,0,NoWC,0,NoSA,manufacturing,4,good,95,0.095,0.326,2,less100
26856,2011,13,912.6736842105263,6.816378406205355,0,NoWC,0,NoSA,manufacturing,4,good,95,0.105,0.347,2,less100
26856,2014,16,1009.3804347826087,6.917091990701278,0,NoWC,0,NoSA,manufacturing,4,good,92,0.13,0.326,2,less100
26856,2016,18,1111.9591836734694,7.013878768807257,0,NoWC,0,NoSA,manufacturing,2,sufficient,98,0.122,0.276,2,less100
26856,2017,19,1421.38,7.259383509659217,0,NoWC,0,NoSA,manufacturing,3,satisfactory,100,0.13,0.33,2,less100
26856,2018,20,1609.9805825242718,7.383977397361849,0,NoWC,1,SA,manufacturing,4,good,103,0.087,0.233,3,less250
26856,2019,21,2290.766990291262,7.736641970729861,0,NoWC,1,SA,manufacturing,4,good,103,0.204,0.223,3,less250
26856,2020,22,2069.823529411765,7.635218631133399,0,NoWC,0,NoSA,manufacturing,4,good,102,0.118,0.304,3,less250
26856,2021,23,2688.8823529411766,7.896880904081248,0,NoWC,0,NoSA,manufacturing,2,sufficient,102,0.118,0.304,3,less250
26863,2001,3,743.45673828125,6.611310577631986,1,WC,0,NoSA,finance,3,satisfactory,40,0.025,0.95,1,less50
26863,2002,4,1124.3636363636363,7.024972498028832,1,WC,0,NoSA,finance,2,sufficient,33,0.03,0.909,1,less50
26863,2003,5,1055.578947368421,6.961844660671689,1,WC,0,NoSA,finance,3,satisfactory,38,0.026,0.895,1,less50
26863,2004,6,1203.3714285714286,7.0928824202503105,1,WC,0,NoSA,finance,3,satisfactory,35,0.029,0.886,1,less50
26867,2012,14,814.2857142857143,6.702311304767329,0,NoWC,0,NoSA,manufacturing,3,satisfactory,406,0.384,0.788,4,more250
26867,2013,15,818.4143222506394,6.707368714790544,0,NoWC,0,NoSA,manufacturing,3,satisfactory,391,0.496,0.77,4,more250
26867,2014,16,772.6161369193154,6.649782336526248,0,NoWC,0,NoSA,manufacturing,4,good,409,0.491,0.711,4,more250
26875,2008,10,3126.139534883721,8.047554146864215,1,WC,1,SA,buservices,5,very good,43,0.07,0.814,1,less50
26875,2009,11,3446.7619047619046,8.14519049095508,1,WC,0,NoSA,buservices,4,good,42,0.071,0.833,1,less50
26875,2010,12,3356.108695652174,8.118537455516766,1,WC,0,NoSA,buservices,4,good,46,0.065,0.804,1,less50
26897,2008,10,1977.8783068783068,7.589779986972683,1,WC,0,NoSA,health,4,good,189,0.159,0.651,3,less250
26897,2009,11,1806.282722513089,7.499026267966867,1,WC,0,NoSA,health,5,very good,191,0.152,0.707,3,less250
26897,2010,12,1149.274336283186,7.046886010257814,0,NoWC,0,NoSA,health,1,unsatisfactory,226,0.124,0.602,3,less250
26897,2011,13,1235.8974358974358,7.119552653909045,0,NoWC,0,NoSA,health,4,good,234,0.124,0.521,3,less250
26905,2015,17,2713.3960784313726,7.905956294790111,1,WC,0,NoSA,health,5,very good,510,0.129,0.524,4,more250
26905,2016,18,1368.2421227197347,7.221282072813765,0,NoWC,0,NoSA,health,5,very good,603,0.109,0.491,4,more250
26905,2018,20,465.9748322147651,6.144131624544333,0,NoWC,0,NoSA,health,5,very good,596,0.107,0.545,4,more250
26905,2019,21,375.6384,5.928626978530046,0,NoWC,0,NoSA,health,5,very good,625,0.09,0.555,4,more250
26905,2021,23,425.4234769687964,6.053085089228283,1,WC,0,NoSA,buservices,4,good,673,0.132,0.473,4,more250
26913,2005,7,3762.1162790697676,8.232736918226946,0,NoWC,0,NoSA,wholesretail,5,very good,43,0.279,0.047,1,less50
26913,2006,8,4172.840909090909,8.33635235599492,0,NoWC,0,NoSA,wholesretail,4,good,44,0.068,0.045,1,less50
26913,2007,9,5954.75,8.691944499380023,0,NoWC,0,NoSA,wholesretail,4,good,44,0.045,0.045,1,less50
26979,2016,18,1497.4666666666667,7.311530070420772,1,WC,0,NoSA,buservices,5,very good,45,0.044,0.022,1,less50
26979,2017,19,1602.2,7.379132963781016,1,WC,0,NoSA,buservices,5,very good,55,0.055,0.018,2,less100
26979,2019,21,1727.859649122807,7.4546387244929,1,WC,0,NoSA,buservices,4,good,57,0.193,0.018,2,less100
26979,2020,22,846.887323943662,6.741567656220381,1,WC,0,NoSA,art,1,unsatisfactory,71,0.268,0.028,2,less100
27014,2000,2,2951.9265625,7.990213308209023,1,WC,0,NoSA,manufacturing,2,sufficient,30,0.067,0.133,1,less50
27014,2001,3,3832.38818359375,8.25124343448049,1,WC,0,NoSA,manufacturing,1,unsatisfactory,32,0.031,0.219,1,less50
27014,2002,4,3504.4,8.161774600792208,1,WC,0,NoSA,manufacturing,5,very good,35,0.029,0.286,1,less50
27038,2014,16,3267.6052631578946,8.091812660176998,0,NoWC,0,NoSA,wholesretail,4,good,38,0.211,0.026,1,less50
27038,2015,17,3630.8285714285716,8.197216157804217,1,WC,0,NoSA,wholesretail,4,good,35,0.486,0.029,1,less50
27038,2016,18,3565.6486486486488,8.179101265427716,1,WC,0,NoSA,wholesretail,3,satisfactory,37,0.162,0.054,1,less50
27038,2017,19,3856.1428571428573,8.257422703058403,1,WC,0,NoSA,wholesretail,4,good,35,0.057,0.029,1,less50
27038,2019,21,4850.333333333333,8.486802710092169,1,WC,0,NoSA,wholesretail,4,good,30,0.067,0.033,1,less50
27038,2021,23,6929.047619047619,8.8434776540309,1,WC,0,NoSA,wholesretail,2,sufficient,21,0.095,0,1,less50
27056,2006,8,10933.333333333334,9.299571505704126,0,NoWC,0,NoSA,manufacturing,3,satisfactory,45,0.044,0.756,1,less50
27056,2008,10,8495.886363636364,9.047337368114064,0,NoWC,0,NoSA,manufacturing,3,satisfactory,44,0.091,0.205,1,less50
27056,2009,11,7840.909090909091,8.967110062095236,0,NoWC,0,NoSA,manufacturing,3,satisfactory,44,0.091,0.727,1,less50
27056,2010,12,5771.9111111111115,8.66075851975978,0,NoWC,0,NoSA,manufacturing,4,good,45,0.089,0.756,1,less50
27056,2011,13,8033.333333333333,8.991354830810637,0,NoWC,0,NoSA,manufacturing,4,good,36,0.111,0.75,1,less50
27073,2009,11,620.4090909090909,6.430379084497879,1,WC,0,NoSA,manufacturing,2,sufficient,22,0.591,0.091,1,less50
27073,2010,12,566.9629629629629,6.340293980541264,1,WC,0,NoSA,manufacturing,2,sufficient,27,0.815,0.037,1,less50
27073,2012,14,1243.5744680851064,7.125745147325005,1,WC,1,SA,manufacturing,3,satisfactory,47,0.468,0.043,1,less50
27088,2001,3,901.68109375,6.804260902946574,0,NoWC,0,NoSA,manufacturing,3,satisfactory,200,0.01,0.165,3,less250
27088,2002,4,1399.7058823529412,7.244017409498995,0,NoWC,0,NoSA,manufacturing,3,satisfactory,187,0.011,0.16,3,less250
27088,2003,5,1248.0564971751412,7.129342818077099,0,NoWC,0,NoSA,manufacturing,4,good,177,0.017,0.158,3,less250
27088,2004,6,826.7344632768362,6.7174835591565465,0,NoWC,0,NoSA,manufacturing,2,sufficient,177,0.034,0.175,3,less250
27102,2014,16,2201.576,7.696928746516816,0,NoWC,0,NoSA,wholesretail,4,good,125,0.088,0.024,3,less250
27102,2015,17,2402.793548387097,7.784387317932905,0,NoWC,0,NoSA,wholesretail,5,very good,155,0.09,0.148,3,less250
27102,2016,18,1875.9141104294479,7.536851345164908,0,NoWC,0,NoSA,wholesretail,4,good,163,0.117,0.117,3,less250
27102,2017,19,2251.0981595092026,7.7191734470235875,0,NoWC,0,NoSA,wholesretail,4,good,163,0.196,0.117,3,less250
27105,2004,6,1870.342105263158,7.533876637107414,1,WC,0,NoSA,mining,4,good,38,0.342,0.5,1,less50
27105,2005,7,2110.6052631578946,7.654730039912406,1,WC,0,NoSA,mining,4,good,38,0.316,0.868,1,less50
27105,2007,9,1392.2424242424242,7.238670981077652,0,NoWC,0,NoSA,mining,3,satisfactory,33,0.394,0.879,1,less50
27105,2008,10,2178.6060606060605,7.686440529525528,0,NoWC,0,NoSA,mining,4,good,33,0.394,0.879,1,less50
27105,2020,22,2573.470588235294,7.853010690325458,0,NoWC,0,NoSA,manufacturing,2,sufficient,34,0.5,0.941,1,less50
27105,2021,23,3826.9375,8.249820153962322,0,NoWC,0,NoSA,manufacturing,2,sufficient,32,0.844,0.906,1,less50
27121,2014,16,2278.923076923077,7.731458275680461,1,WC,0,NoSA,transcom,4,good,39,0.026,0.821,1,less50
27121,2015,17,2976.5384615384614,7.998516314243023,1,WC,0,NoSA,transcom,4,good,39,0.051,0.795,1,less50
27121,2016,18,3023.0555555555557,8.014023372233998,1,WC,0,NoSA,transcom,4,good,36,0.083,0.806,1,less50
27121,2017,19,2985.277777777778,8.00144807937909,1,WC,0,NoSA,transcom,4,good,36,0.083,0.694,1,less50
27121,2018,20,2941.3513513513512,7.986624398045882,1,WC,0,NoSA,transcom,4,good,37,0.081,0.757,1,less50
27121,2019,21,2767.25641025641,7.925611642734786,1,WC,0,NoSA,transcom,4,good,39,0.051,0.744,1,less50
27121,2020,22,3418.3846153846152,8.136923383788625,1,WC,0,NoSA,wholesretail,3,satisfactory,39,0.026,0.718,1,less50
27121,2021,23,3488.128205128205,8.157120540410782,1,WC,0,NoSA,wholesretail,2,sufficient,39,0.077,0.795,1,less50
27124,1999,1,3533.3178353658536,8.169992605205218,0,NoWC,0,NoSA,public,2,sufficient,246,0.256,0.805,3,less250
27124,2001,3,2483.6867618110236,7.8174993327712965,0,NoWC,0,NoSA,public,4,good,254,0.354,0.827,4,more250
27124,2003,5,1749.996138996139,7.4673688606272055,0,NoWC,0,NoSA,public,4,good,259,0.475,0.795,4,more250
27124,2011,13,1257.391304347826,7.136794460343551,0,NoWC,0,NoSA,public,4,good,230,0.791,0.796,3,less250
27124,2012,14,1456.387665198238,7.283714446887658,0,NoWC,0,NoSA,public,4,good,227,0.731,0.771,3,less250
27124,2013,15,1516.5876777251185,7.324218141299843,0,NoWC,0,NoSA,public,4,good,211,0.853,0.773,3,less250
27124,2014,16,1519.2307692307693,7.325959412867731,0,NoWC,0,NoSA,public,4,good,208,0.885,0.808,3,less250
27124,2016,18,9658.702702702703,9.175614622401607,0,NoWC,0,NoSA,public,4,good,185,0.919,0.8,3,less250
27159,2001,3,721.3693965517241,6.581151345268124,0,NoWC,0,NoSA,manufacturing,3,satisfactory,145,0.434,0.524,3,less250
27159,2002,4,554.8774193548387,6.318747223324624,0,NoWC,0,NoSA,manufacturing,3,satisfactory,155,0.432,0.568,3,less250
27159,2004,6,490.7741935483871,6.1959841310721,0,NoWC,1,SA,manufacturing,2,sufficient,124,0.452,0.573,3,less250
27159,2005,7,281.62992125984255,5.640593873113153,0,NoWC,0,NoSA,manufacturing,3,satisfactory,127,0.433,0.551,3,less250
27173,2002,4,1972.566037735849,7.587090531366634,1,WC,0,NoSA,manufacturing,3,satisfactory,53,0.038,0.962,2,less100
27173,2004,6,2666.9821428571427,7.888702828567976,1,WC,0,NoSA,manufacturing,3,satisfactory,56,0.018,0.929,2,less100
27173,2005,7,3484.86,8.156183150221274,1,WC,0,NoSA,manufacturing,3,satisfactory,50,0.02,0.9,1,less50
27184,2014,16,1569.1477272727273,7.358287902075686,0,NoWC,0,NoSA,transcom,4,good,176,0.443,0.318,3,less250
27184,2015,17,1121.0888030888032,7.022055637676619,0,NoWC,0,NoSA,transcom,2,sufficient,259,0.633,0.286,4,more250
27184,2016,18,858.9808917197453,6.755746676940265,0,NoWC,0,NoSA,transcom,2,sufficient,314,0.513,0.318,4,more250
27203,2019,21,2851.0207612456747,7.9554323709786425,0,NoWC,0,NoSA,construction,2,sufficient,289,0.135,0.55,4,more250
27203,2020,22,3231.157894736842,8.080595833320293,0,NoWC,0,NoSA,construction,4,good,285,0.207,0.733,4,more250
27203,2021,23,4024.968858131488,8.300272452712543,0,NoWC,1,SA,construction,5,very good,289,0.145,0.737,4,more250
27210,2004,6,846.8709677419355,6.7415483427187946,1,WC,0,NoSA,buservices,4,good,62,0.113,0.581,2,less100
27210,2005,7,1071.55,6.976861477380685,1,WC,0,NoSA,buservices,3,satisfactory,60,0.067,0.617,2,less100
27210,2006,8,456.06779661016947,6.122641475239777,1,WC,0,NoSA,buservices,3,satisfactory,59,0.068,0.593,2,less100
27210,2009,11,1385.8666666666666,7.234080975026123,1,WC,0,NoSA,buservices,3,satisfactory,60,0.017,0.567,2,less100
27210,2010,12,1893.0666666666666,7.5459533680570665,1,WC,0,NoSA,buservices,3,satisfactory,60,0.117,0.583,2,less100
27210,2012,14,1856.0714285714287,7.526217397827284,1,WC,0,NoSA,buservices,3,satisfactory,56,0.054,0.643,2,less100
27210,2013,15,2024.9272727272728,7.6132890641931095,1,WC,0,NoSA,buservices,3,satisfactory,55,0.127,0.636,2,less100
27210,2014,16,2067.927272727273,7.6343020670830635,1,WC,0,NoSA,buservices,3,satisfactory,55,0.018,0.636,2,less100
27215,2003,5,1373.6880733944954,7.225254426190023,1,WC,0,NoSA,manufacturing,4,good,218,0.018,0.587,3,less250
27215,2004,6,1860.921875,7.528827275642845,1,WC,0,NoSA,manufacturing,3,satisfactory,128,0.031,0.508,3,less250
27215,2005,7,1079.1102362204724,6.983892125211522,1,WC,0,NoSA,manufacturing,2,sufficient,127,0.031,0.504,3,less250
27215,2006,8,1853.2941176470588,7.524719938809699,1,WC,0,NoSA,manufacturing,3,satisfactory,119,0.034,0.529,3,less250
27215,2007,9,1846.1339285714287,7.520848963119872,1,WC,0,NoSA,manufacturing,2,sufficient,112,0.018,0.58,3,less250
27215,2008,10,2092.29702970297,7.646017798711721,0,NoWC,0,NoSA,manufacturing,1,unsatisfactory,101,0.05,0.515,3,less250
27227,2006,8,1959.9666666666667,7.580682745277224,1,WC,0,NoSA,art,4,good,30,0.067,0.1,1,less50
27227,2008,10,1557.0882352941176,7.3505728402951815,1,WC,0,NoSA,art,4,good,34,0.029,0.088,1,less50
27227,2016,18,871.4426229508197,6.7701500256737495,1,WC,0,NoSA,art,2,sufficient,61,0.049,0.082,2,less100
27227,2017,19,746.9508196721312,6.615999345846491,1,WC,0,NoSA,art,3,satisfactory,61,0.066,0.098,2,less100
27227,2018,20,507.43548387096774,6.229369577457423,1,WC,0,NoSA,art,4,good,62,0.065,0.097,2,less100
27227,2019,21,901.1290322580645,6.803648457408103,1,WC,0,NoSA,art,3,satisfactory,62,0.065,0.081,2,less100
27227,2020,22,801.3870967741935,6.686344097216663,1,WC,0,NoSA,health,4,good,62,0.016,0.097,2,less100
27238,2000,2,3924.794776119403,8.275069342510525,0,NoWC,0,NoSA,public,4,good,134,0.052,0.179,3,less250
27238,2001,3,2828.8714028776976,7.947633113526667,0,NoWC,0,NoSA,public,4,good,139,0.129,0.388,3,less250
27238,2002,4,1424.1851851851852,7.261355129292816,0,NoWC,0,NoSA,public,3,satisfactory,135,0.037,0.267,3,less250
27238,2003,5,1068.1333333333334,6.973667855672852,0,NoWC,0,NoSA,public,1,unsatisfactory,135,0.03,0.215,3,less250
27238,2006,8,3339.7672413793102,8.113656395332622,0,NoWC,0,NoSA,public,5,very good,116,0.043,0.052,3,less250
27242,2002,4,2819.75,7.944403507520026,1,WC,0,NoSA,finance,4,good,28,0.393,0.071,1,less50
27242,2003,5,2392.5151515151515,7.78010045622875,1,WC,0,NoSA,finance,2,sufficient,33,0.303,0.091,1,less50
27242,2004,6,2625.939393939394,7.873193975365412,1,WC,0,NoSA,finance,3,satisfactory,33,0.091,0.061,1,less50
27248,2003,5,650.965,6.4784558773224035,1,WC,0,NoSA,manufacturing,2,sufficient,200,0.235,0.3,3,less250
27248,2004,6,817.8917525773196,6.706729996033553,1,WC,0,NoSA,manufacturing,1,unsatisfactory,194,0.222,0.294,3,less250
27248,2005,7,1111.8522727272727,7.013782617718574,1,WC,0,NoSA,manufacturing,2,sufficient,176,0.244,0.267,3,less250
27248,2006,8,980.3791208791209,6.887939354894259,1,WC,0,NoSA,manufacturing,3,satisfactory,182,0.192,0.275,3,less250
27254,1998,0,4670.03125,8.448921042289376,0,NoWC,0,NoSA,finance,4,good,80,0.188,0.738,2,less100
27254,1999,1,4855.133101851852,8.487791795767107,0,NoWC,0,NoSA,finance,5,very good,81,0.062,0.654,2,less100
27254,2000,2,3105.846240942029,8.041041498601121,0,NoWC,0,NoSA,finance,4,good,69,0.174,0.754,2,less100
27254,2001,3,7204.470833333334,8.882457061369115,0,NoWC,0,NoSA,finance,3,satisfactory,75,0.013,0.707,2,less100
27254,2002,4,5603.885714285714,8.631215513652535,0,NoWC,0,NoSA,finance,3,satisfactory,70,0.271,0.7,2,less100
27254,2004,6,4581.035294117647,8.429680298314091,0,NoWC,0,NoSA,finance,4,good,85,0.365,0.706,2,less100
27254,2005,7,6214.301204819277,8.734608560747894,0,NoWC,0,NoSA,finance,4,good,83,0.59,0.699,2,less100
27254,2007,9,4883.891566265061,8.493697633154701,0,NoWC,0,NoSA,finance,3,satisfactory,83,0.265,0.687,2,less100
27254,2008,10,4672.7375,8.449500367358445,0,NoWC,0,NoSA,finance,3,satisfactory,80,0.425,0.7,2,less100
27284,2013,15,801.8260869565217,6.686891735169937,0,NoWC,0,NoSA,manufacturing,3,satisfactory,92,0.37,1,2,less100
27284,2014,16,749.3904761904762,6.61926017769927,0,NoWC,0,NoSA,manufacturing,4,good,105,0.324,0.19,3,less250
27284,2015,17,940.747572815534,6.846674849417637,0,NoWC,0,NoSA,manufacturing,4,good,103,0.262,1,3,less250
27290,1998,0,691.0019761029412,6.538142683536289,1,WC,0,NoSA,manufacturing,1,unsatisfactory,85,0.494,0.976,2,less100
27290,1999,1,899.8253800675676,6.802200722352432,1,WC,1,SA,manufacturing,1,unsatisfactory,74,0.514,0.932,2,less100
27290,2000,2,888.0176630434783,6.788991633609078,1,WC,0,NoSA,manufacturing,2,sufficient,69,0.667,0.899,2,less100
27290,2001,3,673.1039663461538,6.511899799654414,1,WC,1,SA,manufacturing,1,unsatisfactory,65,0.892,0.923,2,less100
27307,2014,16,1483.5680751173709,7.302205326859624,0,NoWC,0,NoSA,buservices,1,unsatisfactory,213,0.136,0.915,3,less250
27307,2015,17,4448.6313364055295,8.400351762999826,0,NoWC,0,NoSA,buservices,1,unsatisfactory,217,0.756,0.862,3,less250
27307,2016,18,5237.123893805309,8.563527751399944,0,NoWC,0,NoSA,buservices,1,unsatisfactory,226,0.726,0.854,3,less250
27334,2000,2,2365.0446428571427,7.76855217722024,0,NoWC,0,NoSA,construction,2,sufficient,56,0.214,0.304,2,less100
27334,2001,3,3409.613839285714,8.134354320253793,0,NoWC,0,NoSA,construction,2,sufficient,56,0.25,0.554,2,less100
27334,2002,4,4378.33962264151,8.384424849912206,0,NoWC,0,NoSA,construction,1,unsatisfactory,53,0.151,0.226,2,less100
27334,2003,5,3801.9821428571427,8.243277826261211,0,NoWC,0,NoSA,construction,3,satisfactory,56,0.179,0.339,2,less100
27334,2005,7,5823.279069767442,8.669618796116767,0,NoWC,0,NoSA,construction,1,unsatisfactory,43,0.465,0.442,1,less50
27394,2006,8,1298.5993377483444,7.169041530100704,1,WC,0,NoSA,public,1,unsatisfactory,302,0.719,0.583,4,more250
27394,2007,9,1545.1196911196912,7.342856656311585,1,WC,0,NoSA,public,3,satisfactory,259,0.807,0.606,4,more250
27394,2008,10,1015.8125,6.9234440638633945,1,WC,0,NoSA,public,3,satisfactory,368,0.598,0.587,4,more250
27424,1998,0,464.60030955188677,6.14117748661221,0,NoWC,0,NoSA,construction,4,good,53,0.151,0.189,2,less100
27424,1999,1,445.85597511574076,6.0999959741188565,0,NoWC,0,NoSA,construction,2,sufficient,54,0.074,0.204,2,less100
27424,2000,2,473.90366908482144,6.161004071262249,0,NoWC,1,SA,construction,3,satisfactory,56,0.125,0.232,2,less100
27424,2001,3,558.3620455994898,6.32500757922315,0,NoWC,0,NoSA,construction,2,sufficient,49,0.122,0.184,1,less50
27439,2003,5,611.8571428571429,6.416498828560058,1,WC,0,NoSA,buservices,2,sufficient,28,0.071,0.286,1,less50
27439,2004,6,1127.107142857143,7.027409578604532,1,WC,0,NoSA,buservices,4,good,28,0.071,0.25,1,less50
27439,2005,7,1352.5357142857142,7.209736416498222,1,WC,0,NoSA,buservices,4,good,28,0.071,0.25,1,less50
27443,2013,15,875.6105263157895,6.774921387408092,0,NoWC,0,NoSA,buservices,3,satisfactory,95,0.274,0.505,2,less100
27443,2014,16,787.9886363636364,6.669483668895568,0,NoWC,0,NoSA,buservices,3,satisfactory,88,0.341,0.58,2,less100
27443,2015,17,1515.3636363636363,7.3234107131447175,0,NoWC,0,NoSA,buservices,2,sufficient,88,0.352,0.477,2,less100
27457,2009,11,1408.6179775280898,7.250364344921966,1,WC,0,NoSA,construction,4,good,178,0.017,0.315,3,less250
27457,2016,18,1275.6221198156682,7.1511892757002515,1,WC,0,NoSA,construction,4,good,217,0.023,0.327,3,less250
27457,2017,19,1340.3271889400921,7.200669033990922,1,WC,0,NoSA,construction,3,satisfactory,217,0.023,0.313,3,less250
27457,2018,20,1766.7453703703704,7.476894359146062,1,WC,0,NoSA,construction,4,good,216,0.019,0.315,3,less250
27457,2019,21,2180.8040201005024,7.687448904346889,1,WC,0,NoSA,construction,4,good,199,0.025,0.302,3,less250
27457,2020,22,1228.7277486910996,7.113734562399015,1,WC,0,NoSA,construction,4,good,191,0.042,0.293,3,less250
27457,2021,23,2468.7219251336896,7.811455856487023,1,WC,0,NoSA,construction,4,good,187,0.027,0.294,3,less250
27526,2009,11,1011.6969696969697,6.919384367948854,1,WC,0,NoSA,finance,3,satisfactory,33,0.212,0.061,1,less50
27526,2011,13,1308.3125,7.176493417854739,1,WC,0,NoSA,finance,3,satisfactory,32,0.219,0.094,1,less50
27526,2012,14,1221.8823529411766,7.1081478609079936,1,WC,0,NoSA,finance,1,unsatisfactory,34,0.206,0.088,1,less50
27526,2013,15,903.8823529411765,6.806699211371364,1,WC,0,NoSA,finance,1,unsatisfactory,34,0.206,0.088,1,less50
27526,2014,16,955.15,6.861868396209661,1,WC,0,NoSA,finance,1,unsatisfactory,40,0.125,0.075,1,less50
27526,2015,17,1111.3,7.013285780191601,1,WC,0,NoSA,finance,1,unsatisfactory,40,0.15,0.075,1,less50
27526,2017,19,1221.5384615384614,7.10786637733959,1,WC,0,NoSA,finance,1,unsatisfactory,39,0.103,0.128,1,less50
27526,2018,20,1568.1944444444443,7.357680201158512,1,WC,0,NoSA,finance,1,unsatisfactory,36,0.194,0.083,1,less50
27526,2019,21,1278.0857142857142,7.153118701769603,1,WC,0,NoSA,finance,1,unsatisfactory,35,0.2,0.086,1,less50
27526,2020,22,1320.942857142857,7.186101046314073,1,WC,0,NoSA,buservices,1,unsatisfactory,35,0.171,0.086,1,less50
27526,2021,23,1460.2857142857142,7.286387390272911,1,WC,0,NoSA,buservices,1,unsatisfactory,35,0.2,0.057,1,less50
27527,1998,0,632.3956400742115,6.449515211058249,0,NoWC,0,NoSA,finance,2,sufficient,1617,0.048,0.51,4,more250
27527,1999,1,612.5413583509513,6.417616463977538,0,NoWC,0,NoSA,finance,2,sufficient,1419,0.055,0.519,4,more250
27527,2000,2,539.5010775862069,6.290644782075633,0,NoWC,0,NoSA,finance,4,good,1160,0.222,0.489,4,more250
27527,2001,3,556.3107914462081,6.321327115502135,0,NoWC,0,NoSA,finance,3,satisfactory,1134,0.082,0.492,4,more250
27550,2015,17,947.5272727272727,6.85385572042336,1,WC,0,NoSA,public,3,satisfactory,55,0.109,0.327,2,less100
27550,2017,19,1103.448275862069,7.00619535179539,1,WC,0,NoSA,public,5,very good,58,0.103,0.362,2,less100
27550,2019,21,1798.5901639344263,7.494758394731127,1,WC,0,NoSA,public,3,satisfactory,61,0.066,0.311,2,less100
27550,2020,22,2587.603773584906,7.858487542502708,0,NoWC,0,NoSA,public,3,satisfactory,53,0.075,0.358,2,less100
27550,2021,23,2957.9803921568628,7.992262014498559,0,NoWC,0,NoSA,public,4,good,51,0.098,0.412,2,less100
27554,1998,0,630.8890739889706,6.447130053092345,0,NoWC,0,NoSA,manufacturing,3,satisfactory,34,0.794,0.676,1,less50
27554,1999,1,606.6318359375,6.40792207646469,0,NoWC,0,NoSA,manufacturing,4,good,32,0.656,0.844,1,less50
27554,2000,2,579.7359058277027,6.362572665064282,0,NoWC,0,NoSA,manufacturing,3,satisfactory,37,0.514,0.838,1,less50
27554,2001,3,533.360325168919,6.279197227970859,0,NoWC,0,NoSA,manufacturing,1,unsatisfactory,37,0.568,0.892,1,less50
27554,2002,4,464.1794871794872,6.140271303246298,0,NoWC,0,NoSA,manufacturing,1,unsatisfactory,39,0.333,0.692,1,less50
27554,2003,5,513.3684210526316,6.240993757103557,0,NoWC,0,NoSA,manufacturing,2,sufficient,38,0.184,0.658,1,less50
27554,2004,6,427.7027027027027,6.058428334368153,0,NoWC,0,NoSA,manufacturing,3,satisfactory,37,0.135,0.676,1,less50
27554,2005,7,625.9032258064516,6.439195767786126,0,NoWC,0,NoSA,manufacturing,2,sufficient,31,0.161,0.71,1,less50
27554,2007,9,692.9642857142857,6.540978462096068,0,NoWC,0,NoSA,manufacturing,4,good,28,0.25,0.679,1,less50
27554,2008,10,902.75,6.8054456601575675,0,NoWC,0,NoSA,manufacturing,4,good,28,0.25,0.821,1,less50
27554,2009,11,609,6.411818267709897,0,NoWC,0,NoSA,manufacturing,4,good,31,0.323,0.548,1,less50
27554,2010,12,618.0714285714286,6.42660403099148,0,NoWC,0,NoSA,manufacturing,2,sufficient,28,0.357,0.679,1,less50
27554,2011,13,655.5,6.4853983032037545,0,NoWC,0,NoSA,manufacturing,4,good,28,0.107,0.571,1,less50
27554,2018,20,474.2608695652174,6.161757528036329,0,NoWC,0,NoSA,manufacturing,2,sufficient,23,0.87,0.739,1,less50
27554,2019,21,329.62857142857143,5.797966479437876,0,NoWC,0,NoSA,manufacturing,4,good,35,0.543,0.657,1,less50
27554,2020,22,293.05882352941177,5.68037335176591,0,NoWC,0,NoSA,manufacturing,4,good,34,0.971,0.676,1,less50
27554,2021,23,257.55555555555554,5.551235446563478,0,NoWC,0,NoSA,manufacturing,2,sufficient,36,0.778,0.694,1,less50
27572,2000,2,2005.8373397435898,7.603816878366561,0,NoWC,0,NoSA,manufacturing,2,sufficient,312,0.042,0.42,4,more250
27572,2001,3,1983.8252751572327,7.592782217009656,0,NoWC,0,NoSA,manufacturing,3,satisfactory,318,0.038,0.418,4,more250
27572,2002,4,1830.0653594771243,7.512106960758952,0,NoWC,0,NoSA,manufacturing,4,good,306,0.078,0.49,4,more250
27572,2003,5,1457.3922829581993,7.284404010147509,1,WC,0,NoSA,manufacturing,3,satisfactory,311,0.068,0.482,4,more250
27572,2005,7,1582.1687116564417,7.366551787177785,0,NoWC,0,NoSA,manufacturing,4,good,326,0.123,0.482,4,more250
27572,2006,8,1527.9503105590063,7.331682449930037,1,WC,0,NoSA,manufacturing,4,good,322,0.137,0.478,4,more250
27572,2007,9,1228.3727272727272,7.113445586490772,0,NoWC,0,NoSA,manufacturing,5,very good,330,0.058,0.479,4,more250
27572,2008,10,1119.2185628742516,7.020386009055625,1,WC,0,NoSA,manufacturing,3,satisfactory,334,0.093,0.476,4,more250
27572,2009,11,1193.7716262975778,7.084873007901065,1,WC,0,NoSA,manufacturing,3,satisfactory,289,0.131,0.512,4,more250
27572,2010,12,914.5633802816901,6.818446771368894,1,WC,0,NoSA,manufacturing,3,satisfactory,284,0.109,0.405,4,more250
27572,2011,13,997.2413793103449,6.904992846286227,1,WC,0,NoSA,manufacturing,4,good,290,0.093,0.414,4,more250
27572,2012,14,1105.685618729097,7.008220890978374,0,NoWC,0,NoSA,manufacturing,3,satisfactory,299,0.104,0.408,4,more250
27572,2013,15,1066.6666666666667,6.972293800119708,0,NoWC,0,NoSA,manufacturing,3,satisfactory,300,0.11,0.407,4,more250
27572,2014,16,1042.904290429043,6.94976468705968,0,NoWC,0,NoSA,manufacturing,2,sufficient,303,0.109,0.409,4,more250
27572,2015,17,3494.009708737864,8.158805269378712,1,WC,0,NoSA,manufacturing,3,satisfactory,309,0.107,0.421,4,more250
27572,2016,18,3801.897763578275,8.243255632518041,1,WC,0,NoSA,manufacturing,2,sufficient,313,0.105,0.419,4,more250
27572,2017,19,5031.446540880504,8.523462804429833,1,WC,0,NoSA,manufacturing,4,good,318,0.104,0.469,4,more250
27572,2018,20,5974.842767295598,8.695313061356492,1,WC,0,NoSA,manufacturing,4,good,318,0.321,0.481,4,more250
27572,2019,21,5666.4043209876545,8.642310037002241,1,WC,0,NoSA,manufacturing,5,very good,324,0.315,0.432,4,more250
27572,2020,22,6635.028037383177,8.800118172436834,1,WC,0,NoSA,manufacturing,2,sufficient,321,0.349,0.486,4,more250
27572,2021,23,6606.2169811320755,8.795766451480354,1,WC,0,NoSA,manufacturing,4,good,318,0.572,0.39,4,more250
27578,2008,10,5170.625,8.550748849944448,1,WC,0,NoSA,transcom,3,satisfactory,32,0.625,0.844,1,less50
27578,2010,12,3356.1666666666665,8.11855472865035,1,WC,1,SA,transcom,4,good,36,0.194,0.861,1,less50
27578,2012,14,4020.1304347826085,8.299069627550027,1,WC,0,NoSA,transcom,3,satisfactory,46,0.304,0.87,1,less50
27578,2013,15,5447.690476190476,8.602947032006563,1,WC,0,NoSA,transcom,4,good,42,0.31,0.929,1,less50
27578,2014,16,5948.35,8.690869149157521,1,WC,0,NoSA,transcom,4,good,40,0.55,0.925,1,less50
27578,2015,17,4530.272727272727,8.418537421360815,1,WC,0,NoSA,transcom,4,good,44,0.364,0.955,1,less50
27578,2016,18,12530.538461538461,9.435924020752758,1,WC,0,NoSA,transcom,4,good,39,0.333,0.923,1,less50
27578,2017,19,10927.431818181818,9.29903158724711,1,WC,1,SA,transcom,5,very good,44,0.318,0.909,1,less50
27586,2000,2,8940.30357142857,9.098324824126683,0,NoWC,0,NoSA,buservices,4,good,70,0.014,0.414,2,less100
27586,2001,3,9415.767723880597,9.150140980398866,0,NoWC,0,NoSA,buservices,4,good,67,0.015,0.463,2,less100
27586,2004,6,10638.297872340425,9.27221577569427,0,NoWC,0,NoSA,buservices,4,good,47,0.043,0.362,1,less50
27586,2005,7,10974.191489361701,9.303301566834433,0,NoWC,0,NoSA,buservices,3,satisfactory,47,0.043,0.362,1,less50
27586,2007,9,11260.083333333334,9.329019302495189,0,NoWC,0,NoSA,buservices,4,good,36,0.028,0.444,1,less50
27589,1999,1,928.406452922078,6.833469624960011,1,WC,0,NoSA,manufacturing,1,unsatisfactory,77,0.13,0.156,2,less100
27589,2000,2,851.8567142210145,6.7474183368892495,1,WC,0,NoSA,manufacturing,1,unsatisfactory,69,0.087,0.145,2,less100
27589,2001,3,1798.2953125,7.4945944465392715,1,WC,0,NoSA,manufacturing,1,unsatisfactory,50,0.12,0.14,1,less50
27589,2002,4,2009.6938775510205,7.60573768972848,1,WC,0,NoSA,manufacturing,2,sufficient,49,0.163,0.122,1,less50
27589,2003,5,2206.4347826086955,7.699133271331339,1,WC,0,NoSA,manufacturing,1,unsatisfactory,46,0.261,0.13,1,less50
27590,2001,3,2279.02825,7.7315044249564835,0,NoWC,0,NoSA,health,5,very good,125,0.056,0.92,3,less250
27590,2002,4,2394.126865671642,7.780773877893296,0,NoWC,0,NoSA,health,3,satisfactory,134,0.037,0.903,3,less250
27590,2003,5,2454.330882352941,7.80560945006624,0,NoWC,0,NoSA,health,1,unsatisfactory,136,0.037,0.904,3,less250
27599,2019,21,884.875,6.785446392094354,1,WC,0,NoSA,resthotels,4,good,24,0.542,0.042,1,less50
27599,2020,22,1015.125,6.922767036602575,1,WC,0,NoSA,resthotels,4,good,24,0.542,0,1,less50
27599,2021,23,1268.9,7.145905662402869,1,WC,0,NoSA,resthotels,4,good,20,0.65,0.05,1,less50
27626,2008,10,2128.7755102040815,7.66330221555939,1,WC,0,NoSA,wholesretail,4,good,147,0.259,0.224,3,less250
27626,2011,13,1589.010989010989,7.370867082189951,1,WC,0,NoSA,wholesretail,4,good,182,0.352,0.5,3,less250
27626,2012,14,1991.566265060241,7.5966766760125175,1,WC,0,NoSA,wholesretail,4,good,166,0.398,0.193,3,less250
27626,2013,15,2012.5786163522012,7.607172072555677,1,WC,0,NoSA,wholesretail,4,good,159,0.415,0.075,3,less250
27631,2015,17,1054.6268656716418,6.96094230152217,1,WC,0,NoSA,public,3,satisfactory,67,0.075,0.06,2,less100
27631,2016,18,1208.758064516129,7.0973487185269475,1,WC,0,NoSA,public,1,unsatisfactory,62,0.113,0.081,2,less100
27631,2017,19,1378.8181818181818,7.228982021253026,0,NoWC,0,NoSA,public,2,sufficient,66,0.045,0.076,2,less100
27631,2018,20,1689.546875,7.432215650664402,0,NoWC,0,NoSA,public,5,very good,64,0.047,0.094,2,less100
27631,2019,21,1703.2424242424242,7.440289021819095,0,NoWC,0,NoSA,public,5,very good,66,0.076,0.091,2,less100
27631,2020,22,1520.5797101449275,7.32684692938355,0,NoWC,0,NoSA,public,5,very good,69,0.116,0.101,2,less100
27631,2021,23,2361.6323529411766,7.76710833389784,0,NoWC,0,NoSA,public,5,very good,68,0.074,0.103,2,less100
27636,2006,8,1311.892857142857,7.179226302406302,1,WC,0,NoSA,manufacturing,3,satisfactory,28,0.036,0.964,1,less50
27636,2007,9,998.1578947368421,6.905911474956559,1,WC,0,NoSA,manufacturing,4,good,38,0.026,0.947,1,less50
27636,2008,10,1466.2571428571428,7.290468271469642,1,WC,0,NoSA,manufacturing,4,good,35,0.029,0.857,1,less50
27657,2015,17,3321.681818181818,8.108226505387895,1,WC,0,NoSA,buservices,4,good,22,0.591,0.864,1,less50
27657,2016,18,2623.269230769231,7.8721766169057386,1,WC,0,NoSA,buservices,4,good,26,0.577,0.808,1,less50
27657,2018,20,5700.387096774193,8.648289363231516,1,WC,0,NoSA,buservices,3,satisfactory,31,0.581,0.871,1,less50
27662,2007,9,2937.413043478261,7.9852845557940935,0,NoWC,0,NoSA,public,4,good,138,0.007,0.319,3,less250
27662,2008,10,2542.986394557823,7.84109441525359,0,NoWC,0,NoSA,public,3,satisfactory,147,0.014,0.34,3,less250
27662,2009,11,3026.315789473684,8.015101247619,0,NoWC,1,SA,public,3,satisfactory,114,0.009,0.202,3,less250
27662,2010,12,1779.013698630137,7.483814387821764,0,NoWC,0,NoSA,public,4,good,146,0.014,0.116,3,less250
27662,2011,13,1538.2978723404256,7.338431806436797,0,NoWC,0,NoSA,public,4,good,188,0.027,0.218,3,less250
27662,2012,14,1967.857142857143,7.5847004849658015,0,NoWC,0,NoSA,public,4,good,168,0.012,0.161,3,less250
27662,2013,15,2370.3703703703704,7.77080149633748,0,NoWC,0,NoSA,public,4,good,135,0.067,0.163,3,less250
27662,2014,16,2953.271028037383,7.990668658107143,0,NoWC,0,NoSA,public,4,good,107,0.065,0.112,3,less250
27662,2015,17,4090.1028037383176,8.3163253841093,0,NoWC,0,NoSA,public,4,good,107,0.047,0.178,3,less250
27662,2016,18,9174.670454545454,9.124201754517,0,NoWC,0,NoSA,public,4,good,88,0.034,0.25,2,less100
27662,2018,20,6939.575471698113,8.844995880404758,0,NoWC,0,NoSA,public,4,good,106,0.047,0.283,3,less250
27662,2019,21,5973.859649122807,8.69514850488153,0,NoWC,0,NoSA,public,4,good,114,0.053,0.246,3,less250
27666,2000,2,662.244708994709,6.4956351386823,0,NoWC,0,NoSA,public,2,sufficient,945,0.033,0.6,4,more250
27666,2001,3,700.9515972222222,6.552438836465522,0,NoWC,0,NoSA,public,2,sufficient,900,0.031,0.62,4,more250
27666,2003,5,623.4511691884456,6.435270444793224,0,NoWC,0,NoSA,public,4,good,727,0.058,0.557,4,more250
27666,2004,6,568.8282138794084,6.3435784797191515,0,NoWC,0,NoSA,public,4,good,879,0.064,0.547,4,more250
27666,2005,7,549.8795309168444,6.309699219538268,0,NoWC,0,NoSA,public,4,good,938,0.06,0.523,4,more250
27666,2007,9,594.3739002932551,6.387508583107836,0,NoWC,0,NoSA,public,3,satisfactory,682,0.023,0.57,4,more250
27666,2008,10,600.9951768488746,6.398586909293146,0,NoWC,0,NoSA,public,1,unsatisfactory,622,0.056,0.545,4,more250
27666,2020,22,1593.3081481481481,7.373567730090886,0,NoWC,0,NoSA,health,4,good,675,0.062,0.526,4,more250
27666,2021,23,1470.4992570579495,7.2933572527630135,0,NoWC,0,NoSA,health,4,good,673,0.058,0.473,4,more250
27680,2008,10,2569.7272727272725,7.851555052696814,1,WC,0,NoSA,manufacturing,5,very good,22,0.227,0.591,1,less50
27680,2010,12,3700.4,8.216196200897164,1,WC,0,NoSA,manufacturing,4,good,20,0.1,0.65,1,less50
27680,2011,13,3854.55,8.257009547666266,1,WC,0,NoSA,manufacturing,5,very good,20,0.85,0.75,1,less50
27691,2016,18,1702.6,7.439911773449957,1,WC,0,NoSA,wholesretail,5,very good,20,0.05,0.6,1,less50
27691,2017,19,1341.695652173913,7.201689505055969,1,WC,0,NoSA,wholesretail,4,good,23,0.087,0.435,1,less50
27691,2018,20,1573.0434782608695,7.3607675430201365,1,WC,0,NoSA,wholesretail,4,good,23,0.087,0.522,1,less50
27699,2000,2,2575.3960905349795,7.853758622835494,0,NoWC,0,NoSA,construction,3,satisfactory,243,0.403,0.28,3,less250
27699,2001,3,2503.3985615079364,7.82540451227841,0,NoWC,0,NoSA,construction,4,good,252,0.44,0.214,4,more250
27699,2002,4,2333.3333333333335,7.755053139369341,0,NoWC,0,NoSA,construction,3,satisfactory,240,0.288,0.304,3,less250
27739,1998,0,2349.543469551282,7.761976319989628,0,NoWC,0,NoSA,wholesretail,3,satisfactory,78,0.308,0.59,2,less100
27739,1999,1,1582.0381540697674,7.366469265653568,0,NoWC,0,NoSA,wholesretail,2,sufficient,86,0.116,0.651,2,less100
27739,2000,2,1997.0435763888888,7.599423154103575,0,NoWC,0,NoSA,wholesretail,2,sufficient,90,0.067,0.678,2,less100
27739,2001,3,1709.5661368534484,7.443994896165718,0,NoWC,0,NoSA,wholesretail,3,satisfactory,116,0.052,0.612,3,less250
27739,2002,4,1616.9112903225807,7.388272997418267,0,NoWC,0,NoSA,wholesretail,2,sufficient,124,0.105,0.484,3,less250
27765,2001,3,1092.162109375,6.995914597095579,1,WC,0,NoSA,health,4,good,72,0.486,0.625,2,less100
27765,2002,4,988.3098591549295,6.895996271205019,1,WC,0,NoSA,health,4,good,71,0.676,0.704,2,less100
27765,2005,7,1183.0615384615385,7.0758608816123765,1,WC,0,NoSA,health,4,good,65,0.631,0.677,2,less100
27765,2006,8,1366.765625,7.2202023699395035,1,WC,0,NoSA,health,4,good,64,0.531,0.656,2,less100
27765,2007,9,1602.060606060606,7.379045958411217,1,WC,0,NoSA,health,4,good,66,0.985,0.652,2,less100
27765,2011,13,1750.8214285714287,7.46784034454469,1,WC,0,NoSA,health,3,satisfactory,56,0.875,0.696,2,less100
27765,2012,14,1652.6491228070176,7.410134808384811,1,WC,0,NoSA,health,4,good,57,0.421,0.702,2,less100
27765,2013,15,1572.9272727272728,7.36069366723244,1,WC,0,NoSA,health,4,good,55,0.127,0.655,2,less100
27765,2014,16,1831.3333333333333,7.512799577987109,1,WC,0,NoSA,health,4,good,51,0.098,0.686,2,less100
27765,2015,17,1711,7.444833273892193,1,WC,0,NoSA,health,5,very good,50,0.1,0.64,1,less50
27765,2016,18,1911.3023255813953,7.555540134543537,1,WC,0,NoSA,health,5,very good,43,0.326,0.698,1,less50
27765,2017,19,1808.5111111111112,7.500259195200269,1,WC,0,NoSA,health,4,good,45,0.244,0.667,1,less50
27765,2018,20,1791.409090909091,7.490757790779302,1,WC,0,NoSA,health,5,very good,44,0.205,0.682,1,less50
27765,2019,21,2075.6046511627906,7.638007788367346,1,WC,0,NoSA,health,5,very good,43,0.163,0.651,1,less50
27765,2020,22,2242.8888888888887,7.715519996462585,1,WC,0,NoSA,edu,5,very good,45,0.178,0.711,1,less50
27765,2021,23,2235.4418604651164,7.712194187939334,1,WC,0,NoSA,edu,3,satisfactory,43,0.256,0.744,1,less50
27774,2000,2,1373.7390625,7.225291543902697,1,WC,0,NoSA,manufacturing,2,sufficient,25,0.64,0.84,1,less50
27774,2001,3,1561.0671164772727,7.3531249154125815,1,WC,0,NoSA,manufacturing,2,sufficient,22,0.227,0.773,1,less50
27774,2002,4,1290.6,7.16286250550174,1,WC,0,NoSA,manufacturing,2,sufficient,20,0.35,0.8,1,less50
27786,1998,0,2331.43984375,7.7542413143928854,1,WC,0,NoSA,manufacturing,3,satisfactory,30,0.033,0.167,1,less50
27786,1999,1,2040.7774784482758,7.621086131118078,1,WC,0,NoSA,manufacturing,3,satisfactory,29,0.034,0.138,1,less50
27786,2000,2,3420.305245535714,8.13748507915445,1,WC,0,NoSA,manufacturing,3,satisfactory,28,0.036,0.107,1,less50
27786,2001,3,5692.657762096775,8.64693251158053,1,WC,0,NoSA,manufacturing,2,sufficient,31,0.032,0.194,1,less50
27803,2006,8,326.22222222222223,5.787578812398187,1,WC,0,NoSA,wholesretail,4,good,27,0.074,0.037,1,less50
27803,2007,9,338.7692307692308,5.825319140381034,1,WC,0,NoSA,wholesretail,5,very good,26,0.077,0.038,1,less50
27803,2008,10,524.3461538461538,6.262152065164647,1,WC,0,NoSA,wholesretail,4,good,26,0.154,0.038,1,less50
27803,2009,11,553.84,6.31687583636977,1,WC,0,NoSA,wholesretail,3,satisfactory,25,0.08,0.04,1,less50
27803,2010,12,576.9166666666666,6.357697830890025,1,WC,0,NoSA,wholesretail,3,satisfactory,24,0.125,0.042,1,less50
27803,2011,13,767.0833333333334,6.642595443879178,1,WC,0,NoSA,wholesretail,4,good,24,0.083,0.042,1,less50
27803,2012,14,847.2272727272727,6.741968985373488,1,WC,0,NoSA,wholesretail,4,good,22,0.182,0.045,1,less50
27803,2013,15,871.4545454545455,6.770163706921206,1,WC,0,NoSA,wholesretail,4,good,22,0.136,0.045,1,less50
27803,2014,16,871.4545454545455,6.770163706921206,1,WC,0,NoSA,wholesretail,4,good,22,0.136,0.045,1,less50
27807,2005,7,2313.3958333333335,7.746471781758847,0,NoWC,0,NoSA,finance,4,good,48,0.021,0.354,1,less50
27807,2006,8,2079.108695652174,7.639694569152301,0,NoWC,0,NoSA,finance,3,satisfactory,46,0.043,0.109,1,less50
27807,2008,10,2207.9347826086955,7.699812870098761,0,NoWC,0,NoSA,finance,4,good,46,0.043,0.065,1,less50
27811,2005,7,840.7826086956521,6.734333135114343,1,WC,0,NoSA,buservices,4,good,23,0.522,0.043,1,less50
27811,2006,8,920.8571428571429,6.82530491332007,1,WC,0,NoSA,public,3,satisfactory,21,0.333,0.048,1,less50
27811,2007,9,1261.1739130434783,7.139798243222508,1,WC,0,NoSA,public,4,good,23,0.304,0.043,1,less50
27811,2008,10,1008.9565217391304,6.916671928978341,1,WC,0,NoSA,public,5,very good,23,0.348,0.13,1,less50
27828,2013,15,3263.48,8.090549389666728,0,NoWC,0,NoSA,transcom,2,sufficient,25,0.32,0.16,1,less50
27828,2014,16,3359.9166666666665,8.119671451062384,1,WC,0,NoSA,transcom,2,sufficient,24,0.208,0.125,1,less50
27828,2015,17,3187.56,8.067011012818933,1,WC,0,NoSA,transcom,2,sufficient,25,0.28,0.12,1,less50
27864,2003,5,3841.9636363636364,8.253738878516307,0,NoWC,0,NoSA,manufacturing,3,satisfactory,55,0.036,0.691,2,less100
27864,2004,6,6827.982142857143,8.828784468629298,0,NoWC,0,NoSA,manufacturing,4,good,56,0.054,0.732,2,less100
27864,2005,7,6840.596491228071,8.83063021313424,0,NoWC,0,NoSA,manufacturing,3,satisfactory,57,0.053,0.702,2,less100
27864,2006,8,6708.2,8.81108593764473,0,NoWC,0,NoSA,manufacturing,4,good,60,0.017,0.817,2,less100
27864,2007,9,6538.112903225807,8.785403855906207,0,NoWC,0,NoSA,manufacturing,3,satisfactory,62,0.048,0.726,2,less100
27866,2014,16,2177.6271186440677,7.685991085274869,0,NoWC,0,NoSA,buservices,3,satisfactory,118,0.407,0.864,3,less250
27866,2015,17,4023.8153846153846,8.299985832152416,0,NoWC,0,NoSA,buservices,4,good,65,0.785,0.754,2,less100
27866,2016,18,3670.8533333333335,8.208179429915626,0,NoWC,0,NoSA,buservices,4,good,75,0.827,0.68,2,less100
27866,2017,19,4078.722222222222,8.313539037518964,0,NoWC,0,NoSA,buservices,4,good,72,0.875,0.611,2,less100
27894,2000,2,1265.2022688356165,7.142987284692308,1,WC,0,NoSA,health,3,satisfactory,73,0.233,0.26,2,less100
27894,2001,3,1477.433837890625,7.298061968508151,1,WC,0,NoSA,health,4,good,64,0.297,0.25,2,less100
27894,2002,4,1465.7121212121212,7.290096492912494,1,WC,0,NoSA,health,4,good,66,0.439,0.258,2,less100
27894,2003,5,1660.9833333333333,7.415165075446958,0,NoWC,0,NoSA,health,1,unsatisfactory,60,0.683,0.267,2,less100
27894,2004,6,1397.967213114754,7.242774469811121,1,WC,0,NoSA,health,2,sufficient,61,0.672,0.279,2,less100
27894,2006,8,2144.9655172413795,7.670878755354754,1,WC,0,NoSA,health,1,unsatisfactory,58,0.552,0.328,2,less100
27919,2003,5,1615.8415841584158,7.387611204670884,1,WC,0,NoSA,manufacturing,2,sufficient,101,0.059,0.297,3,less250
27919,2004,6,2028.0891089108911,7.614849303050944,1,WC,0,NoSA,manufacturing,3,satisfactory,101,0.05,0.257,3,less250
27919,2005,7,2153.227722772277,7.674723261753591,1,WC,0,NoSA,manufacturing,2,sufficient,101,0.04,0.347,3,less250
27919,2006,8,2452.4059405940593,7.8048248382449446,1,WC,0,NoSA,manufacturing,2,sufficient,101,0.069,0.386,3,less250
27919,2007,9,2022.7843137254902,7.612230214442465,1,WC,0,NoSA,manufacturing,4,good,102,0.069,0.284,3,less250
27919,2008,10,3237.0882352941176,8.082429511909428,1,WC,0,NoSA,manufacturing,3,satisfactory,102,0.108,0.314,3,less250
27919,2009,11,3025.0588235294117,8.014685816070722,1,WC,0,NoSA,manufacturing,2,sufficient,102,0.245,0.225,3,less250
27919,2010,12,2546.4313725490197,7.842448196245829,1,WC,0,NoSA,manufacturing,2,sufficient,102,0.206,0.304,3,less250
27919,2013,15,2982.46,8.000503742314658,1,WC,0,NoSA,manufacturing,4,good,100,0.37,0.33,2,less100
27919,2015,17,2897.5,7.971603575213907,1,WC,0,NoSA,manufacturing,4,good,102,0.343,0.363,3,less250
27919,2016,18,3217.105769230769,8.076237404917626,1,WC,0,NoSA,manufacturing,3,satisfactory,104,0.356,0.462,3,less250
27919,2017,19,3200.245283018868,8.070982736793681,1,WC,0,NoSA,manufacturing,3,satisfactory,106,0.349,0.396,3,less250
27919,2018,20,3648.0560747663553,8.20194972244844,1,WC,0,NoSA,manufacturing,2,sufficient,107,0.374,0.299,3,less250
27919,2020,22,4077.5765765765764,8.313258114595113,1,WC,0,NoSA,manufacturing,1,unsatisfactory,111,0.324,0.459,3,less250
27919,2021,23,4950.934579439252,8.507331641668639,1,WC,0,NoSA,manufacturing,1,unsatisfactory,107,0.346,0.262,3,less250
27951,1998,0,1222.17578125,7.108387976563287,0,NoWC,0,NoSA,buservices,2,sufficient,144,0.049,0.799,3,less250
27951,1999,1,1275.6267045454545,7.151192869806591,0,NoWC,0,NoSA,buservices,2,sufficient,110,0.064,0.827,3,less250
27951,2000,2,1518.1705216535433,7.325261284751785,0,NoWC,0,NoSA,buservices,4,good,127,0.071,0.811,3,less250
27951,2001,3,2043.8309547244094,7.622581244735402,0,NoWC,0,NoSA,buservices,3,satisfactory,127,0.079,0.819,3,less250
27951,2002,4,1951.623188405797,7.576416709612126,0,NoWC,1,SA,buservices,3,satisfactory,138,0.072,0.833,3,less250
27951,2003,5,2096.6567164179105,7.648099315268491,0,NoWC,1,SA,buservices,5,very good,134,0.179,0.806,3,less250
27951,2005,7,2293.465277777778,7.737819174518997,0,NoWC,0,NoSA,buservices,3,satisfactory,144,0.188,0.806,3,less250
27966,2001,3,2199.031115301724,7.6957721402053245,0,NoWC,0,NoSA,wholesretail,4,good,232,0.022,0.905,3,less250
27966,2002,4,1622.0296610169491,7.391433521201716,0,NoWC,0,NoSA,wholesretail,3,satisfactory,236,0.042,0.864,3,less250
27966,2003,5,1488.103305785124,7.305257638914032,0,NoWC,0,NoSA,wholesretail,2,sufficient,242,0.029,0.814,3,less250
27966,2004,6,1476.996282527881,7.297765765620888,0,NoWC,0,NoSA,wholesretail,3,satisfactory,269,0.059,0.836,4,more250
27966,2005,7,1736.6505576208178,7.459713570194142,0,NoWC,0,NoSA,wholesretail,3,satisfactory,269,0.071,0.836,4,more250
27967,2013,15,1721.75,7.4510964944248075,1,WC,0,NoSA,manufacturing,4,good,20,0.15,0.25,1,less50
27967,2014,16,1023.9032258064516,6.931377295085088,1,WC,0,NoSA,manufacturing,4,good,31,0.097,0.161,1,less50
27967,2018,20,1001.0370370370371,6.908791778667736,1,WC,0,NoSA,manufacturing,3,satisfactory,27,0.037,0.037,1,less50
28004,1998,0,1721.5214646464647,7.4509637512727105,0,NoWC,0,NoSA,manufacturing,2,sufficient,594,0.032,0.554,4,more250
28004,1999,1,1498.6141163793104,7.3122960375971155,0,NoWC,0,NoSA,manufacturing,3,satisfactory,580,0.055,0.643,4,more250
28004,2000,2,1109.612145390071,7.011765814677984,0,NoWC,0,NoSA,manufacturing,2,sufficient,564,0.057,0.64,4,more250
28004,2001,3,1134.6338803956835,7.034065305539251,0,NoWC,0,NoSA,manufacturing,3,satisfactory,556,0.088,0.646,4,more250
28004,2002,4,1014.4927536231884,6.9221440164342365,0,NoWC,0,NoSA,manufacturing,4,good,552,0.111,0.652,4,more250
28004,2004,6,931.09869646182494,6.836365282895464,0,NoWC,0,NoSA,manufacturing,1,unsatisfactory,537,0.104,0.657,4,more250
28004,2005,7,986.208413001912,6.893867704479569,0,NoWC,0,NoSA,manufacturing,3,satisfactory,523,0.117,0.652,4,more250
28004,2006,8,947.9768786127167,6.854330112308556,0,NoWC,0,NoSA,manufacturing,5,very good,519,0.112,0.663,4,more250
28004,2007,9,776.5574712643678,6.654870653068659,0,NoWC,0,NoSA,manufacturing,5,very good,522,0.102,0.667,4,more250
28004,2008,10,717.5028790786948,6.575776960278959,0,NoWC,0,NoSA,manufacturing,5,very good,521,0.115,0.651,4,more250
28004,2009,11,663.4615384615385,6.497470884438024,0,NoWC,0,NoSA,manufacturing,3,satisfactory,520,0.119,0.608,4,more250
28004,2010,12,510.286836935167,6.234972992979577,0,NoWC,0,NoSA,manufacturing,1,unsatisfactory,509,0.187,0.544,4,more250
28005,2018,20,3637.246575342466,8.198982239043737,0,NoWC,0,NoSA,wholesretail,4,good,146,0.603,0.295,3,less250
28005,2019,21,2512.3503649635036,7.828973994360357,0,NoWC,0,NoSA,wholesretail,5,very good,137,0.562,0.336,3,less250
28005,2020,22,2135.7235294117645,7.666560757906819,0,NoWC,0,NoSA,transcom,4,good,170,0.594,0.241,3,less250
28007,2001,3,3354.6762408088234,8.118110544245232,1,WC,0,NoSA,buservices,3,satisfactory,34,0.059,0.118,1,less50
28007,2003,5,2527.675675675676,7.835055454186705,1,WC,0,NoSA,buservices,2,sufficient,37,0.054,0.162,1,less50
28007,2004,6,3604.1944444444443,8.18985356967142,1,WC,0,NoSA,buservices,3,satisfactory,36,0.139,0.167,1,less50
28007,2005,7,2478.9142857142856,7.8155759552834425,1,WC,0,NoSA,buservices,3,satisfactory,35,0.086,0.286,1,less50
28007,2006,8,3983.5625,8.289931798417435,1,WC,0,NoSA,buservices,3,satisfactory,32,0.094,0.219,1,less50
28007,2007,9,4182.75,8.338724203937772,1,WC,0,NoSA,buservices,3,satisfactory,32,0.094,0.188,1,less50
28033,2018,20,4307.285714285715,8.368063220045842,1,WC,0,NoSA,transcom,4,good,28,0.286,0.071,1,less50
28033,2019,21,3654.6666666666665,8.203760168754567,1,WC,0,NoSA,transcom,4,good,30,0.433,0.033,1,less50
28033,2021,23,2099.4893617021276,7.649449433048837,1,WC,0,NoSA,transcom,4,good,47,0.319,0.043,1,less50
28043,2006,8,5012.285714285715,8.519647320433817,1,WC,1,SA,manufacturing,4,good,21,0.048,0.095,1,less50
28043,2007,9,4654.5,8.445589772556545,1,WC,0,NoSA,manufacturing,4,good,22,0.727,0.182,1,less50
28043,2008,10,5193.35,8.555134239994098,1,WC,0,NoSA,manufacturing,3,satisfactory,20,0.7,0.1,1,less50
28043,2009,11,4948.65,8.5068700910931625,1,WC,0,NoSA,manufacturing,4,good,20,0.65,0.25,1,less50
28043,2010,12,4540.454545454545,8.420782406167879,1,WC,0,NoSA,manufacturing,3,satisfactory,22,0.591,0.227,1,less50
28043,2011,13,4132.37037037037,8.326606460871753,1,WC,0,NoSA,manufacturing,3,satisfactory,27,0.444,0.222,1,less50
28045,2014,16,1546.3333333333333,7.343641816083634,1,WC,0,NoSA,manufacturing,3,satisfactory,48,0.521,0.062,1,less50
28045,2015,17,2955.6976744186045,7.9914900016071115,1,WC,0,NoSA,manufacturing,4,good,43,0.302,0.07,1,less50
28045,2016,18,1915.2222222222222,7.5575889378181715,1,WC,0,NoSA,manufacturing,4,good,45,0.311,0.067,1,less50
28045,2017,19,1989.4634146341464,7.5956202404715345,1,WC,0,NoSA,manufacturing,4,good,82,0.293,0.073,2,less100
28045,2019,21,1513.6237623762377,7.322261897418725,1,WC,1,SA,manufacturing,3,satisfactory,101,0.228,0.139,3,less250
28045,2020,22,1054.5462962962963,6.960865902507772,1,WC,1,SA,manufacturing,1,unsatisfactory,108,0.204,0.148,3,less250
28045,2021,23,1083.0092592592594,6.987498796603648,1,WC,1,SA,manufacturing,4,good,108,0.278,0.139,3,less250
28124,1998,0,317.9713807397959,5.761961381056546,0,NoWC,0,NoSA,public,3,satisfactory,147,0.014,0.599,3,less250
28124,1999,1,467.1731404049296,6.14669993928973,0,NoWC,0,NoSA,public,4,good,142,0.014,0.782,3,less250
28124,2000,2,570.4545863309353,6.346433562857435,0,NoWC,0,NoSA,public,4,good,139,0.007,0.547,3,less250
28124,2001,3,958.13544921875,6.864989155470067,0,NoWC,0,NoSA,public,2,sufficient,80,0.025,0.675,2,less100
28124,2002,4,1365.4716981132076,7.219255214308052,0,NoWC,0,NoSA,public,4,good,53,0.038,0.604,2,less100
28124,2003,5,1232.3833333333334,7.1167052428833655,0,NoWC,0,NoSA,public,2,sufficient,60,0.067,0.633,2,less100
28124,2004,6,1111.6527777777778,7.013603175850443,0,NoWC,0,NoSA,public,1,unsatisfactory,72,0.042,0.625,2,less100
28124,2005,7,1201.3235294117646,7.091179169159808,0,NoWC,0,NoSA,public,3,satisfactory,68,0.074,0.485,2,less100
28124,2006,8,1047.344827586207,6.9540135048671905,0,NoWC,0,NoSA,public,3,satisfactory,58,0.052,0.5,2,less100
28124,2007,9,2207.4074074074074,7.699573987049112,0,NoWC,0,NoSA,public,4,good,27,0.148,0.667,1,less50
28131,1998,0,455.60137007389164,6.121618238754396,0,NoWC,0,NoSA,edu,3,satisfactory,203,0.005,0.911,3,less250
28131,1999,1,511.129182449495,6.236622361482327,0,NoWC,1,SA,edu,4,good,198,0.035,0.929,3,less250
28131,2000,2,502.8318298969072,6.22025577999662,0,NoWC,0,NoSA,edu,4,good,194,0.067,0.84,3,less250
28131,2001,3,323.80568962696333,5.780143612512764,0,NoWC,1,SA,edu,3,satisfactory,191,0.11,0.953,3,less250
28133,1998,0,1318.5396205357142,7.184280055046609,0,NoWC,0,NoSA,public,3,satisfactory,56,0.536,0.179,2,less100
28133,1999,1,1074.2930438701924,6.979418090616806,0,NoWC,0,NoSA,public,3,satisfactory,52,0.731,0.212,2,less100
28133,2000,2,1007.3017939814815,6.915030543927375,0,NoWC,0,NoSA,buservices,2,sufficient,54,0.444,0.13,2,less100
28133,2001,3,1218.844039351852,7.105658179829167,0,NoWC,0,NoSA,buservices,4,good,54,0.537,0.13,2,less100
28138,2000,2,3508.3997395833335,8.162915297850606,0,NoWC,0,NoSA,wholesretail,3,satisfactory,72,0.014,0.056,2,less100
28138,2001,3,3413.578125,8.135516323662491,0,NoWC,0,NoSA,wholesretail,3,satisfactory,74,0.014,0.108,2,less100
28138,2002,4,3463.5555555555557,8.150050957627233,0,NoWC,0,NoSA,wholesretail,4,good,72,0.014,0.111,2,less100
28140,1999,1,3878.5552884615386,8.26321801494381,0,NoWC,0,NoSA,manufacturing,2,sufficient,39,0.128,0.462,1,less50
28140,2000,2,2223.044961734694,7.706633139461276,1,WC,0,NoSA,manufacturing,3,satisfactory,49,0.082,0.388,1,less50
28140,2001,3,3430.017219387755,8.14032056037705,1,WC,0,NoSA,manufacturing,3,satisfactory,49,0.102,0.327,1,less50
28146,2012,14,910.1428571428571,6.813601573061175,0,NoWC,0,NoSA,health,4,good,21,0.095,0.81,1,less50
28146,2013,15,1303.1818181818182,7.1725641055191,1,WC,0,NoSA,health,4,good,22,0.045,0.591,1,less50
28146,2014,16,1067.7826086956522,6.9733394488906075,0,NoWC,1,SA,health,3,satisfactory,23,0.087,0.391,1,less50
28146,2015,17,1867.8636363636363,7.532550616318838,1,WC,0,NoSA,health,2,sufficient,22,0.045,0.773,1,less50
28146,2016,18,2548.4285714285716,7.843232201695955,1,WC,0,NoSA,health,3,satisfactory,21,0.143,0.762,1,less50
28146,2017,19,1706.5357142857142,7.442220696510839,1,WC,0,NoSA,health,4,good,28,0.107,0.75,1,less50
28146,2018,20,2525.6666666666665,7.834260333263264,1,WC,0,NoSA,health,3,satisfactory,21,0.143,0.619,1,less50
28169,2015,17,5025.481366459628,8.522276522659617,0,NoWC,1,SA,public,2,sufficient,322,0.099,0.233,4,more250
28169,2016,18,4963.5,8.509866416029777,0,NoWC,1,SA,public,4,good,360,0.1,0.231,4,more250
28169,2018,20,4567.307692307692,8.426679183875406,0,NoWC,1,SA,public,3,satisfactory,416,0.019,0.303,4,more250
28169,2019,21,3679.188376753507,8.21044745704305,0,NoWC,1,SA,public,3,satisfactory,499,0.016,0.331,4,more250
28184,2018,20,13189.7,9.487191500949288,1,WC,0,NoSA,finance,5,very good,40,0.25,0.425,1,less50
28184,2020,22,3026.684210526316,8.01522297933983,1,WC,0,NoSA,finance,3,satisfactory,38,0.237,0.316,1,less50
28184,2021,23,8165.071428571428,9.007620753507322,1,WC,0,NoSA,finance,1,unsatisfactory,42,0.238,0.333,1,less50
28193,2009,11,505.81481481481484,6.226170623674095,1,WC,0,NoSA,wholesretail,4,good,27,0.111,0.222,1,less50
28193,2011,13,1896.75,7.547897174218185,1,WC,0,NoSA,wholesretail,4,good,20,0.05,0.2,1,less50
28193,2013,15,81.28571428571429,4.397970285071017,1,WC,0,NoSA,wholesretail,4,good,21,0.238,0.238,1,less50
28204,2015,17,3895.3142857142857,8.267529644578323,1,WC,0,NoSA,wholesretail,2,sufficient,35,0.029,0.257,1,less50
28204,2016,18,3452.3142857142857,8.146800092588068,1,WC,0,NoSA,wholesretail,5,very good,35,0.029,0.2,1,less50
28204,2017,19,3670.324324324324,8.20803530889456,1,WC,0,NoSA,wholesretail,4,good,37,0.027,0.243,1,less50
28228,2009,11,1460.6744186046512,7.286653538596441,1,WC,0,NoSA,manufacturing,3,satisfactory,43,0.116,0.14,1,less50
28228,2010,12,1018.0754716981132,6.9256693315904485,1,WC,0,NoSA,manufacturing,4,good,53,0.132,0.17,2,less100
28228,2011,13,1488.6382978723404,7.305617087038329,1,WC,0,NoSA,manufacturing,4,good,47,0.234,0.149,1,less50
28228,2013,15,1800.9375,7.496062641630986,1,WC,0,NoSA,manufacturing,3,satisfactory,48,0.208,0.146,1,less50
28228,2015,17,2079.811320754717,7.64003245740524,1,WC,0,NoSA,manufacturing,3,satisfactory,53,0.226,0.189,2,less100
28228,2016,18,2372.2884615384614,7.77161036382749,1,WC,0,NoSA,manufacturing,3,satisfactory,52,0.096,0.173,2,less100
28228,2019,21,2741.921568627451,7.916414256003264,1,WC,0,NoSA,manufacturing,4,good,51,0.02,0.157,2,less100
28228,2020,22,3000.2093023255816,8.006437332658473,1,WC,0,NoSA,manufacturing,4,good,43,0.233,0.116,1,less50
28228,2021,23,2284,7.7336835707759,1,WC,0,NoSA,manufacturing,4,good,51,0.02,0.098,2,less100
28229,2010,12,2511.4347826086955,7.828609495346944,1,WC,1,SA,health,3,satisfactory,23,0.043,0.087,1,less50
28229,2018,20,2275.074074074074,7.729767890887544,1,WC,1,SA,health,4,good,27,0.074,0.037,1,less50
28229,2019,21,1551.1851851851852,7.346774553331769,1,WC,1,SA,health,2,sufficient,27,0.111,0.074,1,less50
28229,2020,22,1999.2962962962963,7.600550545775844,1,WC,0,NoSA,buservices,4,good,27,0.111,0.074,1,less50
28229,2021,23,2233.72,7.711423636053287,1,WC,0,NoSA,buservices,4,good,25,0.12,0.08,1,less50
28256,2012,14,2289.9523809523807,7.736286301988142,1,WC,0,NoSA,wholesretail,2,sufficient,21,0.238,0.143,1,less50
28256,2013,15,2561.25,7.84825069955311,1,WC,0,NoSA,wholesretail,3,satisfactory,20,0.15,0.1,1,less50
28256,2015,17,2538.8571428571427,7.8394693150004855,1,WC,0,NoSA,wholesretail,3,satisfactory,21,0.571,0.19,1,less50
28256,2016,18,2613.5454545454545,7.8684629902135015,1,WC,0,NoSA,wholesretail,4,good,22,0.318,0.182,1,less50
28256,2017,19,2363.5652173913045,7.767926443417776,1,WC,0,NoSA,wholesretail,4,good,23,0.304,0.174,1,less50
28256,2020,22,3498.1153846153848,8.159979640916568,1,WC,0,NoSA,construction,3,satisfactory,26,0.115,0.154,1,less50
28266,2007,9,1770.1441048034935,7.478816237397059,0,NoWC,0,NoSA,health,3,satisfactory,229,0.14,0.611,3,less250
28266,2008,10,1625.3,7.39344769310913,0,NoWC,0,NoSA,health,3,satisfactory,230,0.096,0.609,3,less250
28266,2009,11,1402.3231441048035,7.245885528985487,0,NoWC,0,NoSA,health,3,satisfactory,229,0.074,0.62,3,less250
28266,2010,12,1114.74678111588,7.016382555964399,0,NoWC,0,NoSA,health,4,good,233,0.124,0.695,3,less250
28266,2011,13,1129.6875,7.029696324787184,0,NoWC,0,NoSA,health,3,satisfactory,256,0.102,0.547,4,more250
28266,2012,14,1301.5748031496064,7.171330197350525,0,NoWC,0,NoSA,health,3,satisfactory,254,0.079,0.591,4,more250
28266,2014,16,1350.4273504273503,7.208176377211347,0,NoWC,0,NoSA,health,4,good,234,0.094,0.564,3,less250
28266,2015,17,2561.5575221238937,7.848370759548701,0,NoWC,0,NoSA,health,4,good,226,0.097,0.664,3,less250
28266,2016,18,3672.7510917030568,8.208696276494535,0,NoWC,0,NoSA,health,3,satisfactory,229,0.092,0.559,3,less250
28266,2019,21,4913.14705882353,8.499669964312481,0,NoWC,0,NoSA,health,4,good,204,0.127,0.525,3,less250
28266,2020,22,8335.721649484536,9.0283053720590285,0,NoWC,0,NoSA,buservices,5,very good,194,0.124,0.51,3,less250
28266,2021,23,5376.258064516129,8.58974788412307,0,NoWC,0,NoSA,buservices,4,good,186,0.124,0.511,3,less250
28284,2016,18,2453.36,7.805213792560957,0,NoWC,0,NoSA,buservices,4,good,25,0.08,0.8,1,less50
28284,2017,19,2168.3939393939395,7.681742052415453,0,NoWC,0,NoSA,buservices,4,good,33,0.152,0.848,1,less50
28284,2018,20,2336.542857142857,7.756427704425869,0,NoWC,0,NoSA,transcom,4,good,35,0.057,0.914,1,less50
28284,2019,21,3668.029411764706,8.207409851818774,0,NoWC,0,NoSA,transcom,4,good,34,0.059,0.882,1,less50
28284,2021,23,3628.157894736842,8.19648033143929,0,NoWC,0,NoSA,buservices,1,unsatisfactory,38,0.105,0.921,1,less50
28302,2017,19,1850.3333333333333,7.523121082022052,1,WC,0,NoSA,construction,4,good,33,0.212,0.515,1,less50
28302,2018,20,2197.25,7.6949618574447545,1,WC,0,NoSA,construction,4,good,32,0.219,0.438,1,less50
28302,2019,21,1850.3142857142857,7.5231107878135735,1,WC,0,NoSA,construction,4,good,35,0.2,0.486,1,less50
28302,2020,22,1790.6451612903227,7.490331259199061,1,WC,0,NoSA,construction,5,very good,31,0.548,0.548,1,less50
28324,2002,4,2898,7.971776122880628,1,WC,0,NoSA,public,2,sufficient,83,0.229,0.47,2,less100
28324,2003,5,3458.2716049382716,8.148524207097015,1,WC,0,NoSA,public,4,good,81,0.222,0.432,2,less100
28324,2004,6,2862.9887640449438,7.959621380551449,1,WC,0,NoSA,public,1,unsatisfactory,89,0.202,0.449,2,less100
28324,2005,7,2322.588888888889,7.7504377428894635,1,WC,0,NoSA,public,1,unsatisfactory,90,0.2,0.444,2,less100
28324,2006,8,2459.3333333333335,7.807645589488511,1,WC,0,NoSA,public,3,satisfactory,81,0.222,0.469,2,less100
28324,2007,9,2925.1969696969695,7.981117097466056,0,NoWC,0,NoSA,transcom,3,satisfactory,66,0.273,0.485,2,less100
28324,2008,10,4317.288888888889,8.37038291221595,0,NoWC,0,NoSA,transcom,3,satisfactory,45,0.378,0.556,1,less50
28324,2009,11,3844.4444444444443,8.254384383709596,0,NoWC,0,NoSA,public,3,satisfactory,45,0.444,0.422,1,less50
28324,2010,12,2884.235294117647,7.967015081109351,1,WC,0,NoSA,public,4,good,51,0.529,0.451,2,less100
28324,2011,13,2636.616666666667,7.877251808576236,1,WC,0,NoSA,public,5,very good,60,0.567,0.4,2,less100
28324,2012,14,3169.425925925926,8.061305754549059,1,WC,0,NoSA,public,3,satisfactory,54,0.556,0.5,2,less100
28324,2015,17,3399.85,8.131486591983982,1,WC,0,NoSA,public,2,sufficient,40,0.725,0.4,1,less50
28324,2016,18,2844.775,7.953239257316967,1,WC,0,NoSA,public,2,sufficient,40,0.775,0.45,1,less50
28324,2017,19,1942.775,7.571872642363266,1,WC,0,NoSA,public,3,satisfactory,40,0.85,0.5,1,less50
28324,2018,20,1965.9,7.583705434713561,1,WC,0,NoSA,public,4,good,40,0.8,0.625,1,less50
28324,2019,21,1511.8048780487804,7.3210594995024145,1,WC,0,NoSA,public,4,good,41,0.902,0.61,1,less50
28324,2020,22,1541.888888888889,7.340763495034791,1,WC,0,NoSA,public,1,unsatisfactory,36,0.972,0.444,1,less50
28373,2009,11,2473.8518518518517,7.813531669127037,1,WC,0,NoSA,manufacturing,3,satisfactory,27,0.148,0.926,1,less50
28373,2010,12,2305.366666666667,7.742995017255524,1,WC,0,NoSA,manufacturing,3,satisfactory,30,0.133,0.9,1,less50
28373,2011,13,1709.7586206896551,7.44410748204162,1,WC,0,NoSA,manufacturing,4,good,29,0.172,0.828,1,less50
28373,2013,15,1180.258064516129,7.073488392291109,1,WC,0,NoSA,manufacturing,4,good,31,0.032,0.871,1,less50
28373,2015,17,1821.735294117647,7.507544784124587,1,WC,0,NoSA,manufacturing,4,good,34,0.147,0.882,1,less50
28373,2017,19,1490.5151515151515,7.306877078457369,1,WC,0,NoSA,manufacturing,4,good,33,0.121,0.727,1,less50
28373,2019,21,2452.114285714286,7.804705905151937,1,WC,0,NoSA,manufacturing,4,good,35,0.114,0.829,1,less50
28384,2014,16,1073.896551724138,6.979048949874881,1,WC,0,NoSA,wholesretail,4,good,29,0.483,0.586,1,less50
28384,2015,17,1023.551724137931,6.931033940353905,1,WC,0,NoSA,wholesretail,4,good,29,0.621,0.724,1,less50
28384,2016,18,1161.5806451612902,7.057536981708308,1,WC,0,NoSA,wholesretail,4,good,31,0.613,0.742,1,less50
28384,2017,19,805.4137931034483,6.691356174051003,1,WC,0,NoSA,wholesretail,4,good,29,0.552,0.759,1,less50
28384,2020,22,2123.409090909091,7.66077813786874,1,WC,0,NoSA,wholesretail,4,good,22,0.818,0.727,1,less50
28384,2021,23,2160.55,7.678118097895219,1,WC,0,NoSA,wholesretail,4,good,20,0.9,0.75,1,less50
28405,2002,4,2524.9166666666665,7.8339633378645095,0,NoWC,0,NoSA,public,2,sufficient,24,0.125,0.792,1,less50
28405,2004,6,1743.8125,7.463829087221263,0,NoWC,0,NoSA,public,3,satisfactory,32,0.219,0.719,1,less50
28405,2005,7,1683.625,7.428704485918979,0,NoWC,0,NoSA,public,3,satisfactory,32,0.188,0.688,1,less50
28417,2007,9,4071.6813186813188,8.311811293547256,1,WC,0,NoSA,edu,3,satisfactory,91,0.033,0.044,2,less100
28417,2008,10,3808.5154639175257,8.244994750174174,1,WC,0,NoSA,edu,3,satisfactory,97,0.031,0.041,2,less100
28417,2009,11,3709.6774193548385,8.21870020286024,1,WC,0,NoSA,edu,1,unsatisfactory,93,0.032,0.065,2,less100
28417,2012,14,3339.3939393939395,8.11354461423447,1,WC,0,NoSA,edu,2,sufficient,99,0.03,0.101,2,less100
28417,2015,17,4212.333333333333,8.34577200909057,1,WC,0,NoSA,edu,1,unsatisfactory,108,0.028,0.056,3,less250
28417,2018,20,5076.189189189189,8.532316099453586,1,WC,0,NoSA,edu,2,sufficient,111,0.063,0.126,3,less250
28417,2019,21,5440.121495327103,8.60155667330043,1,WC,0,NoSA,edu,1,unsatisfactory,107,0.037,0.121,3,less250
28417,2020,22,4362.96,8.380906005077916,1,WC,0,NoSA,buservices,1,unsatisfactory,100,0.05,0.13,2,less100
28417,2021,23,4632.068627450981,8.440758835086724,1,WC,1,SA,buservices,1,unsatisfactory,102,0.049,0.127,3,less250
28439,2015,17,4934.831168831169,8.504073740305913,0,NoWC,0,NoSA,health,4,good,77,0.026,0.857,2,less100
28439,2018,20,4883.5,8.493617454887533,1,WC,0,NoSA,health,3,satisfactory,86,0.035,0.837,2,less100
28439,2019,21,4241.183908045977,8.3525977328461,1,WC,0,NoSA,health,3,satisfactory,87,0.046,0.839,2,less100
28439,2021,23,4897.5,8.496480149818696,1,WC,0,NoSA,art,3,satisfactory,88,0.045,0.83,2,less100
28440,2013,15,3517.044943820225,8.16537641141429,0,NoWC,0,NoSA,transcom,5,very good,89,0.91,0.225,2,less100
28440,2014,16,3098.0392156862745,8.038524679284778,0,NoWC,0,NoSA,transcom,5,very good,102,0.657,0.206,3,less250
28440,2015,17,3082.342105263158,8.033445010778678,0,NoWC,0,NoSA,transcom,2,sufficient,114,0.728,0.202,3,less250
28440,2016,18,3012.2268907563025,8.010434915019058,1,WC,0,NoSA,transcom,4,good,119,0.647,0.193,3,less250
28440,2017,19,3723.896,8.222525711046735,1,WC,0,NoSA,transcom,3,satisfactory,125,0.488,0.192,3,less250
28440,2019,21,2578.0425531914893,7.8547856896435455,1,WC,0,NoSA,transcom,4,good,141,0.362,0.177,3,less250
28440,2020,22,3471.7345679012346,8.15240962352064,1,WC,0,NoSA,resthotels,5,very good,162,0.444,0.16,3,less250
28440,2021,23,2470.135593220339,7.812028324155913,0,NoWC,0,NoSA,wholesretail,2,sufficient,177,0.345,0.186,3,less250
28442,2007,9,4078.2727272727275,8.313428826601161,1,WC,0,NoSA,buservices,4,good,77,0.013,0.87,2,less100
28442,2008,10,1802.2753623188405,7.4968052357720705,1,WC,0,NoSA,buservices,4,good,138,0.007,0.942,3,less250
28442,2009,11,1624.3783783783783,7.392880485195595,0,NoWC,0,NoSA,buservices,1,unsatisfactory,148,0.007,0.885,3,less250
28442,2010,12,1686.5974025974026,7.430468407116471,0,NoWC,0,NoSA,buservices,1,unsatisfactory,154,0.006,0.838,3,less250
28442,2011,13,1940.9395973154362,7.570927463321287,0,NoWC,0,NoSA,buservices,3,satisfactory,149,0.007,0.852,3,less250
28442,2012,14,2182.9602649006624,7.688437154323204,0,NoWC,0,NoSA,buservices,3,satisfactory,151,0.007,0.854,3,less250
28478,2007,9,5034.130434782609,8.523996086122914,1,WC,0,NoSA,construction,3,satisfactory,46,0.022,0.087,1,less50
28478,2009,11,2395.551724137931,7.781368848299599,1,WC,0,NoSA,manufacturing,2,sufficient,58,0.034,0.086,2,less100
28478,2010,12,2395.551724137931,7.781368848299599,1,WC,0,NoSA,manufacturing,1,unsatisfactory,58,0.034,0.086,2,less100
28478,2011,13,3832.8793103448274,8.251371577888959,1,WC,0,NoSA,manufacturing,1,unsatisfactory,58,0.034,0.086,2,less100
28478,2012,14,2555.2586206896553,7.845908718920217,1,WC,0,NoSA,manufacturing,1,unsatisfactory,58,0.034,0.086,2,less100
28478,2013,15,2874.6724137931033,7.963694003710965,1,WC,0,NoSA,manufacturing,4,good,58,0.052,0.086,2,less100
28478,2014,16,4248.120689655172,8.354231973453967,1,WC,0,NoSA,manufacturing,1,unsatisfactory,58,0.052,0.103,2,less100
28478,2015,17,4081.915254237288,8.314321582310892,1,WC,0,NoSA,manufacturing,2,sufficient,59,0.051,0.102,2,less100
28478,2016,18,2806.909090909091,7.939839189271374,1,WC,0,NoSA,manufacturing,4,good,66,0.045,0.091,2,less100
28478,2017,19,4702.661538461539,8.455883912198482,1,WC,0,NoSA,manufacturing,5,very good,65,0.046,0.077,2,less100
28478,2018,20,4631.405405405405,8.440615644304442,1,WC,0,NoSA,manufacturing,3,satisfactory,74,0.041,0.054,2,less100
28478,2019,21,2692.6744186046512,7.898290186358501,1,WC,0,NoSA,manufacturing,5,very good,86,0.023,0.07,2,less100
28478,2020,22,2810.067415730337,7.940963753403112,1,WC,0,NoSA,manufacturing,5,very good,89,0.045,0.045,2,less100
28478,2021,23,3642.674157303371,8.200473349501083,1,WC,0,NoSA,manufacturing,3,satisfactory,89,0.045,0.067,2,less100
28482,2016,18,2839.36,7.951333953646973,1,WC,0,NoSA,manufacturing,4,good,25,0.64,0.84,1,less50
28482,2018,20,3542.4347826086955,8.172569561404881,1,WC,0,NoSA,manufacturing,4,good,23,0.565,0.87,1,less50
28482,2019,21,3613.2608695652175,8.192365931576061,1,WC,0,NoSA,manufacturing,4,good,23,0.565,0.783,1,less50
28490,2018,20,636.1076923076923,6.455367876533653,1,WC,0,NoSA,health,5,very good,65,0.231,0.123,2,less100
28490,2020,22,2371.8333333333335,7.771418493455605,1,WC,0,NoSA,buservices,3,satisfactory,60,0.9,0.117,2,less100
28490,2021,23,1634.6333333333334,7.399173797222899,1,WC,0,NoSA,buservices,1,unsatisfactory,60,0.733,0.167,2,less100
28492,1998,0,2305.8953373015875,7.743224312679112,0,NoWC,1,SA,manufacturing,3,satisfactory,378,0.026,0.614,4,more250
28492,1999,1,2330.284684986595,7.7537457214937655,0,NoWC,1,SA,manufacturing,3,satisfactory,373,0.027,0.606,4,more250
28492,2000,2,1646.8980263157894,7.406648813455612,0,NoWC,1,SA,manufacturing,3,satisfactory,380,0.018,0.603,4,more250
28492,2001,3,1686.781918449198,7.430577802375301,0,NoWC,1,SA,manufacturing,3,satisfactory,374,0.04,0.61,4,more250
28492,2002,4,1485.4111405835545,7.3034468752633215,0,NoWC,1,SA,manufacturing,3,satisfactory,377,0.016,0.618,4,more250
28494,2019,21,2912.268292682927,7.976687538548829,0,NoWC,0,NoSA,health,5,very good,41,0.098,0.195,1,less50
28494,2020,22,806.05,6.6921457753220075,0,NoWC,0,NoSA,buservices,4,good,40,0.1,0.175,1,less50
28494,2021,23,876.8780487804878,6.776367927720803,0,NoWC,0,NoSA,buservices,4,good,41,0.073,0.195,1,less50
28510,2011,13,3429.0535714285716,8.140039575388,1,WC,0,NoSA,public,4,good,56,0.357,0.786,2,less100
28510,2013,15,3771.964285714286,8.235351175446139,1,WC,0,NoSA,public,4,good,56,0.339,0.804,2,less100
28510,2014,16,5442.076923076923,8.601916054318067,1,WC,0,NoSA,public,4,good,52,0.365,0.865,2,less100
28510,2015,17,3765.235294117647,8.233565633398824,1,WC,0,NoSA,public,4,good,51,0.608,0.804,2,less100
28510,2016,18,4640.836734693878,8.442649959715656,1,WC,0,NoSA,public,4,good,49,0.612,0.816,1,less50
28510,2018,20,4181.411764705882,8.338404211249161,1,WC,0,NoSA,public,4,good,51,0.647,0.784,2,less100
28510,2019,21,4042.68,8.304663117361638,1,WC,0,NoSA,public,4,good,50,0.7,0.84,1,less50
28510,2020,22,3498.480769230769,8.160084087309551,1,WC,0,NoSA,public,5,very good,52,0.615,0.769,2,less100
28510,2021,23,4722.942307692308,8.460187254638853,1,WC,0,NoSA,public,4,good,52,0.615,0.75,2,less100
28542,2000,2,1924.8215073529411,7.562588518969782,0,NoWC,0,NoSA,manufacturing,3,satisfactory,170,0.024,0.082,3,less250
28542,2001,3,1898.9464779005525,7.549054526055201,0,NoWC,0,NoSA,manufacturing,3,satisfactory,181,0.006,0.088,3,less250
28542,2002,4,1923.84375,7.562080416909147,0,NoWC,0,NoSA,manufacturing,3,satisfactory,192,0.016,0.078,3,less250
28542,2003,5,1991.7047619047619,7.596746215264876,1,WC,0,NoSA,manufacturing,3,satisfactory,210,0.029,0.067,3,less250
28542,2004,6,1497.0059880239521,7.311222384427628,1,WC,0,NoSA,manufacturing,1,unsatisfactory,334,0.009,0.051,4,more250
28549,2000,2,1340.9774576822917,7.201154073060068,0,NoWC,1,SA,public,4,good,192,0.531,0.177,3,less250
28549,2001,3,1155.0243326822917,7.051876689991378,0,NoWC,0,NoSA,public,4,good,192,0.531,0.245,3,less250
28549,2002,4,1524.203125,7.329227011485787,0,NoWC,1,SA,public,4,good,192,0.542,0.292,3,less250
28558,2009,11,3108.108108108108,8.041769494701162,0,NoWC,0,NoSA,manufacturing,4,good,111,0.712,0.261,3,less250
28558,2010,12,2361.2363636363634,7.766940643737684,0,NoWC,0,NoSA,manufacturing,3,satisfactory,110,0.709,0.2,3,less250
28558,2011,13,2410,7.787382026484701,0,NoWC,0,NoSA,manufacturing,3,satisfactory,120,0.675,0.2,3,less250
28558,2012,14,2755,7.9211727215870145,0,NoWC,0,NoSA,manufacturing,4,good,120,0.683,0.2,3,less250
28563,2012,14,5522.264705882353,8.616543327937041,1,WC,0,NoSA,wholesretail,4,good,34,0.559,0.5,1,less50
28563,2013,15,6547.2962962962965,8.786807464221111,0,NoWC,0,NoSA,wholesretail,2,sufficient,27,0.815,0.444,1,less50
28563,2014,16,9800.62962962963,9.190201910516246,1,WC,0,NoSA,wholesretail,5,very good,27,0.704,0.407,1,less50
28563,2015,17,8443.206896551725,9.041117479468358,0,NoWC,0,NoSA,wholesretail,4,good,29,0.828,0.448,1,less50
28563,2017,19,8584.09375,9.057666205732723,0,NoWC,0,NoSA,wholesretail,4,good,32,0.438,0.469,1,less50
28597,2017,19,3096.6730038022815,8.038083589575447,0,NoWC,0,NoSA,transcom,4,good,263,0.011,0.331,4,more250
28597,2018,20,2709.3577981651374,7.904466910943958,0,NoWC,0,NoSA,transcom,3,satisfactory,327,0.006,0.278,4,more250
28597,2019,21,3832.9767441860463,8.251396998100486,0,NoWC,0,NoSA,transcom,3,satisfactory,215,0.014,0.209,3,less250
28626,2004,6,841.6282051282051,6.735338355119836,0,NoWC,0,NoSA,manufacturing,4,good,312,0.032,0.625,4,more250
28626,2005,7,590.3920265780731,6.380786768076628,0,NoWC,0,NoSA,manufacturing,3,satisfactory,301,0.166,0.827,4,more250
28626,2007,9,600.0945945945946,6.397087300447142,0,NoWC,0,NoSA,manufacturing,4,good,222,0.266,0.847,3,less250
28626,2008,10,578.0502512562814,6.3596608047830845,0,NoWC,0,NoSA,manufacturing,4,good,199,0.261,0.859,3,less250
28626,2009,11,553.0457142857143,6.315440664083475,0,NoWC,0,NoSA,manufacturing,3,satisfactory,175,0.303,0.657,3,less250
28626,2010,12,546.5018587360595,6.303537708774687,0,NoWC,0,NoSA,manufacturing,4,good,269,0.193,0.751,4,more250
28626,2011,13,486.35055350553506,6.186929667395474,0,NoWC,1,SA,manufacturing,4,good,271,0.103,0.867,4,more250
28655,2008,10,1017.5714285714286,6.92517411492304,1,WC,0,NoSA,edu,3,satisfactory,35,0.057,0.371,1,less50
28655,2009,11,647.9117647058823,6.473754521503559,1,WC,0,NoSA,edu,3,satisfactory,34,0.029,0.412,1,less50
28655,2010,12,1304.9130434782608,7.173891684186701,1,WC,0,NoSA,edu,2,sufficient,23,0.043,0.261,1,less50
28655,2011,13,1052,6.9584483932976555,1,WC,0,NoSA,edu,3,satisfactory,25,0.08,0.24,1,less50
28655,2012,14,876.1071428571429,6.775488392654883,1,WC,0,NoSA,edu,4,good,28,0.071,0.357,1,less50
28655,2013,15,761.1612903225806,6.63484528063782,1,WC,0,NoSA,edu,4,good,31,0.065,0.355,1,less50
28655,2014,16,746,6.61472560020376,1,WC,0,NoSA,edu,4,good,32,0.062,0.312,1,less50
28655,2016,18,903.9615384615385,6.806786813537446,1,WC,0,NoSA,edu,3,satisfactory,26,0.077,0.115,1,less50
28657,2010,12,2343.55,7.759422152744292,1,WC,0,NoSA,buservices,2,sufficient,20,0.4,0.15,1,less50
28657,2011,13,2375.95,7.773152636490068,1,WC,0,NoSA,buservices,1,unsatisfactory,20,0.4,0.15,1,less50
28657,2014,16,2845.75,7.953581932205326,1,WC,0,NoSA,buservices,3,satisfactory,20,0.3,0.15,1,less50
28696,2009,11,1045.2045454545455,6.951967882521947,1,WC,0,NoSA,wholesretail,1,unsatisfactory,44,0.045,0.864,1,less50
28696,2011,13,1508.42,7.318818024378773,1,WC,0,NoSA,wholesretail,1,unsatisfactory,50,0.04,0.84,1,less50
28696,2012,14,2319.413043478261,7.749069434150086,1,WC,0,NoSA,wholesretail,3,satisfactory,46,0.043,0.5,1,less50
28696,2013,15,1874.923076923077,7.536322911921911,1,WC,0,NoSA,wholesretail,4,good,52,0.077,0.808,2,less100
28696,2014,16,1923.1636363636364,7.561726836281328,1,WC,0,NoSA,wholesretail,4,good,55,0.036,0.8,2,less100
28696,2015,17,1652.1851851851852,7.409854045368185,1,WC,0,NoSA,wholesretail,2,sufficient,54,0.037,0.778,2,less100
28696,2017,19,1872.9818181818182,7.535286995072796,1,WC,1,SA,wholesretail,2,sufficient,55,0.036,0.8,2,less100
28696,2018,20,1186.8064516129032,7.079021324543535,1,WC,0,NoSA,wholesretail,1,unsatisfactory,62,0.081,0.774,2,less100
28696,2019,21,1639.4561403508771,7.402119844082327,1,WC,0,NoSA,wholesretail,1,unsatisfactory,57,0.035,0.772,2,less100
28696,2020,22,1995.4406779661017,7.59862019614217,1,WC,0,NoSA,wholesretail,5,very good,59,0.051,0.814,2,less100
28696,2021,23,1792.7796610169491,7.491522577608079,1,WC,0,NoSA,wholesretail,4,good,59,0.068,0.797,2,less100
28701,2010,12,1392.860465116279,7.239114800145423,0,NoWC,0,NoSA,health,3,satisfactory,43,0.302,0.512,1,less50
28701,2011,13,2072.148936170213,7.636341481187132,0,NoWC,0,NoSA,health,3,satisfactory,47,0.043,0.511,1,less50
28701,2012,14,1774,7.480992162869525,0,NoWC,0,NoSA,health,3,satisfactory,48,0.292,0.271,1,less50
28701,2014,16,2958.2,7.992336254237269,0,NoWC,0,NoSA,health,3,satisfactory,25,0.6,0.72,1,less50
28701,2015,17,2983.2,8.000751828864612,0,NoWC,0,NoSA,health,3,satisfactory,25,0.12,0.76,1,less50
28701,2017,19,4036.2916666666665,8.303081645132654,0,NoWC,0,NoSA,health,4,good,24,0.125,0.667,1,less50
28754,2010,12,546.6666666666666,6.303839232150135,0,NoWC,0,NoSA,resthotels,3,satisfactory,24,0.042,0.958,1,less50
28754,2011,13,253.3448275862069,5.534751515633803,0,NoWC,0,NoSA,resthotels,4,good,29,0.034,0.966,1,less50
28754,2012,14,843.8620689655172,6.737989055844265,0,NoWC,0,NoSA,resthotels,3,satisfactory,29,0.034,0.931,1,less50
28754,2013,15,1224.5416666666667,7.110321903307516,0,NoWC,0,NoSA,resthotels,3,satisfactory,24,0.042,0.958,1,less50
28754,2014,16,1192.7272727272727,7.083997789699709,0,NoWC,0,NoSA,resthotels,1,unsatisfactory,22,0.045,0.955,1,less50
28766,1998,0,690.3262416294643,6.537164299805752,0,NoWC,0,NoSA,manufacturing,2,sufficient,56,0.089,0.75,2,less100
28766,2000,2,622.3351680871212,6.433478803054251,0,NoWC,0,NoSA,manufacturing,1,unsatisfactory,66,0.076,0.682,2,less100
28766,2001,3,1081.8478311567164,6.986425812877274,0,NoWC,0,NoSA,manufacturing,2,sufficient,67,0.075,0.746,2,less100
28766,2002,4,1222.5223880597016,7.1086715345226095,0,NoWC,0,NoSA,manufacturing,1,unsatisfactory,67,0.119,0.746,2,less100
28766,2003,5,672.438596491228,6.510910800974571,0,NoWC,0,NoSA,manufacturing,1,unsatisfactory,57,0.123,0.684,2,less100
28766,2004,6,661.1851851851852,6.494033959744831,0,NoWC,1,SA,manufacturing,1,unsatisfactory,54,0.13,0.667,2,less100
28766,2005,7,757.7254901960785,6.630321169913074,0,NoWC,0,NoSA,manufacturing,3,satisfactory,51,0.157,0.686,2,less100
28771,2000,2,738.9560626702997,6.605238464066062,0,NoWC,0,NoSA,manufacturing,5,very good,367,0.142,0.09,4,more250
28771,2001,3,821.7667354060914,6.711456577905668,0,NoWC,0,NoSA,manufacturing,4,good,394,0.086,0.066,4,more250
28771,2002,4,465.5761421319797,6.1432756539788835,0,NoWC,0,NoSA,manufacturing,3,satisfactory,394,0.145,0.081,4,more250
28771,2004,6,995.155462184874,6.902898968355747,0,NoWC,0,NoSA,manufacturing,2,sufficient,238,0.239,0.071,3,less250
28771,2005,7,1548.672268907563,7.345153242116461,0,NoWC,0,NoSA,manufacturing,1,unsatisfactory,238,0.181,0.08,3,less250
28771,2007,9,1619.2479338842975,7.389717082091422,0,NoWC,0,NoSA,manufacturing,1,unsatisfactory,242,0.211,0.07,3,less250
28771,2008,10,1632.3973799126638,7.397804998478086,0,NoWC,0,NoSA,manufacturing,1,unsatisfactory,229,0.214,0.087,3,less250
28782,2003,5,1836.5675675675675,7.515653656070853,1,WC,0,NoSA,public,3,satisfactory,37,0.568,0.108,1,less50
28782,2005,7,2037.3548387096773,7.61940759777192,1,WC,0,NoSA,public,1,unsatisfactory,31,0.71,0.065,1,less50
28782,2006,8,1626.6363636363637,7.394269581093491,1,WC,0,NoSA,public,2,sufficient,33,0.667,0.061,1,less50
28782,2007,9,1640.5263157894738,7.402772393594942,1,WC,0,NoSA,public,3,satisfactory,38,0.605,0.053,1,less50
28782,2008,10,1914.775,7.5573554012392625,1,WC,0,NoSA,public,4,good,40,0.475,0.1,1,less50
28782,2017,19,2028.0204081632653,7.614815427857317,1,WC,0,NoSA,public,4,good,49,0.98,0.102,1,less50
28789,2000,2,2224.9372702205883,7.707484001043619,0,NoWC,0,NoSA,finance,3,satisfactory,272,0.033,0.287,4,more250
28789,2002,4,2129.277566539924,7.663538030533568,0,NoWC,0,NoSA,finance,3,satisfactory,263,0.019,0.285,4,more250
28789,2003,5,1703.9436090225563,7.440700613545044,0,NoWC,0,NoSA,finance,3,satisfactory,266,0.011,0.278,4,more250
28802,2000,2,3415.4723307291665,8.136071073049694,0,NoWC,0,NoSA,manufacturing,2,sufficient,96,0.052,0.458,2,less100
28802,2001,3,1228.036955758427,7.113172202520085,0,NoWC,1,SA,manufacturing,3,satisfactory,89,0.067,0.326,2,less100
28802,2003,5,2271.225,7.728074612495151,0,NoWC,0,NoSA,manufacturing,4,good,80,0.088,0.388,2,less100
28802,2004,6,1956.9859154929577,7.579160770381398,0,NoWC,0,NoSA,manufacturing,5,very good,71,0.085,0.451,2,less100
28810,1998,0,790.2501931993818,6.67234959557451,0,NoWC,0,NoSA,manufacturing,4,good,1294,0.072,0.162,4,more250
28810,1999,1,671.7126642194745,6.509830666076735,0,NoWC,0,NoSA,manufacturing,4,good,1294,0.048,0.155,4,more250
28810,2000,2,539.5010775862069,6.290644782075633,0,NoWC,0,NoSA,manufacturing,4,good,1160,0.072,0.362,4,more250
28810,2001,3,556.3107914462081,6.321327115502135,0,NoWC,0,NoSA,manufacturing,2,sufficient,1134,0.072,0.19,4,more250
28824,2015,17,1544,7.342131730584722,0,NoWC,0,NoSA,manufacturing,3,satisfactory,85,0.106,0.847,2,less100
28824,2016,18,1859.6842105263158,7.528161973006186,0,NoWC,1,SA,manufacturing,3,satisfactory,76,0.132,0.737,2,less100
28824,2017,19,1382.9315068493152,7.231960805383627,0,NoWC,0,NoSA,manufacturing,3,satisfactory,73,0.137,0.726,2,less100
28824,2018,20,2753.2909090909093,7.920552169407712,0,NoWC,1,SA,manufacturing,3,satisfactory,55,0.018,0.873,2,less100
28826,2012,14,2731.1388888888887,7.91247397660271,0,NoWC,1,SA,buservices,4,good,108,0.417,0.75,3,less250
28826,2013,15,1796.25,7.493456437393235,0,NoWC,0,NoSA,buservices,4,good,104,0.356,0.808,3,less250
28826,2014,16,1897.421052631579,7.548250902412969,0,NoWC,0,NoSA,buservices,4,good,114,0.518,0.702,3,less250
28832,2010,12,255.2156862745098,5.542109016174548,1,WC,0,NoSA,manufacturing,3,satisfactory,51,0.157,0.157,2,less100
28832,2011,13,270.3269230769231,5.599632052750339,1,WC,0,NoSA,manufacturing,3,satisfactory,52,0.077,0.135,2,less100
28832,2012,14,245,5.501258210544727,1,WC,0,NoSA,manufacturing,3,satisfactory,51,0.157,0.137,2,less100
28832,2013,15,333.2,5.808742910292688,1,WC,0,NoSA,manufacturing,3,satisfactory,50,0.02,0.1,1,less50
28832,2014,16,425,6.052089168924417,1,WC,0,NoSA,manufacturing,2,sufficient,49,0.082,0.102,1,less50
28832,2015,17,542.3125,6.295842403553708,1,WC,0,NoSA,manufacturing,4,good,48,0.062,0.083,1,less50
28857,1998,0,595.2164618200837,6.388925140764246,1,WC,0,NoSA,manufacturing,3,satisfactory,239,0.159,0.213,3,less250
28857,2000,2,1485.8429383116884,7.30373752541959,0,NoWC,0,NoSA,manufacturing,3,satisfactory,231,0.121,0.329,3,less250
28857,2001,3,1974.3661151960785,7.588002671487258,0,NoWC,0,NoSA,manufacturing,4,good,204,0.083,0.348,3,less250
28857,2002,4,2283.9065934065934,7.733642673882977,1,WC,0,NoSA,manufacturing,4,good,182,0.242,0.231,3,less250
28865,2006,8,491,6.19644412779452,1,WC,0,NoSA,health,1,unsatisfactory,47,0.255,0.064,1,less50
28865,2007,9,512.734693877551,6.239758545463645,1,WC,0,NoSA,health,1,unsatisfactory,49,0.245,0.082,1,less50
28865,2011,13,372.29487179487177,5.919686206394525,1,WC,0,NoSA,health,3,satisfactory,78,0.09,0.064,2,less100
28871,2018,20,3414.5,8.135786348401144,1,WC,0,NoSA,resthotels,4,good,20,0.6,0.5,1,less50
28871,2019,21,1851.25,7.523616365582009,1,WC,0,NoSA,resthotels,4,good,24,0.458,0.5,1,less50
28871,2020,22,910.0645161290323,6.813515493842924,1,WC,0,NoSA,transcom,2,sufficient,31,0.387,0.548,1,less50
28872,2000,2,2313.5226934523807,7.746526617441966,1,WC,0,NoSA,manufacturing,3,satisfactory,21,0.19,0.143,1,less50
28872,2001,3,1565.14111328125,7.355731267140174,1,WC,0,NoSA,manufacturing,2,sufficient,20,0.15,0.15,1,less50
28872,2002,4,1279.1363636363637,7.153940413281355,1,WC,0,NoSA,manufacturing,3,satisfactory,22,0.136,0.091,1,less50
28874,2006,8,1030.952380952381,6.938238295707213,1,WC,0,NoSA,health,3,satisfactory,42,0.071,0.857,1,less50
28874,2007,9,924.2894736842105,6.829025305786767,1,WC,0,NoSA,health,4,good,38,0.079,0.816,1,less50
28874,2008,10,839.4772727272727,6.732779403759556,1,WC,0,NoSA,health,3,satisfactory,44,0.068,0.818,1,less50
28874,2009,11,647.1860465116279,6.472633805733788,1,WC,0,NoSA,health,4,good,43,0.047,0.86,1,less50
28874,2010,12,410.5581395348837,6.017517549886616,1,WC,0,NoSA,health,3,satisfactory,43,0.047,0.814,1,less50
28890,2014,16,680.4571428571429,6.5227648412061985,1,WC,0,NoSA,buservices,4,good,35,0.086,0.714,1,less50
28890,2016,18,1145.2105263157894,7.043343764865082,1,WC,0,NoSA,buservices,5,very good,38,0.026,0.579,1,less50
28890,2017,19,845.71875,6.740186857525022,0,NoWC,0,NoSA,buservices,5,very good,32,0.031,0.469,1,less50
28894,2000,2,2036.5443209134614,7.6190096901285775,1,WC,0,NoSA,construction,3,satisfactory,52,0.173,0.615,2,less100
28894,2001,3,2154.1171875,7.6751362608325575,1,WC,0,NoSA,construction,4,good,46,0.478,0.652,1,less50
28894,2002,4,1097.7088607594937,7.000980432774651,1,WC,0,NoSA,construction,3,satisfactory,79,0.304,0.506,2,less100
28974,2008,10,464.7083333333333,6.141409968646591,0,NoWC,0,NoSA,buservices,3,satisfactory,72,0.014,0.736,2,less100
28974,2010,12,1287.1904761904761,7.160217196793186,0,NoWC,0,NoSA,buservices,3,satisfactory,63,0.032,0.698,2,less100
28974,2011,13,1384.5230769230768,7.233111010527777,0,NoWC,0,NoSA,buservices,4,good,65,0.092,0.6,2,less100
28983,1998,0,972.9626546146527,6.880345699758404,0,NoWC,1,SA,public,2,sufficient,1051,0.389,0.759,4,more250
28983,1999,1,841.4290295256534,6.735101672017942,0,NoWC,1,SA,public,1,unsatisfactory,1033,0.37,0.713,4,more250
28983,2000,2,609.3683057448881,6.412422856247485,0,NoWC,1,SA,public,2,sufficient,1027,0.315,0.552,4,more250
28983,2001,3,600.8156547619047,6.398288156638264,0,NoWC,1,SA,public,1,unsatisfactory,1050,0.33,0.531,4,more250
28983,2002,4,606.060606060606,6.406979991069647,0,NoWC,1,SA,public,1,unsatisfactory,924,0.314,0.527,4,more250
28983,2004,6,562.429696287964,6.3322661418904245,0,NoWC,1,SA,public,3,satisfactory,889,0.317,0.541,4,more250
28983,2005,7,561.8594771241831,6.331251777924002,0,NoWC,1,SA,public,4,good,918,0.34,0.535,4,more250
28983,2006,8,527.8969957081545,6.268901180788854,0,NoWC,1,SA,public,4,good,932,0.383,0.545,4,more250
28990,2012,14,1746.7878787878788,7.465533882491772,1,WC,0,NoSA,manufacturing,4,good,33,0.182,0.848,1,less50
28990,2013,15,2303.233333333333,7.742069211811046,1,WC,0,NoSA,manufacturing,4,good,30,0.167,0.933,1,less50
28990,2014,16,3203.65625,8.072048014667212,1,WC,0,NoSA,manufacturing,4,good,32,0.125,0.875,1,less50
28990,2015,17,2435.6875,7.797984336528432,1,WC,0,NoSA,manufacturing,4,good,32,0.156,0.844,1,less50
28990,2016,18,1987.75,7.594758624781593,1,WC,0,NoSA,manufacturing,4,good,36,0.139,0.889,1,less50
28993,1998,0,3536.1458333333335,8.170792665365608,0,NoWC,0,NoSA,manufacturing,4,good,180,0.056,0.467,3,less250
28993,1999,1,3235.6672585227275,8.081990447960365,0,NoWC,0,NoSA,manufacturing,3,satisfactory,176,0.057,0.449,3,less250
28993,2000,2,3060.1272786458335,8.02621178841011,1,WC,0,NoSA,manufacturing,4,good,192,0.052,0.469,3,less250
28993,2001,3,3667.7699854651164,8.20733912297638,1,WC,0,NoSA,manufacturing,4,good,172,0.047,0.424,3,less250
28993,2002,4,3522.012578616352,8.1667878604911,1,WC,0,NoSA,manufacturing,4,good,159,0.05,0.447,3,less250
28993,2003,5,2924.1870967741934,7.980771805407496,0,NoWC,0,NoSA,manufacturing,1,unsatisfactory,155,0.058,0.426,3,less250
28993,2004,6,3225.8064516129034,8.078938260485081,0,NoWC,0,NoSA,manufacturing,4,good,155,0.058,0.452,3,less250
28993,2005,7,3820.6444444444446,8.248174390106062,0,NoWC,0,NoSA,manufacturing,4,good,135,0.059,0.437,3,less250
28993,2006,8,3727.2727272727275,8.223432072888075,0,NoWC,0,NoSA,manufacturing,3,satisfactory,132,0.068,0.439,3,less250
28994,2016,18,2138.6,7.667906688322557,1,WC,0,NoSA,health,4,good,20,0.75,0.95,1,less50
28994,2017,19,2151.535714285714,7.673937151855365,1,WC,0,NoSA,health,4,good,28,0.536,0.964,1,less50
28994,2018,20,1890.4375,7.544563562747466,1,WC,0,NoSA,health,4,good,32,0.594,0.875,1,less50
28994,2019,21,1980.6969696969697,7.591204066646851,1,WC,0,NoSA,health,4,good,33,0.424,0.879,1,less50
28994,2021,23,2033.1875,7.617360037609721,1,WC,0,NoSA,buservices,2,sufficient,32,0.188,0.875,1,less50
29014,1998,0,2595.5526315789475,7.861554733073226,0,NoWC,0,NoSA,public,4,good,285,0.137,0.235,4,more250
29014,1999,1,2698.6828703703704,7.900519107177958,0,NoWC,0,NoSA,public,5,very good,297,0.178,0.212,4,more250
29014,2000,2,2025.3114886731391,7.613478789278298,0,NoWC,0,NoSA,public,4,good,309,0.259,0.207,4,more250
29014,2001,3,1888.7917290419161,7.543692606813132,0,NoWC,0,NoSA,public,5,very good,334,0.302,0.195,4,more250
29014,2002,4,1546.9613259668508,7.344047850885561,0,NoWC,0,NoSA,public,5,very good,362,0.163,0.213,4,more250
29014,2004,6,1400.5602240896358,7.2446275956246895,0,NoWC,0,NoSA,public,4,good,357,0.319,0.193,4,more250
29014,2005,7,1409.2540983606557,7.2508158351431256,0,NoWC,0,NoSA,public,4,good,366,0.366,0.216,4,more250
29014,2006,8,1294.7368421052631,7.166062742754014,0,NoWC,0,NoSA,public,4,good,380,0.447,0.237,4,more250
29014,2007,9,1018.5,6.926086235666861,0,NoWC,0,NoSA,public,5,very good,398,0.525,0.256,4,more250
29014,2008,10,883.7328605200946,6.784154822986047,0,NoWC,0,NoSA,public,4,good,423,0.201,0.21,4,more250
29014,2009,11,843.5207823960881,6.737584539970695,0,NoWC,0,NoSA,public,5,very good,409,0.205,0.196,4,more250
29014,2010,12,687.1322751322751,6.532526813910512,0,NoWC,0,NoSA,public,1,unsatisfactory,378,0.347,0.206,4,more250
29014,2011,13,666.3594470046083,6.501829235166342,0,NoWC,0,NoSA,public,4,good,434,0.304,0.212,4,more250
29014,2012,14,709.4420600858369,6.564478830243415,0,NoWC,0,NoSA,public,4,good,466,0.285,0.232,4,more250
29014,2013,15,688.1720430107526,6.534038869188553,0,NoWC,0,NoSA,public,4,good,465,0.237,0.202,4,more250
29014,2014,16,676.6595289079229,6.517168234900152,0,NoWC,0,NoSA,public,5,very good,467,0.272,0.195,4,more250
29014,2015,17,3517.836956521739,8.165601578720885,0,NoWC,0,NoSA,public,4,good,460,0.293,0.196,4,more250
29014,2016,18,3923.348115299335,8.274700679284978,0,NoWC,0,NoSA,public,5,very good,451,0.266,0.2,4,more250
29014,2017,19,3501.09409190372,8.160830796315805,0,NoWC,0,NoSA,public,5,very good,457,0.278,0.193,4,more250
29014,2018,20,3950.10395010395,8.281497174030907,0,NoWC,0,NoSA,public,5,very good,481,0.26,0.189,4,more250
29014,2019,21,3716.427125506073,8.220518035606647,0,NoWC,0,NoSA,public,5,very good,494,0.259,0.206,4,more250
29014,2021,23,3476.068493150685,8.153657190779954,0,NoWC,0,NoSA,public,4,good,438,0.279,0.205,4,more250
29022,2014,16,4097.760869565217,8.318195974135097,1,WC,0,NoSA,manufacturing,3,satisfactory,46,0.891,0.848,1,less50
29022,2015,17,6015.851063829788,8.702153108645994,1,WC,0,NoSA,manufacturing,3,satisfactory,47,0.787,0.277,1,less50
29022,2017,19,5026.583333333333,8.52249577450708,1,WC,0,NoSA,manufacturing,4,good,60,0.617,0.7,2,less100
29022,2019,21,6952.754098360656,8.84689313320879,1,WC,0,NoSA,manufacturing,4,good,61,0.77,0.738,2,less100
29028,2019,21,3029.7264957264956,8.016227628992445,0,NoWC,0,NoSA,health,3,satisfactory,468,0.021,0.107,4,more250
29028,2020,22,3377.0313901345294,8.124752315614659,0,NoWC,0,NoSA,art,3,satisfactory,446,0.027,0.085,4,more250
29028,2021,23,4120.0495867768595,8.323620477896595,0,NoWC,0,NoSA,art,3,satisfactory,363,0.074,0.105,4,more250
29034,2012,14,46.797570850202426,3.84583129666629,0,NoWC,0,NoSA,art,1,unsatisfactory,247,0.259,0.069,3,less250
29034,2013,15,339.076,5.82622427104446,0,NoWC,0,NoSA,art,3,satisfactory,250,0.268,0.068,3,less250
29034,2014,16,496.9325396825397,6.208454281838602,0,NoWC,0,NoSA,art,4,good,252,0.278,0.075,4,more250
29034,2015,17,738.2810218978102,6.604324540598356,0,NoWC,0,NoSA,art,4,good,274,0.237,0.084,4,more250
29034,2016,18,845.0858895705521,6.739438266653917,0,NoWC,0,NoSA,art,4,good,326,0.255,0.104,4,more250
29034,2018,20,1124.7904191616767,7.025352003205113,0,NoWC,0,NoSA,art,5,very good,334,0.231,0.111,4,more250
29034,2019,21,1019.6295264623956,6.927194630951232,0,NoWC,0,NoSA,art,5,very good,359,0.237,0.12,4,more250
29034,2020,22,2228.6709511568124,7.70916070075556,0,NoWC,0,NoSA,buservices,4,good,389,0.201,0.113,4,more250
29043,1999,1,2756.7119845360826,7.921793938586721,0,NoWC,0,NoSA,wholesretail,3,satisfactory,97,0.227,0.082,2,less100
29043,2000,2,2844.361347087379,7.953093838790107,0,NoWC,1,SA,wholesretail,3,satisfactory,103,0.311,0.087,3,less250
29043,2001,3,4185.274553571428,8.339327584970382,0,NoWC,0,NoSA,wholesretail,3,satisfactory,70,0.257,0.129,2,less100
29043,2002,4,3898.1794871794873,8.268264924974455,0,NoWC,0,NoSA,wholesretail,3,satisfactory,78,0.231,0.09,2,less100
29043,2003,5,4001.53164556962,8.294432478202575,0,NoWC,0,NoSA,wholesretail,4,good,79,0.228,0.089,2,less100
29043,2004,6,3801.2162162162163,8.243076351406199,0,NoWC,0,NoSA,wholesretail,3,satisfactory,74,0.243,0.135,2,less100
29043,2006,8,3502.2659574468084,8.161165454407284,0,NoWC,1,SA,wholesretail,3,satisfactory,94,0.33,0.085,2,less100
29058,2006,8,1301.6169154228855,7.171362551689225,1,WC,0,NoSA,finance,3,satisfactory,201,0.139,0.199,3,less250
29058,2007,9,2671.823529411765,7.890516488093685,1,WC,0,NoSA,finance,3,satisfactory,102,0.206,0.216,3,less250
29058,2008,10,2102.342857142857,7.650807648099213,1,WC,1,SA,finance,3,satisfactory,140,0.036,0.314,3,less250
29105,2002,4,427.30801687763716,6.057505104181533,0,NoWC,0,NoSA,manufacturing,2,sufficient,237,0.536,0.11,3,less250
29105,2005,7,538.1866028708134,6.288205345509578,0,NoWC,0,NoSA,manufacturing,3,satisfactory,209,0.689,0.12,3,less250
29105,2006,8,566.9661835748792,6.340299660987747,0,NoWC,0,NoSA,manufacturing,4,good,207,0.551,0.111,3,less250
29105,2007,9,635.9753694581281,6.455159835323108,0,NoWC,0,NoSA,manufacturing,4,good,203,0.67,0.113,3,less250
29105,2008,10,736.0048780487805,6.6012367464905815,0,NoWC,0,NoSA,manufacturing,4,good,205,0.6,0.107,3,less250
29105,2009,11,736.0048780487805,6.6012367464905815,0,NoWC,1,SA,manufacturing,4,good,205,0.639,0.132,3,less250
29119,2004,6,842.3211009174312,6.736161296553813,0,NoWC,0,NoSA,buservices,3,satisfactory,109,0.009,0.798,3,less250
29119,2005,7,1292.8623853211009,7.164613942574936,0,NoWC,0,NoSA,buservices,3,satisfactory,109,0.009,0.734,3,less250
29119,2006,8,1225.9017857142858,7.111432003755639,0,NoWC,0,NoSA,buservices,3,satisfactory,112,0.027,0.536,3,less250
29119,2007,9,1236.9285714285713,7.1203866273368925,0,NoWC,0,NoSA,buservices,4,good,112,0.009,0.714,3,less250
29119,2008,10,1204.640350877193,7.093936337373181,0,NoWC,0,NoSA,buservices,3,satisfactory,114,0.009,0.702,3,less250
29119,2009,11,1323.5701754385964,7.188088042882282,0,NoWC,0,NoSA,buservices,4,good,114,0.026,0.702,3,less250
29119,2010,12,1346.5,7.205263912251653,0,NoWC,0,NoSA,buservices,4,good,114,0.035,0.623,3,less250
29119,2011,13,1138.1680672268908,7.037175290272817,0,NoWC,0,NoSA,buservices,3,satisfactory,119,0.017,0.782,3,less250
29119,2012,14,840.1304347826087,6.7335571592858505,0,NoWC,0,NoSA,buservices,2,sufficient,115,0.026,0.765,3,less250
29119,2013,15,795.8220338983051,6.679375585343013,0,NoWC,0,NoSA,buservices,4,good,118,0.042,0.797,3,less250
29119,2014,16,1175.3416666666667,7.069314164451751,0,NoWC,0,NoSA,buservices,3,satisfactory,120,0.05,0.842,3,less250
29119,2015,17,1088.35,6.992418066860846,0,NoWC,0,NoSA,buservices,4,good,120,0.025,0.842,3,less250
29119,2016,18,1201.6147540983607,7.091421559644841,0,NoWC,0,NoSA,buservices,3,satisfactory,122,0.041,0.713,3,less250
29119,2017,19,1134.015748031496,7.033520371344267,0,NoWC,0,NoSA,buservices,1,unsatisfactory,127,0.087,0.74,3,less250
29119,2018,20,917.2748091603054,6.821407110196199,0,NoWC,0,NoSA,buservices,3,satisfactory,131,0.069,0.733,3,less250
29119,2019,21,951.7384615384616,6.858290271772739,0,NoWC,0,NoSA,buservices,4,good,130,0.008,0.731,3,less250
29124,2000,2,3098.125,8.038552368774837,1,WC,1,SA,edu,3,satisfactory,202,0.025,0.426,3,less250
29124,2001,3,3138.5892412935323,8.051528691730757,1,WC,1,SA,edu,3,satisfactory,201,0.154,0.453,3,less250
29124,2002,4,2871.7948717948716,7.962692504147585,1,WC,1,SA,edu,3,satisfactory,195,0.221,0.467,3,less250
29124,2003,5,2504.1381215469614,7.825699891060918,1,WC,1,SA,edu,3,satisfactory,181,0.293,0.453,3,less250
29124,2004,6,3048.7804878048782,8.02249694958013,1,WC,1,SA,edu,4,good,164,0.311,0.5,3,less250
29124,2005,7,3183.8703703703704,8.065852833312109,1,WC,1,SA,edu,4,good,162,0.463,0.802,3,less250
29139,2011,13,1124.7133757961783,7.025283505107265,0,NoWC,0,NoSA,edu,5,very good,157,0.414,0.261,3,less250
29139,2012,14,973.1939393939394,6.880583383386832,0,NoWC,0,NoSA,edu,5,very good,165,0.612,0.255,3,less250
29139,2013,15,944.75,6.850920342229599,0,NoWC,0,NoSA,edu,5,very good,172,0.576,0.198,3,less250
29139,2014,16,752.4090909090909,6.623280179901849,0,NoWC,1,SA,edu,5,very good,176,0.619,0.205,3,less250
29158,2018,20,1642.5142857142857,7.403983447863887,1,WC,0,NoSA,public,4,good,35,0.057,0.343,1,less50
29158,2019,21,144.0857142857143,4.970408360587312,1,WC,0,NoSA,public,4,good,35,0.057,0.343,1,less50
29158,2020,22,347.7931034482759,5.851607772650197,1,WC,0,NoSA,public,3,satisfactory,29,0.069,0.414,1,less50
29158,2021,23,412.17391304347825,6.021445379319918,1,WC,0,NoSA,public,2,sufficient,23,0.087,0.174,1,less50
29197,2001,3,666.051877741228,6.501367562013118,0,NoWC,0,NoSA,wholesretail,4,good,57,0.105,0.158,2,less100
29197,2002,4,788.0754716981132,6.669593861538266,0,NoWC,0,NoSA,wholesretail,2,sufficient,53,0.132,0.132,2,less100
29197,2003,5,1050.754716981132,6.9572639630315924,0,NoWC,0,NoSA,wholesretail,2,sufficient,53,0.189,0.151,2,less100
29197,2004,6,1185.1923076923076,7.077660325374861,0,NoWC,0,NoSA,wholesretail,4,good,52,0.019,0.154,2,less100
29197,2005,7,1132.677966101695,7.032339989471949,0,NoWC,0,NoSA,wholesretail,4,good,59,0.017,0.186,2,less100
29197,2006,8,1062.6811594202898,6.968550389248392,0,NoWC,0,NoSA,wholesretail,4,good,69,0.014,0.174,2,less100
29197,2007,9,951.375,6.8579083065875555,0,NoWC,0,NoSA,wholesretail,4,good,80,0.025,0.175,2,less100
29197,2008,10,897.2333333333333,6.799315954578887,0,NoWC,0,NoSA,wholesretail,3,satisfactory,90,0.022,0.178,2,less100
29197,2009,11,979.7333333333333,6.887280425792752,0,NoWC,0,NoSA,wholesretail,5,very good,90,0.022,0.189,2,less100
29197,2010,12,888.6702127659574,6.789726202421875,0,NoWC,0,NoSA,wholesretail,3,satisfactory,94,0.021,0.17,2,less100
29197,2011,13,888.7641509433962,6.789831903289872,0,NoWC,0,NoSA,wholesretail,4,good,106,0.019,0.17,3,less250
29197,2012,14,766.1031746031746,6.641316853363785,0,NoWC,0,NoSA,wholesretail,3,satisfactory,126,0.008,0.127,3,less250
29197,2013,15,813.8805970149253,6.701813668529141,0,NoWC,0,NoSA,wholesretail,5,very good,134,0.03,0.09,3,less250
29197,2014,16,747.8776978417267,6.6172394590467976,0,NoWC,0,NoSA,wholesretail,3,satisfactory,139,0.058,0.108,3,less250
29197,2015,17,734.7986111111111,6.5995964631801085,0,NoWC,0,NoSA,wholesretail,3,satisfactory,144,0.049,0.104,3,less250
29197,2016,18,723.3310344827586,6.58386697972691,0,NoWC,0,NoSA,wholesretail,3,satisfactory,145,0.014,0.048,3,less250
29197,2017,19,768.3509933774834,6.644246651371572,0,NoWC,0,NoSA,wholesretail,3,satisfactory,151,0.073,0.113,3,less250
29197,2019,21,538.4419889502763,6.288679763681625,0,NoWC,0,NoSA,wholesretail,3,satisfactory,181,0.044,0.122,3,less250
29197,2020,22,407.093567251462,6.009043053987534,0,NoWC,0,NoSA,wholesretail,1,unsatisfactory,171,0.047,0.094,3,less250
29197,2021,23,803.6585365853658,6.689174473226346,0,NoWC,0,NoSA,manufacturing,2,sufficient,164,0.061,0.104,3,less250
29212,2016,18,1233,7.117205503164344,1,WC,0,NoSA,manufacturing,1,unsatisfactory,88,0.045,0.068,2,less100
29212,2017,19,2120.183908045977,7.659258112981866,0,NoWC,0,NoSA,manufacturing,2,sufficient,87,0.011,0.08,2,less100
29212,2018,20,2260.4895833333335,7.723336698598996,0,NoWC,0,NoSA,manufacturing,3,satisfactory,96,0.042,0.167,2,less100
29212,2019,21,2855.357894736842,7.956952471409333,0,NoWC,0,NoSA,manufacturing,1,unsatisfactory,95,0.011,0.179,2,less100
29236,2000,2,2255.2765299479165,7.721027874107028,0,NoWC,0,NoSA,wholesretail,4,good,48,0.562,0.021,1,less50
29236,2002,4,4524.642857142857,8.417293926420895,0,NoWC,0,NoSA,wholesretail,5,very good,42,0.643,0.024,1,less50
29236,2003,5,2691.7083333333335,7.897931339179096,0,NoWC,0,NoSA,wholesretail,3,satisfactory,48,0.521,0.021,1,less50
29251,2007,9,2329.6451612903224,7.753471243670543,1,WC,1,SA,transcom,4,good,31,0.032,0.71,1,less50
29251,2014,16,1221.1,7.107507370838976,1,WC,0,NoSA,transcom,3,satisfactory,30,0.4,0.567,1,less50
29251,2015,17,1804.551724137931,7.498067487644293,1,WC,0,NoSA,transcom,3,satisfactory,29,0.138,0.517,1,less50
29251,2018,20,1744.4166666666667,7.46417549030652,0,NoWC,0,NoSA,transcom,3,satisfactory,24,0.125,0.583,1,less50
29251,2020,22,2021.9545454545455,7.611819919334931,1,WC,0,NoSA,transcom,3,satisfactory,22,0.364,0.545,1,less50
29267,2003,5,1329.6666666666667,7.192683563237297,1,WC,0,NoSA,wholesretail,2,sufficient,24,0.125,0.167,1,less50
29267,2004,6,1858.5,7.527524989737307,1,WC,0,NoSA,wholesretail,5,very good,22,0.136,0.182,1,less50
29267,2006,8,2144.05,7.670451842814288,1,WC,0,NoSA,wholesretail,4,good,20,0.15,0.35,1,less50
29267,2007,9,2094.2,7.646926897853362,1,WC,0,NoSA,wholesretail,4,good,20,0.3,0.15,1,less50
29270,2011,13,520.0930232558139,6.254007686452973,1,WC,0,NoSA,health,3,satisfactory,43,0.395,0.279,1,less50
29270,2012,14,773.4347826086956,6.65084135179612,1,WC,0,NoSA,health,4,good,46,0.826,0.304,1,less50
29270,2014,16,1270.659090909091,7.147291014054441,1,WC,0,NoSA,health,4,good,44,0.864,0.364,1,less50
29270,2015,17,1053.7073170731708,6.96007000275255,1,WC,0,NoSA,health,4,good,41,0.707,0.341,1,less50
29284,2013,15,1203.0075187969924,7.09257996599421,1,WC,1,SA,buservices,4,good,266,0.203,0.774,4,more250
29284,2014,16,1196.969696969697,7.087548389422733,1,WC,1,SA,buservices,4,good,264,0.227,0.795,4,more250
29284,2015,17,2790.761744966443,7.934069864420051,1,WC,1,SA,buservices,4,good,298,0.205,0.785,4,more250
29284,2016,18,3074.6803797468356,8.030956233292576,1,WC,1,SA,buservices,3,satisfactory,316,0.228,0.778,4,more250
29290,2006,8,2293.75,7.73794331180288,1,WC,0,NoSA,manufacturing,3,satisfactory,20,0.05,0.35,1,less50
29290,2007,9,2457.304347826087,7.80682023453905,1,WC,0,NoSA,manufacturing,5,very good,23,0.043,0.565,1,less50
29290,2008,10,1869.0434782608695,7.533182070031894,1,WC,0,NoSA,manufacturing,3,satisfactory,23,0.043,0.609,1,less50
29292,2007,9,953.2912280701754,6.85992044781047,0,NoWC,1,SA,buservices,4,good,285,0.081,0.551,4,more250
29292,2008,10,752.4930555555555,6.623391768082847,1,WC,0,NoSA,buservices,4,good,288,0.076,0.549,4,more250
29292,2009,11,1120.1666666666667,7.021232762741911,0,NoWC,0,NoSA,buservices,5,very good,240,0.075,0.667,3,less250
29329,2011,13,1521.25,7.3272876443017365,1,WC,0,NoSA,wholesretail,2,sufficient,24,0.083,0.917,1,less50
29329,2012,14,1783.3461538461538,7.486246740268711,1,WC,0,NoSA,wholesretail,1,unsatisfactory,26,0.077,1,1,less50
29329,2013,15,1636.0689655172414,7.400051671235836,1,WC,0,NoSA,wholesretail,3,satisfactory,29,0.103,1,1,less50
29329,2014,16,1534.6333333333334,7.336046760694509,1,WC,0,NoSA,wholesretail,3,satisfactory,30,0.033,1,1,less50
29329,2015,17,2513.1,7.829272329827874,1,WC,0,NoSA,wholesretail,3,satisfactory,20,0.15,1,1,less50
29329,2016,18,1693.2857142857142,7.434426130024187,1,WC,0,NoSA,wholesretail,4,good,21,0.095,1,1,less50
29329,2018,20,2815.5,7.942895144694673,1,WC,0,NoSA,wholesretail,4,good,20,0.15,1,1,less50
29341,2008,10,1162.2702702702702,7.058130500960894,1,WC,0,NoSA,manufacturing,4,good,111,0.036,0.162,3,less250
29341,2009,11,1240.5,7.123269803131856,1,WC,0,NoSA,manufacturing,3,satisfactory,112,0.009,0.134,3,less250
29341,2011,13,1203.3777777777777,7.092887696418123,1,WC,0,NoSA,manufacturing,3,satisfactory,135,0.044,0.104,3,less250
29342,1998,0,7660.997713414634,8.943897504045902,0,NoWC,0,NoSA,manufacturing,3,satisfactory,41,0.073,0.366,1,less50
29342,1999,1,3311.5609375,8.105174939537394,0,NoWC,1,SA,manufacturing,4,good,40,0.025,0.35,1,less50
29342,2000,2,2634.3776726973683,7.87640225573675,0,NoWC,0,NoSA,manufacturing,3,satisfactory,38,0.132,0.395,1,less50
29345,2007,9,2544.637931034483,7.841743652079651,1,WC,0,NoSA,health,4,good,58,0.086,0.672,2,less100
29345,2008,10,2635.5178571428573,7.876834971890921,1,WC,0,NoSA,health,4,good,56,0.125,0.696,2,less100
29345,2009,11,1648.4,7.407560399464662,1,WC,1,SA,health,2,sufficient,55,0.073,0.655,2,less100
29345,2010,12,2635.515625,7.876834124943974,1,WC,1,SA,health,3,satisfactory,64,0.141,0.672,2,less100
29345,2011,13,1673.3333333333333,7.422572924017665,1,WC,0,NoSA,health,4,good,63,0.127,0.619,2,less100
29345,2012,14,1728.1967213114754,7.454833786235887,1,WC,1,SA,health,4,good,61,0.115,0.623,2,less100
29345,2013,15,2789.25,7.933528021473289,1,WC,0,NoSA,health,4,good,48,0.208,0.688,1,less50
29345,2014,16,2537.9074074074074,7.839095165105839,1,WC,0,NoSA,health,4,good,54,0.019,0.685,2,less100
29345,2016,18,3929.3030303030305,8.276217343156777,1,WC,0,NoSA,health,4,good,33,0.121,0.606,1,less50
29345,2017,19,3720.735294117647,8.221676587444131,1,WC,0,NoSA,health,3,satisfactory,34,0.029,0.559,1,less50
29345,2018,20,4650.911764705882,8.444818557791912,1,WC,1,SA,health,4,good,34,0.147,0.647,1,less50
29345,2019,21,3660.4444444444443,8.20533985193135,1,WC,1,SA,health,4,good,36,0.139,0.694,1,less50
29400,1998,0,411.58753720238093,6.020021724595699,0,NoWC,0,NoSA,wholesretail,3,satisfactory,210,0.09,0.062,3,less250
29400,1999,1,675.2609544836956,6.515099215397405,0,NoWC,0,NoSA,wholesretail,1,unsatisfactory,184,0.163,0.12,3,less250
29400,2000,2,607.3824533045977,6.409158663989894,0,NoWC,0,NoSA,wholesretail,2,sufficient,174,0.264,0.126,3,less250
29404,2002,4,1050.44,6.956964402994684,0,NoWC,0,NoSA,manufacturing,3,satisfactory,25,0.04,0.04,1,less50
29404,2003,5,1612.5,7.3855410486699276,0,NoWC,0,NoSA,manufacturing,2,sufficient,24,0.042,0.042,1,less50
29404,2006,8,844.625,6.7388927418723386,0,NoWC,0,NoSA,manufacturing,1,unsatisfactory,24,0.042,0.042,1,less50
29404,2007,9,1651.2,7.409257575287244,0,NoWC,0,NoSA,manufacturing,3,satisfactory,25,0.04,0.04,1,less50
29404,2008,10,1105.72,7.008251985473762,0,NoWC,0,NoSA,manufacturing,2,sufficient,25,0.04,0.04,1,less50
29404,2009,11,1382.125,7.231377448862566,0,NoWC,0,NoSA,manufacturing,3,satisfactory,24,0.042,0.042,1,less50
29404,2016,18,1877,7.537430036586509,1,WC,0,NoSA,manufacturing,4,good,27,0.037,0.074,1,less50
29404,2017,19,1365.0740740740741,7.218963972867608,1,WC,0,NoSA,manufacturing,4,good,27,0.037,0.074,1,less50
29404,2020,22,1141.25,7.039879431909179,1,WC,0,NoSA,manufacturing,4,good,28,0.036,0.071,1,less50
29404,2021,23,976.6060606060606,6.884083357430606,1,WC,0,NoSA,manufacturing,4,good,33,0.03,0.061,1,less50
29424,2016,18,1361.235294117647,7.216147870969456,1,WC,0,NoSA,wholesretail,5,very good,34,0.235,0.029,1,less50
29424,2017,19,1139.6470588235295,7.038473895930114,1,WC,0,NoSA,wholesretail,4,good,34,0.206,0.088,1,less50
29424,2020,22,1186.7179487179487,7.07894674945597,1,WC,0,NoSA,wholesretail,4,good,39,0.128,0.077,1,less50
29424,2021,23,1076.3333333333333,6.9813154820901655,1,WC,0,NoSA,wholesretail,4,good,39,0.051,0.026,1,less50
29429,2012,14,3061.3541666666665,8.026612635181671,1,WC,0,NoSA,public,3,satisfactory,96,0.698,0.948,2,less100
29429,2013,15,2792.0510204081634,7.934531737500459,1,WC,0,NoSA,public,4,good,98,0.867,0.959,2,less100
29429,2014,16,3326.315789473684,8.109620600968508,1,WC,0,NoSA,public,4,good,95,0.832,0.958,2,less100
29429,2015,17,4406.141304347826,8.3907545977395,1,WC,0,NoSA,public,4,good,92,0.837,0.957,2,less100
29445,2000,2,1110.8455078125,7.012876723095889,0,NoWC,0,NoSA,wholesretail,3,satisfactory,40,0.075,0.3,1,less50
29445,2001,3,1110.8473214285714,7.012878355739293,0,NoWC,0,NoSA,wholesretail,4,good,35,0.171,0.314,1,less50
29445,2002,4,1401.7096774193549,7.245447968704076,0,NoWC,0,NoSA,wholesretail,4,good,31,0.194,0.355,1,less50
29458,2017,19,1248.1346153846155,7.129405408003893,0,NoWC,0,NoSA,buservices,5,very good,208,0.024,0.389,3,less250
29458,2018,20,1914.1968085106382,7.557053392489827,0,NoWC,0,NoSA,buservices,4,good,188,0.016,0.585,3,less250
29458,2019,21,2355.2948717948716,7.764421209565517,0,NoWC,0,NoSA,buservices,5,very good,156,0.026,0.474,3,less250
29458,2020,22,3406.008474576271,8.13329634935115,0,NoWC,0,NoSA,edu,4,good,118,0.017,0.559,3,less250
29458,2021,23,3586.6509433962265,8.184974161226595,0,NoWC,0,NoSA,edu,2,sufficient,106,0.009,0.472,3,less250
29459,2003,5,2642.740740740741,7.879571816997092,0,NoWC,0,NoSA,finance,3,satisfactory,27,0.556,0.889,1,less50
29459,2004,6,3760,8.23217423638394,0,NoWC,0,NoSA,finance,3,satisfactory,27,0.556,0.889,1,less50
29459,2005,7,2885.785714285714,7.967552486502893,0,NoWC,0,NoSA,finance,3,satisfactory,28,0.821,0.893,1,less50
29459,2006,8,2783.464285714286,7.931451576829657,0,NoWC,0,NoSA,finance,3,satisfactory,28,0.714,0.929,1,less50
29482,2007,9,574.6666666666666,6.353790162555529,1,WC,0,NoSA,manufacturing,4,good,48,0.625,0.771,1,less50
29482,2008,10,547.7872340425532,6.305886952509521,1,WC,0,NoSA,manufacturing,4,good,47,0.702,0.787,1,less50
29482,2009,11,684.3076923076923,6.528407659028827,1,WC,0,NoSA,manufacturing,4,good,52,0.635,0.769,2,less100
29482,2010,12,742.6538461538462,6.610230049421057,1,WC,0,NoSA,manufacturing,3,satisfactory,52,0.673,0.635,2,less100
29482,2011,13,967.4814814814815,6.874696284133138,1,WC,0,NoSA,manufacturing,3,satisfactory,54,0.648,0.741,2,less100
29482,2012,14,1311.111111111111,7.178630233117537,1,WC,0,NoSA,manufacturing,4,good,54,0.778,0.796,2,less100
29482,2013,15,1187.6666666666667,7.079745876937727,1,WC,0,NoSA,manufacturing,3,satisfactory,48,0.917,0.792,1,less50
29482,2014,16,1245.125,7.1269912054653295,1,WC,0,NoSA,manufacturing,3,satisfactory,48,0.938,0.792,1,less50
29482,2015,17,1489.56,7.306236053315857,1,WC,0,NoSA,manufacturing,3,satisfactory,50,0.98,0.8,1,less50
29482,2017,19,1166.5074626865671,7.061769488943436,1,WC,0,NoSA,manufacturing,3,satisfactory,67,0.761,0.806,2,less100
29482,2018,20,1184.1818181818182,7.0768073663079765,1,WC,0,NoSA,manufacturing,2,sufficient,66,0.818,0.788,2,less100
29482,2019,21,1808.8196721311476,7.500429796695833,1,WC,0,NoSA,manufacturing,2,sufficient,61,0.885,0.803,2,less100
29504,2013,15,576.4857142857143,6.356950559325265,1,WC,0,NoSA,manufacturing,4,good,35,0.029,0.143,1,less50
29504,2014,16,549.0285714285715,6.308150482830351,1,WC,0,NoSA,manufacturing,4,good,35,0.029,0.143,1,less50
29504,2016,18,1651.40625,7.409382476643721,1,WC,0,NoSA,manufacturing,5,very good,32,0.031,0.094,1,less50
29539,1998,0,1768.6424560546875,7.477967557312452,1,WC,0,NoSA,construction,4,good,128,0.008,0.508,3,less250
29539,2000,2,1553.882406655844,7.348511856671733,1,WC,0,NoSA,construction,4,good,154,0.006,0.519,3,less250
29539,2001,3,1260.3376572327045,7.139134945975497,1,WC,0,NoSA,construction,4,good,159,0.013,0.258,3,less250
29539,2002,4,1515.6159420289855,7.323577197714743,1,WC,0,NoSA,construction,3,satisfactory,138,0.014,0.37,3,less250
29539,2003,5,1628.8425196850394,7.395624930930161,1,WC,0,NoSA,construction,4,good,127,0.008,0.52,3,less250
29539,2004,6,1984.75,7.593248240605223,1,WC,0,NoSA,construction,3,satisfactory,112,0.009,0.5,3,less250
29542,2012,14,1190.7586206896551,7.0823458793689396,1,WC,0,NoSA,resthotels,4,good,29,0.621,0.069,1,less50
29542,2014,16,1381.3076923076924,7.230785932580361,1,WC,0,NoSA,resthotels,3,satisfactory,26,0.962,0.077,1,less50
29542,2015,17,1688.25,7.431447768454952,1,WC,0,NoSA,resthotels,4,good,24,0.833,0.083,1,less50
29542,2016,18,1657.56,7.4131019204998685,0,NoWC,0,NoSA,resthotels,4,good,25,0.6,0.08,1,less50
29545,2008,10,2875.5307692307692,7.963992551576744,0,NoWC,0,NoSA,buservices,2,sufficient,130,0.015,0.162,3,less250
29545,2009,11,7340.425531914893,8.901152094303438,1,WC,0,NoSA,buservices,3,satisfactory,47,0.043,0.149,1,less50
29545,2010,12,2182.655462184874,7.6882975164185705,1,WC,0,NoSA,buservices,3,satisfactory,119,0.025,0.05,3,less250
29545,2011,13,2754.285714285714,7.920913419109223,1,WC,0,NoSA,buservices,3,satisfactory,105,0.048,0.048,3,less250
29545,2012,14,5419.672131147541,8.597790600195749,1,WC,0,NoSA,buservices,3,satisfactory,61,0.033,0.066,2,less100
29582,2015,17,1837.4296296296295,7.516122933553449,1,WC,0,NoSA,manufacturing,3,satisfactory,270,0.007,0.122,4,more250
29582,2016,18,1834.914383561644,7.514753101940583,1,WC,0,NoSA,manufacturing,5,very good,292,0.007,0.12,4,more250
29582,2017,19,1664.7852348993288,7.417451406046419,1,WC,0,NoSA,manufacturing,5,very good,298,0.007,0.117,4,more250
29582,2018,20,1607.3208722741433,7.382324017413844,1,WC,0,NoSA,manufacturing,4,good,321,0.012,0.118,4,more250
29582,2019,21,1033.4558823529412,6.940663690598626,1,WC,0,NoSA,manufacturing,5,very good,340,0.018,0.115,4,more250
29582,2020,22,367.5877437325905,5.906962048610656,1,WC,0,NoSA,manufacturing,3,satisfactory,359,0.031,0.114,4,more250
29582,2021,23,114.78149100257069,4.743030242686198,1,WC,0,NoSA,manufacturing,4,good,389,0.031,0.113,4,more250
29594,2006,8,5528.08988764045,8.617597625742306,0,NoWC,0,NoSA,transcom,3,satisfactory,89,0.022,0.573,2,less100
29594,2007,9,4825.75,8.481721442107984,0,NoWC,0,NoSA,transcom,5,very good,84,0.036,0.643,2,less100
29594,2008,10,4918.671052631579,8.500793661745995,0,NoWC,0,NoSA,transcom,5,very good,76,0.026,0.632,2,less100
29594,2010,12,3167.512195121951,8.060701762265847,0,NoWC,0,NoSA,transcom,3,satisfactory,82,0.024,0.707,2,less100
29594,2011,13,2807.766990291262,7.940144781037111,0,NoWC,0,NoSA,transcom,4,good,103,0.019,0.602,3,less250
29619,2014,16,1014.6698113207547,6.922318529507831,1,WC,0,NoSA,buservices,4,good,106,0.028,0.113,3,less250
29619,2015,17,1460.6172839506173,7.28661442257527,1,WC,0,NoSA,buservices,3,satisfactory,81,0.123,0.123,2,less100
29619,2016,18,2634,7.876258882303226,1,WC,0,NoSA,buservices,3,satisfactory,49,0.041,0.184,1,less50
29619,2017,19,2987.6388888888887,8.002238685163789,1,WC,0,NoSA,buservices,4,good,36,0.056,0.139,1,less50
29619,2018,20,2830.3947368421054,7.948171463893512,1,WC,0,NoSA,buservices,4,good,38,0.079,0.132,1,less50
29631,1998,0,1469.4136072261072,7.292618693539453,0,NoWC,1,SA,health,4,good,429,0.466,0.867,4,more250
29631,1999,1,1585.9201219512195,7.368920036456864,0,NoWC,1,SA,health,3,satisfactory,410,0.48,0.859,4,more250
29631,2000,2,1504.3780048076924,7.31613480591478,0,NoWC,0,NoSA,health,3,satisfactory,416,0.481,0.858,4,more250
29631,2001,3,1534.93050486618,7.336240385293598,0,NoWC,1,SA,health,2,sufficient,411,0.336,0.869,4,more250
29631,2002,4,1327.0142180094788,7.19068674867532,0,NoWC,1,SA,health,2,sufficient,422,0.46,0.813,4,more250
29631,2003,5,1039.5619266055046,6.946554678977709,0,NoWC,0,NoSA,health,3,satisfactory,436,0.372,0.826,4,more250
29631,2004,6,1253.1328320802006,7.133401960514465,0,NoWC,1,SA,health,2,sufficient,399,0.228,0.83,4,more250
29631,2005,7,1233.9401913875597,7.117967736019736,0,NoWC,0,NoSA,health,1,unsatisfactory,418,0.242,0.835,4,more250
29631,2006,8,1144.1860465116279,7.042448786786837,0,NoWC,1,SA,health,1,unsatisfactory,430,0.235,0.83,4,more250
29636,2018,20,3599.2122641509436,8.188470284986968,0,NoWC,0,NoSA,wholesretail,3,satisfactory,212,0.759,0.698,3,less250
29636,2019,21,3236.6150234741785,8.082283316817726,0,NoWC,0,NoSA,wholesretail,3,satisfactory,213,0.77,0.704,3,less250
29636,2020,22,3467.5373134328356,8.151199913034574,0,NoWC,0,NoSA,wholesretail,4,good,201,0.806,0.701,3,less250
29647,2008,10,2599.5546875,7.863095435302038,1,WC,0,NoSA,health,3,satisfactory,128,0.297,0.023,3,less250
29647,2009,11,2468.876811594203,7.811518594051909,1,WC,0,NoSA,health,4,good,138,0.304,0.043,3,less250
29647,2011,13,2332.2580645161293,7.75459220366171,1,WC,0,NoSA,health,4,good,124,0.177,0.04,3,less250
29647,2012,14,2709.8360655737706,7.904643419635804,1,WC,0,NoSA,health,3,satisfactory,122,0.303,0.148,3,less250
29649,2016,18,5779.803571428572,8.66212497690704,1,WC,0,NoSA,manufacturing,4,good,112,0.071,0.848,3,less250
29649,2017,19,5083.043859649123,8.533665546103189,1,WC,0,NoSA,manufacturing,4,good,114,0.044,0.851,3,less250
29649,2018,20,4671.743801652892,8.44928768602948,1,WC,0,NoSA,manufacturing,4,good,121,0.041,0.851,3,less250
29649,2019,21,4661.234782608695,8.4470356668288,1,WC,0,NoSA,manufacturing,4,good,115,0.026,0.817,3,less250
29649,2020,22,3061.8672566371683,8.02678022342852,1,WC,0,NoSA,manufacturing,5,very good,113,0.035,0.796,3,less250
29649,2021,23,3573.6140350877195,8.181332697466877,1,WC,0,NoSA,manufacturing,5,very good,114,0.053,0.807,3,less250
29657,2015,17,2044.3870967741937,7.622853315376552,1,WC,0,NoSA,manufacturing,4,good,31,0.032,0.581,1,less50
29657,2016,18,2074.8214285714284,7.637630370441758,1,WC,0,NoSA,manufacturing,4,good,28,0.107,0.607,1,less50
29657,2017,19,2076.103448275862,7.638248073620319,1,WC,0,NoSA,manufacturing,4,good,29,0.138,0.621,1,less50
29657,2018,20,2145.53125,7.671142469694884,1,WC,0,NoSA,manufacturing,5,very good,32,0.031,0.75,1,less50
29657,2020,22,2768.137931034483,7.9259301460720994,1,WC,0,NoSA,manufacturing,3,satisfactory,29,0.276,0.724,1,less50
29657,2021,23,3656.3076923076924,8.20420908994838,1,WC,0,NoSA,manufacturing,4,good,26,0.308,0.731,1,less50
29658,2013,15,800.55,6.685298991448064,0,NoWC,0,NoSA,edu,5,very good,20,0.35,0.7,1,less50
29658,2015,17,1940.7142857142858,7.570811372805135,0,NoWC,0,NoSA,edu,5,very good,21,0.286,0.714,1,less50
29658,2016,18,2310.3809523809523,7.745167704369575,0,NoWC,0,NoSA,edu,5,very good,21,0.286,0.667,1,less50
29658,2018,20,4587.136363636364,8.431011222438784,0,NoWC,0,NoSA,edu,4,good,22,0.227,0.682,1,less50
29658,2019,21,4657.72,8.446281337001615,0,NoWC,0,NoSA,edu,5,very good,25,0.4,0.64,1,less50
29665,2002,4,4859.268656716418,8.488643223413849,1,WC,0,NoSA,buservices,1,unsatisfactory,67,0.343,0.522,2,less100
29665,2004,6,3234.01,8.081478132278221,1,WC,0,NoSA,buservices,3,satisfactory,100,0.06,0.46,2,less100
29665,2005,7,3388.811320754717,8.128234496039703,1,WC,0,NoSA,buservices,3,satisfactory,106,0.17,0.453,3,less250
29665,2006,8,3385.146788990826,8.127152548952933,1,WC,0,NoSA,buservices,4,good,109,0.092,0.459,3,less250
29698,2009,11,3060.793103448276,8.026429345497444,1,WC,0,NoSA,public,3,satisfactory,58,0.31,0.759,2,less100
29698,2011,13,1747.5535714285713,7.4659721296773185,1,WC,0,NoSA,public,2,sufficient,56,0.393,0.804,2,less100
29698,2012,14,1314.0405405405406,7.180862051339198,1,WC,0,NoSA,public,2,sufficient,74,0.284,0.757,2,less100
29711,2015,17,974.2,6.881616621372443,1,WC,0,NoSA,manufacturing,4,good,25,0.2,0.48,1,less50
29711,2016,18,1694.24,7.434989541682144,1,WC,0,NoSA,manufacturing,5,very good,25,0.16,0.52,1,less50
29711,2018,20,1593.56,7.373725786113707,1,WC,0,NoSA,manufacturing,4,good,25,0.04,0.48,1,less50
29711,2020,22,1585.28,7.36851632686094,1,WC,0,NoSA,manufacturing,4,good,25,0.32,0.48,1,less50
29729,2000,2,367.3618551587302,5.906347343653162,0,NoWC,0,NoSA,buservices,4,good,189,0.005,0.275,3,less250
29729,2001,3,438.5135279605263,6.083390661873488,0,NoWC,0,NoSA,buservices,4,good,190,0.005,0.253,3,less250
29729,2002,4,279.3542857142857,5.63248081752467,0,NoWC,0,NoSA,buservices,4,good,175,0.006,0.257,3,less250
29729,2005,7,511.57142857142856,6.23748722094312,0,NoWC,0,NoSA,buservices,4,good,189,0.005,0.275,3,less250
29729,2006,8,522.3829787234042,6.258400994589514,0,NoWC,0,NoSA,buservices,4,good,188,0.016,0.287,3,less250
29729,2007,9,458.88524590163934,6.1288001698742125,1,WC,0,NoSA,buservices,5,very good,183,0.016,0.29,3,less250
29729,2008,10,300.4840425531915,5.705394649580861,0,NoWC,0,NoSA,buservices,4,good,188,0.021,0.298,3,less250
29729,2009,11,160.09473684210528,5.075765745271828,0,NoWC,0,NoSA,buservices,4,good,190,0.021,0.289,3,less250
29731,2004,6,1100.6385542168675,7.003645794192806,0,NoWC,1,SA,art,1,unsatisfactory,83,0.012,0.157,2,less100
29731,2007,9,1060.7209302325582,6.966704078788278,0,NoWC,0,NoSA,art,2,sufficient,86,0.023,0.163,2,less100
29731,2008,10,1196.035294117647,7.0867674442069735,0,NoWC,0,NoSA,art,2,sufficient,85,0.059,0.165,2,less100
29739,2006,8,978.2647058823529,6.8857802938243,0,NoWC,0,NoSA,manufacturing,2,sufficient,34,0.029,0.118,1,less50
29739,2007,9,1202.0588235294117,7.091791051942161,0,NoWC,0,NoSA,manufacturing,5,very good,34,0.029,0.118,1,less50
29739,2008,10,1475.0555555555557,7.296450932848048,0,NoWC,0,NoSA,manufacturing,2,sufficient,36,0.028,0.111,1,less50
29739,2009,11,1588.4864864864865,7.3705369465827255,0,NoWC,1,SA,manufacturing,4,good,37,0.027,0.081,1,less50
29739,2011,13,1496.7906976744187,7.3110785601319215,0,NoWC,0,NoSA,manufacturing,4,good,43,0.023,0.07,1,less50
29739,2012,14,1387.4,7.235186770951201,0,NoWC,0,NoSA,manufacturing,2,sufficient,45,0.022,0.067,1,less50
29739,2014,16,1613.8163265306123,7.386357042187257,0,NoWC,0,NoSA,manufacturing,4,good,49,0.02,0.061,1,less50
29739,2015,17,1902.686274509804,7.551021995329163,0,NoWC,0,NoSA,manufacturing,4,good,51,0.02,0.078,2,less100
29739,2017,19,1741.5892857142858,7.462553357922938,0,NoWC,0,NoSA,manufacturing,3,satisfactory,56,0.018,0.071,2,less100
29739,2018,20,1690.9655172413793,7.433054956757711,0,NoWC,0,NoSA,manufacturing,3,satisfactory,58,0.017,0.069,2,less100
29739,2019,21,1797.1016949152543,7.493930476676619,0,NoWC,0,NoSA,manufacturing,4,good,59,0.017,0.051,2,less100
29786,2013,15,470.8,6.154433375386121,1,WC,0,NoSA,manufacturing,4,good,35,0.171,0.886,1,less50
29786,2014,16,605.3,6.405724202897641,1,WC,0,NoSA,manufacturing,4,good,30,0.1,0.9,1,less50
29786,2015,17,762.8518518518518,6.637063847100149,1,WC,0,NoSA,manufacturing,4,good,27,0.37,0.815,1,less50
29786,2016,18,969.2857142857143,6.876559423213656,1,WC,0,NoSA,manufacturing,4,good,28,0.25,0.821,1,less50
29814,2018,20,2268.9727272727273,7.727082464995276,0,NoWC,0,NoSA,manufacturing,5,very good,220,0.514,0.536,3,less250
29814,2019,21,2393.640909090909,7.780570878664736,0,NoWC,0,NoSA,manufacturing,5,very good,220,0.5,0.709,3,less250
29814,2020,22,2692.2331288343557,7.8981262876221185,0,NoWC,0,NoSA,manufacturing,5,very good,163,0.681,0.534,3,less250
29814,2021,23,2612.10582010582,7.867912002633048,0,NoWC,0,NoSA,manufacturing,5,very good,189,0.556,0.587,3,less250
29821,2006,8,541.0545454545454,6.293520097155172,0,NoWC,0,NoSA,buservices,4,good,55,0.636,0.545,2,less100
29821,2007,9,407.15384615384613,6.009191114396451,0,NoWC,0,NoSA,buservices,4,good,65,0.985,0.677,2,less100
29821,2008,10,458.734375,6.128471338843223,1,WC,0,NoSA,buservices,1,unsatisfactory,64,0.984,0.719,2,less100
29822,2014,16,592.8705440900563,6.384976068403205,1,WC,0,NoSA,manufacturing,4,good,533,0.043,0.358,4,more250
29822,2015,17,1679.6313725490197,7.426329627219198,1,WC,0,NoSA,manufacturing,5,very good,510,0.049,0.363,4,more250
29822,2016,18,900.213171577123,6.8026315925859615,1,WC,0,NoSA,manufacturing,4,good,577,0.047,0.35,4,more250
29822,2017,19,980.1032608695652,6.8876579343480255,1,WC,0,NoSA,manufacturing,3,satisfactory,552,0.063,0.388,4,more250
29833,2018,20,731.3649122807018,6.594912531199334,1,WC,0,NoSA,wholesretail,4,good,285,0.351,0.449,4,more250
29833,2019,21,736.1404109589041,6.601420876292876,1,WC,0,NoSA,wholesretail,4,good,292,0.336,0.449,4,more250
29833,2021,23,6738.3448275862065,8.815569599205881,1,WC,0,NoSA,wholesretail,4,good,290,0.883,0.448,4,more250
29838,2005,7,391.55263157894734,5.970119942101311,1,WC,0,NoSA,wholesretail,2,sufficient,38,0.447,0.579,1,less50
29838,2006,8,450.07894736842104,6.109423005973306,1,WC,0,NoSA,wholesretail,3,satisfactory,38,0.579,0.553,1,less50
29838,2007,9,452.89473684210526,6.1156597294792,1,WC,0,NoSA,wholesretail,5,very good,38,0.789,0.447,1,less50
29838,2008,10,487.175,6.188623401450198,1,WC,0,NoSA,wholesretail,3,satisfactory,40,0.825,0.725,1,less50
29838,2009,11,537.95,6.287765619039918,1,WC,0,NoSA,wholesretail,4,good,40,0.775,0.725,1,less50
29838,2011,13,561.175,6.330032799837609,1,WC,0,NoSA,wholesretail,4,good,40,0.625,0.625,1,less50
29838,2013,15,489.9166666666667,6.194235308614255,1,WC,0,NoSA,wholesretail,4,good,36,0.833,0.667,1,less50
29838,2014,16,599.6341463414634,6.3963197131417315,1,WC,0,NoSA,wholesretail,4,good,41,0.683,0.707,1,less50
29838,2015,17,585.1052631578947,6.371791768067174,1,WC,0,NoSA,wholesretail,4,good,38,0.737,0.684,1,less50
29838,2016,18,630.9268292682926,6.447189895862175,1,WC,0,NoSA,wholesretail,4,good,41,0.22,0.683,1,less50
29838,2017,19,822.2564102564103,6.712052281033196,1,WC,0,NoSA,wholesretail,4,good,39,0.231,0.667,1,less50
29838,2018,20,372.8837209302326,5.921266630909335,1,WC,0,NoSA,wholesretail,4,good,43,0.186,0.628,1,less50
29838,2020,22,383.84090909090907,5.95022816749966,1,WC,0,NoSA,transcom,4,good,44,0.25,0.659,1,less50
29847,2008,10,854.5727272727273,6.750601609844073,1,WC,0,NoSA,buservices,5,very good,110,0.027,0.855,3,less250
29847,2009,11,808.6601941747573,6.695378796897948,1,WC,0,NoSA,buservices,3,satisfactory,103,0.029,0.893,3,less250
29847,2010,12,875.1702127659574,6.774418396314706,1,WC,0,NoSA,buservices,2,sufficient,94,0.011,0.809,2,less100
29866,2007,9,649.46875,6.476154721019347,1,WC,0,NoSA,resthotels,4,good,32,0.125,0.188,1,less50
29866,2008,10,735.8064516129032,6.600967110793287,1,WC,0,NoSA,resthotels,4,good,31,0.194,0.452,1,less50
29866,2011,13,769.32,6.645507007787167,1,WC,0,NoSA,resthotels,3,satisfactory,25,0.32,0.36,1,less50
29880,2012,14,1126.6530612244899,7.02700662389979,1,WC,0,NoSA,manufacturing,4,good,49,0.245,0.163,1,less50
29880,2013,15,1273.4901960784314,7.149516595982679,1,WC,0,NoSA,manufacturing,4,good,51,0.51,0.157,2,less100
29880,2014,16,1249,7.130098510125578,1,WC,0,NoSA,manufacturing,4,good,52,0.558,0.154,2,less100
29880,2015,17,1249,7.130098510125578,1,WC,0,NoSA,manufacturing,4,good,52,0.288,0.154,2,less100
29880,2016,18,1298.96,7.169319223278859,1,WC,0,NoSA,manufacturing,4,good,50,0.36,0.12,1,less50
29880,2017,19,1411.9130434782608,7.25270083221791,1,WC,0,NoSA,manufacturing,4,good,46,0.109,0.109,1,less50
29880,2018,20,1597.9285714285713,7.376463426596646,1,WC,0,NoSA,manufacturing,4,good,42,0.667,0.119,1,less50
29900,2016,18,4498.835616438356,8.411573890373774,1,WC,0,NoSA,public,3,satisfactory,73,0.014,0.219,2,less100
29900,2017,19,4327.9375,8.37284637957177,1,WC,0,NoSA,public,4,good,80,0.038,0.162,2,less100
29900,2019,21,4719.184782608696,8.459391348113549,1,WC,0,NoSA,public,4,good,92,0.011,0.174,2,less100
29906,2016,18,350.27777777777777,5.858726490502855,1,WC,0,NoSA,buservices,2,sufficient,36,0.472,0.333,1,less50
29906,2017,19,280.7894736842105,5.637605184569413,0,NoWC,0,NoSA,buservices,3,satisfactory,38,0.421,0.289,1,less50
29906,2018,20,277.14285714285717,5.624533103002061,0,NoWC,0,NoSA,buservices,3,satisfactory,42,0.381,0.357,1,less50
29923,2005,7,1124.8181818181818,7.025376685415605,1,WC,0,NoSA,manufacturing,2,sufficient,66,0.47,0.227,2,less100
29923,2006,8,1457.322033898305,7.284355807097556,1,WC,1,SA,manufacturing,4,good,59,0.746,0.22,2,less100
29923,2008,10,1548.3035714285713,7.3449151404975,1,WC,0,NoSA,manufacturing,4,good,56,0.75,0.232,2,less100
29939,2016,18,1439.05,7.27173845263536,1,WC,0,NoSA,buservices,4,good,20,0.1,0.2,1,less50
29939,2017,19,2122.095238095238,7.6601591994557845,1,WC,0,NoSA,buservices,4,good,21,0.048,0.19,1,less50
29939,2018,20,1412.8260869565217,7.253347294399299,1,WC,0,NoSA,buservices,4,good,23,0.043,0.174,1,less50
29939,2019,21,2018.304347826087,7.610013006105848,1,WC,0,NoSA,buservices,4,good,23,0.043,0.174,1,less50
29966,2016,18,2457.625,7.8069507154276545,1,WC,0,NoSA,wholesretail,4,good,24,0.583,0.667,1,less50
29966,2017,19,2502.2916666666665,7.824962257640645,1,WC,1,SA,wholesretail,3,satisfactory,24,0.333,0.667,1,less50
29966,2018,20,2268.576923076923,7.726908007754118,1,WC,1,SA,wholesretail,4,good,26,0.385,0.577,1,less50
29976,2005,7,1392.2871287128712,7.238703090250567,1,WC,0,NoSA,manufacturing,1,unsatisfactory,101,0.802,0.079,3,less250
29976,2006,8,1955.2376237623762,7.5782670117147894,1,WC,0,NoSA,manufacturing,1,unsatisfactory,101,0.752,0.02,3,less250
29976,2007,9,1548.9803921568628,7.34535218194867,1,WC,0,NoSA,manufacturing,2,sufficient,102,0.529,0.039,3,less250
29976,2008,10,1778.3627450980391,7.483448413880202,1,WC,0,NoSA,manufacturing,1,unsatisfactory,102,0.745,0.069,3,less250
29976,2009,11,1634.6078431372548,7.399158203270233,1,WC,0,NoSA,manufacturing,2,sufficient,102,0.029,0.078,3,less250
29976,2010,12,1601.8431372549019,7.378910206014478,1,WC,0,NoSA,manufacturing,2,sufficient,102,0.853,0.078,3,less250
29978,2012,14,1620.5882352941176,7.390544470524844,0,NoWC,0,NoSA,manufacturing,5,very good,204,0.015,0.078,3,less250
29978,2013,15,2147.6510067114095,7.6721299688304505,0,NoWC,0,NoSA,manufacturing,5,very good,149,0.013,0.067,3,less250
29978,2015,17,4211.18,8.345498172439545,0,NoWC,0,NoSA,manufacturing,4,good,100,0.01,0.08,2,less100
29978,2016,18,1821.6732673267327,7.507510735354116,0,NoWC,0,NoSA,manufacturing,4,good,101,0.04,0.079,3,less250
29978,2017,19,4856.645833333333,8.488103320875702,0,NoWC,0,NoSA,manufacturing,4,good,96,0.042,0.083,2,less100
30002,2008,10,1869.325,7.533332682119119,0,NoWC,0,NoSA,wholesretail,4,good,40,0.025,0.575,1,less50
30002,2009,11,1869.15,7.533239061056986,0,NoWC,0,NoSA,wholesretail,4,good,40,0.05,0.6,1,less50
30002,2010,12,1805.7142857142858,7.4987115186455355,0,NoWC,0,NoSA,wholesretail,3,satisfactory,42,0.024,0.667,1,less50
30054,2000,2,1824.551749271137,7.509089619010103,0,NoWC,0,NoSA,health,4,good,343,0.015,0.98,4,more250
30054,2001,3,1777.0603873239436,7.482715810314417,0,NoWC,0,NoSA,health,4,good,355,0.023,0.983,4,more250
30054,2002,4,1513.5135135135135,7.322189057073062,0,NoWC,0,NoSA,health,1,unsatisfactory,370,0.022,0.981,4,more250
30054,2003,5,1333.085294117647,7.195251304716536,0,NoWC,0,NoSA,health,4,good,340,0.021,0.806,4,more250
30054,2005,7,1606.8130841121495,7.3820080454144765,0,NoWC,0,NoSA,health,3,satisfactory,321,0.025,0.972,4,more250
30054,2006,8,1597.4025974025974,7.376134212500871,0,NoWC,0,NoSA,health,5,very good,308,0.055,0.971,4,more250
30092,1999,1,1865.2278701716739,7.531138507011935,0,NoWC,0,NoSA,public,4,good,466,0.011,0.202,4,more250
30092,2000,2,1212.8318798449613,7.100713300694481,0,NoWC,0,NoSA,public,4,good,516,0.01,0.242,4,more250
30092,2001,3,1188.053554613936,7.080071578547894,0,NoWC,0,NoSA,public,4,good,531,0.009,0.469,4,more250
30095,2013,15,1185.5391304347827,7.0779529124974445,1,WC,0,NoSA,manufacturing,4,good,115,0.07,0.783,3,less250
30095,2014,16,1198.8482142857142,7.089116553423973,1,WC,0,NoSA,manufacturing,3,satisfactory,112,0.375,0.768,3,less250
30095,2015,17,1371.0442477876106,7.223327953138972,1,WC,0,NoSA,manufacturing,3,satisfactory,113,0.15,0.761,3,less250
30095,2016,18,2305.473214285714,7.743041233399141,1,WC,0,NoSA,manufacturing,5,very good,112,0.116,0.759,3,less250
30095,2018,20,2030.3931623931624,7.615984729338792,1,WC,0,NoSA,manufacturing,4,good,117,0.222,0.786,3,less250
30095,2019,21,1666.453781512605,7.41845316349738,1,WC,0,NoSA,manufacturing,5,very good,119,0.277,0.773,3,less250
30095,2020,22,1549.275,7.345542358552426,0,NoWC,0,NoSA,manufacturing,5,very good,120,0.125,0.775,3,less250
30100,2007,9,4095.5714285714284,8.317661529548637,1,WC,0,NoSA,manufacturing,3,satisfactory,21,0.048,0.381,1,less50
30100,2008,10,3909.409090909091,8.271141513913744,1,WC,0,NoSA,manufacturing,4,good,22,0.091,0.364,1,less50
30100,2009,11,2687.7272727272725,7.89645123545656,1,WC,0,NoSA,manufacturing,4,good,22,0.045,0.455,1,less50
30143,2013,15,571.7952218430034,6.348780923510176,0,NoWC,0,NoSA,edu,4,good,293,0.345,0.587,4,more250
30143,2014,16,581.7408637873754,6.366025097353237,0,NoWC,0,NoSA,edu,4,good,301,0.415,0.731,4,more250
30143,2015,17,292.46268656716416,5.678337091242765,0,NoWC,0,NoSA,edu,2,sufficient,402,0.318,0.425,4,more250
30143,2016,18,339.46031746031747,5.827357054925069,0,NoWC,0,NoSA,edu,4,good,378,0.296,0.349,4,more250
30143,2017,19,402.53779069767444,5.997788982383344,0,NoWC,0,NoSA,edu,5,very good,344,0.27,0.459,4,more250
30169,2012,14,1512.4832535885168,7.321508117836109,1,WC,0,NoSA,public,3,satisfactory,209,0.435,0.531,3,less250
30169,2013,15,1666.6666666666667,7.418580902748128,1,WC,0,NoSA,public,3,satisfactory,192,0.438,0.5,3,less250
30169,2014,16,1736.2637362637363,7.459490805492254,1,WC,0,NoSA,public,4,good,182,0.313,0.495,3,less250
30211,2015,17,3502.6082251082253,8.161263177122287,0,NoWC,0,NoSA,transcom,5,very good,462,0.048,0.061,4,more250
30211,2016,18,3884.478260869565,8.264743957996792,0,NoWC,0,NoSA,transcom,5,very good,460,0.198,0.061,4,more250
30211,2017,19,3252.032520325203,8.087035470717701,0,NoWC,0,NoSA,transcom,5,very good,492,0.297,0.071,4,more250
30238,1998,0,813.4843026620371,6.701326630421338,1,WC,0,NoSA,resthotels,4,good,27,0.074,0.556,1,less50
30238,2000,2,954.9598335597826,6.861669280496518,1,WC,0,NoSA,resthotels,3,satisfactory,23,0.043,0.522,1,less50
30238,2001,3,653.6866861979166,6.482628163573151,1,WC,0,NoSA,resthotels,4,good,24,0.042,0.417,1,less50
30238,2004,6,742.4814814814815,6.609997929600147,1,WC,0,NoSA,resthotels,3,satisfactory,27,0.074,0.556,1,less50
30238,2005,7,644,6.467698726104354,1,WC,0,NoSA,resthotels,3,satisfactory,27,0.037,0.556,1,less50
30238,2006,8,937.5833333333334,6.843305642783071,1,WC,0,NoSA,resthotels,2,sufficient,24,0.25,0.625,1,less50
30238,2007,9,832.75,6.724733477073789,1,WC,0,NoSA,resthotels,3,satisfactory,24,0.083,0.667,1,less50
30240,2008,10,2005.8076923076924,7.603802097679007,1,WC,0,NoSA,transcom,4,good,26,0.038,0.692,1,less50
30240,2009,11,1159.5882352941176,7.055820251509761,1,WC,0,NoSA,transcom,4,good,34,0.029,0.765,1,less50
30240,2010,12,1257.764705882353,7.137091381517229,1,WC,0,NoSA,transcom,4,good,34,0.088,0.706,1,less50
30240,2011,13,1466.75,7.290804347805969,1,WC,0,NoSA,transcom,4,good,32,0.094,0.656,1,less50
30240,2012,14,1798.3103448275863,7.494602805714015,1,WC,0,NoSA,transcom,4,good,29,0.034,0.448,1,less50
30240,2014,16,1591.9736842105262,7.372729836249192,1,WC,0,NoSA,transcom,4,good,38,0.105,0.789,1,less50
30240,2015,17,3076.9,8.03167787560641,1,WC,0,NoSA,transcom,4,good,20,0.15,0.65,1,less50
30240,2016,18,2272.285714285714,7.728541526461767,1,WC,0,NoSA,transcom,4,good,28,0.143,0.714,1,less50
30253,2001,3,2494.874787414966,7.821993821521466,0,NoWC,0,NoSA,mining,3,satisfactory,147,0.007,0.871,3,less250
30253,2002,4,3025.8064516129034,8.01493293050917,0,NoWC,0,NoSA,mining,3,satisfactory,124,0.056,0.935,3,less250
30253,2003,5,3284.309523809524,8.096911718204417,0,NoWC,0,NoSA,mining,3,satisfactory,126,0.175,0.944,3,less250
30291,2006,8,1409,7.25063551189868,1,WC,0,NoSA,construction,1,unsatisfactory,25,0.56,0.12,1,less50
30291,2007,9,1195.423076923077,7.086255440974671,1,WC,0,NoSA,construction,1,unsatisfactory,26,0.577,0.115,1,less50
30291,2009,11,1506.9545454545455,7.317846035898576,1,WC,0,NoSA,construction,2,sufficient,22,0.636,0.227,1,less50
30313,2005,7,11461.933333333332,9.346786678774173,0,NoWC,0,NoSA,transcom,3,satisfactory,45,0.489,0.889,1,less50
30313,2006,8,8785.714285714286,9.080882304739296,0,NoWC,0,NoSA,transcom,1,unsatisfactory,56,0.589,0.893,2,less100
30313,2007,9,3094.374045801527,8.037340917750146,0,NoWC,0,NoSA,transcom,2,sufficient,131,0.817,0.863,3,less250
30317,2019,21,3673.205882352941,8.208820097162713,0,NoWC,0,NoSA,manufacturing,1,unsatisfactory,34,0.5,0.647,1,less50
30317,2020,22,3002.15625,8.007086059473169,0,NoWC,0,NoSA,manufacturing,4,good,32,0.5,0.625,1,less50
30317,2021,23,2911.181818181818,7.976314400806414,0,NoWC,0,NoSA,manufacturing,1,unsatisfactory,33,0.606,0.667,1,less50
30356,2004,6,771.2857142857143,6.6480588811629735,0,NoWC,0,NoSA,mining,2,sufficient,49,0.02,0.755,1,less50
30356,2005,7,587.0204081632653,6.3750595861117585,0,NoWC,0,NoSA,mining,2,sufficient,49,0.041,0.755,1,less50
30356,2006,8,782.2045454545455,6.662116273420031,0,NoWC,0,NoSA,mining,3,satisfactory,44,0.159,0.773,1,less50
30365,2015,17,2177.390243902439,7.685882302819075,0,NoWC,0,NoSA,construction,4,good,41,0.268,0.049,1,less50
30365,2016,18,1878.725,7.538348634258756,1,WC,0,NoSA,construction,4,good,40,0.15,0.05,1,less50
30365,2017,19,1934.3333333333333,7.567518015522499,1,WC,0,NoSA,construction,4,good,42,0.214,0.048,1,less50
30386,2016,18,1753.9875,7.469647046338889,1,WC,0,NoSA,wholesretail,4,good,160,0.456,0.956,3,less250
30386,2017,19,2307.051948051948,7.743725775498021,1,WC,0,NoSA,wholesretail,4,good,154,0.474,0.903,3,less250
30386,2018,20,1735.5844155844156,7.459099474617009,1,WC,0,NoSA,wholesretail,3,satisfactory,154,0.494,0.896,3,less250
30386,2019,21,1424.2969696969697,7.261433616364711,1,WC,0,NoSA,wholesretail,4,good,165,0.315,0.812,3,less250
30386,2020,22,1743.4558139534884,7.46362452249286,1,WC,0,NoSA,transcom,4,good,215,0.135,0.837,3,less250
30386,2021,23,2460.607843137255,7.808163689110729,1,WC,0,NoSA,transcom,5,very good,204,0.01,0.843,3,less250
30434,2016,18,3877.264705882353,8.262885211296474,1,WC,0,NoSA,manufacturing,3,satisfactory,34,0.588,0.353,1,less50
30434,2017,19,3223.4761904761904,8.078215618489859,1,WC,0,NoSA,manufacturing,3,satisfactory,42,0.452,0.405,1,less50
30434,2019,21,2274.6721311475408,7.729591202822124,1,WC,0,NoSA,manufacturing,1,unsatisfactory,61,0.016,0.262,2,less100
30434,2021,23,1549.7666666666667,7.345859660946957,1,WC,0,NoSA,manufacturing,2,sufficient,90,0.022,0.344,2,less100
30442,1998,0,1936.0918898809523,7.568426730491637,1,WC,0,NoSA,manufacturing,4,good,21,0.095,0.048,1,less50
30442,1999,1,1492.645,7.308304992976576,1,WC,0,NoSA,manufacturing,5,very good,25,0.04,0.08,1,less50
30442,2000,2,1670.8763671875,7.42110353853773,1,WC,0,NoSA,manufacturing,4,good,20,0.05,0.1,1,less50
30442,2010,12,881.8095238095239,6.78197607328457,1,WC,1,SA,construction,3,satisfactory,21,0.048,0.095,1,less50
30442,2011,13,1089.3333333333333,6.993321167311784,1,WC,1,SA,construction,4,good,21,0.048,0.095,1,less50
30442,2012,14,1089.3,6.993290567088399,1,WC,1,SA,construction,4,good,20,0.05,0.1,1,less50
30442,2018,20,726.1904761904761,6.587812344312135,1,WC,1,SA,construction,2,sufficient,21,0.048,0.143,1,less50
30455,2012,14,2051.56,7.626355758347076,1,WC,0,NoSA,edu,4,good,25,0.12,0.04,1,less50
30455,2013,15,2428.4545454545455,7.795010344482588,1,WC,0,NoSA,edu,2,sufficient,22,0.136,0.045,1,less50
30455,2014,16,3098.7,8.038737947680698,1,WC,0,NoSA,edu,3,satisfactory,20,0.25,0.05,1,less50
30455,2016,18,3472.7,8.152687668362317,1,WC,0,NoSA,edu,1,unsatisfactory,20,0.55,0.05,1,less50
30455,2020,22,2289.714285714286,7.736182322700722,1,WC,0,NoSA,buservices,3,satisfactory,21,0.571,0.238,1,less50
30502,2018,20,885.6216216216217,6.786289795754955,1,WC,1,SA,edu,3,satisfactory,111,0.432,0.396,3,less250
30502,2019,21,1546.117117117117,7.343501981205091,1,WC,1,SA,edu,3,satisfactory,111,0.036,0.378,3,less250
30502,2021,23,3100.71875,8.039389218437767,1,WC,1,SA,health,5,very good,64,0.891,0.219,2,less100
30506,2007,9,2048.0476190476193,7.6246422373771825,0,NoWC,0,NoSA,wholesretail,4,good,21,0.143,0.048,1,less50
30506,2008,10,1759.4545454545455,7.472759122642517,0,NoWC,0,NoSA,wholesretail,2,sufficient,22,0.091,0.045,1,less50
30506,2009,11,1549.25,7.345526221842217,0,NoWC,0,NoSA,wholesretail,4,good,24,0.042,0.042,1,less50
30510,2004,6,1491.4810126582279,7.307524873507179,1,WC,0,NoSA,wholesretail,3,satisfactory,79,0.127,0.962,2,less100
30510,2005,7,1887.3947368421052,7.542952711007581,1,WC,0,NoSA,wholesretail,3,satisfactory,76,0.158,0.934,2,less100
30510,2006,8,1661.4864864864865,7.415467954440169,1,WC,0,NoSA,wholesretail,3,satisfactory,74,0.365,0.919,2,less100
30510,2007,9,1793.025,7.491659416620031,1,WC,0,NoSA,wholesretail,4,good,80,0.188,0.938,2,less100
30510,2008,10,1585.6666666666667,7.368760207764172,1,WC,0,NoSA,wholesretail,3,satisfactory,84,0.19,0.917,2,less100
30512,2004,6,1466.8145161290322,7.290848332609227,0,NoWC,1,SA,health,3,satisfactory,124,0.032,0.919,3,less250
30512,2005,7,1248.2764227642276,7.12951901700305,0,NoWC,1,SA,health,3,satisfactory,123,0.041,0.902,3,less250
30512,2006,8,1365.809917355372,7.219502877706786,0,NoWC,1,SA,health,2,sufficient,121,0.19,0.95,3,less250
30512,2007,9,1487.872,7.305102190187599,0,NoWC,1,SA,health,3,satisfactory,125,0.296,0.872,3,less250
30512,2008,10,1681.7327586206898,7.427579944806598,0,NoWC,1,SA,health,3,satisfactory,116,0.284,0.879,3,less250
30512,2009,11,1713.3217391304347,7.446189302713711,0,NoWC,1,SA,health,3,satisfactory,115,0.426,0.887,3,less250
30520,2003,5,623.4511691884456,6.435270444793224,0,NoWC,0,NoSA,edu,2,sufficient,727,0.142,0.527,4,more250
30520,2004,6,562.429696287964,6.3322661418904245,0,NoWC,1,SA,edu,4,good,889,0.123,0.486,4,more250
30520,2005,7,505.1782566111655,6.224911350379826,0,NoWC,0,NoSA,edu,4,good,1021,0.053,0.344,4,more250
30523,2009,11,1546.825,7.343959722002325,0,NoWC,0,NoSA,buservices,4,good,40,0.4,0.725,1,less50
30523,2010,12,2515.170731707317,7.830095965600434,0,NoWC,0,NoSA,buservices,4,good,41,0.341,0.854,1,less50
30523,2011,13,2455.285714285714,7.805998414021374,0,NoWC,0,NoSA,buservices,4,good,42,0.333,0.833,1,less50
30523,2012,14,2398.186046511628,7.78246791661118,0,NoWC,0,NoSA,buservices,4,good,43,0.349,0.837,1,less50
30523,2013,15,1913.4888888888888,7.556683498153778,0,NoWC,0,NoSA,buservices,4,good,45,0.644,0.844,1,less50
30523,2014,16,4376.977777777778,8.384113760133863,0,NoWC,0,NoSA,buservices,4,good,45,0.711,0.844,1,less50
30523,2015,17,2870.2291666666665,7.9621471545786795,0,NoWC,0,NoSA,buservices,4,good,48,0.688,0.854,1,less50
30523,2016,18,3330.46,8.110865711572433,0,NoWC,0,NoSA,buservices,5,very good,50,0.66,0.84,1,less50
30523,2017,19,3547.4,8.173970219771485,0,NoWC,0,NoSA,buservices,5,very good,50,0.68,0.84,1,less50
30523,2018,20,3939.28,8.278753244476036,0,NoWC,0,NoSA,buservices,4,good,50,0.62,0.84,1,less50
30523,2019,21,3363.84,8.120838457536028,0,NoWC,0,NoSA,buservices,3,satisfactory,50,0.62,0.9,1,less50
30523,2020,22,2981.596153846154,8.000214058201161,0,NoWC,0,NoSA,resthotels,4,good,52,0.327,0.865,2,less100
30523,2021,23,3529.9615384615386,8.169042254248025,0,NoWC,0,NoSA,resthotels,5,very good,52,0.462,0.788,2,less100
30534,2000,2,863.67421875,6.7611956360665,0,NoWC,0,NoSA,manufacturing,4,good,45,0.022,0.2,1,less50
30534,2001,3,1409.9953125,7.251341658898602,0,NoWC,0,NoSA,manufacturing,4,good,45,0.067,0.2,1,less50
30534,2002,4,1743.8529411764705,7.4638522781936505,0,NoWC,0,NoSA,manufacturing,3,satisfactory,34,0.029,0.088,1,less50
30534,2004,6,2707.4347826086955,7.903756890905881,0,NoWC,0,NoSA,manufacturing,3,satisfactory,23,0.13,0,1,less50
30587,2017,19,413.0508474576271,6.023570702713532,1,WC,0,NoSA,resthotels,4,good,59,0.085,0.525,2,less100
30587,2018,20,435.17857142857144,6.075756455884103,1,WC,0,NoSA,resthotels,4,good,56,0.107,0.464,2,less100
30587,2019,21,451.2962962962963,6.112124100054977,1,WC,0,NoSA,resthotels,3,satisfactory,54,0.111,0.481,2,less100
30587,2020,22,376.8103448275862,5.931741996750995,1,WC,0,NoSA,resthotels,5,very good,58,0.103,0.448,2,less100
30670,2015,17,1146.9130434782608,7.044829302117962,1,WC,0,NoSA,manufacturing,4,good,46,0.348,0.196,1,less50
30670,2016,18,1172.4,7.066808208836737,1,WC,0,NoSA,manufacturing,4,good,45,0.4,0.156,1,less50
30670,2017,19,1184.3673469387754,7.076964026562337,1,WC,0,NoSA,manufacturing,3,satisfactory,49,0.408,0.245,1,less50
30670,2018,20,1184.3673469387754,7.076964026562337,1,WC,0,NoSA,manufacturing,1,unsatisfactory,49,0.571,0.286,1,less50
30670,2019,21,1292.0408163265306,7.163978275427546,1,WC,0,NoSA,manufacturing,5,very good,49,0.51,0.469,1,less50
30670,2020,22,1450.8392857142858,7.279897485698238,1,WC,0,NoSA,manufacturing,3,satisfactory,56,0.554,0.286,2,less100
30670,2021,23,1110.701754385965,7.0127473057036225,1,WC,0,NoSA,manufacturing,3,satisfactory,57,0.439,0.246,2,less100
30684,2018,20,1629.5915492957747,7.396084679145453,1,WC,0,NoSA,public,4,good,142,0.028,0.901,3,less250
30684,2019,21,1737.5294117647059,7.4602195049300395,1,WC,0,NoSA,public,5,very good,136,0.029,0.882,3,less250
30684,2020,22,1734.2448979591836,7.458327380331824,1,WC,0,NoSA,public,5,very good,147,0.027,0.857,3,less250
30684,2021,23,1910.0974025974026,7.554909515864712,1,WC,0,NoSA,public,4,good,154,0.045,0.857,3,less250
30712,2012,14,631.5189873417721,6.448128008388061,0,NoWC,0,NoSA,public,5,very good,79,0.025,0.759,2,less100
30712,2013,15,498.8933333333333,6.212392312046367,0,NoWC,0,NoSA,public,3,satisfactory,75,0.053,0.72,2,less100
30712,2014,16,555.2739726027397,6.319461636273417,0,NoWC,0,NoSA,public,3,satisfactory,73,0.055,0.767,2,less100
30712,2015,17,550.25,6.310372720406571,0,NoWC,0,NoSA,public,3,satisfactory,68,0.059,0.735,2,less100
30712,2016,18,649.609375,6.4763712207014565,0,NoWC,0,NoSA,public,4,good,64,0.078,0.656,2,less100
30712,2017,19,1091.3333333333333,6.99515546926297,0,NoWC,0,NoSA,public,3,satisfactory,60,0.017,0.667,2,less100
30712,2018,20,1102.3636363636363,7.005211913833305,0,NoWC,0,NoSA,public,4,good,66,0.03,0.682,2,less100
30712,2019,21,878.3380281690141,6.7780315174570305,0,NoWC,0,NoSA,public,4,good,71,0.014,0.676,2,less100
30712,2020,22,884.8648648648649,6.785434938280901,0,NoWC,0,NoSA,public,2,sufficient,74,0.054,0.689,2,less100
30733,2017,19,1810.857142857143,7.501555571755498,1,WC,0,NoSA,health,4,good,21,0.143,0.81,1,less50
30733,2019,21,812.8076923076923,6.70049454074067,0,NoWC,0,NoSA,health,5,very good,26,0.115,0.769,1,less50
30733,2020,22,1103.076923076923,7.005858756692074,1,WC,0,NoSA,health,4,good,26,0.423,0.808,1,less50
30754,2010,12,444.1056338028169,6.096062448105492,0,NoWC,0,NoSA,transcom,2,sufficient,142,0.014,0.775,3,less250
30754,2011,13,450.87919463087246,6.111199442492593,0,NoWC,0,NoSA,transcom,1,unsatisfactory,149,0.02,0.919,3,less250
30754,2013,15,483.1265060240964,6.180278536592396,0,NoWC,0,NoSA,transcom,1,unsatisfactory,166,0.024,0.831,3,less250
30767,2017,19,1410.8271604938273,7.2519314500151335,1,WC,0,NoSA,manufacturing,4,good,162,0.198,0.228,3,less250
30767,2020,22,1385.18,7.23358537407578,1,WC,0,NoSA,manufacturing,4,good,150,0.187,0.227,3,less250
30767,2021,23,894.4039735099337,6.796157545045186,1,WC,0,NoSA,manufacturing,4,good,151,0.007,0.212,3,less250
30775,2004,6,2699.035714285714,7.900649845344579,1,WC,0,NoSA,health,3,satisfactory,28,0.071,0.25,1,less50
30775,2005,7,3471.8333333333335,8.15243807155586,1,WC,0,NoSA,health,4,good,24,0.083,0.208,1,less50
30775,2006,8,3512.2083333333335,8.164000273420829,1,WC,0,NoSA,health,5,very good,24,0.042,0.208,1,less50
30775,2007,9,3290.76,8.098873820121838,1,WC,0,NoSA,health,5,very good,25,0.04,0.2,1,less50
30775,2008,10,2762.735294117647,7.92397651654011,1,WC,0,NoSA,health,3,satisfactory,34,0.029,0.235,1,less50
30777,2015,17,936.2448979591836,6.8418770853737865,1,WC,0,NoSA,buservices,4,good,49,0.061,0.714,1,less50
30777,2016,18,1024.2093023255813,6.9316761815155985,1,WC,0,NoSA,buservices,4,good,43,0.07,0.767,1,less50
30777,2018,20,1310.7428571428572,7.178349321994999,1,WC,0,NoSA,buservices,5,very good,35,0.171,0.829,1,less50
30798,2009,11,769.060606060606,6.6451697779224235,1,WC,0,NoSA,manufacturing,1,unsatisfactory,33,0.03,0.697,1,less50
30798,2010,12,845.4545454545455,6.7398744063429765,1,WC,0,NoSA,manufacturing,4,good,33,0.091,0.697,1,less50
30798,2011,13,966.2424242424242,6.873414759500831,0,NoWC,0,NoSA,manufacturing,3,satisfactory,33,0.091,0.636,1,less50
30798,2012,14,930,6.835184586147301,0,NoWC,0,NoSA,manufacturing,2,sufficient,33,0.03,0.636,1,less50
30803,2011,13,1347.3809523809523,7.205917951853201,1,WC,0,NoSA,construction,3,satisfactory,21,0.143,0.238,1,less50
30803,2012,14,1347.3809523809523,7.205917951853201,1,WC,0,NoSA,construction,3,satisfactory,21,0.143,0.238,1,less50
30803,2014,16,1333.92,7.195877254662303,1,WC,0,NoSA,construction,3,satisfactory,25,0.12,0.12,1,less50
30803,2015,17,1515.8181818181818,7.323710626172188,1,WC,0,NoSA,construction,3,satisfactory,22,0.136,0.227,1,less50
30803,2016,18,2126.086956521739,7.662038459533814,1,WC,0,NoSA,construction,3,satisfactory,23,0.13,0.13,1,less50
30803,2017,19,2330.5,7.753838115812796,1,WC,0,NoSA,construction,3,satisfactory,22,0.318,0.136,1,less50
30816,2017,19,2684.310344827586,7.895179119137301,1,WC,0,NoSA,manufacturing,5,very good,29,0.414,0.414,1,less50
30816,2018,20,2872.344827586207,7.962883988276383,1,WC,0,NoSA,manufacturing,4,good,29,0.414,0.414,1,less50
30816,2019,21,2789.4615384615386,7.933603859221909,1,WC,0,NoSA,manufacturing,4,good,26,0.462,0.077,1,less50
30824,2016,18,4979.285714285715,8.513041728865186,1,WC,0,NoSA,manufacturing,5,very good,28,0.071,0.857,1,less50
30824,2019,21,2266.5405405405404,7.726009957068737,1,WC,0,NoSA,manufacturing,4,good,37,0.108,0.703,1,less50
30824,2020,22,3707.317073170732,8.218063733124106,1,WC,0,NoSA,manufacturing,4,good,41,0.049,0.878,1,less50
30835,2001,3,1108.942824074074,7.0111624297310104,0,NoWC,0,NoSA,wholesretail,3,satisfactory,135,0.03,0.163,3,less250
30835,2002,4,1128.148148148148,7.028332760444823,0,NoWC,0,NoSA,wholesretail,1,unsatisfactory,135,0.037,0.156,3,less250
30835,2003,5,1918.608695652174,7.559355564663878,0,NoWC,0,NoSA,wholesretail,5,very good,138,0.043,0.181,3,less250
30859,2012,14,879.2553191489362,6.7790753209791665,0,NoWC,0,NoSA,health,4,good,376,0.21,0.516,4,more250
30859,2013,15,911.6809116809117,6.815290051310043,0,NoWC,0,NoSA,health,4,good,351,0.254,0.425,4,more250
30859,2014,16,918.6046511627907,6.822855835195651,0,NoWC,0,NoSA,health,4,good,344,0.302,0.456,4,more250
30859,2015,17,4558.3239436619715,8.42471027872861,0,NoWC,0,NoSA,health,3,satisfactory,355,0.279,0.439,4,more250
30859,2016,18,3901.6012658227846,8.269142328832633,0,NoWC,0,NoSA,health,2,sufficient,316,0.329,0.487,4,more250
30859,2019,21,5701.599378881988,8.648502007250162,0,NoWC,0,NoSA,health,3,satisfactory,322,0.28,0.329,4,more250
30859,2020,22,6081.311526479751,8.712975663289876,0,NoWC,0,NoSA,buservices,2,sufficient,321,0.277,0.396,4,more250
30859,2021,23,6483.87962962963,8.777074318468202,0,NoWC,0,NoSA,buservices,2,sufficient,324,0.105,0.315,4,more250
30861,2007,9,982.9583333333334,6.890566731998886,1,WC,0,NoSA,transcom,3,satisfactory,48,0.208,0.333,1,less50
30861,2008,10,779.5238095238095,6.658683232641757,1,WC,0,NoSA,transcom,3,satisfactory,42,0.31,0.286,1,less50
30861,2009,11,627.5641025641025,6.441845821269065,1,WC,0,NoSA,transcom,3,satisfactory,39,0.256,0.359,1,less50
30861,2010,12,759.1052631578947,6.63214045441707,1,WC,0,NoSA,transcom,3,satisfactory,38,0.5,0.368,1,less50
30861,2011,13,951.5,6.858039686736205,1,WC,0,NoSA,transcom,4,good,36,0.333,0.389,1,less50
30871,2003,5,11054.853658536585,9.310624855622436,0,NoWC,0,NoSA,manufacturing,3,satisfactory,41,0.366,0.854,1,less50
30871,2004,6,12500,9.433483923290392,0,NoWC,0,NoSA,manufacturing,2,sufficient,40,0.5,0.825,1,less50
30871,2007,9,10134.075,9.223658786837362,0,NoWC,0,NoSA,manufacturing,4,good,40,0.45,0.825,1,less50
30871,2008,10,8900.452380952382,9.093857383748958,0,NoWC,1,SA,manufacturing,4,good,42,0.571,0.833,1,less50
30871,2009,11,8214.285714285714,9.013630077730129,0,NoWC,0,NoSA,manufacturing,2,sufficient,42,0.214,0.762,1,less50
30871,2011,13,9037.5,9.10913786646702,0,NoWC,0,NoSA,manufacturing,2,sufficient,32,0.562,0.781,1,less50
30871,2012,14,11400,9.341368634382587,0,NoWC,1,SA,manufacturing,5,very good,29,0.586,0.828,1,less50
30892,2000,2,2678.043550531915,7.892841788453434,0,NoWC,0,NoSA,health,4,good,94,0.053,0.213,2,less100
30892,2001,3,2172.798828125,7.68377139802559,0,NoWC,0,NoSA,health,3,satisfactory,104,0.038,0.125,3,less250
30892,2002,4,2199.866666666667,7.69615203144918,0,NoWC,0,NoSA,health,3,satisfactory,105,0.057,0.21,3,less250
30892,2003,5,1677.7592592592594,7.425214407878289,0,NoWC,0,NoSA,health,2,sufficient,108,0.046,0.176,3,less250
30892,2004,6,2207.8828828828828,7.699789363817593,0,NoWC,0,NoSA,health,3,satisfactory,111,0.045,0.18,3,less250
30892,2005,7,2357.1926605504586,7.765226639328527,0,NoWC,0,NoSA,health,4,good,109,0.028,0.202,3,less250
30892,2006,8,2418.376146788991,7.790851580196705,0,NoWC,0,NoSA,health,3,satisfactory,109,0.055,0.202,3,less250
30892,2007,9,2460.8073394495414,7.808244761853017,0,NoWC,0,NoSA,health,2,sufficient,109,0.046,0.202,3,less250
30892,2008,10,2465.809090909091,7.8102752642267035,0,NoWC,0,NoSA,health,2,sufficient,110,0.055,0.2,3,less250
30892,2009,11,2510.2636363636366,7.828143061017926,0,NoWC,0,NoSA,health,1,unsatisfactory,110,0.055,0.2,3,less250
30892,2010,12,2361.2363636363634,7.766940643737684,0,NoWC,0,NoSA,health,1,unsatisfactory,110,0.055,0.2,3,less250
30892,2011,13,2351.2195121951218,7.762689413894329,0,NoWC,0,NoSA,health,1,unsatisfactory,123,0.081,0.203,3,less250
30911,2007,9,835.2,6.727671217128374,1,WC,0,NoSA,resthotels,4,good,25,0.08,0.96,1,less50
30911,2016,18,489.7,6.193792958708272,1,WC,0,NoSA,resthotels,4,good,20,0.1,1,1,less50
30911,2017,19,529.45,6.271838731876463,1,WC,0,NoSA,resthotels,4,good,20,0.1,1,1,less50
30911,2018,20,527,6.267200548541362,1,WC,0,NoSA,resthotels,4,good,20,0.1,1,1,less50
30911,2019,21,529.45,6.271838731876463,1,WC,0,NoSA,resthotels,4,good,20,0.1,0.95,1,less50
30951,2001,3,2885.8348214285716,7.967569503263629,0,NoWC,0,NoSA,manufacturing,3,satisfactory,84,0.31,0.179,2,less100
30951,2002,4,2867.0714285714284,7.961046379619559,0,NoWC,0,NoSA,manufacturing,3,satisfactory,84,0.036,0.131,2,less100
30951,2005,7,3166.0454545454545,8.060238597427427,0,NoWC,1,SA,manufacturing,1,unsatisfactory,88,0.034,0.125,2,less100
30951,2008,10,3373.0238095238096,8.123564893893484,0,NoWC,0,NoSA,manufacturing,3,satisfactory,84,0.06,0.131,2,less100
30951,2010,12,3246.7,8.085394374856218,0,NoWC,0,NoSA,manufacturing,3,satisfactory,80,0.05,0.1,2,less100
30951,2016,18,6541.691176470588,8.7859510006971,0,NoWC,0,NoSA,manufacturing,2,sufficient,68,0.235,0.206,2,less100
30951,2018,20,6771.432835820896,8.820467988390236,0,NoWC,0,NoSA,manufacturing,4,good,67,0.418,0.119,2,less100
30951,2019,21,8112.939393939394,9.001215522126733,0,NoWC,1,SA,manufacturing,4,good,66,0.485,0.182,2,less100
30951,2020,22,7703.15625,8.949385426452059,0,NoWC,0,NoSA,manufacturing,4,good,64,0.484,0.203,2,less100
30951,2021,23,8858.529411764706,9.089136049209356,0,NoWC,0,NoSA,manufacturing,5,very good,68,0.5,0.206,2,less100
30976,2012,14,3118.5760869565215,8.04513179424366,0,NoWC,0,NoSA,buservices,4,good,92,0.576,0.12,2,less100
30976,2013,15,2607.0336134453783,7.8659683073852404,0,NoWC,0,NoSA,buservices,4,good,119,0.445,0.101,3,less250
30976,2014,16,2342.8278688524592,7.759113969676914,0,NoWC,0,NoSA,buservices,4,good,122,0.434,0.074,3,less250
30976,2015,17,1752.2689075630253,7.468666745770513,0,NoWC,1,SA,buservices,4,good,119,0.445,0.126,3,less250
30976,2016,18,2034.3445378151262,7.617928951553399,0,NoWC,0,NoSA,buservices,4,good,119,0.454,0.109,3,less250
30976,2017,19,1760.81512605042,7.473532120617437,0,NoWC,0,NoSA,buservices,4,good,119,0.454,0.109,3,less250
30976,2018,20,1892.4476190476191,7.545626306750283,0,NoWC,0,NoSA,buservices,4,good,105,0.533,0.105,3,less250
30976,2019,21,2053.903846153846,7.627497576419931,0,NoWC,0,NoSA,buservices,4,good,104,0.548,0.087,3,less250
30976,2020,22,1510.9417475728155,7.3204884092945175,0,NoWC,0,NoSA,buservices,4,good,103,0.573,0.107,3,less250
30983,2002,4,2306.512195121951,7.743491790268507,1,WC,0,NoSA,manufacturing,4,good,82,0.207,0.39,2,less100
30983,2003,5,2959.5542168674697,7.9927939335667855,1,WC,0,NoSA,manufacturing,4,good,83,0.229,0.349,2,less100
30983,2005,7,2311.230769230769,7.7455354621608326,1,WC,0,NoSA,manufacturing,2,sufficient,78,0.282,0.41,2,less100
30986,2003,5,2838.15,7.95090771044588,1,WC,0,NoSA,buservices,2,sufficient,40,0.9,0.1,1,less50
30986,2004,6,2639.025,7.878164809743788,1,WC,0,NoSA,buservices,1,unsatisfactory,40,0.775,0.15,1,less50
30986,2005,7,2764.3617021276596,7.924565038166584,1,WC,0,NoSA,buservices,4,good,47,0.702,0.085,1,less50
30986,2006,8,2869.6666666666665,7.961951157989845,1,WC,0,NoSA,buservices,4,good,51,0.608,0.078,2,less100
30986,2007,9,1859.5333333333333,7.528080839170218,1,WC,0,NoSA,buservices,4,good,60,0.617,0.15,2,less100
30986,2008,10,1205.5087719298247,7.0946569741852326,1,WC,0,NoSA,buservices,4,good,57,0.509,0.158,2,less100
30992,2000,2,32.111622880144814,3.469218048093169,1,WC,0,NoSA,wholesretail,3,satisfactory,82,0.024,0.22,2,less100
30992,2001,3,36.03360804115854,3.5844520596619205,1,WC,0,NoSA,wholesretail,3,satisfactory,82,0.024,0.268,2,less100
30992,2002,4,43.83098591549296,3.780341008256967,0,NoWC,0,NoSA,wholesretail,3,satisfactory,71,0.028,0.451,2,less100
31025,2011,13,2504.830188679245,7.825976222270789,1,WC,0,NoSA,edu,1,unsatisfactory,106,0.575,0.613,3,less250
31025,2012,14,2924.943396226415,7.981030407761245,1,WC,0,NoSA,edu,5,very good,106,0.594,0.613,3,less250
31025,2014,16,1912.4431818181818,7.556136856406136,1,WC,0,NoSA,edu,4,good,88,0.625,0.523,2,less100
31050,2001,3,1339.397956475584,7.199975505773415,0,NoWC,0,NoSA,finance,4,good,471,0.015,0.456,4,more250
31050,2002,4,1129.032258064516,7.0291161359864045,0,NoWC,0,NoSA,finance,4,good,496,0.016,0.47,4,more250
31050,2004,6,1126.126126126126,7.026538814972104,0,NoWC,0,NoSA,finance,4,good,444,0.032,0.493,4,more250
31074,2017,19,1001.6086956521739,6.909362682069504,1,WC,0,NoSA,construction,3,satisfactory,23,0.087,0.261,1,less50
31074,2018,20,1258.3214285714287,7.137533912232325,1,WC,0,NoSA,construction,4,good,28,0.143,0.286,1,less50
31074,2019,21,1048.5714285714287,6.9551839725532485,1,WC,1,SA,construction,2,sufficient,28,0.143,0.286,1,less50
31074,2021,23,1349.40625,7.207419959870757,1,WC,1,SA,wholesretail,2,sufficient,32,0.062,0.281,1,less50
31090,2013,15,1988.051282051282,7.594910182684257,1,WC,0,NoSA,wholesretail,4,good,39,0.795,0.564,1,less50
31090,2017,19,2153.711111111111,7.674947731317478,1,WC,0,NoSA,wholesretail,4,good,45,0.8,0.489,1,less50
31090,2021,23,2850.5098039215686,7.955253135834804,1,WC,0,NoSA,transcom,4,good,51,0.569,0.549,2,less100
31123,2010,12,1388,7.23561914106675,0,NoWC,0,NoSA,health,2,sufficient,63,0.048,0.095,2,less100
31123,2013,15,1770.122807017544,7.478804205656808,0,NoWC,0,NoSA,health,2,sufficient,57,0.018,0.193,2,less100
31123,2016,18,1987.698113207547,7.594732521162087,0,NoWC,0,NoSA,health,3,satisfactory,53,0.057,0.132,2,less100
31123,2017,19,2803.7045454545455,7.93869687364934,0,NoWC,0,NoSA,health,3,satisfactory,44,0.5,0.136,1,less50
31123,2018,20,2720.2727272727275,7.908487421643285,0,NoWC,0,NoSA,health,3,satisfactory,44,0.5,0.136,1,less50
31123,2019,21,2680.574468085106,7.893786404297516,0,NoWC,0,NoSA,health,4,good,47,0.298,0.149,1,less50
31123,2020,22,2537.586956521739,7.838968891342884,0,NoWC,0,NoSA,health,4,good,46,0.152,0.152,1,less50
31123,2021,23,3069.025641025641,8.029115409431899,0,NoWC,0,NoSA,art,5,very good,39,0.077,0.179,1,less50
31200,2008,10,1067.5208333333333,6.973094260915468,0,NoWC,0,NoSA,buservices,4,good,48,0.021,0.479,1,less50
31200,2009,11,1594.1555555555556,7.374099442766633,0,NoWC,0,NoSA,health,3,satisfactory,45,0.089,0.467,1,less50
31200,2011,13,2864.840909090909,7.960268098493921,0,NoWC,0,NoSA,health,4,good,44,0.023,0.477,1,less50
31200,2012,14,1537.2272727272727,7.337735600354325,0,NoWC,0,NoSA,health,4,good,44,0.091,0.614,1,less50
31200,2013,15,1611.75,7.3850758241907295,0,NoWC,0,NoSA,health,4,good,44,0.091,0.614,1,less50
31200,2014,16,1513.9318181818182,7.322465398757311,0,NoWC,0,NoSA,health,4,good,44,0.159,0.614,1,less50
31200,2015,17,1659.2380952380952,7.41411379721536,0,NoWC,0,NoSA,health,4,good,42,0.095,0.667,1,less50
31200,2017,19,1699.7073170731708,7.43821134879442,0,NoWC,0,NoSA,health,4,good,41,0.024,0.585,1,less50
31200,2018,20,1799.6829268292684,7.495365776606195,0,NoWC,0,NoSA,health,4,good,41,0.293,0.585,1,less50
31200,2019,21,1813.128205128205,7.502808922611138,0,NoWC,0,NoSA,health,5,very good,39,0.128,0.564,1,less50
31243,2006,8,1264.0593220338983,7.142083505594375,0,NoWC,0,NoSA,health,4,good,118,0.008,0.059,3,less250
31243,2007,9,1516.8728813559321,7.32440617976357,0,NoWC,0,NoSA,health,4,good,118,0.008,0.068,3,less250
31243,2008,10,1335.1328671328672,7.196786091824195,0,NoWC,0,NoSA,health,4,good,143,0.021,0.056,3,less250
31243,2010,12,1631.4296875,7.397212018261284,0,NoWC,0,NoSA,health,4,good,128,0.055,0.07,3,less250
31243,2011,13,1320.6796875,7.185901797830022,0,NoWC,0,NoSA,health,5,very good,128,0.039,0.078,3,less250
31243,2012,14,1437.2109375,7.270459665494291,0,NoWC,1,SA,health,5,very good,128,0.039,0.07,3,less250
31243,2013,15,1491.59375,7.307600458164485,0,NoWC,1,SA,health,3,satisfactory,128,0.023,0.078,3,less250
31243,2014,16,1473.1777777777777,7.295177100135784,0,NoWC,1,SA,health,4,good,135,0.052,0.074,3,less250
31243,2016,18,1233.3565891472867,7.1174946658518,0,NoWC,0,NoSA,health,4,good,129,0.085,0.078,3,less250
31243,2018,20,1366.3435114503816,7.219893481028084,0,NoWC,0,NoSA,health,4,good,131,0.023,0.076,3,less250
31252,2018,20,4288.324468085107,8.363651368751025,0,NoWC,0,NoSA,manufacturing,4,good,188,0.516,0.059,3,less250
31252,2019,21,3359.1875,8.119454408238983,0,NoWC,0,NoSA,manufacturing,4,good,192,0.542,0.042,3,less250
31252,2020,22,2085.4644194756556,7.64274685258312,0,NoWC,0,NoSA,manufacturing,4,good,267,0.382,0.075,4,more250
31260,2014,16,1775.361111111111,7.481759124097319,1,WC,0,NoSA,health,4,good,36,0.056,0.028,1,less50
31260,2016,18,1002.1219512195122,6.909874982042921,1,WC,0,NoSA,health,1,unsatisfactory,41,0.098,0.024,1,less50
31260,2017,19,1201.3684210526317,7.091216536947105,1,WC,0,NoSA,health,3,satisfactory,38,0.053,0.079,1,less50
31278,2000,2,1586.049266014235,7.369001464773024,0,NoWC,0,NoSA,manufacturing,4,good,281,0.011,0.562,4,more250
31278,2001,3,1930.6629284274193,7.565618709152864,0,NoWC,0,NoSA,manufacturing,4,good,248,0.016,0.637,3,less250
31278,2002,4,1918.3225806451612,7.559206427248095,0,NoWC,0,NoSA,manufacturing,2,sufficient,248,0.008,0.637,3,less250
31278,2003,5,2032.506726457399,7.617025150866624,0,NoWC,0,NoSA,manufacturing,3,satisfactory,223,0.013,0.552,3,less250
31278,2004,6,2283.10502283105,7.733291647587828,0,NoWC,0,NoSA,manufacturing,3,satisfactory,219,0.014,0.594,3,less250
31278,2005,7,2275.788944723618,7.7300820601571845,0,NoWC,0,NoSA,manufacturing,4,good,199,0.015,0.548,3,less250
31300,1999,1,38.879939951795215,3.660478435141334,1,WC,0,NoSA,manufacturing,3,satisfactory,47,0.021,0.085,1,less50
31300,2000,2,51.143391927083336,3.93463329396553,1,WC,0,NoSA,manufacturing,3,satisfactory,36,0.028,0.111,1,less50
31300,2001,3,76.77899678548177,4.340931123395622,1,WC,0,NoSA,manufacturing,3,satisfactory,24,0.042,0.125,1,less50
31307,2013,15,2856.304347826087,7.957283882146773,0,NoWC,0,NoSA,buservices,2,sufficient,23,0.261,0.261,1,less50
31307,2014,16,3103.681818181818,8.040344369019852,0,NoWC,0,NoSA,buservices,3,satisfactory,22,0.227,0.227,1,less50
31307,2015,17,3481,8.15507488781144,0,NoWC,0,NoSA,buservices,3,satisfactory,25,0.16,0.24,1,less50
31307,2016,18,4129.590909090909,8.325933627560074,0,NoWC,0,NoSA,buservices,3,satisfactory,22,0.227,0.227,1,less50
31307,2017,19,3158.6,8.057884170435955,0,NoWC,0,NoSA,buservices,3,satisfactory,25,0.16,0.28,1,less50
31307,2018,20,3574.25,8.181510642909274,0,NoWC,0,NoSA,buservices,4,good,24,0.083,0.208,1,less50
31307,2019,21,3629.75,8.196919054363796,0,NoWC,0,NoSA,buservices,4,good,24,0.042,0.25,1,less50
31319,2016,18,4629.17880794702,8.44013476805517,0,NoWC,0,NoSA,buservices,5,very good,151,0.457,0.033,3,less250
31319,2017,19,3236.3021582733813,8.082186647822201,0,NoWC,0,NoSA,buservices,4,good,139,0.604,0.043,3,less250
31319,2018,20,3811.891304347826,8.245880750293011,0,NoWC,0,NoSA,buservices,5,very good,138,0.551,0.036,3,less250
31319,2019,21,4453.09375,8.401354358322633,0,NoWC,0,NoSA,buservices,5,very good,128,0.562,0.039,3,less250
31319,2020,22,5105.538461538462,8.538081202321141,0,NoWC,0,NoSA,buservices,4,good,104,0.721,0.048,3,less250
31319,2021,23,406.77570093457945,6.008261930174483,0,NoWC,0,NoSA,buservices,4,good,107,0.617,0.047,3,less250
31332,2004,6,966.1923076923077,6.873362890685496,1,WC,1,SA,buservices,3,satisfactory,26,0.808,0.808,1,less50
31332,2006,8,661.6785714285714,6.4947798963748085,1,WC,0,NoSA,buservices,3,satisfactory,28,0.071,0.821,1,less50
31332,2008,10,942.8,6.848854171061976,1,WC,0,NoSA,buservices,2,sufficient,50,0.06,0.78,1,less50
31332,2009,11,986.66,6.894325501870412,1,WC,1,SA,buservices,5,very good,50,0.22,0.76,1,less50
31357,2009,11,1363.5172413793102,7.217822847148351,1,WC,0,NoSA,manufacturing,3,satisfactory,29,0.241,0.655,1,less50
31357,2010,12,1132.423076923077,7.032114931803569,1,WC,0,NoSA,manufacturing,2,sufficient,26,0.231,0.654,1,less50
31357,2011,13,2013.5384615384614,7.6076488819409365,1,WC,0,NoSA,manufacturing,2,sufficient,26,0.269,0.538,1,less50
31357,2012,14,1323.4375,7.187987797280474,1,WC,0,NoSA,manufacturing,4,good,32,0.219,0.469,1,less50
31357,2013,15,1132.0833333333333,7.031814872072448,1,WC,0,NoSA,manufacturing,2,sufficient,36,0.194,0.611,1,less50
31357,2014,16,1356.060606060606,7.212339162236521,1,WC,0,NoSA,manufacturing,4,good,33,0.364,0.576,1,less50
31357,2016,18,1885.5405405405406,7.541969817682083,1,WC,0,NoSA,manufacturing,3,satisfactory,37,0.324,0.649,1,less50
31357,2017,19,1682.125,7.427813154061705,1,WC,0,NoSA,manufacturing,3,satisfactory,40,0.125,0.65,1,less50
31357,2018,20,1704.625,7.441100424177998,1,WC,0,NoSA,manufacturing,3,satisfactory,32,0.281,0.469,1,less50
31357,2019,21,1857.1724137931035,7.52681040238108,1,WC,0,NoSA,manufacturing,3,satisfactory,29,0.379,0.586,1,less50
31357,2020,22,1470.0666666666666,7.293063030218358,1,WC,0,NoSA,manufacturing,4,good,30,0.233,0.6,1,less50
31357,2021,23,1566.46875,7.356579161262527,1,WC,0,NoSA,manufacturing,4,good,32,0.219,0.156,1,less50
31400,2001,3,1072.1222222222223,6.977395348398727,0,NoWC,0,NoSA,edu,4,good,270,0.026,0.596,4,more250
31400,2002,4,1469.2703703703703,7.292521209865167,0,NoWC,0,NoSA,edu,4,good,270,0.03,0.7,4,more250
31400,2003,5,1219.2037037037037,7.105953222742485,0,NoWC,0,NoSA,edu,2,sufficient,270,0.03,0.585,4,more250
31400,2004,6,1596.7043795620439,7.375697021225369,0,NoWC,0,NoSA,edu,4,good,274,0.197,0.536,4,more250
31400,2005,7,1616.0369003690037,7.3877320732071,0,NoWC,0,NoSA,edu,2,sufficient,271,0.24,0.697,4,more250
31419,2010,12,2099.5862068965516,7.649495559960753,1,WC,0,NoSA,manufacturing,2,sufficient,29,0.034,0.759,1,less50
31419,2011,13,2495.3928571428573,7.8222014535631335,1,WC,0,NoSA,manufacturing,4,good,28,0.286,0.786,1,less50
31419,2012,14,2785.5333333333333,7.9321946361217535,1,WC,0,NoSA,manufacturing,2,sufficient,30,0.133,0.8,1,less50
31424,2000,2,2205.903590425532,7.698892495515515,1,WC,0,NoSA,manufacturing,4,good,94,0.926,0.223,2,less100
31424,2002,4,3477.8289473684213,8.15416351238461,1,WC,1,SA,manufacturing,3,satisfactory,76,0.908,0.211,2,less100
31424,2004,6,1917.6543209876543,7.558858010309514,1,WC,1,SA,manufacturing,2,sufficient,81,0.84,0.173,2,less100
31428,1998,0,850.7352329450915,6.746100955540203,0,NoWC,0,NoSA,manufacturing,2,sufficient,1202,0.019,0.136,4,more250
31428,1999,1,612.5413583509513,6.417616463977538,0,NoWC,0,NoSA,manufacturing,2,sufficient,1419,0.017,0.156,4,more250
31428,2000,2,539.5010775862069,6.290644782075633,0,NoWC,0,NoSA,manufacturing,2,sufficient,1160,0.021,0.182,4,more250
31428,2001,3,556.3107914462081,6.321327115502135,0,NoWC,0,NoSA,manufacturing,2,sufficient,1134,0.025,0.17,4,more250
31457,2016,18,813.6164383561644,6.701489048999472,0,NoWC,1,SA,transcom,4,good,73,0.205,0.37,2,less100
31457,2017,19,1486.4383561643835,7.304138172465862,0,NoWC,0,NoSA,transcom,4,good,73,0.356,0.37,2,less100
31457,2018,20,1891.835616438356,7.545302862347993,0,NoWC,0,NoSA,transcom,4,good,73,0.027,0.26,2,less100
31457,2019,21,2200.5538461538463,7.696464355914882,0,NoWC,1,SA,transcom,4,good,65,0.092,0.277,2,less100
31495,2013,15,1876.5217391304348,7.537175203442922,1,WC,0,NoSA,manufacturing,4,good,23,0.13,0.652,1,less50
31495,2014,16,1960,7.580699752224563,1,WC,0,NoSA,manufacturing,3,satisfactory,24,0.125,0.667,1,less50
31495,2015,17,1807.5454545454545,7.499725101459711,1,WC,0,NoSA,manufacturing,5,very good,22,0.091,0.591,1,less50
31495,2016,18,2424.7272727272725,7.793474332192204,1,WC,0,NoSA,manufacturing,3,satisfactory,22,0.091,0.591,1,less50
31495,2017,19,2424.730769230769,7.793475774210453,1,WC,0,NoSA,manufacturing,4,good,26,0.077,0.538,1,less50
31495,2018,20,2424.730769230769,7.793475774210453,1,WC,0,NoSA,manufacturing,4,good,26,0.115,0.538,1,less50
31495,2019,21,1939.8,7.570340153959442,1,WC,0,NoSA,manufacturing,3,satisfactory,25,0.16,0.64,1,less50
31495,2020,22,1745.8,7.4649681823012495,1,WC,0,NoSA,manufacturing,3,satisfactory,25,0.24,0.6,1,less50
31516,1998,0,978.259162808642,6.885774627577341,0,NoWC,1,SA,wholesretail,2,sufficient,81,0.012,0.901,2,less100
31516,1999,1,465.5381651182432,6.143194080720988,0,NoWC,1,SA,wholesretail,3,satisfactory,74,0.014,0.878,2,less100
31516,2002,4,752.3076923076923,6.6231454055673264,0,NoWC,0,NoSA,manufacturing,1,unsatisfactory,78,0.026,0.872,2,less100
31547,2016,18,1378.5636363636363,7.228797392883034,1,WC,0,NoSA,manufacturing,3,satisfactory,55,0.782,0.036,2,less100
31547,2017,19,1285.1016949152543,7.158593134209785,1,WC,0,NoSA,manufacturing,3,satisfactory,59,0.78,0.119,2,less100
31547,2018,20,1606.3898305084747,7.381744598867607,1,WC,0,NoSA,manufacturing,3,satisfactory,59,0.847,0.119,2,less100
31547,2019,21,1242.967213114754,7.125256713942194,1,WC,0,NoSA,manufacturing,3,satisfactory,61,0.82,0.098,2,less100
31559,2002,4,2272.85,7.72878982959402,1,WC,0,NoSA,resthotels,4,good,20,0.15,0.55,1,less50
31559,2006,8,2008.0454545454545,7.604917117281237,1,WC,0,NoSA,resthotels,4,good,22,0.182,0.5,1,less50
31559,2007,9,1450.1304347826087,7.279408786391398,1,WC,0,NoSA,resthotels,3,satisfactory,23,0.13,0.522,1,less50
31566,2016,18,1013.9459459459459,6.921604874984605,1,WC,0,NoSA,wholesretail,3,satisfactory,37,0.27,0.838,1,less50
31566,2017,19,1172.361111111111,7.06677503796171,1,WC,0,NoSA,wholesretail,4,good,36,0.278,0.833,1,less50
31566,2018,20,1120.25,7.021307153666252,1,WC,0,NoSA,wholesretail,4,good,36,0.25,0.806,1,less50
31566,2019,21,1013.9459459459459,6.921604874984605,1,WC,0,NoSA,wholesretail,4,good,37,0.162,0.73,1,less50
31587,1998,0,653.4081469648562,6.482201967661102,0,NoWC,0,NoSA,transcom,4,good,1565,0.047,0.302,4,more250
31587,2000,2,539.5010775862069,6.290644782075633,0,NoWC,0,NoSA,finance,4,good,1160,0.067,0.287,4,more250
31587,2001,3,584.6676899907321,6.3710436345316985,0,NoWC,0,NoSA,finance,4,good,1079,0.07,0.244,4,more250
31587,2002,4,606.060606060606,6.406979991069647,0,NoWC,0,NoSA,finance,4,good,924,0.152,0.262,4,more250
31587,2003,5,623.4511691884456,6.435270444793224,0,NoWC,0,NoSA,finance,2,sufficient,727,0.136,0.318,4,more250
31587,2004,6,562.429696287964,6.3322661418904245,0,NoWC,0,NoSA,finance,3,satisfactory,889,0.161,0.367,4,more250
31589,2000,2,2744.103515625,7.917209712487365,1,WC,0,NoSA,manufacturing,4,good,20,0.05,0.2,1,less50
31589,2001,3,2144.768372252747,7.670786840567567,1,WC,0,NoSA,manufacturing,4,good,91,0.044,0.473,2,less100
31589,2002,4,2329.7419354838707,7.753512783122644,1,WC,0,NoSA,manufacturing,3,satisfactory,93,0.022,0.473,2,less100
31589,2003,5,2140.574468085106,7.668829515021937,1,WC,0,NoSA,manufacturing,4,good,94,0.021,0.649,2,less100
31589,2004,6,2356.1603773584907,7.764788614338602,1,WC,0,NoSA,manufacturing,3,satisfactory,106,0.019,0.585,3,less250
31589,2005,7,2312.4538461538464,7.74606451076745,1,WC,0,NoSA,manufacturing,4,good,130,0.015,0.569,3,less250
31589,2006,8,2433.8055555555557,7.797211383567346,1,WC,0,NoSA,manufacturing,4,good,36,0.111,0.583,1,less50
31589,2007,9,2751.2,7.919792459118057,1,WC,0,NoSA,manufacturing,3,satisfactory,30,0.1,0.567,1,less50
31589,2008,10,2795.7096774193546,7.935841262990858,1,WC,0,NoSA,manufacturing,3,satisfactory,31,0.161,0.645,1,less50
31589,2009,11,2647,7.881182202227102,1,WC,0,NoSA,wholesretail,3,satisfactory,32,0.156,0.781,1,less50
31589,2010,12,2714.8,7.906473564829604,1,WC,0,NoSA,wholesretail,3,satisfactory,35,0.057,0.686,1,less50
31603,2015,17,2552.6875,7.844902004735669,1,WC,1,SA,wholesretail,3,satisfactory,32,0.156,0.188,1,less50
31603,2016,18,2750.3636363636365,7.919488413323774,1,WC,1,SA,wholesretail,3,satisfactory,33,0.152,0.182,1,less50
31603,2017,19,2404.025641025641,7.78489996158226,1,WC,1,SA,wholesretail,3,satisfactory,39,0.128,0.256,1,less50
31603,2018,20,2280.121951219512,7.731984207895067,1,WC,1,SA,wholesretail,2,sufficient,41,0.122,0.171,1,less50
31603,2019,21,2319.488888888889,7.749102133875901,1,WC,1,SA,wholesretail,3,satisfactory,45,0.111,0.2,1,less50
31607,2006,8,3266.328244274809,8.091421771932454,0,NoWC,0,NoSA,buservices,3,satisfactory,131,0.282,0.153,3,less250
31607,2007,9,2815.0208333333335,7.942724941375298,0,NoWC,0,NoSA,buservices,3,satisfactory,144,0.278,0.194,3,less250
31607,2008,10,2427.396103896104,7.794574399618696,0,NoWC,0,NoSA,buservices,4,good,154,0.364,0.247,3,less250
31607,2015,17,3411.231441048035,8.134828631494164,0,NoWC,1,SA,buservices,4,good,229,0.118,0.223,3,less250
31607,2016,18,2799.7842323651453,7.93729763332444,0,NoWC,1,SA,buservices,4,good,241,0.095,0.311,3,less250
31607,2017,19,3008.1721311475408,8.009087907883119,0,NoWC,0,NoSA,buservices,3,satisfactory,244,0.127,0.311,3,less250
31607,2019,21,2473.638376383764,7.813445372658172,0,NoWC,1,SA,buservices,3,satisfactory,271,0.173,0.277,4,more250
31607,2020,22,2637.5154639175257,7.877592640863826,0,NoWC,1,SA,buservices,3,satisfactory,291,0.096,0.258,4,more250
31607,2021,23,3256.887043189369,8.088527123431156,0,NoWC,1,SA,buservices,3,satisfactory,301,0.435,0.252,4,more250
31631,1999,1,2371.658125,7.771344620303328,0,NoWC,0,NoSA,manufacturing,2,sufficient,50,0.08,0.12,1,less50
31631,2000,2,2174.1133578431372,7.684376208843923,0,NoWC,0,NoSA,manufacturing,2,sufficient,51,0.078,0.059,2,less100
31631,2001,3,2434.231473214286,7.797386368949462,0,NoWC,1,SA,manufacturing,1,unsatisfactory,35,0.114,0.143,1,less50
31648,2019,21,2789.7651515151515,7.933712696188315,0,NoWC,0,NoSA,health,3,satisfactory,132,0.182,0.038,3,less250
31648,2020,22,3047.576,8.022101799518627,0,NoWC,0,NoSA,buservices,4,good,125,0.376,0.064,3,less250
31648,2021,23,2589.969696969697,7.859401454613438,0,NoWC,0,NoSA,buservices,3,satisfactory,132,0.295,0.061,3,less250
31654,2001,3,1844.609466374269,7.520022862727227,0,NoWC,0,NoSA,wholesretail,5,very good,342,0.006,0.553,4,more250
31654,2002,4,1707.3170731707316,7.442678454327188,0,NoWC,0,NoSA,wholesretail,2,sufficient,328,0.04,0.561,4,more250
31654,2004,6,1845.018450184502,7.520244556524628,0,NoWC,0,NoSA,wholesretail,3,satisfactory,271,0.048,0.568,4,more250
31654,2005,7,1924.5783582089553,7.562462188033636,0,NoWC,0,NoSA,wholesretail,2,sufficient,268,0.049,0.575,4,more250
31654,2006,8,1877.8625954198474,7.537889491713348,0,NoWC,0,NoSA,wholesretail,4,good,262,0.05,0.569,4,more250
31654,2007,9,1577.2879377431907,7.3634621560560785,0,NoWC,0,NoSA,wholesretail,3,satisfactory,257,0.047,0.549,4,more250
31654,2008,10,1465.956862745098,7.290263456873899,0,NoWC,0,NoSA,wholesretail,1,unsatisfactory,255,0.059,0.576,4,more250
31674,2015,17,850.125,6.745383397495803,1,WC,0,NoSA,edu,4,good,48,0.021,0.833,1,less50
31674,2016,18,1236.5272727272727,7.120062143109071,1,WC,0,NoSA,edu,3,satisfactory,55,0.018,0.873,2,less100
31674,2017,19,1619.267857142857,7.389729386035478,1,WC,0,NoSA,edu,3,satisfactory,56,0.018,0.911,2,less100
31674,2021,23,1250.75,7.131498650368314,1,WC,0,NoSA,art,3,satisfactory,116,0.06,0.853,3,less250
31680,2006,8,4641.509433962264,8.442794901362378,1,WC,0,NoSA,public,3,satisfactory,106,0.019,0.396,3,less250
31680,2008,10,3398.3545454545456,8.13104663623991,1,WC,0,NoSA,public,1,unsatisfactory,110,0.036,0.482,3,less250
31680,2009,11,3285.714285714286,8.097339345855973,1,WC,0,NoSA,public,3,satisfactory,105,0.038,0.562,3,less250
31692,2004,6,2421.243902439024,7.792036696365541,0,NoWC,0,NoSA,manufacturing,2,sufficient,123,0.024,0.756,3,less250
31692,2005,7,2909.435185185185,7.975714246888694,0,NoWC,0,NoSA,manufacturing,2,sufficient,108,0.046,0.722,3,less250
31692,2006,8,2578.8055555555557,7.855081607752259,0,NoWC,0,NoSA,manufacturing,3,satisfactory,108,0.009,0.796,3,less250
31700,2015,17,507.24242424242425,6.2289890436361395,1,WC,0,NoSA,construction,4,good,33,0.121,0.121,1,less50
31700,2016,18,458.2162162162162,6.127341160524127,1,WC,0,NoSA,construction,3,satisfactory,37,0.108,0.081,1,less50
31700,2017,19,351.7317073170732,5.862868689857763,1,WC,0,NoSA,construction,4,good,41,0.098,0.073,1,less50
31700,2018,20,315.6170212765957,5.754529520586445,1,WC,0,NoSA,construction,3,satisfactory,47,0.17,0.085,1,less50
31700,2019,21,360.6530612244898,5.887916446989326,1,WC,0,NoSA,construction,2,sufficient,49,0.245,0.102,1,less50
31700,2020,22,314.2244897959184,5.750107666119292,1,WC,0,NoSA,construction,2,sufficient,49,0.245,0.102,1,less50
31700,2021,23,421.32608695652175,6.043407087211652,1,WC,0,NoSA,construction,3,satisfactory,46,0.283,0.087,1,less50
31719,2007,9,897.3401360544218,6.799434983109105,1,WC,0,NoSA,health,4,good,147,0.048,0.218,3,less250
31719,2008,10,1166.6748466257668,7.06191297017833,1,WC,0,NoSA,health,4,good,163,0.043,0.123,3,less250
31719,2010,12,1092.8070175438597,6.996504910413641,1,WC,0,NoSA,health,4,good,171,0.041,0.216,3,less250
31719,2011,13,996.5604395604396,6.904309789655487,1,WC,0,NoSA,health,4,good,182,0.066,0.209,3,less250
31719,2012,14,1118.078125,7.0193665305222614,1,WC,0,NoSA,health,4,good,192,0.089,0.193,3,less250
31736,2015,17,1682.8253968253969,7.428229443607116,1,WC,0,NoSA,public,4,good,63,0.016,0.19,2,less100
31736,2016,18,1850.8305084745762,7.5233897408361345,1,WC,0,NoSA,public,4,good,59,0.034,0.22,2,less100
31736,2017,19,1886.7627118644068,7.542617788582009,1,WC,0,NoSA,public,4,good,59,0.051,0.22,2,less100
31736,2018,20,1952.9649122807018,7.577103964653179,1,WC,0,NoSA,public,4,good,57,0.053,0.193,2,less100
31736,2019,21,2120.3636363636365,7.659342879543676,1,WC,0,NoSA,public,4,good,55,0.073,0.2,2,less100
31736,2020,22,2344.6346153846152,7.759884854405146,1,WC,0,NoSA,public,4,good,52,0.077,0.173,2,less100
31736,2021,23,2216.7454545454543,7.703795387754103,1,WC,0,NoSA,public,4,good,55,0.055,0.145,2,less100
31757,2004,6,2577.319587628866,7.854505218341001,0,NoWC,0,NoSA,buservices,4,good,194,0.021,0.799,3,less250
31757,2005,7,2578.935,7.855131801996455,0,NoWC,0,NoSA,buservices,3,satisfactory,200,0.04,0.855,3,less250
31757,2007,9,2370.5438596491226,7.770874684448638,0,NoWC,0,NoSA,buservices,5,very good,171,0.041,0.772,3,less250
31757,2008,10,2293.3680981595094,7.737776801225563,0,NoWC,0,NoSA,buservices,2,sufficient,163,0.11,0.761,3,less250
31757,2009,11,2116.564417177914,7.657549495206735,0,NoWC,0,NoSA,buservices,3,satisfactory,163,0.11,0.761,3,less250
31794,2017,19,1468.875,7.292252080654105,0,NoWC,1,SA,manufacturing,4,good,72,0.083,0.389,2,less100
31794,2018,20,1566.8024691358025,7.356792177700444,0,NoWC,1,SA,manufacturing,5,very good,81,0.037,0.383,2,less100
31794,2019,21,2094.814814814815,7.647220434566125,0,NoWC,0,NoSA,manufacturing,4,good,81,0.074,0.395,2,less100
31828,2013,15,1306.1224489795918,7.174818064231182,0,NoWC,0,NoSA,buservices,1,unsatisfactory,245,0.004,0.388,3,less250
31828,2014,16,1289.795918367347,7.162239282024323,0,NoWC,0,NoSA,buservices,1,unsatisfactory,245,0.008,0.371,3,less250
31828,2015,17,1368.5627530364372,7.221516382772075,0,NoWC,0,NoSA,buservices,3,satisfactory,247,0.008,0.368,3,less250
31835,1998,0,1190.986607142857,7.082537324239897,0,NoWC,1,SA,edu,3,satisfactory,147,0.17,0.259,3,less250
31835,2000,2,1609.4424957482993,7.38364312207842,0,NoWC,0,NoSA,edu,3,satisfactory,147,0.027,0.245,3,less250
31835,2001,3,1804.9954241071428,7.498313335643071,0,NoWC,0,NoSA,edu,4,good,140,0.2,0.264,3,less250
31835,2002,4,2334.68992248062,7.755634365773381,0,NoWC,0,NoSA,edu,1,unsatisfactory,129,0.194,0.256,3,less250
31846,2013,15,6274.509803921569,8.744250642051584,0,NoWC,0,NoSA,edu,2,sufficient,51,0.314,0.647,2,less100
31846,2014,16,5642.857142857143,8.6381458018339,0,NoWC,0,NoSA,edu,2,sufficient,56,0.25,0.696,2,less100
31846,2015,17,5799.25,8.665483877828379,0,NoWC,0,NoSA,edu,2,sufficient,64,0.234,0.781,2,less100
31846,2016,18,6236.703125,8.738206976387321,0,NoWC,0,NoSA,edu,2,sufficient,64,0.234,0.609,2,less100
31846,2017,19,7462.09375,8.917591317358037,0,NoWC,0,NoSA,edu,2,sufficient,64,0.188,0.875,2,less100
31846,2018,20,9120.328125,9.118261061039583,0,NoWC,0,NoSA,edu,2,sufficient,64,0.062,0.844,2,less100
31855,2012,14,1256.0316455696202,7.135712542227956,0,NoWC,0,NoSA,health,4,good,158,0.241,0.089,3,less250
31855,2013,15,1648.3892617449665,7.407553885093145,0,NoWC,0,NoSA,health,3,satisfactory,149,0.128,0.114,3,less250
31855,2016,18,1192.2815533980583,7.0836240222490225,0,NoWC,0,NoSA,health,1,unsatisfactory,206,0.019,0.083,3,less250
31858,2004,6,4698.409090909091,8.454979239101101,1,WC,0,NoSA,wholesretail,3,satisfactory,88,0.33,0.568,2,less100
31858,2005,7,3875.1203703703704,8.262332004626378,1,WC,0,NoSA,wholesretail,3,satisfactory,108,0.259,0.639,3,less250
31858,2006,8,3375.473214285714,8.12429080511811,1,WC,0,NoSA,wholesretail,4,good,112,0.018,0.607,3,less250
31858,2007,9,4200.244680851064,8.342898059920058,0,NoWC,1,SA,wholesretail,4,good,94,0.021,0.638,2,less100
31858,2008,10,3853.8041237113403,8.256816023528943,0,NoWC,1,SA,wholesretail,4,good,97,0.165,0.495,2,less100
31867,2007,9,5566.5,8.624521769168762,1,WC,0,NoSA,finance,3,satisfactory,42,0.024,0.119,1,less50
31867,2008,10,6552.119047619048,8.787543795028865,1,WC,0,NoSA,finance,3,satisfactory,42,0.024,0.143,1,less50
31867,2009,11,5751.754716981132,8.657260255407692,1,WC,0,NoSA,finance,3,satisfactory,53,0.019,0.34,2,less100
31886,2011,13,232.66666666666666,5.449606814094262,1,WC,0,NoSA,wholesretail,4,good,24,0.125,0.042,1,less50
31886,2012,14,186.125,5.226418491004173,1,WC,0,NoSA,wholesretail,5,very good,24,0.083,0.333,1,less50
31886,2014,16,357.96153846153845,5.880425546164228,1,WC,0,NoSA,wholesretail,4,good,26,0.038,0.231,1,less50
31886,2016,18,332.39285714285717,5.806317574010507,1,WC,0,NoSA,wholesretail,4,good,28,0.036,0.393,1,less50
31892,2010,12,2143.074074074074,7.669996560473062,1,WC,0,NoSA,manufacturing,2,sufficient,27,0.259,0.926,1,less50
31892,2011,13,1964.4814814814815,7.5829836123730106,1,WC,0,NoSA,manufacturing,3,satisfactory,27,0.259,0.926,1,less50
31892,2012,14,2143.074074074074,7.669996560473062,1,WC,0,NoSA,manufacturing,4,good,27,0.259,0.926,1,less50
31892,2014,16,2755.3928571428573,7.9213153092949,1,WC,0,NoSA,manufacturing,4,good,28,0.25,0.893,1,less50
31892,2015,17,2755.3928571428573,7.9213153092949,1,WC,0,NoSA,manufacturing,4,good,28,0.25,0.929,1,less50
31892,2016,18,3171.346153846154,8.061911430941388,1,WC,0,NoSA,manufacturing,2,sufficient,26,0.308,0.885,1,less50
31892,2017,19,3746.269230769231,8.228515751956165,1,WC,0,NoSA,manufacturing,2,sufficient,26,0.269,0.808,1,less50
31892,2018,20,4451,8.400884069015854,1,WC,0,NoSA,manufacturing,4,good,26,0.269,0.808,1,less50
31892,2019,21,4667.6,8.448400299931953,1,WC,0,NoSA,manufacturing,4,good,25,0.2,0.88,1,less50
31892,2020,22,4821.92,8.480927467977194,1,WC,0,NoSA,manufacturing,4,good,25,0.04,0.84,1,less50
31917,2012,14,1127.925,7.028134940485787,0,NoWC,0,NoSA,manufacturing,4,good,80,0.425,0.325,2,less100
31917,2013,15,1114,7.01571242048723,0,NoWC,0,NoSA,manufacturing,3,satisfactory,81,0.383,0.198,2,less100
31917,2016,18,1822.909090909091,7.5081889055850235,0,NoWC,0,NoSA,manufacturing,4,good,99,0.091,0.273,2,less100
31941,2004,6,1876.2894736842106,7.5370514213322055,1,WC,0,NoSA,manufacturing,3,satisfactory,38,0.553,0.184,1,less50
31941,2005,7,2001.3684210526317,7.601586436103091,1,WC,0,NoSA,manufacturing,2,sufficient,38,0.553,0.184,1,less50
31941,2006,8,1882.5135135135135,7.540363138141518,0,NoWC,0,NoSA,manufacturing,1,unsatisfactory,37,0.514,0.189,1,less50
31989,2009,11,515.75,6.245622151951361,1,WC,0,NoSA,manufacturing,4,good,20,0.05,0.5,1,less50
31989,2010,12,374.8,5.926392550364267,0,NoWC,0,NoSA,manufacturing,1,unsatisfactory,20,0.1,0.6,1,less50
31989,2011,13,702.0434782608696,6.553995336952472,0,NoWC,0,NoSA,manufacturing,2,sufficient,23,0.13,0.609,1,less50
31989,2012,14,930.6086956521739,6.835838883502046,1,WC,0,NoSA,manufacturing,2,sufficient,23,0.087,0.435,1,less50
32010,2005,7,1434.6851851851852,7.268700720979506,1,WC,0,NoSA,buservices,5,very good,54,0.074,0.5,2,less100
32010,2006,8,1444.8703703703704,7.275774887436183,1,WC,0,NoSA,buservices,3,satisfactory,54,0.037,0.648,2,less100
32010,2007,9,1363.462962962963,7.2177830387065685,1,WC,0,NoSA,buservices,3,satisfactory,54,0.037,0.722,2,less100
32029,2009,11,761.5333333333333,6.635333944631737,1,WC,0,NoSA,buservices,3,satisfactory,30,0.033,0.5,1,less50
32029,2010,12,874.0645161290323,6.773154190012462,1,WC,0,NoSA,buservices,2,sufficient,31,0.032,0.677,1,less50
32029,2011,13,974.7666666666667,6.88219812611783,1,WC,0,NoSA,buservices,2,sufficient,30,0.033,0.5,1,less50
32029,2012,14,780.1219512195122,6.65945025517993,1,WC,0,NoSA,buservices,1,unsatisfactory,41,0.122,0.561,1,less50
32029,2013,15,710.7777777777778,6.5663598321139185,1,WC,0,NoSA,buservices,2,sufficient,45,0.089,0.267,1,less50
32029,2014,16,670.1555555555556,6.507509857908133,1,WC,0,NoSA,buservices,2,sufficient,45,0.111,0.689,1,less50
32043,2019,21,2863.9615384615386,7.95996109868224,1,WC,0,NoSA,construction,3,satisfactory,26,0.462,0.5,1,less50
32043,2020,22,3364.6296296296296,8.121073170532211,1,WC,0,NoSA,construction,3,satisfactory,27,0.407,0.481,1,less50
32043,2021,23,2482.0833333333335,7.816853540274788,1,WC,0,NoSA,construction,2,sufficient,24,0.458,0.5,1,less50
32051,2009,11,1485.2,7.303304722302925,1,WC,0,NoSA,edu,3,satisfactory,25,0.08,0.68,1,less50
32051,2010,12,1614.3478260869565,7.386686331241976,1,WC,0,NoSA,edu,3,satisfactory,23,0.087,0.739,1,less50
32051,2011,13,1383.7391304347825,7.232544628840979,1,WC,0,NoSA,edu,3,satisfactory,23,0.348,0.739,1,less50
32051,2012,14,1768.125,7.477674942055832,1,WC,0,NoSA,edu,1,unsatisfactory,24,0.5,0.708,1,less50
32066,1998,0,660.8639952956989,6.493548062698719,1,WC,0,NoSA,mining,3,satisfactory,93,0.151,0.215,2,less100
32066,1999,1,732.55625,6.596540129751756,1,WC,0,NoSA,mining,4,good,90,0.244,0.244,2,less100
32066,2000,2,1527.6285511363637,7.331471845368089,1,WC,0,NoSA,mining,3,satisfactory,55,0.382,0.109,2,less100
32066,2002,4,1283.5272727272727,7.157367248801668,1,WC,0,NoSA,mining,3,satisfactory,55,0.255,0.2,2,less100
32070,2010,12,2427.4392523364486,7.7945921750681935,0,NoWC,0,NoSA,edu,2,sufficient,107,0.907,0,3,less250
32070,2011,13,1923.9197080291972,7.5621198985613,0,NoWC,0,NoSA,edu,3,satisfactory,137,0.745,0.015,3,less250
32070,2012,14,2475.8709677419356,7.814347519256699,0,NoWC,0,NoSA,edu,4,good,124,0.621,0.065,3,less250
32070,2013,15,2064.516129032258,7.632651157856663,0,NoWC,0,NoSA,edu,4,good,155,0.755,0.045,3,less250
32070,2016,18,1396.1969696969697,7.241507369140714,0,NoWC,0,NoSA,edu,4,good,132,0.72,0.023,3,less250
32070,2017,19,1766.2170542635658,7.476595280895436,0,NoWC,0,NoSA,edu,4,good,129,0.736,0.016,3,less250
32070,2018,20,1669.811188811189,7.420465838426868,0,NoWC,0,NoSA,edu,4,good,143,0.72,0.014,3,less250
32070,2019,21,1595.2827586206897,7.374806277639127,0,NoWC,0,NoSA,edu,5,very good,145,0.648,0,3,less250
32076,2000,2,791.9327008928572,6.674476414583833,0,NoWC,0,NoSA,buservices,4,good,35,0.029,0.171,1,less50
32076,2001,3,1853.1847098214287,7.52466090281853,0,NoWC,0,NoSA,buservices,5,very good,35,0.114,0.171,1,less50
32076,2002,4,994.0175438596491,6.901754856259017,0,NoWC,0,NoSA,buservices,4,good,57,0.053,0.123,2,less100
32076,2003,5,1080.4363636363637,6.985120278919961,0,NoWC,0,NoSA,buservices,3,satisfactory,55,0.055,0.127,2,less100
32076,2004,6,1023.2222222222222,6.930711968385148,0,NoWC,0,NoSA,buservices,2,sufficient,54,0.056,0.13,2,less100
32076,2006,8,1273.0204081632653,7.149147629978994,0,NoWC,0,NoSA,buservices,4,good,49,0.082,0.143,1,less50
32076,2007,9,1826.804347826087,7.51032346133105,0,NoWC,0,NoSA,buservices,5,very good,46,0.065,0.174,1,less50
32076,2010,12,2537.0555555555557,7.838759457489421,0,NoWC,0,NoSA,buservices,1,unsatisfactory,36,0.111,0.167,1,less50
32076,2011,13,2226.972222222222,7.70839819399692,0,NoWC,0,NoSA,buservices,3,satisfactory,36,0.083,0.167,1,less50
32076,2012,14,2519.4166666666665,7.831782672228014,0,NoWC,0,NoSA,buservices,4,good,36,0.083,0.167,1,less50
32087,2011,13,986.0645161290323,6.893721784641589,1,WC,0,NoSA,transcom,4,good,31,0.581,0.161,1,less50
32087,2012,14,1300.0344827586207,7.170146068296781,1,WC,0,NoSA,transcom,4,good,29,0.069,0.138,1,less50
32087,2013,15,1698.2333333333333,7.437343773999013,1,WC,0,NoSA,transcom,4,good,30,0.167,0.067,1,less50
32108,2012,14,3632.967032967033,8.197804957852211,0,NoWC,0,NoSA,transcom,3,satisfactory,91,0.066,0.066,2,less100
32108,2013,15,3595.505617977528,8.18743990504377,0,NoWC,0,NoSA,transcom,3,satisfactory,89,0.787,0.011,2,less100
32108,2014,16,4388.888888888889,8.386831373552994,0,NoWC,0,NoSA,transcom,3,satisfactory,72,0.014,0.056,2,less100
32108,2016,18,10365.87341772152,9.246274287380622,0,NoWC,0,NoSA,transcom,4,good,79,0.051,0.025,2,less100
32123,2016,18,2347.326923076923,7.761032480175618,1,WC,0,NoSA,health,3,satisfactory,52,0.115,0.231,2,less100
32123,2017,19,3310.1186440677966,8.104739311857967,1,WC,0,NoSA,health,4,good,59,0.034,0.22,2,less100
32123,2018,20,2830.391304347826,7.9481702511664265,1,WC,0,NoSA,health,4,good,69,0.101,0.246,2,less100
32123,2019,21,1529.433734939759,7.332652837997145,1,WC,0,NoSA,health,4,good,83,0.181,0.253,2,less100
32123,2020,22,1794.0116279069769,7.492209524151235,1,WC,0,NoSA,buservices,3,satisfactory,86,0.174,0.314,2,less100
32123,2021,23,2742.9438202247193,7.9167870095848505,0,NoWC,0,NoSA,buservices,3,satisfactory,89,0.169,0.315,2,less100
32148,2001,3,2627.2899756493507,7.8737081664066535,0,NoWC,0,NoSA,health,3,satisfactory,77,0.039,0.805,2,less100
32148,2003,5,2366.688311688312,7.769246920103268,0,NoWC,0,NoSA,health,3,satisfactory,77,0.039,0.688,2,less100
32148,2004,6,2036.1444444444444,7.618813320362391,0,NoWC,0,NoSA,health,3,satisfactory,90,0.033,0.9,2,less100
32148,2005,7,1740.0291262135922,7.46165713127169,0,NoWC,0,NoSA,health,4,good,103,0.029,0.932,3,less250
32194,1999,1,495.32823350694446,6.205220640810182,1,WC,0,NoSA,manufacturing,1,unsatisfactory,36,0.083,0.333,1,less50
32194,2000,2,701.6578584558823,6.553445904100053,1,WC,0,NoSA,wholesretail,4,good,34,0.059,0.235,1,less50
32194,2002,4,996.4571428571429,6.904206131058292,1,WC,0,NoSA,wholesretail,3,satisfactory,35,0.057,0.286,1,less50
32194,2003,5,1114,7.01571242048723,0,NoWC,0,NoSA,wholesretail,1,unsatisfactory,33,0.061,0.303,1,less50
32194,2009,11,1511.030303030303,7.320547017022206,1,WC,0,NoSA,wholesretail,4,good,33,0.03,0.364,1,less50
32194,2010,12,1628.1515151515152,7.395200610506789,1,WC,0,NoSA,wholesretail,4,good,33,0.03,0.242,1,less50
32194,2011,13,1708.46875,7.443352780489617,1,WC,0,NoSA,wholesretail,4,good,32,0.031,0.312,1,less50
32194,2013,15,1828.090909090909,7.511027482227697,1,WC,0,NoSA,wholesretail,3,satisfactory,33,0.061,0.303,1,less50
32194,2014,16,1856.6363636363637,7.526521722918788,1,WC,0,NoSA,wholesretail,5,very good,33,0.091,0.242,1,less50
32194,2015,17,1942.3333333333333,7.571645278474964,1,WC,0,NoSA,wholesretail,5,very good,33,0.03,0.303,1,less50
32194,2016,18,1996.1176470588234,7.598959396546669,1,WC,0,NoSA,wholesretail,3,satisfactory,34,0.059,0.206,1,less50
32194,2017,19,1834.2702702702702,7.514402008518606,1,WC,0,NoSA,wholesretail,5,very good,37,0.054,0.297,1,less50
32194,2018,20,1810.7894736842106,7.50151820247014,1,WC,0,NoSA,wholesretail,5,very good,38,0.079,0.368,1,less50
32194,2019,21,1648.4651162790697,7.407599901401673,1,WC,0,NoSA,wholesretail,1,unsatisfactory,43,0.116,0.279,1,less50
32194,2020,22,1909.3846153846155,7.55453627822793,1,WC,0,NoSA,wholesretail,5,very good,39,0.128,0.359,1,less50
32194,2021,23,1537.9473684210527,7.338203928687491,1,WC,0,NoSA,wholesretail,5,very good,38,0.237,0.289,1,less50
32249,2014,16,805.9714285714285,6.692048293455773,0,NoWC,0,NoSA,buservices,4,good,35,0.086,0.086,1,less50
32249,2015,17,870.6388888888889,6.769227297186598,0,NoWC,0,NoSA,buservices,4,good,36,0.111,0.083,1,less50
32249,2017,19,1203.060606060606,7.092624093808443,0,NoWC,0,NoSA,buservices,4,good,33,0.182,0.121,1,less50
32267,2000,2,4072.5421875,8.312022699538566,1,WC,0,NoSA,wholesretail,2,sufficient,30,0.033,0.233,1,less50
32267,2006,8,5213.590909090909,8.559024131325325,1,WC,0,NoSA,wholesretail,2,sufficient,22,0.227,0.182,1,less50
32267,2011,13,2108.4411764705883,7.65370417451459,1,WC,0,NoSA,wholesretail,3,satisfactory,34,0.029,0.206,1,less50
32275,2011,13,1752.7272727272727,7.468928295366166,0,NoWC,0,NoSA,manufacturing,5,very good,165,0.012,0.788,3,less250
32275,2012,14,1686.734693877551,7.4305498051385435,0,NoWC,0,NoSA,manufacturing,4,good,196,0.01,0.74,3,less250
32275,2013,15,1084.7457627118645,6.9891009184360895,0,NoWC,0,NoSA,manufacturing,4,good,295,0.007,0.793,4,more250
32275,2014,16,1166.0516605166051,7.061378671689348,0,NoWC,0,NoSA,manufacturing,3,satisfactory,271,0.033,0.786,4,more250
32277,2010,12,2289.25,7.735979531987842,1,WC,0,NoSA,transcom,4,good,36,0.111,0.25,1,less50
32277,2011,13,2784.2432432432433,7.931731389492225,1,WC,0,NoSA,transcom,5,very good,37,0.108,0.297,1,less50
32277,2012,14,3341.0810810810813,8.11404971056904,1,WC,0,NoSA,transcom,4,good,37,0.189,0.243,1,less50
32277,2013,15,2784.2432432432433,7.931731389492225,1,WC,0,NoSA,transcom,5,very good,37,0.243,0.243,1,less50
32277,2014,16,4378.2,8.38439295999963,1,WC,0,NoSA,transcom,4,good,40,0.25,0.2,1,less50
32277,2015,17,3605.575,8.190236537693648,1,WC,0,NoSA,transcom,5,very good,40,0.225,0.125,1,less50
32277,2016,18,2332.4528301886794,7.754675709661143,1,WC,0,NoSA,transcom,3,satisfactory,53,0.151,0.17,2,less100
32277,2021,23,2512.609756097561,7.829077235432142,1,WC,0,NoSA,transcom,5,very good,41,0.268,0.195,1,less50
32294,2008,10,2397.28,7.782090040294834,1,WC,0,NoSA,wholesretail,4,good,25,0.04,0.08,1,less50
32294,2009,11,2219.4814814814813,7.705028880685095,1,WC,0,NoSA,wholesretail,5,very good,27,0.037,0.111,1,less50
32294,2010,12,2080.0666666666666,7.6401552234637835,1,WC,0,NoSA,wholesretail,4,good,30,0.033,0.067,1,less50
32294,2011,13,2207.2,7.699480022903076,1,WC,0,NoSA,wholesretail,4,good,30,0.033,0.067,1,less50
32294,2013,15,2688.542857142857,7.89675463703503,1,WC,0,NoSA,wholesretail,5,very good,35,0.029,0.114,1,less50
32294,2014,16,3480.942857142857,8.155058472032591,1,WC,0,NoSA,wholesretail,4,good,35,0.029,0.114,1,less50
32294,2015,17,3480.189189189189,8.15484193600035,1,WC,0,NoSA,wholesretail,4,good,37,0.027,0.081,1,less50
32294,2016,18,3747.891891891892,8.228948798729903,1,WC,0,NoSA,wholesretail,4,good,37,0.027,0.081,1,less50
32295,2002,4,1979.7830188679245,7.590742531253208,0,NoWC,1,SA,buservices,4,good,106,0.085,0.594,3,less250
32295,2004,6,3478.581632653061,8.154379912862678,0,NoWC,0,NoSA,buservices,3,satisfactory,98,0.082,0.571,2,less100
32295,2005,7,3303.3125,8.10268103187519,0,NoWC,0,NoSA,buservices,3,satisfactory,96,0.135,0.594,2,less100
32295,2006,8,3830.4607843137255,8.250740384158412,0,NoWC,0,NoSA,buservices,4,good,102,0.157,0.657,3,less250
32295,2007,9,3420.4636363636364,8.137531387056583,0,NoWC,0,NoSA,buservices,3,satisfactory,110,0.136,0.727,3,less250
32320,2003,5,2931.5,7.9832695164042695,1,WC,0,NoSA,wholesretail,3,satisfactory,52,0.115,0.885,2,less100
32320,2004,6,2736.0576923076924,7.9142733648898975,1,WC,0,NoSA,wholesretail,3,satisfactory,52,0.154,0.885,2,less100
32320,2005,7,2346.6181818181817,7.760730499113509,1,WC,0,NoSA,wholesretail,4,good,55,0.145,0.582,2,less100
32333,2017,19,2387.200913242009,7.777876792567181,0,NoWC,0,NoSA,buservices,4,good,219,0.205,0.205,3,less250
32333,2018,20,3268.1372549019607,8.091975454761934,0,NoWC,0,NoSA,buservices,4,good,204,0.235,0.201,3,less250
32333,2019,21,3086.6031746031745,8.034826468977565,0,NoWC,0,NoSA,buservices,3,satisfactory,189,0.28,0.212,3,less250
32333,2020,22,2860.5087719298244,7.958754780276098,0,NoWC,0,NoSA,buservices,5,very good,171,0.316,0.193,3,less250
32338,1999,1,634.3142318349753,6.452544465460468,0,NoWC,0,NoSA,construction,1,unsatisfactory,203,0.074,0.532,3,less250
32338,2000,2,912.7489346590909,6.816460853357953,0,NoWC,0,NoSA,construction,1,unsatisfactory,220,0.082,0.6,3,less250
32338,2001,3,1132.1960106382978,7.031914398047772,0,NoWC,0,NoSA,construction,1,unsatisfactory,235,0.077,0.426,3,less250
32347,2000,2,1949.1339285714287,7.575140413704628,1,WC,1,SA,health,4,good,63,0.238,0.159,2,less100
32347,2001,3,2016.7642257462687,7.609249637589786,1,WC,1,SA,health,3,satisfactory,67,0.209,0.149,2,less100
32347,2002,4,1783.8484848484848,7.486528379515531,1,WC,1,SA,health,3,satisfactory,66,0.242,0.152,2,less100
32347,2003,5,1917.1538461538462,7.558596993426877,1,WC,1,SA,health,3,satisfactory,65,0.292,0.092,2,less100
32347,2004,6,2145.9076923076923,7.671317908429405,1,WC,1,SA,health,3,satisfactory,65,0.292,0.154,2,less100
32347,2005,7,2423.8571428571427,7.793115410987626,1,WC,1,SA,health,2,sufficient,63,0.254,0.095,2,less100
32347,2006,8,2501.1774193548385,7.824516867727731,1,WC,1,SA,health,2,sufficient,62,0.258,0.097,2,less100
32347,2007,9,2673.590163934426,7.891177478875066,1,WC,1,SA,health,2,sufficient,61,0.311,0.098,2,less100
32347,2008,10,2044.2153846153847,7.622769319850113,1,WC,1,SA,health,1,unsatisfactory,65,0.508,0.154,2,less100
32347,2009,11,2158.4153846153845,7.677129613215054,1,WC,1,SA,health,1,unsatisfactory,65,0.492,0.169,2,less100
32347,2011,13,2268.7076923076925,7.726965649820636,1,WC,1,SA,health,2,sufficient,65,0.523,0.092,2,less100
32347,2012,14,2295.10447761194,7.738533645472376,1,WC,1,SA,health,2,sufficient,67,0.493,0.149,2,less100
32347,2013,15,2313.0845070422533,7.746337197250258,1,WC,1,SA,health,2,sufficient,71,0.521,0.085,2,less100
32347,2014,16,2530.492957746479,7.836169407700835,1,WC,1,SA,health,3,satisfactory,71,0.535,0.085,2,less100
32347,2015,17,2624.342857142857,7.872585803549347,1,WC,1,SA,health,3,satisfactory,70,0.443,0.086,2,less100
32347,2016,18,2757.4545454545455,7.922063267022455,1,WC,1,SA,health,4,good,66,0.53,0.091,2,less100
32347,2017,19,2624.0615384615385,7.872478601946581,1,WC,1,SA,health,4,good,65,0.538,0.092,2,less100
32347,2018,20,2645.4153846153845,7.880583377185298,1,WC,1,SA,health,4,good,65,0.6,0.092,2,less100
32347,2019,21,2432.527777777778,7.796686233430838,1,WC,1,SA,health,3,satisfactory,72,0.486,0.083,2,less100
32347,2020,22,2702.279411764706,7.901850922413121,1,WC,1,SA,edu,1,unsatisfactory,68,0.574,0.088,2,less100
32356,2012,14,3983.132530120482,8.289823856572463,0,NoWC,0,NoSA,transcom,4,good,83,0.289,0.843,2,less100
32356,2013,15,3298.9690721649486,8.101365296272526,0,NoWC,0,NoSA,transcom,4,good,97,0.278,0.845,2,less100
32356,2014,16,3224.4897959183672,8.078530013898478,0,NoWC,0,NoSA,transcom,4,good,98,0.214,0.888,2,less100
32356,2015,17,3344.336283185841,8.115023532302118,0,NoWC,0,NoSA,transcom,4,good,113,0.204,0.876,3,less250
32356,2016,18,2906.945945945946,7.974858305940158,0,NoWC,0,NoSA,transcom,3,satisfactory,111,0.225,0.793,3,less250
32356,2017,19,2815.128,7.942763010232748,0,NoWC,0,NoSA,transcom,3,satisfactory,125,0.256,0.888,3,less250
32356,2018,20,3036.4921875,8.018458242470826,0,NoWC,0,NoSA,transcom,4,good,128,0.25,0.82,3,less250
32356,2019,21,3141.364864864865,8.052412654799642,0,NoWC,0,NoSA,transcom,4,good,148,0.284,0.804,3,less250
32356,2020,22,3114.6381578947367,8.04386826328483,0,NoWC,0,NoSA,transcom,3,satisfactory,152,0.25,0.737,3,less250
32356,2021,23,3680.8079470198677,8.210887557885838,0,NoWC,0,NoSA,transcom,1,unsatisfactory,151,0.305,0.795,3,less250
32357,2000,2,2841.35546875,7.9520364950233375,0,NoWC,0,NoSA,buservices,4,good,24,0.208,0.083,1,less50
32357,2001,3,2688.39404296875,7.896699284265633,0,NoWC,0,NoSA,buservices,3,satisfactory,24,0.125,0.5,1,less50
32357,2002,4,2312.6129032258063,7.746133291211341,0,NoWC,0,NoSA,buservices,3,satisfactory,31,0.097,0.065,1,less50
32360,2001,3,1073.9122528248588,6.979063570450687,0,NoWC,0,NoSA,manufacturing,4,good,177,0.034,0.023,3,less250
32360,2002,4,879.5555555555555,6.779416729386237,0,NoWC,0,NoSA,manufacturing,4,good,171,0.058,0.029,3,less250
32360,2003,5,779.5204678362574,6.658678945800645,0,NoWC,0,NoSA,manufacturing,2,sufficient,171,0.006,0.029,3,less250
32379,2000,2,1356.0836838942307,7.21235618038243,1,WC,0,NoSA,buservices,1,unsatisfactory,26,0.269,0.346,1,less50
32379,2001,3,1674.09234375,7.423026413058435,1,WC,0,NoSA,buservices,2,sufficient,25,0.16,0.36,1,less50
32379,2002,4,2382.0476190476193,7.775715740919295,1,WC,0,NoSA,buservices,1,unsatisfactory,21,0.286,0.429,1,less50
32387,2019,21,4280.9047619047615,8.361919659203899,1,WC,0,NoSA,transcom,3,satisfactory,21,0.619,0.143,1,less50
32387,2020,22,3812.714285714286,8.246096625425157,1,WC,0,NoSA,transcom,3,satisfactory,21,0.524,0.286,1,less50
32387,2021,23,4408.681818181818,8.391331016317393,1,WC,0,NoSA,transcom,3,satisfactory,22,0.591,0.273,1,less50
32409,2006,8,906.3809523809524,6.809459694908866,1,WC,0,NoSA,wholesretail,2,sufficient,21,0.19,0.048,1,less50
32409,2007,9,1404.904761904762,7.247724794349165,1,WC,0,NoSA,wholesretail,3,satisfactory,21,0.19,0.143,1,less50
32409,2008,10,1266.047619047619,7.1436552157784305,1,WC,0,NoSA,wholesretail,4,good,21,0.19,0.095,1,less50
32409,2009,11,910.3478260869565,6.813826752950151,1,WC,0,NoSA,wholesretail,4,good,23,0.043,0.043,1,less50
32409,2010,12,1324.1304347826087,7.188511247341435,1,WC,0,NoSA,wholesretail,3,satisfactory,23,0.174,0.087,1,less50
32413,2011,13,146.5,4.987025428457122,1,WC,0,NoSA,transcom,4,good,24,0.167,0.5,1,less50
32413,2012,14,203.5,5.31566600488265,1,WC,0,NoSA,transcom,4,good,24,0.333,0.458,1,less50
32413,2018,20,1904.7,7.552079794844514,1,WC,0,NoSA,transcom,3,satisfactory,20,0.45,0.55,1,less50
32413,2019,21,1733.75,7.458041971629041,1,WC,0,NoSA,transcom,3,satisfactory,20,0.8,0.5,1,less50
32436,2005,7,3154.858823529412,8.056699027073796,0,NoWC,0,NoSA,finance,1,unsatisfactory,85,0.035,0.2,2,less100
32436,2006,8,3065.978723404255,8.028122119878736,0,NoWC,0,NoSA,finance,2,sufficient,94,0.032,0.255,2,less100
32436,2007,9,3044.282828282828,8.021020628030321,0,NoWC,0,NoSA,finance,4,good,99,0.04,0.384,2,less100
32436,2008,10,3208.3980582524273,8.07352704428514,0,NoWC,1,SA,finance,4,good,103,0.039,0.233,3,less250
32436,2009,11,3349.5145631067962,8.116570707783861,0,NoWC,1,SA,finance,4,good,103,0.039,0.155,3,less250
32436,2010,12,3129.3493975903616,8.048580401733503,0,NoWC,1,SA,finance,4,good,83,0.072,0.229,2,less100
32436,2011,13,3570.3703703703704,8.180424614594308,0,NoWC,1,SA,finance,2,sufficient,81,0.049,0.247,2,less100
32450,2006,8,1789.090909090909,7.489462897807874,0,NoWC,0,NoSA,public,4,good,275,0.349,0.276,4,more250
32450,2007,9,1192.2441176470588,7.083592623341091,1,WC,0,NoSA,public,4,good,340,0.274,0.241,4,more250
32450,2008,10,2943.4566929133857,7.987339915573735,0,NoWC,0,NoSA,public,4,good,127,0.732,0.244,3,less250
32454,2000,2,4589.947282608696,8.431623817718197,0,NoWC,0,NoSA,wholesretail,4,good,115,0.017,0.052,3,less250
32454,2001,3,3019.516287878788,8.012851927963839,0,NoWC,1,SA,wholesretail,4,good,165,0.036,0.164,3,less250
32454,2002,4,3522.012578616352,8.1667878604911,0,NoWC,0,NoSA,wholesretail,2,sufficient,159,0.038,0.138,3,less250
32454,2004,6,1770.284023668639,7.4788952780442015,0,NoWC,1,SA,wholesretail,3,satisfactory,169,0.059,0.154,3,less250
32457,2007,9,1035.4444444444443,6.942586028449436,1,WC,0,NoSA,health,4,good,108,0.25,0.287,3,less250
32457,2008,10,814.0802919708029,6.7020589999228255,1,WC,0,NoSA,health,3,satisfactory,137,0.19,0.285,3,less250
32457,2010,12,950.99173553719,6.857505372220763,1,WC,0,NoSA,health,4,good,121,0.149,0.207,3,less250
32457,2011,13,1309.954954954955,7.177748030073433,1,WC,0,NoSA,health,4,good,111,0.063,0.144,3,less250
32457,2012,14,1064.9891304347825,6.970719871926919,1,WC,0,NoSA,health,2,sufficient,92,0.141,0.239,2,less100
32457,2013,15,1199.38,7.089560035591211,1,WC,0,NoSA,health,3,satisfactory,100,0.53,0.24,2,less100
32457,2014,16,1243.3627450980391,7.125574879264793,1,WC,0,NoSA,health,3,satisfactory,102,0.588,0.127,3,less250
32457,2016,18,1498.4803921568628,7.312206801690704,0,NoWC,0,NoSA,health,3,satisfactory,102,0.676,0.069,3,less250
32457,2017,19,1677.3936170212767,7.424996449261848,0,NoWC,0,NoSA,health,3,satisfactory,94,0.809,0.085,2,less100
32457,2021,23,2904.4142857142856,7.973987026139597,1,WC,0,NoSA,edu,2,sufficient,70,0.429,0.1,2,less100
32459,2005,7,1724.121951219512,7.452473186088175,0,NoWC,0,NoSA,transcom,4,good,82,0.817,0.902,2,less100
32459,2006,8,1453.8627450980391,7.281979255493277,0,NoWC,0,NoSA,transcom,5,very good,102,0.706,0.804,3,less250
32459,2007,9,1522.6336633663366,7.328196787760992,0,NoWC,0,NoSA,transcom,5,very good,101,0.713,0.822,3,less250
32459,2008,10,1598.201923076923,7.376634478216402,0,NoWC,0,NoSA,transcom,5,very good,104,0.712,0.827,3,less250
32459,2009,11,1496.3173076923076,7.310762240115932,0,NoWC,0,NoSA,transcom,4,good,104,0.663,0.817,3,less250
32459,2011,13,2415.153846153846,7.7895182684691635,0,NoWC,0,NoSA,transcom,3,satisfactory,104,0.442,0.817,3,less250
32459,2012,14,1496.8968253968253,7.311149461133869,0,NoWC,0,NoSA,transcom,5,very good,126,0.984,0.722,3,less250
32459,2013,15,1955.7622377622379,7.578535287870035,0,NoWC,0,NoSA,transcom,5,very good,143,0.755,0.664,3,less250
32459,2015,17,1576.4929577464789,7.362958011957364,0,NoWC,0,NoSA,transcom,5,very good,142,0.852,0.965,3,less250
32459,2016,18,1449.7289156626507,7.279131863220996,0,NoWC,0,NoSA,transcom,5,very good,166,0.735,0.855,3,less250
32459,2017,19,1301.3774834437086,7.171178585115992,0,NoWC,0,NoSA,transcom,4,good,151,0.834,0.861,3,less250
32459,2018,20,1577.4756097560976,7.363581132968486,0,NoWC,0,NoSA,transcom,4,good,164,0.817,0.787,3,less250
32459,2019,21,1713.2847682119204,7.4461677239777595,0,NoWC,0,NoSA,transcom,4,good,151,0.801,0.775,3,less250
32459,2020,22,2145.806666666667,7.671270829042198,0,NoWC,0,NoSA,wholesretail,4,good,150,0.813,0.733,3,less250
32459,2021,23,2309.846153846154,7.744936201231356,0,NoWC,0,NoSA,wholesretail,2,sufficient,143,0.867,0.713,3,less250
32533,2011,13,2535.190476190476,7.838024051739202,1,WC,0,NoSA,resthotels,2,sufficient,21,0.048,0.095,1,less50
32533,2012,14,2329.0454545454545,7.753213786458793,1,WC,0,NoSA,resthotels,3,satisfactory,22,0.045,0.091,1,less50
32533,2014,16,2434.913043478261,7.797666323781811,1,WC,0,NoSA,resthotels,3,satisfactory,23,0.043,0.087,1,less50
32533,2015,17,1890.1153846153845,7.5443931562512585,1,WC,0,NoSA,resthotels,4,good,26,0.038,0.077,1,less50
32533,2016,18,2035.36,7.618427986407901,1,WC,0,NoSA,resthotels,3,satisfactory,25,0.04,0.08,1,less50
32533,2017,19,2174.75,7.68466899438765,1,WC,0,NoSA,resthotels,4,good,24,0.042,0.125,1,less50
32533,2019,21,3450.25,8.14620197116815,1,WC,0,NoSA,resthotels,4,good,20,0.05,0.1,1,less50
32552,1998,0,1690.5184895833333,7.432790559434081,0,NoWC,0,NoSA,finance,3,satisfactory,30,0.033,0.667,1,less50
32552,1999,1,1748.8122306034484,7.466692111109762,0,NoWC,0,NoSA,finance,2,sufficient,29,0.069,0.793,1,less50
32552,2000,2,329.32178368506493,5.7970353386826075,0,NoWC,0,NoSA,finance,4,good,154,0.006,0.266,3,less250
32552,2002,4,571.1698113207547,6.347686558299483,0,NoWC,0,NoSA,finance,3,satisfactory,106,0.019,0.236,3,less250
32552,2003,5,630.019801980198,6.445751250606213,0,NoWC,0,NoSA,finance,4,good,101,0.01,0.208,3,less250
32552,2004,6,704.4494382022472,6.55741655900056,0,NoWC,0,NoSA,finance,2,sufficient,89,0.034,0.292,2,less100
32552,2005,7,704.8571428571429,6.557995148033989,0,NoWC,0,NoSA,finance,2,sufficient,77,0.039,0.182,2,less100
32552,2006,8,714.1315789473684,6.571067229601342,0,NoWC,0,NoSA,finance,3,satisfactory,76,0.053,0.211,2,less100
32552,2007,9,821.9594594594595,6.711691074447554,0,NoWC,0,NoSA,finance,4,good,74,0.014,0.216,2,less100
32552,2008,10,935.7714285714286,6.841371246411657,0,NoWC,0,NoSA,finance,4,good,70,0.057,0.214,2,less100
32552,2009,11,949.1285714285714,6.85554427039061,0,NoWC,0,NoSA,finance,4,good,70,0.014,0.2,2,less100
32552,2010,12,1166.25,7.061548752161554,0,NoWC,0,NoSA,finance,4,good,60,0.067,0.217,2,less100
32552,2011,13,1526.7719298245613,7.330910935729945,0,NoWC,0,NoSA,finance,4,good,57,0.018,0.193,2,less100
32557,2014,16,2197.423076923077,7.695040624133488,1,WC,0,NoSA,transcom,2,sufficient,26,0.462,0.538,1,less50
32557,2015,17,1773.6296296296296,7.480783364088151,1,WC,0,NoSA,transcom,3,satisfactory,27,0.185,0.741,1,less50
32557,2016,18,1481.6315789473683,7.30089917774912,1,WC,0,NoSA,transcom,3,satisfactory,38,0.158,0.711,1,less50
32557,2017,19,1684.4864864864865,7.429216040544608,1,WC,0,NoSA,transcom,4,good,37,0.243,0.757,1,less50
32557,2018,20,1482.3513513513512,7.301384856941651,1,WC,0,NoSA,transcom,4,good,37,0.27,0.784,1,less50
32557,2019,21,1667.5,7.4190807777897785,1,WC,0,NoSA,transcom,3,satisfactory,38,0.316,0.868,1,less50
32563,2009,11,1179.859649122807,7.073150768964268,1,WC,0,NoSA,manufacturing,4,good,57,0.018,0.333,2,less100
32563,2010,12,1295.7636363636364,7.166855480930038,1,WC,0,NoSA,manufacturing,4,good,55,0.055,0.345,2,less100
32563,2011,13,1756.5833333333333,7.471125913411894,1,WC,0,NoSA,manufacturing,4,good,48,0.062,0.354,1,less50
32563,2012,14,2138.4347826086955,7.6678294304091725,1,WC,0,NoSA,manufacturing,4,good,46,0.065,0.348,1,less50
32563,2013,15,2465.7608695652175,7.81025570804307,1,WC,0,NoSA,manufacturing,4,good,46,0.065,0.391,1,less50
32563,2014,16,2091.1666666666665,7.645477402931645,1,WC,0,NoSA,manufacturing,4,good,48,0.062,0.354,1,less50
32563,2015,17,3301.7619047619046,8.102211515508966,1,WC,0,NoSA,manufacturing,4,good,42,0.071,0.452,1,less50
32563,2016,18,3194.177777777778,8.069084987143905,1,WC,0,NoSA,manufacturing,4,good,45,0.067,0.444,1,less50
32563,2017,19,2312.9148936170213,7.746263866749921,1,WC,0,NoSA,manufacturing,4,good,47,0.021,0.404,1,less50
32563,2018,20,2216.5476190476193,7.703706137846784,1,WC,0,NoSA,manufacturing,4,good,42,0.024,0.429,1,less50
32563,2019,21,2899.75,7.972379805361985,1,WC,0,NoSA,manufacturing,4,good,36,0.028,0.556,1,less50
32563,2020,22,3255.4324324324325,8.088080397564413,1,WC,0,NoSA,manufacturing,4,good,37,0.027,0.432,1,less50
32563,2021,23,3584.8571428571427,8.184473903664331,1,WC,0,NoSA,manufacturing,4,good,42,0.071,0.476,1,less50
32600,2002,4,1958,7.579678823090456,0,NoWC,0,NoSA,mining,3,satisfactory,26,0.038,0.577,1,less50
32600,2003,5,3744.4444444444443,8.228028539004233,1,WC,0,NoSA,mining,2,sufficient,27,0.037,0.407,1,less50
32600,2004,6,2780,7.930206206684683,1,WC,0,NoSA,mining,2,sufficient,36,0.028,0.5,1,less50
32600,2005,7,3602.9,8.189494355714022,1,WC,1,SA,mining,4,good,30,0.033,0.533,1,less50
32626,2018,20,3831.875,8.251109518516952,0,NoWC,0,NoSA,manufacturing,3,satisfactory,96,0.156,0.896,2,less100
32626,2020,22,3478.361344537815,8.154316583864283,0,NoWC,0,NoSA,manufacturing,3,satisfactory,119,0.126,0.857,3,less250
32626,2021,23,1572.3545150501673,7.360329466043432,0,NoWC,0,NoSA,manufacturing,2,sufficient,299,0.441,0.619,4,more250
32651,1998,0,2496.214322916667,7.822530592356149,0,NoWC,0,NoSA,buservices,1,unsatisfactory,240,0.004,0.267,3,less250
32651,1999,1,2556.7403433476393,7.846488422754237,0,NoWC,0,NoSA,buservices,3,satisfactory,233,0.026,0.253,3,less250
32651,2000,2,2585.774889380531,7.8577805058059145,0,NoWC,0,NoSA,buservices,3,satisfactory,226,0.018,0.257,3,less250
32652,2001,3,1276.0484775641025,7.151523455004461,0,NoWC,0,NoSA,manufacturing,1,unsatisfactory,312,0.144,0.724,4,more250
32652,2003,5,1160.858006042296,7.056914671067774,0,NoWC,0,NoSA,manufacturing,2,sufficient,331,0.13,0.776,4,more250
32652,2004,6,948.190031152648,6.854554936969014,0,NoWC,0,NoSA,manufacturing,2,sufficient,321,0.131,0.779,4,more250
32652,2005,7,1553.9025974025974,7.348524850329098,0,NoWC,0,NoSA,manufacturing,2,sufficient,308,0.123,0.789,4,more250
32686,2004,6,887.0833333333334,6.78793892753958,1,WC,0,NoSA,wholesretail,3,satisfactory,36,0.111,0.722,1,less50
32686,2005,7,925.3142857142857,6.830133448144003,1,WC,0,NoSA,wholesretail,4,good,35,0.143,0.771,1,less50
32686,2006,8,1332.2666666666667,7.194637031263149,1,WC,0,NoSA,wholesretail,4,good,30,0.167,0.867,1,less50
32717,2017,19,2166.151515151515,7.680707376707934,1,WC,0,NoSA,resthotels,5,very good,33,0.364,0,1,less50
32717,2019,21,3163.2258064516127,8.059347610720078,1,WC,0,NoSA,resthotels,5,very good,31,0.484,0.065,1,less50
32717,2020,22,2881.722222222222,7.966143388230091,1,WC,0,NoSA,transcom,4,good,36,0.389,0.111,1,less50
32717,2021,23,3179.84375,8.064587339346922,1,WC,0,NoSA,transcom,3,satisfactory,32,0.344,0.062,1,less50
32726,2000,2,2098.20443802521,7.64883722845348,0,NoWC,0,NoSA,wholesretail,5,very good,119,0.034,0.193,3,less250
32726,2001,3,1711.0281742125985,7.4448497402747975,0,NoWC,0,NoSA,wholesretail,3,satisfactory,127,0.031,0.205,3,less250
32726,2002,4,1744.3070866141732,7.464112670742531,0,NoWC,0,NoSA,wholesretail,2,sufficient,127,0.039,0.205,3,less250
32726,2004,6,1284.2101449275362,7.157899135132152,0,NoWC,0,NoSA,wholesretail,3,satisfactory,138,0.022,0.188,3,less250
32726,2005,7,2098.875968992248,7.649157227551731,0,NoWC,0,NoSA,wholesretail,3,satisfactory,129,0.031,0.093,3,less250
32726,2006,8,1575.842105263158,7.3625450783830075,0,NoWC,0,NoSA,wholesretail,4,good,133,0.03,0.098,3,less250
32733,2001,3,1683.622159090909,7.428702798541155,1,WC,1,SA,manufacturing,1,unsatisfactory,33,0.091,0.303,1,less50
32733,2003,5,1240.4722222222222,7.123247410476646,1,WC,0,NoSA,manufacturing,4,good,36,0.083,0.167,1,less50
32733,2004,6,1007.6595744680851,6.915385667847829,1,WC,1,SA,manufacturing,2,sufficient,47,0.021,0.213,1,less50
32733,2006,8,1142.0816326530612,7.040607869844292,1,WC,1,SA,manufacturing,2,sufficient,49,0.041,0.143,1,less50
32733,2007,9,905.5454545454545,6.808537474346795,1,WC,0,NoSA,manufacturing,3,satisfactory,55,0.036,0.073,2,less100
32733,2008,10,905.5370370370371,6.808528178791836,1,WC,0,NoSA,manufacturing,3,satisfactory,54,0.019,0.111,2,less100
32733,2009,11,1224.1666666666667,7.110015619379923,1,WC,0,NoSA,manufacturing,3,satisfactory,54,0.019,0.185,2,less100
32733,2011,13,1393.1346153846155,7.239311606142059,1,WC,0,NoSA,manufacturing,3,satisfactory,52,0.019,0.192,2,less100
32733,2012,14,1433.7708333333333,7.268063198997703,1,WC,1,SA,manufacturing,2,sufficient,48,0.042,0.229,1,less50
32733,2013,15,1828.1698113207547,7.511070642295258,1,WC,1,SA,manufacturing,2,sufficient,53,0.038,0.208,2,less100
32733,2014,16,2347.703703703704,7.76119298205837,1,WC,1,SA,manufacturing,2,sufficient,54,0.074,0.185,2,less100
32733,2016,18,2498.051724137931,7.8232663966913005,1,WC,1,SA,manufacturing,1,unsatisfactory,58,0.052,0.19,2,less100
32733,2017,19,2621.2982456140353,7.871424987621966,1,WC,1,SA,manufacturing,2,sufficient,57,0.035,0.14,2,less100
32733,2019,21,2859.59649122807,7.958435806877001,0,NoWC,0,NoSA,manufacturing,2,sufficient,57,0.123,0.14,2,less100
32733,2020,22,4005.2884615384614,8.295370882261683,0,NoWC,0,NoSA,manufacturing,2,sufficient,52,0.212,0.154,2,less100
32733,2021,23,1738.64,7.460858477397447,0,NoWC,0,NoSA,manufacturing,3,satisfactory,125,0.072,0.424,3,less250
32734,2000,2,113.45837772253788,4.731436053563677,1,WC,0,NoSA,manufacturing,3,satisfactory,264,0.019,0.667,4,more250
32734,2001,3,115.52788156702898,4.74951189967857,1,WC,0,NoSA,manufacturing,3,satisfactory,276,0.011,0.645,4,more250
32734,2002,4,96.23765432098766,4.5668206981460715,1,WC,0,NoSA,manufacturing,1,unsatisfactory,324,0.009,0.543,4,more250
32734,2003,5,104.48397435897436,4.649033704228208,1,WC,0,NoSA,manufacturing,1,unsatisfactory,312,0.003,0.558,4,more250
32734,2009,11,97.26764705882353,4.577466426795654,1,WC,0,NoSA,manufacturing,2,sufficient,340,0.003,0.712,4,more250
32741,2011,13,7487.266666666666,8.9209590788886,0,NoWC,0,NoSA,manufacturing,2,sufficient,30,0.067,0.133,1,less50
32741,2012,14,7341.96875,8.901362307714297,0,NoWC,0,NoSA,manufacturing,2,sufficient,32,0.125,0.125,1,less50
32741,2013,15,7536.387096774193,8.927498181281765,0,NoWC,0,NoSA,manufacturing,2,sufficient,31,0.161,0.129,1,less50
32741,2014,16,5974.53125,8.695260921839356,0,NoWC,0,NoSA,manufacturing,2,sufficient,32,0.156,0.094,1,less50
32741,2015,17,4385.375,8.386030419963896,0,NoWC,0,NoSA,manufacturing,2,sufficient,32,0.156,0.094,1,less50
32741,2018,20,4975.742857142857,8.512329956464532,0,NoWC,0,NoSA,manufacturing,3,satisfactory,35,0.143,0.086,1,less50
32741,2019,21,2301.108108108108,7.741146072029525,0,NoWC,0,NoSA,manufacturing,5,very good,37,0.135,0.081,1,less50
32741,2020,22,2070.4615384615386,7.635526826846672,0,NoWC,0,NoSA,manufacturing,3,satisfactory,39,0.179,0.077,1,less50
32741,2021,23,1908.75,7.554203856532842,0,NoWC,0,NoSA,manufacturing,3,satisfactory,40,0.125,0.075,1,less50
32844,2007,9,8272.714285714286,9.020717942840673,1,WC,0,NoSA,manufacturing,2,sufficient,49,0.327,0.204,1,less50
32844,2008,10,4558.768292682927,8.424807754768073,1,WC,1,SA,manufacturing,2,sufficient,82,0.244,0.159,2,less100
32844,2009,11,5750,8.656955133791396,1,WC,0,NoSA,manufacturing,2,sufficient,60,0.317,0.183,2,less100
32844,2010,12,4122.793650793651,8.324286283138568,1,WC,0,NoSA,manufacturing,3,satisfactory,63,0.302,0.159,2,less100
32844,2011,13,4131.428571428572,8.326378527217388,1,WC,0,NoSA,manufacturing,3,satisfactory,70,0.229,0.171,2,less100
32844,2012,14,4408,8.391176350832751,1,WC,0,NoSA,manufacturing,4,good,75,0.213,0.173,2,less100
32850,2006,8,1146.8531468531469,7.044777076546429,0,NoWC,0,NoSA,buservices,3,satisfactory,429,0.226,0.457,4,more250
32850,2007,9,885.0720524017468,6.785669056837113,0,NoWC,0,NoSA,buservices,3,satisfactory,458,0.275,0.48,4,more250
32850,2008,10,740.2356435643565,6.606968572756966,0,NoWC,0,NoSA,buservices,3,satisfactory,505,0.192,0.499,4,more250
32850,2009,11,663.4615384615385,6.497470884438024,1,WC,0,NoSA,buservices,3,satisfactory,520,0.187,0.51,4,more250
32850,2011,13,505.5944055944056,6.225734777886949,0,NoWC,0,NoSA,buservices,5,very good,572,0.014,0.497,4,more250
32862,1999,1,1247.441066576087,7.128849585288198,0,NoWC,0,NoSA,manufacturing,3,satisfactory,23,0.13,0.87,1,less50
32862,2000,2,1032.3649796195652,6.939607545939754,0,NoWC,0,NoSA,manufacturing,3,satisfactory,23,0.13,0.87,1,less50
32862,2001,3,1376.486667798913,7.2272896389555985,0,NoWC,0,NoSA,manufacturing,3,satisfactory,23,0.087,0.87,1,less50
32871,2011,13,2428.8125,7.795157733762507,1,WC,1,SA,manufacturing,1,unsatisfactory,48,0.021,0.292,1,less50
32871,2012,14,3502.1052631578946,8.161119570406028,1,WC,1,SA,manufacturing,3,satisfactory,38,0.026,0.289,1,less50
32871,2013,15,3770.4857142857145,8.234959108823885,1,WC,1,SA,manufacturing,2,sufficient,35,0.086,0.286,1,less50
32871,2014,16,4485.121212121212,8.40852080024168,1,WC,1,SA,manufacturing,1,unsatisfactory,33,0.061,0.273,1,less50
32871,2015,17,3459.6666666666665,8.148927524297179,1,WC,1,SA,manufacturing,2,sufficient,33,0.061,0.303,1,less50
32871,2016,18,4350.484848484848,8.378042577293394,1,WC,1,SA,manufacturing,2,sufficient,33,0.091,0.303,1,less50
32871,2017,19,7030.75,8.858048664747205,1,WC,1,SA,manufacturing,3,satisfactory,32,0.031,0.312,1,less50
32871,2018,20,7493.71875,8.921820448625345,1,WC,1,SA,manufacturing,3,satisfactory,32,0.062,0.312,1,less50
32871,2019,21,7105.833333333333,8.868671321948096,1,WC,1,SA,manufacturing,3,satisfactory,36,0.056,0.333,1,less50
32871,2020,22,4607.405405405405,8.435420158764673,1,WC,1,SA,manufacturing,3,satisfactory,37,0.027,0.324,1,less50
32871,2021,23,3775.108108108108,8.2361842991825,1,WC,1,SA,manufacturing,3,satisfactory,37,0.027,0.514,1,less50
32876,1998,0,1574.1841517857142,7.361492418185759,1,WC,0,NoSA,manufacturing,3,satisfactory,98,0.418,0.122,2,less100
32876,2001,3,3126.8150077160494,8.047770196039163,0,NoWC,0,NoSA,wholesretail,2,sufficient,81,0.58,0.16,2,less100
32876,2002,4,2796.6666666666665,7.936183510793142,1,WC,0,NoSA,wholesretail,2,sufficient,81,0.79,0.148,2,less100
32876,2003,5,3162.824324324324,8.059220680923593,1,WC,0,NoSA,wholesretail,1,unsatisfactory,74,0.77,0.149,2,less100
32900,2012,14,907.1923076923077,6.810354453762393,1,WC,1,SA,wholesretail,4,good,52,0.327,0.558,2,less100
32900,2013,15,767.6981132075472,6.643396574109779,1,WC,0,NoSA,wholesretail,3,satisfactory,53,0.151,0.679,2,less100
32900,2014,16,1372.2075471698113,7.224176070292541,1,WC,0,NoSA,wholesretail,2,sufficient,53,0.208,0.472,2,less100
32902,2008,10,3336.9841269841268,8.112822722067639,1,WC,0,NoSA,buservices,4,good,63,0.429,0.095,2,less100
32902,2009,11,3242.935483870968,8.084234212144265,1,WC,0,NoSA,buservices,4,good,62,0.855,0.097,2,less100
32902,2010,12,2952.1967213114754,7.990304823510678,1,WC,0,NoSA,buservices,4,good,61,0.377,0.098,2,less100
32908,2007,9,7359.035714285715,8.903684186058689,0,NoWC,0,NoSA,buservices,4,good,28,0.107,0.107,1,less50
32908,2008,10,2207.722222222222,7.699716594329875,0,NoWC,0,NoSA,buservices,5,very good,36,0.056,0.111,1,less50
32908,2009,11,2139.769230769231,7.6684532661120235,0,NoWC,0,NoSA,health,4,good,39,0.051,0.077,1,less50
32908,2011,13,2428.4761904761904,7.7950192575278106,1,WC,0,NoSA,health,4,good,42,0.024,0.167,1,less50
32908,2012,14,2470.186046511628,7.812048749259771,1,WC,1,SA,health,3,satisfactory,43,0.023,0.163,1,less50
32908,2013,15,2176.9767441860463,7.685692378672228,1,WC,0,NoSA,health,4,good,43,0.023,0.163,1,less50
32908,2014,16,2159.0697674418607,7.677432744694811,1,WC,0,NoSA,health,4,good,43,0.023,0.116,1,less50
32908,2015,17,2597.232558139535,7.862201756417276,1,WC,1,SA,health,3,satisfactory,43,0.047,0.116,1,less50
32908,2017,19,2759.9302325581393,7.922960680333055,0,NoWC,1,SA,health,2,sufficient,43,0.047,0.093,1,less50
32913,2014,16,1000,6.907755278982137,0,NoWC,1,SA,public,3,satisfactory,316,0.079,0.12,4,more250
32913,2015,17,3113.005602240896,8.043343970067646,0,NoWC,1,SA,public,3,satisfactory,357,0.115,0.115,4,more250
32913,2016,18,2924.5868421052633,7.980908499126854,0,NoWC,1,SA,public,3,satisfactory,380,0.092,0.1,4,more250
32913,2017,19,2971.505347593583,7.996823954432753,0,NoWC,1,SA,public,4,good,374,0.056,0.096,4,more250
32936,2005,7,1632.237341772152,7.39770695495758,0,NoWC,0,NoSA,buservices,4,good,316,0.009,0.965,4,more250
32936,2006,8,1667.7966101694915,7.419258639134625,0,NoWC,0,NoSA,buservices,4,good,295,0.01,0.98,4,more250
32936,2007,9,1316.1136363636363,7.182438457977724,0,NoWC,0,NoSA,buservices,5,very good,308,0.01,0.997,4,more250
32936,2008,10,1213.698051948052,7.101427219058751,0,NoWC,0,NoSA,buservices,5,very good,308,0.006,0.997,4,more250
32941,2007,9,675.6582491582492,6.515687399627723,1,WC,0,NoSA,edu,5,very good,594,0.081,0.54,4,more250
32941,2008,10,640.1010273972603,6.461626019204099,1,WC,0,NoSA,edu,2,sufficient,584,0.077,0.546,4,more250
32941,2009,11,608.4656084656085,6.410940392285744,1,WC,0,NoSA,edu,3,satisfactory,567,0.067,0.557,4,more250
32941,2010,12,494.7352380952381,6.204022746938476,1,WC,0,NoSA,edu,3,satisfactory,525,0.078,0.528,4,more250
32941,2011,13,506.4798598949212,6.227484559610737,1,WC,0,NoSA,edu,5,very good,571,0.07,0.532,4,more250
32941,2012,14,570.9844559585492,6.347361986796066,1,WC,0,NoSA,edu,4,good,579,0.071,0.57,4,more250
32941,2013,15,537.8151260504202,6.28751486923028,1,WC,0,NoSA,edu,5,very good,595,0.066,0.555,4,more250
32941,2014,16,592.8705440900563,6.384976068403205,1,WC,0,NoSA,edu,4,good,533,0.066,0.546,4,more250
32941,2015,17,777.9274509803921,6.656633269162401,1,WC,0,NoSA,edu,4,good,510,0.09,0.524,4,more250
32941,2016,18,640.7164179104477,6.462586953274439,1,WC,0,NoSA,edu,4,good,603,0.078,0.491,4,more250
32941,2017,19,681.2934782608696,6.52399316524132,1,WC,0,NoSA,edu,4,good,552,0.087,0.525,4,more250
32941,2018,20,630.1140939597316,6.445900904512061,1,WC,0,NoSA,edu,5,very good,596,0.077,0.545,4,more250
32941,2019,21,515.3408,6.244828429378174,1,WC,0,NoSA,edu,5,very good,625,0.088,0.555,4,more250
32941,2020,22,476.00444444444446,6.165427191255991,1,WC,0,NoSA,edu,5,very good,675,0.089,0.526,4,more250
32941,2021,23,730.7251114413076,6.594037344487365,1,WC,0,NoSA,edu,5,very good,673,0.077,0.473,4,more250
32962,2018,20,2775.25,7.928496112212756,1,WC,0,NoSA,construction,4,good,48,0.458,0.104,1,less50
32962,2019,21,3521.4791666666665,8.166636398128398,1,WC,0,NoSA,construction,5,very good,48,0.708,0.167,1,less50
32962,2020,22,3130.2083333333335,8.048854841489563,1,WC,0,NoSA,wholesretail,2,sufficient,48,0.729,0.188,1,less50
32962,2021,23,3096.9148936170213,8.03816169932988,1,WC,0,NoSA,wholesretail,3,satisfactory,47,0.596,0.17,1,less50
32970,1998,0,1513.4205208333333,7.322127613593188,0,NoWC,0,NoSA,manufacturing,2,sufficient,300,0.04,0.09,4,more250
32970,2000,2,1265.20907079646,7.14299266086237,0,NoWC,0,NoSA,manufacturing,4,good,339,0.032,0.08,4,more250
32970,2001,3,3034.309375,8.017739124057353,0,NoWC,0,NoSA,manufacturing,5,very good,150,0.073,0.093,3,less250
32970,2002,4,3412.96992481203,8.135338136917113,0,NoWC,0,NoSA,manufacturing,4,good,133,0.083,0.113,3,less250
32970,2003,5,3165.0785714285716,8.059933159366054,0,NoWC,0,NoSA,manufacturing,4,good,140,0.043,0.107,3,less250
32971,2009,11,4090.7758620689656,8.31648992837396,0,NoWC,0,NoSA,finance,4,good,58,0.259,0.569,2,less100
32971,2010,12,3956.53125,8.283122973413102,0,NoWC,0,NoSA,finance,2,sufficient,64,0.234,0.625,2,less100
32971,2011,13,4193.584615384615,8.341311163968511,0,NoWC,0,NoSA,finance,3,satisfactory,65,0.4,0.338,2,less100
32975,2006,8,816.4098360655738,6.704916478959111,0,NoWC,0,NoSA,buservices,4,good,122,0.033,0.221,3,less250
32975,2007,9,1228.8655462184875,7.113846702619952,0,NoWC,0,NoSA,buservices,4,good,119,0.025,0.227,3,less250
32975,2008,10,1497.7079646017698,7.311691194872819,0,NoWC,0,NoSA,buservices,4,good,113,0.204,0.221,3,less250
32975,2009,11,1534.7339449541284,7.336112319235869,0,NoWC,0,NoSA,transcom,3,satisfactory,109,0.055,0.22,3,less250
32977,2012,14,1366.1157024793388,7.219726738212374,1,WC,0,NoSA,public,3,satisfactory,242,0.025,0.43,3,less250
32977,2013,15,1373.390557939914,7.225037821210209,1,WC,0,NoSA,public,3,satisfactory,233,0.009,0.343,3,less250
32977,2014,16,1379.9126637554584,7.229775489014809,1,WC,0,NoSA,public,2,sufficient,229,0.039,0.31,3,less250
32977,2015,17,2343.9880597014926,7.759609056699924,1,WC,0,NoSA,public,2,sufficient,335,0.03,0.325,4,more250
32977,2016,18,2297.817438692098,7.739715011689839,1,WC,0,NoSA,public,2,sufficient,367,0.046,0.425,4,more250
32977,2018,20,2499.640963855422,7.823902386084917,1,WC,0,NoSA,public,3,satisfactory,415,0.046,0.369,4,more250
32977,2019,21,1615.7975609756097,7.387583959560381,1,WC,0,NoSA,public,3,satisfactory,410,0.046,0.312,4,more250
32977,2021,23,1098.273159144893,7.001494369949642,1,WC,0,NoSA,public,2,sufficient,421,0.045,0.409,4,more250
33019,1998,0,1546.0619642857143,7.343466308735964,0,NoWC,0,NoSA,transcom,4,good,175,0.017,0.6,3,less250
33019,2000,2,1684.218351910828,7.429056849051682,0,NoWC,0,NoSA,transcom,4,good,157,0.051,0.605,3,less250
33019,2001,3,1641.7846623563219,7.403539137902154,0,NoWC,0,NoSA,transcom,4,good,174,0.017,0.621,3,less250
33019,2002,4,1835.025974025974,7.51481391517104,0,NoWC,0,NoSA,transcom,4,good,154,0.019,0.604,3,less250
33019,2003,5,2043.109589041096,7.622228234612999,1,WC,0,NoSA,transcom,3,satisfactory,146,0.027,0.596,3,less250
33019,2004,6,2073.055944055944,7.636779099074022,1,WC,0,NoSA,transcom,4,good,143,0.035,0.601,3,less250
33019,2005,7,2311.8344370860927,7.745796616971251,1,WC,0,NoSA,transcom,3,satisfactory,151,0.026,0.642,3,less250
33019,2006,8,1810.8039215686274,7.501526181214764,0,NoWC,0,NoSA,transcom,3,satisfactory,153,0.026,0.601,3,less250
33041,1998,0,2044.1920230263158,7.622757891640183,0,NoWC,0,NoSA,manufacturing,3,satisfactory,76,0.395,0.724,2,less100
33041,1999,1,2540.053668478261,7.839940489111512,0,NoWC,0,NoSA,manufacturing,3,satisfactory,92,0.38,0.859,2,less100
33041,2001,3,2207.6960746951218,7.699704750592615,0,NoWC,0,NoSA,construction,3,satisfactory,82,0.366,0.817,2,less100
33041,2002,4,1477.943925233645,7.298407161163012,0,NoWC,0,NoSA,construction,4,good,107,0.495,0.654,3,less250
33041,2005,7,1767.8333333333333,7.477509970277415,0,NoWC,0,NoSA,construction,3,satisfactory,96,0.312,0.833,2,less100
33041,2006,8,522.2323232323232,6.258112552534637,1,WC,0,NoSA,construction,3,satisfactory,99,0.455,0.838,2,less100
33041,2007,9,400.2352941176471,5.992052609459536,0,NoWC,0,NoSA,construction,3,satisfactory,102,0.294,0.833,3,less250
33041,2008,10,326.0761904761905,5.7871310671772,0,NoWC,0,NoSA,construction,3,satisfactory,105,0.381,0.819,3,less250
33041,2009,11,297.14814814814815,5.694230829749327,0,NoWC,0,NoSA,construction,4,good,108,0.278,0.806,3,less250
33041,2010,12,353.5263157894737,5.867957926100424,0,NoWC,0,NoSA,construction,3,satisfactory,114,0.263,0.842,3,less250
33041,2011,13,336.1261261261261,5.81748646490287,0,NoWC,0,NoSA,construction,3,satisfactory,111,0.315,0.811,3,less250
33041,2012,14,229.14018691588785,5.4343339861930335,0,NoWC,0,NoSA,construction,3,satisfactory,107,0.327,0.832,3,less250
33041,2013,15,122.30973451327434,4.806556634891686,0,NoWC,0,NoSA,construction,4,good,113,0.31,0.867,3,less250
33041,2014,16,131.01785714285714,4.875333627978845,0,NoWC,0,NoSA,construction,4,good,112,0.357,0.875,3,less250
33041,2016,18,198.66666666666666,5.29162837839724,0,NoWC,0,NoSA,construction,3,satisfactory,114,0.421,0.825,3,less250
33041,2017,19,286.9075630252101,5.6591600838291685,0,NoWC,0,NoSA,construction,3,satisfactory,119,0.311,0.874,3,less250
33041,2018,20,229.75652173913045,5.437020147075049,0,NoWC,0,NoSA,construction,3,satisfactory,115,0.461,0.843,3,less250
33041,2019,21,154.38636363636363,5.03945831527304,0,NoWC,0,NoSA,construction,1,unsatisfactory,132,0.326,0.795,3,less250
33041,2020,22,149.7391304347826,5.008894649618472,0,NoWC,0,NoSA,wholesretail,3,satisfactory,138,0.362,0.797,3,less250
33077,2012,14,768.66,6.6446487390963975,1,WC,0,NoSA,health,5,very good,50,0.02,0.94,1,less50
33077,2013,15,1012.8823529411765,6.92055536022997,1,WC,0,NoSA,health,4,good,51,0.02,0.745,2,less100
33077,2014,16,783.2777777777778,6.663487393969197,1,WC,0,NoSA,health,4,good,54,0.019,0.852,2,less100
33077,2017,19,1721.878787878788,7.451171292195869,1,WC,0,NoSA,edu,5,very good,33,0.03,0.758,1,less50
33099,2012,14,2603.149606299213,7.86447737791047,0,NoWC,0,NoSA,wholesretail,4,good,127,0.882,0.661,3,less250
33099,2016,18,4993.748344370861,8.515942077974277,0,NoWC,0,NoSA,wholesretail,2,sufficient,151,0.947,0.801,3,less250
33099,2017,19,4741.085526315789,8.464021402460094,0,NoWC,0,NoSA,wholesretail,3,satisfactory,152,0.816,0.809,3,less250
33099,2018,20,4682.136363636364,8.451509772709251,0,NoWC,0,NoSA,wholesretail,3,satisfactory,154,0.961,0.805,3,less250
33119,2013,15,2000,7.600902459542082,0,NoWC,0,NoSA,manufacturing,4,good,160,0.144,0.713,3,less250
33119,2014,16,1587.9396984924624,7.370192667844557,0,NoWC,0,NoSA,manufacturing,4,good,199,0.116,0.698,3,less250
33119,2015,17,2557.4210526315787,7.846754628388066,0,NoWC,1,SA,manufacturing,2,sufficient,209,0.105,0.77,3,less250
33119,2016,18,4035.812227074236,8.302962855880358,0,NoWC,0,NoSA,manufacturing,1,unsatisfactory,229,0.087,0.773,3,less250
33146,2014,16,781.2173913043479,6.660853461049075,1,WC,0,NoSA,transcom,2,sufficient,115,0.07,0.026,3,less250
33146,2015,17,862.3917525773196,6.759709636771016,1,WC,0,NoSA,transcom,4,good,97,0.082,0.031,2,less100
33146,2016,18,1871.2745098039215,7.534375033739667,1,WC,0,NoSA,transcom,5,very good,51,0.176,0.059,2,less100
33146,2017,19,2403.469387755102,7.784668550724968,1,WC,0,NoSA,transcom,5,very good,49,0.612,0.082,1,less50
33146,2018,20,1752.5357142857142,7.468818997751431,1,WC,0,NoSA,transcom,3,satisfactory,56,0.518,0.107,2,less100
33146,2020,22,997.1818181818181,6.904933118612964,1,WC,0,NoSA,resthotels,4,good,55,0.091,0.2,2,less100
33146,2021,23,855.4107142857143,6.751581721182818,1,WC,0,NoSA,resthotels,4,good,56,0.607,0.089,2,less100
33148,2015,17,2766.730769230769,7.925421674449652,1,WC,0,NoSA,wholesretail,2,sufficient,26,0.115,0.5,1,less50
33148,2019,21,1651.5714285714287,7.409482494620009,1,WC,0,NoSA,wholesretail,3,satisfactory,28,0.143,0.5,1,less50
33148,2020,22,1853.4285714285713,7.524792484717687,1,WC,0,NoSA,wholesretail,3,satisfactory,28,0.143,0.5,1,less50
33148,2021,23,2316.5,7.747812704856703,1,WC,0,NoSA,wholesretail,3,satisfactory,24,0.167,0.542,1,less50
33227,2009,11,465.23196881091616,6.142536138857126,1,WC,0,NoSA,health,4,good,513,0.047,0.589,4,more250
33227,2010,12,348.30555555555554,5.853080127734428,1,WC,0,NoSA,health,1,unsatisfactory,504,0.042,0.55,4,more250
33227,2012,14,685.8921161825726,6.530720350318461,1,WC,0,NoSA,health,3,satisfactory,482,0.087,0.55,4,more250
33249,2003,5,1027.2978723404256,6.934687209102021,1,WC,0,NoSA,buservices,4,good,47,0.021,0.255,1,less50
33249,2019,21,1882.3859649122808,7.540295381431405,1,WC,0,NoSA,manufacturing,4,good,57,0.018,0.211,2,less100
33249,2020,22,1365.6,7.219349171480231,1,WC,0,NoSA,manufacturing,4,good,55,0.018,0.2,2,less100
33252,2009,11,1255.2574850299402,7.1350959978764745,1,WC,0,NoSA,manufacturing,1,unsatisfactory,167,0.018,0.533,3,less250
33252,2010,12,1384.9651162790697,7.233430231502131,1,WC,0,NoSA,manufacturing,3,satisfactory,172,0.017,0.552,3,less250
33252,2011,13,1546.9197530864199,7.344020976626744,1,WC,0,NoSA,manufacturing,4,good,162,0.019,0.506,3,less250
33289,2001,3,2465.270302547771,7.8100567366709805,0,NoWC,0,NoSA,manufacturing,3,satisfactory,157,0.032,0.49,3,less250
33289,2002,4,2431.135802469136,7.796113835556816,0,NoWC,0,NoSA,manufacturing,2,sufficient,162,0.043,0.463,3,less250
33289,2003,5,2464.9939759036147,7.809944642621315,0,NoWC,0,NoSA,manufacturing,4,good,166,0.042,0.452,3,less250
33289,2004,6,2840.909090909091,7.951879382366177,0,NoWC,0,NoSA,manufacturing,4,good,176,0.091,0.324,3,less250
33289,2005,7,1209.967741935484,7.098348978677963,0,NoWC,0,NoSA,manufacturing,4,good,186,0.113,0.565,3,less250
33292,2001,3,3640.19375,8.199792187236204,0,NoWC,0,NoSA,health,3,satisfactory,60,0.8,0.133,2,less100
33292,2002,4,4625.464285714285,8.439332031008565,0,NoWC,0,NoSA,health,3,satisfactory,56,0.321,0.125,2,less100
33292,2003,5,4194.958333333333,8.341638686392702,0,NoWC,0,NoSA,health,3,satisfactory,48,0.771,0.104,1,less50
33292,2004,6,3122.8852459016393,8.046512611779805,0,NoWC,0,NoSA,health,3,satisfactory,61,0.623,0.082,2,less100
33292,2005,7,3079.065573770492,8.032381444797588,0,NoWC,0,NoSA,health,3,satisfactory,61,0.279,0.082,2,less100
33294,2013,15,1518.4642857142858,7.325454764758631,1,WC,0,NoSA,buservices,3,satisfactory,28,0.179,0.5,1,less50
33294,2014,16,1764.7931034482758,7.4757887406540435,1,WC,0,NoSA,buservices,3,satisfactory,29,0.345,0.483,1,less50
33294,2015,17,1724.4516129032259,7.452664373359427,1,WC,0,NoSA,buservices,4,good,31,0.226,0.645,1,less50
33294,2016,18,1858.1,7.527309739238709,1,WC,0,NoSA,buservices,3,satisfactory,30,0.367,0.6,1,less50
33294,2020,22,2752.064516129032,7.920106642139284,1,WC,0,NoSA,buservices,4,good,31,0.161,0.452,1,less50
33299,2013,15,4000,8.294049640102028,0,NoWC,0,NoSA,health,2,sufficient,80,0.65,0.838,2,less100
33299,2014,16,4000,8.294049640102028,0,NoWC,0,NoSA,health,4,good,79,0.57,0.848,2,less100
33299,2015,17,8213.723684210527,9.01356165433667,0,NoWC,0,NoSA,health,2,sufficient,76,0.513,0.855,2,less100
33299,2016,18,10213.653333333334,9.231480666288283,0,NoWC,0,NoSA,health,2,sufficient,75,0.413,0.893,2,less100
33299,2017,19,8610.441558441558,9.06073088047862,0,NoWC,0,NoSA,health,1,unsatisfactory,77,0.455,0.792,2,less100
33299,2018,20,8394.528735632184,9.035335431620535,0,NoWC,0,NoSA,health,3,satisfactory,87,0.54,0.828,2,less100
33299,2019,21,8511.046511627907,9.04912018834605,0,NoWC,0,NoSA,health,4,good,86,0.558,0.837,2,less100
33299,2020,22,8789.67901234568,9.08133347264563,0,NoWC,0,NoSA,buservices,2,sufficient,81,0.481,0.852,2,less100
33321,1998,0,2705.248015873016,7.902948875015769,0,NoWC,0,NoSA,public,4,good,378,0.048,0.222,4,more250
33321,1999,1,2368.381982288828,7.769962293083011,0,NoWC,0,NoSA,public,4,good,367,0.052,0.24,4,more250
33321,2000,2,1738.392361111111,7.460716034725888,0,NoWC,0,NoSA,public,4,good,360,0.056,0.242,4,more250
33321,2001,3,1728.373801369863,7.454936246207342,0,NoWC,0,NoSA,public,4,good,365,0.06,0.238,4,more250
33331,2013,15,537.8151260504202,6.28751486923028,0,NoWC,0,NoSA,finance,4,good,595,0.057,0.232,4,more250
33331,2014,16,592.8705440900563,6.384976068403205,0,NoWC,0,NoSA,finance,4,good,533,0.064,0.259,4,more250
33331,2015,17,1866.4019607843138,7.531767771276918,0,NoWC,0,NoSA,finance,4,good,510,0.063,0.271,4,more250
33331,2016,18,1641.6915422885572,7.40348241748636,0,NoWC,0,NoSA,finance,4,good,603,0.038,0.227,4,more250
33334,2002,4,645.7519379844962,6.470415433108878,0,NoWC,1,SA,manufacturing,2,sufficient,129,0.225,0.736,3,less250
33334,2003,5,884.7426470588235,6.785296808435258,0,NoWC,1,SA,manufacturing,3,satisfactory,136,0.096,0.868,3,less250
33334,2004,6,1937.4406779661017,7.56912314293482,0,NoWC,1,SA,manufacturing,5,very good,118,0.068,0.89,3,less250
33352,2007,9,4689.92,8.453170803725547,1,WC,0,NoSA,health,5,very good,50,0.06,0.76,1,less50
33352,2008,10,3973.5833333333335,8.287423569434972,1,WC,0,NoSA,health,4,good,72,0.125,0.75,2,less100
33352,2009,11,2630.439024390244,7.874906040666592,1,WC,0,NoSA,health,4,good,82,0.037,0.732,2,less100
33352,2010,12,2498.2954545454545,7.82336396013075,1,WC,0,NoSA,health,4,good,88,0.034,0.636,2,less100
33352,2011,13,2419.548387096774,7.7913361848334715,1,WC,0,NoSA,health,4,good,93,0.043,0.71,2,less100
33371,2010,12,2489.09375,7.819673967387465,1,WC,0,NoSA,health,2,sufficient,32,0.375,0.156,1,less50
33371,2011,13,5016.380952380952,8.520464026873263,1,WC,0,NoSA,health,2,sufficient,21,0.476,0.048,1,less50
33371,2012,14,2501.375,7.824595859661728,1,WC,1,SA,health,3,satisfactory,40,0.425,0.075,1,less50
33415,2014,16,3496.242424242424,8.159444077690061,0,NoWC,0,NoSA,resthotels,4,good,33,0.152,0.03,1,less50
33415,2017,19,2575.3636363636365,7.8537460211328085,0,NoWC,0,NoSA,resthotels,5,very good,44,0.159,0.023,1,less50
33415,2018,20,1785.5777777777778,7.487497326868609,0,NoWC,0,NoSA,resthotels,4,good,45,0.067,0.067,1,less50
33415,2019,21,2575.3695652173915,7.853748323272532,0,NoWC,0,NoSA,resthotels,4,good,46,0.065,0.065,1,less50
33415,2020,22,1404.75,7.247614629992308,0,NoWC,0,NoSA,finance,4,good,44,0.068,0.068,1,less50
33415,2021,23,1560.1521739130435,7.352538642866302,0,NoWC,0,NoSA,finance,4,good,46,0.065,0.087,1,less50
33421,2000,2,729.3152669270834,6.59210610344321,1,WC,0,NoSA,wholesretail,2,sufficient,48,0.083,0.167,1,less50
33421,2001,3,950.3455038265306,6.856825606714503,1,WC,0,NoSA,wholesretail,1,unsatisfactory,49,0.286,0.143,1,less50
33421,2002,4,1667.6326530612246,7.419160326686386,1,WC,0,NoSA,wholesretail,2,sufficient,49,0.163,0.143,1,less50
33435,2009,11,536.4157303370787,6.28490947673644,0,NoWC,0,NoSA,public,5,very good,89,0.225,0.045,2,less100
33435,2010,12,895.15,6.796991301997282,0,NoWC,0,NoSA,public,5,very good,80,0.262,0.062,2,less100
33435,2011,13,1383.8115942028985,7.232596995554614,0,NoWC,0,NoSA,public,4,good,69,0.319,0.101,2,less100
33435,2012,14,2269.6721311475408,7.727390664425797,0,NoWC,0,NoSA,public,2,sufficient,61,0.492,0.082,2,less100
33435,2015,17,2690.8727272727274,7.897620853908959,0,NoWC,0,NoSA,public,1,unsatisfactory,55,0.473,0.073,2,less100
33435,2018,20,2882.490566037736,7.966409979297524,0,NoWC,0,NoSA,public,3,satisfactory,53,0.472,0.019,2,less100
33435,2019,21,1909.6545454545455,7.554677638428237,0,NoWC,0,NoSA,public,1,unsatisfactory,55,0.455,0.018,2,less100
33435,2020,22,3536.568181818182,8.17091209575243,0,NoWC,0,NoSA,public,4,good,44,0.591,0.023,1,less50
33435,2021,23,3400.813953488372,8.131770080037919,0,NoWC,0,NoSA,public,5,very good,43,0.512,0.07,1,less50
33452,2003,5,1236.391304347826,7.119952177192001,1,WC,0,NoSA,buservices,2,sufficient,23,0.174,0.261,1,less50
33452,2004,6,2146.0434782608695,7.67138118312561,1,WC,0,NoSA,buservices,4,good,23,0.217,0.304,1,less50
33452,2005,7,2207.8695652173915,7.6997833319280575,1,WC,0,NoSA,buservices,4,good,23,0.174,0.304,1,less50
33452,2006,8,1015.6,6.923234849830523,1,WC,0,NoSA,buservices,4,good,25,0.04,0.6,1,less50
33452,2007,9,2031.24,7.616401722989006,1,WC,0,NoSA,buservices,4,good,25,0.08,0.32,1,less50
33454,2003,5,429.2040816326531,6.061932520573052,1,WC,0,NoSA,construction,4,good,49,0.041,0.102,1,less50
33454,2005,7,566.2307692307693,6.3390017145971695,1,WC,0,NoSA,construction,2,sufficient,39,0.051,0.128,1,less50
33454,2006,8,852.6216216216217,6.748315863640831,1,WC,1,SA,construction,4,good,37,0.081,0.135,1,less50
33454,2007,9,856.2857142857143,6.752604098821295,1,WC,0,NoSA,construction,4,good,35,0.086,0.2,1,less50
33454,2008,10,716.6739130434783,6.574620943625939,1,WC,1,SA,construction,4,good,46,0.891,0.109,1,less50
33454,2009,11,881.8863636363636,6.782063208291727,1,WC,0,NoSA,construction,3,satisfactory,44,0.068,0.068,1,less50
33454,2010,12,793.5957446808511,6.676574193910989,1,WC,0,NoSA,construction,4,good,47,0.851,0.106,1,less50
33459,1998,0,10833.632142857143,9.290410661686913,0,NoWC,0,NoSA,construction,2,sufficient,35,0.114,0.343,1,less50
33459,1999,1,13845.134615384615,9.53568915859027,0,NoWC,0,NoSA,construction,3,satisfactory,26,0.192,0.308,1,less50
33459,2000,2,12230.503348214286,9.411688384679293,0,NoWC,0,NoSA,construction,2,sufficient,28,0.179,0.286,1,less50
33459,2001,3,11208.524193548386,9.324429856511722,0,NoWC,0,NoSA,construction,1,unsatisfactory,31,0.129,0.194,1,less50
33459,2002,4,9201.212121212122,9.127090506664224,0,NoWC,0,NoSA,construction,1,unsatisfactory,33,0.152,0.242,1,less50
33459,2003,5,7933.742857142857,8.978880190307416,0,NoWC,0,NoSA,construction,2,sufficient,35,0.114,0.314,1,less50
33459,2004,6,7035.5,8.85872404022831,0,NoWC,0,NoSA,construction,1,unsatisfactory,36,0.111,0.222,1,less50
33477,2017,19,2020.32,7.61101119369037,0,NoWC,0,NoSA,transcom,5,very good,25,0.8,0,1,less50
33477,2018,20,2623.785714285714,7.872373482966247,0,NoWC,0,NoSA,transcom,5,very good,28,0.679,0.036,1,less50
33477,2019,21,2693.766666666667,7.898695740994557,0,NoWC,0,NoSA,transcom,4,good,30,0.6,0.033,1,less50
33477,2020,22,2029.1935483870968,7.615393726300085,0,NoWC,0,NoSA,transcom,5,very good,31,0.645,0.032,1,less50
33477,2021,23,1729.5,7.4555876283772236,0,NoWC,0,NoSA,transcom,4,good,30,0.633,0.033,1,less50
33528,2006,8,3565.5416666666665,8.179071261465612,0,NoWC,0,NoSA,wholesretail,3,satisfactory,24,0.042,0.042,1,less50
33528,2007,9,3968.9583333333335,8.286258954701589,0,NoWC,0,NoSA,wholesretail,4,good,24,0.083,0,1,less50
33528,2009,11,4479.142857142857,8.407186980573163,0,NoWC,0,NoSA,wholesretail,4,good,21,0.048,0,1,less50
33528,2010,12,3722.285714285714,8.222093197900756,0,NoWC,0,NoSA,wholesretail,4,good,21,0.048,0,1,less50
33529,2017,19,1637.5142857142857,7.400934691571679,1,WC,0,NoSA,edu,4,good,35,0.057,0.686,1,less50
33529,2018,20,947.1864406779661,6.853495948864658,1,WC,0,NoSA,edu,3,satisfactory,59,0.051,0.458,2,less100
33529,2019,21,642.9420289855072,6.466054563074479,1,WC,0,NoSA,edu,2,sufficient,69,0.058,0.42,2,less100
33553,2005,7,835.9594813614262,6.728580144639104,0,NoWC,1,SA,manufacturing,4,good,617,0.162,0.274,4,more250
33553,2006,8,776.02523659306,6.654185041037219,0,NoWC,1,SA,manufacturing,3,satisfactory,634,0.166,0.306,4,more250
33553,2007,9,632.3915756630265,6.449508784030628,0,NoWC,1,SA,manufacturing,3,satisfactory,641,0.186,0.275,4,more250
33553,2008,10,651.2526132404181,6.478897605712759,0,NoWC,1,SA,manufacturing,3,satisfactory,574,0.085,0.282,4,more250
33565,2007,9,1885.84375,7.542130612465511,1,WC,1,SA,health,4,good,96,0.021,0.146,2,less100
33565,2008,10,1828.6969696969697,7.511358953798758,1,WC,0,NoSA,health,4,good,99,0.02,0.152,2,less100
33565,2009,11,1256.5054945054944,7.136089729839581,1,WC,0,NoSA,health,4,good,91,0.022,0.143,2,less100
33565,2010,12,1088.9714285714285,6.992988886198908,1,WC,0,NoSA,health,4,good,105,0.019,0.143,3,less250
33565,2011,13,1420.7589285714287,7.258946464564613,1,WC,0,NoSA,health,5,very good,112,0.018,0.125,3,less250
33565,2012,14,1552.4827586206898,7.347610708187635,1,WC,0,NoSA,health,4,good,116,0.017,0.121,3,less250
33565,2013,15,858.4234234234234,6.755097478250142,1,WC,0,NoSA,health,3,satisfactory,111,0.036,0.18,3,less250
33565,2014,16,1387.6407766990292,7.235360301157788,1,WC,0,NoSA,health,5,very good,103,0.019,0.184,3,less250
33565,2015,17,1924.939393939394,7.562649762558416,1,WC,0,NoSA,health,3,satisfactory,99,0.02,0.212,2,less100
33565,2016,18,1588.0833333333333,7.370283117340375,1,WC,0,NoSA,health,5,very good,96,0.021,0.219,2,less100
33565,2017,19,2008.450980392157,7.605119047423414,1,WC,0,NoSA,health,4,good,102,0.029,0.235,3,less250
33565,2018,20,1588.0761904761905,7.370278619545419,1,WC,0,NoSA,health,4,good,105,0.038,0.229,3,less250
33565,2019,21,1801.7454545454545,7.496511171001565,1,WC,0,NoSA,health,2,sufficient,110,0.027,0.227,3,less250
33565,2020,22,1924.0192307692307,7.562171626378003,1,WC,0,NoSA,health,2,sufficient,104,0.048,0.202,3,less250
33565,2021,23,1585.1909090909091,7.3684601264341465,1,WC,0,NoSA,health,1,unsatisfactory,110,0.027,0.2,3,less250
33567,2013,15,4860.358490566037,8.488867477665101,1,WC,0,NoSA,transcom,4,good,53,0.981,0.302,2,less100
33567,2015,17,978.9122807017544,6.886442037598595,1,WC,0,NoSA,transcom,4,good,57,0.982,0.316,2,less100
33567,2018,20,729.3725490196078,6.592184642650746,1,WC,0,NoSA,transcom,3,satisfactory,51,0.961,0.353,2,less100
33587,1998,0,832.0453620829943,6.723886961069321,0,NoWC,0,NoSA,finance,4,good,1229,0.015,0.124,4,more250
33587,1999,1,671.1939671814672,6.509058167003943,0,NoWC,0,NoSA,finance,3,satisfactory,1295,0.011,0.189,4,more250
33587,2000,2,539.5010775862069,6.290644782075633,0,NoWC,0,NoSA,finance,3,satisfactory,1160,0.02,0.254,4,more250
33587,2002,4,606.060606060606,6.406979991069647,0,NoWC,0,NoSA,finance,4,good,924,0.029,0.305,4,more250
33589,2002,4,1320.9615384615386,7.1861151886265,0,NoWC,0,NoSA,mining,3,satisfactory,26,0.115,0.577,1,less50
33589,2003,5,1609.9545454545455,7.383961224943032,0,NoWC,0,NoSA,mining,1,unsatisfactory,22,0.182,0.455,1,less50
33589,2004,6,900.1935483870968,6.802609793967006,0,NoWC,0,NoSA,mining,3,satisfactory,31,0.097,0.677,1,less50
33589,2005,7,1633.2608695652175,7.398333828874112,0,NoWC,0,NoSA,mining,2,sufficient,23,0.087,0.565,1,less50
33610,1999,1,1548.1796875,7.344835124609618,0,NoWC,0,NoSA,edu,3,satisfactory,42,0.643,0.548,1,less50
33610,2000,2,2753.938419117647,7.920787318514869,0,NoWC,0,NoSA,edu,3,satisfactory,34,0.794,0.676,1,less50
33610,2011,13,2797.85,7.9366065440671445,0,NoWC,0,NoSA,edu,3,satisfactory,40,0.975,0.6,1,less50
33610,2014,16,2779.243902439024,7.929934192152165,0,NoWC,0,NoSA,edu,3,satisfactory,41,0.976,0.585,1,less50
33610,2015,17,3333.7441860465115,8.111851331526653,0,NoWC,0,NoSA,edu,3,satisfactory,43,0.884,0.558,1,less50
33610,2016,18,2107.4761904761904,7.653246392291999,0,NoWC,0,NoSA,edu,3,satisfactory,42,0.714,0.548,1,less50
33610,2017,19,3210.0731707317073,8.074049010484737,0,NoWC,0,NoSA,edu,4,good,41,0.683,0.561,1,less50
33610,2018,20,1821.860465116279,7.50761349152626,0,NoWC,0,NoSA,edu,4,good,43,0.814,0.512,1,less50
33610,2020,22,1832.5384615384614,7.513457422101784,0,NoWC,0,NoSA,buservices,4,good,39,0.487,0.538,1,less50
33610,2021,23,1642.341463414634,7.403878224187104,0,NoWC,0,NoSA,buservices,3,satisfactory,41,0.439,0.537,1,less50
33666,2013,15,874.3169398907104,6.773442941374543,1,WC,1,SA,public,5,very good,366,0.235,0.656,4,more250
33666,2015,17,4486.734513274337,8.408880436245623,1,WC,1,SA,public,4,good,339,0.298,0.676,4,more250
33666,2016,18,4908.956043956044,8.498816579843192,1,WC,1,SA,public,4,good,364,0.247,0.624,4,more250
33666,2017,19,4407.713498622589,8.391111352945158,1,WC,1,SA,public,4,good,363,0.245,0.631,4,more250
33666,2018,20,5337.078651685393,8.582433713284638,1,WC,1,SA,public,4,good,356,0.25,0.638,4,more250
33666,2019,21,5016.161202185793,8.520420219393204,1,WC,1,SA,public,4,good,366,0.224,0.642,4,more250
33666,2020,22,5710.037533512064,8.649980875923035,1,WC,1,SA,art,4,good,373,0.247,0.643,4,more250
33674,2002,4,1179.6923076923076,7.073008927263944,1,WC,0,NoSA,buservices,4,good,26,0.808,0.538,1,less50
33674,2004,6,1234.6666666666667,7.11855630709796,1,WC,0,NoSA,buservices,1,unsatisfactory,27,0.741,0.444,1,less50
33674,2005,7,980.475,6.888037148116034,1,WC,0,NoSA,buservices,1,unsatisfactory,40,0.6,0.75,1,less50
33674,2006,8,960.6818181818181,6.867643259642574,1,WC,0,NoSA,buservices,4,good,44,0.545,0.5,1,less50
33674,2007,9,919.2083333333334,6.823512792347818,1,WC,0,NoSA,buservices,4,good,48,0.438,0.625,1,less50
33674,2008,10,1050.517857142857,6.957038518848677,1,WC,0,NoSA,buservices,4,good,56,0.357,0.339,2,less100
33674,2009,11,1144.7307692307693,7.04292475229653,1,WC,0,NoSA,transcom,4,good,52,0.423,0.596,2,less100
33685,2010,12,1143.6944444444443,7.0420190422466895,1,WC,0,NoSA,buservices,4,good,36,0.028,0.611,1,less50
33685,2011,13,923,6.827629234502852,0,NoWC,0,NoSA,buservices,3,satisfactory,45,0.022,0.778,1,less50
33685,2012,14,803.625,6.689132742461851,1,WC,0,NoSA,buservices,4,good,48,0.021,0.604,1,less50
33688,2010,12,485.6818181818182,6.185553714394932,1,WC,0,NoSA,public,4,good,22,0.273,0.682,1,less50
33688,2011,13,511.72727272727275,6.237791812665656,1,WC,0,NoSA,public,3,satisfactory,22,0.273,0.5,1,less50
33688,2012,14,1244.4347826086957,7.126436715941671,1,WC,0,NoSA,public,2,sufficient,23,0.261,0.565,1,less50
33688,2013,15,1362.952380952381,7.217408494147398,0,NoWC,0,NoSA,public,3,satisfactory,21,0.286,0.571,1,less50
33688,2014,16,1170.909090909091,7.0655357268599746,0,NoWC,0,NoSA,public,4,good,22,0.227,0.5,1,less50
33697,2013,15,1003.1347962382445,6.9108851719910644,0,NoWC,1,SA,buservices,3,satisfactory,319,0.157,0.041,4,more250
33697,2014,16,1006.3694267515923,6.914104506660796,0,NoWC,1,SA,buservices,3,satisfactory,314,0.245,0.029,4,more250
33697,2015,17,1801.2452229299363,7.4962334952241285,0,NoWC,1,SA,buservices,4,good,314,0.197,0.061,4,more250
33697,2016,18,2118.2006269592475,7.658322246396328,0,NoWC,1,SA,buservices,4,good,319,0.194,0.063,4,more250
33697,2017,19,2135.5636363636363,7.666485889118092,0,NoWC,1,SA,buservices,4,good,330,0.639,0.061,4,more250
33701,2015,17,2210.014705882353,7.700754448735068,1,WC,0,NoSA,health,3,satisfactory,68,0.235,0.176,2,less100
33701,2016,18,1878.5058823529412,7.538231996418725,1,WC,0,NoSA,health,3,satisfactory,85,0.176,0.141,2,less100
33701,2019,21,1261.2,7.139818927670905,1,WC,0,NoSA,health,3,satisfactory,80,0.925,0.188,2,less100
33701,2020,22,1303.2469135802469,7.172614055396991,1,WC,0,NoSA,edu,3,satisfactory,81,0.914,0.16,2,less100
33712,1998,0,2736.121173469388,7.914296566310485,1,WC,0,NoSA,manufacturing,3,satisfactory,49,0.286,0.918,1,less50
33712,1999,1,2793.1236979166665,7.934915853513221,1,WC,0,NoSA,manufacturing,4,good,48,0.292,0.854,1,less50
33712,2000,2,2681.39875,7.8940938589929655,1,WC,0,NoSA,manufacturing,4,good,50,0.3,0.88,1,less50
33712,2001,3,3003.165,8.00742201152885,1,WC,0,NoSA,manufacturing,2,sufficient,50,0.42,0.88,1,less50
33712,2002,4,2563.911111111111,7.849289149386221,1,WC,0,NoSA,manufacturing,1,unsatisfactory,45,0.511,0.933,1,less50
33764,2012,14,4684.473684210527,8.452008847745093,0,NoWC,0,NoSA,transcom,4,good,38,0.842,0.105,1,less50
33764,2013,15,3450.2448979591836,8.146200492421801,0,NoWC,0,NoSA,transcom,4,good,49,0.816,0.102,1,less50
33764,2015,17,2651.152777777778,7.882749834872819,0,NoWC,0,NoSA,transcom,4,good,72,0.667,0.069,2,less100
33816,2013,15,5714.285714285715,8.650724584040761,1,WC,0,NoSA,manufacturing,3,satisfactory,56,0.018,0.161,2,less100
33816,2017,19,4974.575757575758,8.512095371097441,0,NoWC,0,NoSA,manufacturing,2,sufficient,66,0.015,0.273,2,less100
33816,2018,20,2081.753623188406,7.640965905567594,0,NoWC,0,NoSA,manufacturing,1,unsatisfactory,69,0.014,0.232,2,less100
33816,2019,21,1738.513888888889,7.46078594042313,0,NoWC,0,NoSA,manufacturing,2,sufficient,72,0.014,0.208,2,less100
33824,2016,18,2170.25,7.682597647271917,1,WC,0,NoSA,transcom,3,satisfactory,36,0.611,0.861,1,less50
33824,2017,19,2056.0263157894738,7.6285304260016416,1,WC,0,NoSA,transcom,4,good,38,0.553,0.842,1,less50
33824,2018,20,1709.075,7.443707567465707,1,WC,0,NoSA,transcom,4,good,40,0.45,0.775,1,less50
33824,2019,21,2929.8333333333335,7.982700817571836,1,WC,0,NoSA,transcom,4,good,30,0.833,0.9,1,less50
33833,2018,20,1266.3686868686868,7.143908782162471,0,NoWC,0,NoSA,manufacturing,4,good,198,0.803,0.641,3,less250
33833,2019,21,1535.565,7.33665367047304,0,NoWC,0,NoSA,manufacturing,4,good,200,0.875,0.695,3,less250
33833,2021,23,1830.153284671533,7.512155004443208,0,NoWC,0,NoSA,manufacturing,4,good,274,0.394,0.675,4,more250
33845,2006,8,1110.609480812641,7.01266422542931,0,NoWC,0,NoSA,buservices,4,good,443,0.07,0.515,4,more250
33845,2007,9,912.9797297297297,6.816713678519074,0,NoWC,0,NoSA,buservices,4,good,444,0.086,0.459,4,more250
33845,2008,10,803.9118279569892,6.689489596444969,0,NoWC,1,SA,buservices,3,satisfactory,465,0.084,0.499,4,more250
33845,2009,11,737.1794871794872,6.60283140009585,0,NoWC,1,SA,buservices,3,satisfactory,468,0.083,0.5,4,more250
33845,2010,12,557.37339055794,6.323235375404454,0,NoWC,1,SA,buservices,3,satisfactory,466,0.092,0.502,4,more250
33845,2011,13,590.204081632653,6.380468378162075,0,NoWC,0,NoSA,buservices,4,good,490,0.088,0.52,4,more250
33857,2009,11,699.7971602434077,6.550790521970806,0,NoWC,0,NoSA,finance,2,sufficient,493,0.16,0.558,4,more250
33857,2010,12,567.1091703056769,6.340551825415915,0,NoWC,0,NoSA,finance,1,unsatisfactory,458,0.434,0.605,4,more250
33857,2011,13,693.5251798561151,6.541787547467945,0,NoWC,0,NoSA,finance,1,unsatisfactory,417,0.496,0.729,4,more250
33857,2012,14,792.8057553956835,6.67557824257026,0,NoWC,0,NoSA,finance,1,unsatisfactory,417,0.6,0.791,4,more250
33857,2013,15,824.7422680412371,6.715070935152636,0,NoWC,0,NoSA,finance,1,unsatisfactory,388,0.649,0.794,4,more250
33865,2001,3,5345.518518518518,8.584013828766798,0,NoWC,0,NoSA,manufacturing,5,very good,27,0.111,0.667,1,less50
33865,2002,4,10152.52,9.22547722951665,1,WC,0,NoSA,manufacturing,5,very good,25,0.08,0.72,1,less50
33865,2003,5,8188.392857142857,9.01047292525194,1,WC,0,NoSA,manufacturing,4,good,28,0.071,0.75,1,less50
33865,2005,7,6976.5161290322585,8.850304949238463,1,WC,0,NoSA,manufacturing,5,very good,31,0.065,0.806,1,less50
33865,2006,8,8236.74074074074,9.016360003484234,1,WC,0,NoSA,manufacturing,5,very good,27,0.333,0.741,1,less50
33865,2007,9,7961.451612903225,8.982366625642292,1,WC,0,NoSA,manufacturing,4,good,31,0.258,0.806,1,less50
33865,2008,10,8773.148148148148,9.079450988814498,1,WC,0,NoSA,manufacturing,4,good,27,0.296,0.815,1,less50
33875,2003,5,2593.4774774774774,7.860754909534537,1,WC,0,NoSA,manufacturing,3,satisfactory,111,0.261,0.64,3,less250
33875,2004,6,2330.8828828828828,7.754002394480034,1,WC,0,NoSA,manufacturing,4,good,111,0.279,0.667,3,less250
33875,2005,7,2990.828828828829,8.003305828249035,1,WC,0,NoSA,manufacturing,5,very good,111,0.153,0.667,3,less250
33892,2003,5,2532.5666666666666,7.836988560225188,1,WC,0,NoSA,wholesretail,3,satisfactory,30,0.067,0.9,1,less50
33892,2004,6,2325.8285714285716,7.751831629343026,1,WC,0,NoSA,wholesretail,1,unsatisfactory,35,0.2,0.857,1,less50
33892,2005,7,2933.4594594594596,7.983937708416818,1,WC,0,NoSA,wholesretail,2,sufficient,37,0.162,0.865,1,less50
33897,2013,15,866.2,6.764115828780526,1,WC,0,NoSA,transcom,3,satisfactory,30,0.133,0.133,1,less50
33897,2014,16,1856.1666666666667,7.526268708165045,1,WC,0,NoSA,transcom,4,good,30,0.167,0.133,1,less50
33897,2015,17,898.1612903225806,6.800349662778356,1,WC,0,NoSA,transcom,3,satisfactory,31,0.194,0.129,1,less50
33909,2018,20,2085.4117647058824,7.642721603802072,1,WC,0,NoSA,manufacturing,3,satisfactory,34,0.088,0.647,1,less50
33909,2019,21,2014.5714285714287,7.6081617612236725,1,WC,0,NoSA,manufacturing,2,sufficient,35,0.057,0.743,1,less50
33909,2020,22,2353.1612903225805,7.763514933051576,1,WC,0,NoSA,manufacturing,3,satisfactory,31,0.097,0.581,1,less50
33918,1998,0,2631.8006552419356,7.875423550687032,0,NoWC,0,NoSA,health,3,satisfactory,31,0.097,0.968,1,less50
33918,2000,2,2744.629825367647,7.9174014907034165,0,NoWC,0,NoSA,health,3,satisfactory,34,0.118,0.971,1,less50
33918,2001,3,2352.529181985294,7.763246276052223,0,NoWC,0,NoSA,health,2,sufficient,34,0.118,0.912,1,less50
33918,2002,4,2186.7741935483873,7.690182765939865,0,NoWC,0,NoSA,health,2,sufficient,31,0.129,0.903,1,less50
33924,2009,11,1078.078947368421,6.98293598382303,0,NoWC,0,NoSA,construction,4,good,38,0.316,0.921,1,less50
33924,2010,12,1107.2162162162163,7.0096042309051905,0,NoWC,0,NoSA,construction,4,good,37,0.216,0.919,1,less50
33924,2011,13,999.1951219512196,6.906950076845107,0,NoWC,0,NoSA,construction,4,good,41,0.195,0.927,1,less50
33925,2017,19,5158.195804195804,8.548342146984021,0,NoWC,0,NoSA,manufacturing,4,good,286,0.755,0.517,4,more250
33925,2018,20,4716.175159235669,8.458753402450924,0,NoWC,0,NoSA,manufacturing,3,satisfactory,314,0.793,0.576,4,more250
33925,2019,21,4141.286173633441,8.328761688531209,0,NoWC,0,NoSA,manufacturing,2,sufficient,311,0.82,0.566,4,more250
33925,2020,22,4847.054794520548,8.486126540613444,0,NoWC,0,NoSA,manufacturing,2,sufficient,292,0.962,0.568,4,more250
33925,2021,23,4531.606617647059,8.418831817331716,0,NoWC,0,NoSA,manufacturing,4,good,272,0.941,0.426,4,more250
33951,2001,3,816.0597511574074,6.704487576740934,1,WC,0,NoSA,wholesretail,4,good,27,0.148,0.519,1,less50
33951,2002,4,1536.6666666666667,7.3373708473225845,1,WC,0,NoSA,wholesretail,4,good,27,0.222,0.593,1,less50
33951,2003,5,1661.3076923076924,7.415360337675876,1,WC,0,NoSA,wholesretail,2,sufficient,26,0.192,0.462,1,less50
33951,2004,6,1633.1851851851852,7.398287488369001,1,WC,0,NoSA,wholesretail,2,sufficient,27,0.148,0.481,1,less50
33951,2005,7,2636.962962962963,7.87738314111357,1,WC,0,NoSA,wholesretail,2,sufficient,27,0.259,0.556,1,less50
33951,2006,8,1484.7037037037037,7.302970505203362,1,WC,0,NoSA,wholesretail,2,sufficient,27,0.259,0.556,1,less50
33951,2007,9,1558.962962962963,7.351776111856374,1,WC,0,NoSA,wholesretail,3,satisfactory,27,0.259,0.556,1,less50
33967,2012,14,2283.6666666666665,7.73353761733479,1,WC,0,NoSA,transcom,2,sufficient,24,0.083,0.833,1,less50
33967,2013,15,2854.5416666666665,7.956666572133187,1,WC,0,NoSA,transcom,2,sufficient,24,0.125,0.792,1,less50
33967,2014,16,2557.68,7.84685587658081,1,WC,0,NoSA,transcom,2,sufficient,25,0.08,0.8,1,less50
33967,2015,17,3349.366666666667,8.116526552219646,1,WC,0,NoSA,transcom,3,satisfactory,30,0.1,0.833,1,less50
33967,2016,18,3588.6071428571427,8.185519423706598,1,WC,0,NoSA,transcom,1,unsatisfactory,28,0.179,0.75,1,less50
33970,2011,13,3116.9523809523807,8.044611002445757,1,WC,0,NoSA,buservices,4,good,21,0.619,0.238,1,less50
33970,2012,14,3514.35,8.164609865380758,1,WC,0,NoSA,buservices,4,good,20,0.15,0.25,1,less50
33970,2013,15,2626.2272727272725,7.873303598234006,1,WC,0,NoSA,buservices,4,good,22,0.227,0.227,1,less50
33988,2012,14,916.6617647058823,6.820738554384626,1,WC,0,NoSA,buservices,4,good,68,0.059,0.544,2,less100
33988,2015,17,910.6470588235294,6.81415540048425,0,NoWC,0,NoSA,buservices,2,sufficient,68,0.059,0.515,2,less100
33988,2016,18,1298.3,7.168810995366208,0,NoWC,0,NoSA,buservices,1,unsatisfactory,60,0.033,0.517,2,less100
33995,2015,17,4335.405405405405,8.374570403966663,1,WC,0,NoSA,manufacturing,2,sufficient,37,0.514,0.973,1,less50
33995,2017,19,2697.027027027027,7.899905344234134,1,WC,0,NoSA,manufacturing,4,good,37,0.486,0.973,1,less50
33995,2018,20,3932.108108108108,8.27693097532147,1,WC,0,NoSA,manufacturing,5,very good,37,0.486,1,1,less50
33995,2019,21,3357.4285714285716,8.118930653838573,1,WC,0,NoSA,manufacturing,2,sufficient,35,0.771,1,1,less50
34006,2009,11,2509.0476190476193,7.827658525479909,1,WC,0,NoSA,edu,4,good,21,0.048,0.095,1,less50
34006,2010,12,2354.6666666666665,7.764154453615686,0,NoWC,0,NoSA,edu,4,good,21,0.048,0.095,1,less50
34006,2011,13,2121.285714285714,7.659777652840748,0,NoWC,0,NoSA,edu,4,good,21,0.048,0.095,1,less50
34006,2012,14,1123.1777777777777,7.023917248333819,0,NoWC,0,NoSA,edu,5,very good,45,0.022,0.378,1,less50
34006,2013,15,1162.7317073170732,7.058527435722507,1,WC,0,NoSA,edu,4,good,41,0.024,0.317,1,less50
34006,2014,16,1404.871794871795,7.247701328402815,0,NoWC,0,NoSA,edu,4,good,39,0.026,0.333,1,less50
34006,2015,17,1331.7692307692307,7.19426358591754,0,NoWC,0,NoSA,edu,5,very good,39,0.026,0.333,1,less50
34006,2017,19,1690.4054054054054,7.432723664004618,0,NoWC,0,NoSA,edu,4,good,37,0.027,0.297,1,less50
34006,2018,20,1708,7.443078374348516,0,NoWC,0,NoSA,edu,4,good,37,0.027,0.297,1,less50
34015,2001,3,765.138046875,6.640056270978146,1,WC,0,NoSA,construction,2,sufficient,25,0.04,0.04,1,less50
34015,2002,4,666.32,6.501770035627085,1,WC,0,NoSA,construction,2,sufficient,25,0.04,0.04,1,less50
34015,2005,7,734.0952380952381,6.598638772370779,1,WC,0,NoSA,construction,2,sufficient,21,0.048,0.048,1,less50
34015,2006,8,895.0952380952381,6.796930123893173,1,WC,0,NoSA,construction,3,satisfactory,21,0.048,0.048,1,less50
34015,2007,9,922.2857142857143,6.826855060894472,1,WC,0,NoSA,construction,4,good,21,0.048,0.048,1,less50
34037,2005,7,4126.296,8.325135431242192,0,NoWC,0,NoSA,health,4,good,125,0.016,0.664,3,less250
34037,2006,8,4134.453781512605,8.327110502362915,0,NoWC,0,NoSA,health,4,good,119,0.025,0.605,3,less250
34037,2007,9,3406.4117647058824,8.133414747839769,0,NoWC,0,NoSA,health,4,good,119,0.025,0.605,3,less250
34037,2009,11,2899.159663865546,7.972176202901967,0,NoWC,0,NoSA,health,2,sufficient,119,0.017,0.597,3,less250
34080,2013,15,916.9054441260745,6.821004352573482,1,WC,0,NoSA,manufacturing,3,satisfactory,349,0.023,0.473,4,more250
34080,2014,16,990.5956112852665,6.898306389784205,1,WC,0,NoSA,manufacturing,4,good,319,0.031,0.47,4,more250
34080,2015,17,5072.742946708464,8.531636965419182,1,WC,0,NoSA,manufacturing,4,good,319,0.038,0.458,4,more250
34080,2016,18,5255.470588235294,8.567024829869725,1,WC,0,NoSA,manufacturing,4,good,340,0.038,0.447,4,more250
34080,2017,19,4892.966360856269,8.495554016312756,1,WC,0,NoSA,manufacturing,4,good,327,0.04,0.462,4,more250
34080,2018,20,5919.003115264797,8.685923321006653,1,WC,1,SA,manufacturing,4,good,321,0.053,0.464,4,more250
34080,2019,21,5737.234375,8.654732557000798,1,WC,1,SA,manufacturing,4,good,320,0.053,0.475,4,more250
34080,2020,22,7447.006993006993,8.915567484746997,1,WC,1,SA,manufacturing,3,satisfactory,286,0.066,0.469,4,more250
34080,2021,23,7529.666666666667,8.926606052439165,1,WC,0,NoSA,manufacturing,4,good,279,0.061,0.444,4,more250
34081,1998,0,88.61912687059859,4.4843477132132,1,WC,0,NoSA,buservices,4,good,142,0.021,0.507,3,less250
34081,1999,1,108.15725077479338,4.68358619383915,1,WC,1,SA,buservices,3,satisfactory,121,0.033,0.504,3,less250
34081,2000,2,74.76774878640776,4.314386626044548,1,WC,0,NoSA,buservices,3,satisfactory,103,0.136,0.524,3,less250
34081,2001,3,59.21963082107843,4.081253088629671,1,WC,0,NoSA,buservices,4,good,102,0.059,0.412,3,less250
34081,2002,4,52.924731182795696,3.968870737797745,1,WC,1,SA,buservices,3,satisfactory,93,0.054,0.484,2,less100
34101,1999,1,448.9781901041667,6.106974312184233,1,WC,0,NoSA,transcom,4,good,24,0.042,0.125,1,less50
34101,2000,2,1089.113046875,6.99311892551131,1,WC,0,NoSA,transcom,5,very good,25,0.48,0.16,1,less50
34101,2001,3,1394.8681640625,7.240555183741101,1,WC,0,NoSA,transcom,4,good,24,0.542,0.167,1,less50
34125,2014,16,348.8510638297872,5.854645079914169,1,WC,0,NoSA,manufacturing,4,good,94,0.457,0.074,2,less100
34125,2016,18,2092.4333333333334,7.64608294203929,1,WC,0,NoSA,manufacturing,2,sufficient,90,0.511,0.078,2,less100
34125,2017,19,2466.9174311926604,7.810724646651314,1,WC,0,NoSA,manufacturing,2,sufficient,109,0.422,0.064,3,less250
34125,2018,20,2698.31,7.900380930093081,1,WC,0,NoSA,manufacturing,3,satisfactory,100,0.32,0.07,2,less100
34125,2019,21,3406.959595959596,8.133575558465198,1,WC,0,NoSA,manufacturing,3,satisfactory,99,0.303,0.081,2,less100
34125,2020,22,2830.2604166666665,7.948124006427258,1,WC,0,NoSA,manufacturing,3,satisfactory,96,0.271,0.073,2,less100
34125,2021,23,3454.8645833333335,8.147538541029405,1,WC,0,NoSA,manufacturing,3,satisfactory,96,0.208,0.083,2,less100
34170,2014,16,4251.241379310345,8.354966308518195,1,WC,0,NoSA,manufacturing,4,good,29,0.069,0.379,1,less50
34170,2015,17,3462.609756097561,8.149777848505138,1,WC,0,NoSA,manufacturing,3,satisfactory,41,0.098,0.341,1,less50
34170,2016,18,3424.4615384615386,8.138699523289018,1,WC,0,NoSA,manufacturing,3,satisfactory,39,0.179,0.282,1,less50
34170,2017,19,3621.3076923076924,8.194590480556982,1,WC,0,NoSA,manufacturing,2,sufficient,39,0.179,0.359,1,less50
34170,2018,20,3454.525,8.147440244839991,1,WC,0,NoSA,manufacturing,3,satisfactory,40,0.175,0.35,1,less50
34173,2015,17,3284.0857142857144,8.096843570805918,0,NoWC,0,NoSA,manufacturing,4,good,35,0.229,0.057,1,less50
34173,2016,18,4382.216216216216,8.385309860840517,0,NoWC,0,NoSA,manufacturing,3,satisfactory,37,0.162,0.108,1,less50
34173,2017,19,4612.055555555556,8.436428927187075,0,NoWC,0,NoSA,manufacturing,3,satisfactory,36,0.222,0.111,1,less50
34179,2015,17,1972.4647887323943,7.587039201474458,1,WC,0,NoSA,resthotels,1,unsatisfactory,71,0.042,0.324,2,less100
34179,2016,18,2074.7361111111113,7.637589249209187,1,WC,0,NoSA,resthotels,2,sufficient,72,0.042,0.306,2,less100
34179,2018,20,2474.6867469879517,7.813869100118973,1,WC,0,NoSA,resthotels,2,sufficient,83,0.036,0.325,2,less100
34179,2019,21,3415.731707317073,8.136147011811465,1,WC,0,NoSA,resthotels,2,sufficient,82,0.073,0.329,2,less100
34179,2021,23,2629.1954022988507,7.874433147680624,1,WC,0,NoSA,finance,4,good,87,0.034,0.264,2,less100
34211,2014,16,628.7142857142857,6.443676917755778,1,WC,0,NoSA,manufacturing,4,good,70,0.357,0.2,2,less100
34211,2016,18,797.125,6.6810115046354355,1,WC,0,NoSA,manufacturing,3,satisfactory,40,0.975,0.35,1,less50
34211,2017,19,1029.1836734693877,6.936521216960144,1,WC,0,NoSA,manufacturing,4,good,49,0.388,0.429,1,less50
34211,2018,20,993.4634146341464,6.901197236587248,1,WC,0,NoSA,manufacturing,4,good,41,0.829,0.317,1,less50
34211,2019,21,802.6034482758621,6.6878607542051745,1,WC,0,NoSA,manufacturing,4,good,58,0.466,0.362,2,less100
34211,2020,22,1102.0681818181818,7.004943858777316,1,WC,0,NoSA,manufacturing,4,good,44,0.705,0.318,1,less50
34262,2000,2,983.2636853448275,6.890877329694415,0,NoWC,0,NoSA,wholesretail,4,good,580,0.021,0.453,4,more250
34262,2001,3,788.6626009421265,6.670338600669436,0,NoWC,0,NoSA,wholesretail,2,sufficient,743,0.044,0.427,4,more250
34262,2002,4,658.7819225251076,6.490392557922611,0,NoWC,0,NoSA,wholesretail,2,sufficient,697,0.029,0.42,4,more250
34262,2004,6,538.9304229195088,6.289586477084185,0,NoWC,0,NoSA,wholesretail,2,sufficient,733,0.035,0.396,4,more250
34265,2017,19,3956.3636363636365,8.283080608731455,1,WC,0,NoSA,resthotels,4,good,22,0.045,0.091,1,less50
34265,2019,21,4601.217391304348,8.434076197747032,0,NoWC,0,NoSA,resthotels,4,good,23,0.043,0.174,1,less50
34265,2020,22,4998.363636363636,8.516865865123558,0,NoWC,0,NoSA,finance,4,good,22,0.045,0.182,1,less50
34276,2012,14,3149.0153846153844,8.054845106644944,0,NoWC,0,NoSA,manufacturing,4,good,65,0.738,0.785,2,less100
34276,2013,15,3194.3529411764707,8.069139823977737,0,NoWC,0,NoSA,manufacturing,3,satisfactory,68,0.824,0.706,2,less100
34276,2014,16,2475.4142857142856,7.814163049162342,0,NoWC,0,NoSA,manufacturing,3,satisfactory,70,0.729,0.743,2,less100
34276,2015,17,4615.39705882353,8.437153179817498,0,NoWC,0,NoSA,manufacturing,3,satisfactory,68,0.765,0.75,2,less100
34280,2016,18,3880.176470588235,8.26363591369341,1,WC,0,NoSA,manufacturing,4,good,68,0.015,0.338,2,less100
34280,2018,20,4386.116883116883,8.386199577760207,1,WC,0,NoSA,manufacturing,4,good,77,0.013,0.325,2,less100
34280,2019,21,4397.53125,8.388798582896866,1,WC,0,NoSA,manufacturing,4,good,96,0.042,0.323,2,less100
34299,2007,9,1453.95,7.282039269606726,1,WC,1,SA,transcom,3,satisfactory,20,0.15,0.1,1,less50
34299,2008,10,1072,6.977281341630747,1,WC,1,SA,transcom,3,satisfactory,21,0.238,0.048,1,less50
34299,2009,11,1268.2916666666667,7.145426129576884,1,WC,0,NoSA,resthotels,3,satisfactory,24,0.25,0.125,1,less50
34299,2010,12,1125.642857142857,7.026109580006812,1,WC,0,NoSA,resthotels,3,satisfactory,28,0.214,0.107,1,less50
34299,2012,14,1293.12,7.164813181890109,1,WC,0,NoSA,transcom,4,good,25,0.2,0.12,1,less50
34304,2017,19,447.61764705882354,6.103939401618638,1,WC,0,NoSA,manufacturing,2,sufficient,34,0.265,0.441,1,less50
34304,2018,20,830.0909090909091,6.72153522381797,1,WC,0,NoSA,manufacturing,2,sufficient,22,0.409,0.364,1,less50
34304,2019,21,628.0952380952381,6.442691807987937,1,WC,0,NoSA,manufacturing,3,satisfactory,21,0.238,0.429,1,less50
34310,2016,18,1762.0079365079366,7.474209310747011,0,NoWC,0,NoSA,finance,1,unsatisfactory,126,0.079,0.738,3,less250
34310,2017,19,2189.9444444444443,7.691631454655191,0,NoWC,0,NoSA,finance,2,sufficient,126,0.079,0.619,3,less250
34310,2018,20,2272.9444444444443,7.728831382042381,0,NoWC,0,NoSA,finance,2,sufficient,126,0.095,0.738,3,less250
34310,2019,21,4759.61475409836,8.467922009937181,0,NoWC,0,NoSA,finance,1,unsatisfactory,122,0.033,0.762,3,less250
34310,2020,22,3082.1833333333334,8.03339349929367,0,NoWC,0,NoSA,resthotels,1,unsatisfactory,120,0.025,0.767,3,less250
34310,2021,23,2208.1451612903224,7.6999081485739955,0,NoWC,0,NoSA,resthotels,3,satisfactory,124,0.016,0.839,3,less250
34345,1998,0,630.4462083847102,6.446427835959997,0,NoWC,0,NoSA,manufacturing,5,very good,1622,0.259,0.509,4,more250
34345,1999,1,612.5413583509513,6.417616463977538,0,NoWC,0,NoSA,manufacturing,4,good,1419,0.29,0.519,4,more250
34345,2000,2,539.5010775862069,6.290644782075633,0,NoWC,0,NoSA,wholesretail,4,good,1160,0.088,0.489,4,more250
34345,2001,3,556.3107914462081,6.321327115502135,0,NoWC,0,NoSA,wholesretail,4,good,1134,0.306,0.492,4,more250
34366,2015,17,7222.612903225807,8.884972064371315,0,NoWC,0,NoSA,manufacturing,3,satisfactory,31,0.903,0.097,1,less50
34366,2017,19,4166.903225806452,8.334928407204238,0,NoWC,0,NoSA,manufacturing,3,satisfactory,31,0.871,0.097,1,less50
34366,2019,21,5582.290322580645,8.62735442323833,0,NoWC,0,NoSA,manufacturing,4,good,31,0.968,0.097,1,less50
34376,2017,19,1180.967741935484,7.074089501629135,1,WC,0,NoSA,wholesretail,3,satisfactory,31,0.097,0.194,1,less50
34376,2018,20,949.078947368421,6.855491985211387,1,WC,0,NoSA,wholesretail,4,good,38,0.053,0.184,1,less50
34376,2019,21,875.8157894736842,6.775155782834248,1,WC,0,NoSA,wholesretail,3,satisfactory,38,0.079,0.158,1,less50
34376,2020,22,903.9473684210526,6.80677113792411,1,WC,0,NoSA,wholesretail,4,good,38,0.105,0.158,1,less50
34376,2021,23,908.6315789473684,6.811939708331476,1,WC,0,NoSA,wholesretail,2,sufficient,38,0.184,0.158,1,less50
34378,1998,0,3437.5174479166667,8.142504817719521,0,NoWC,0,NoSA,resthotels,2,sufficient,30,0.3,0.5,1,less50
34378,1999,1,2691.981026785714,7.898032642740418,0,NoWC,0,NoSA,resthotels,3,satisfactory,35,0.057,0.6,1,less50
34378,2000,2,2613.646543560606,7.8685016683470765,0,NoWC,0,NoSA,resthotels,1,unsatisfactory,33,0.061,0.636,1,less50
34388,2000,2,1049.8648158482142,6.956416688051762,0,NoWC,0,NoSA,manufacturing,5,very good,56,0.554,0.804,2,less100
34388,2001,3,1364.664884868421,7.218664171886729,0,NoWC,0,NoSA,manufacturing,5,very good,57,0.579,0.895,2,less100
34388,2003,5,889.5396825396825,6.790704118297061,0,NoWC,0,NoSA,manufacturing,2,sufficient,63,0.587,0.683,2,less100
34388,2004,6,1751.1639344262296,7.468035951219413,1,WC,0,NoSA,manufacturing,2,sufficient,61,0.59,0.689,2,less100
34388,2005,7,2315.3606557377047,7.747320745201629,1,WC,0,NoSA,manufacturing,2,sufficient,61,0.607,0.689,2,less100
34388,2006,8,1830.1044776119404,7.512128335797028,1,WC,0,NoSA,manufacturing,4,good,67,0.776,0.701,2,less100
34388,2007,9,1938.55223880597,7.569696704803589,0,NoWC,1,SA,manufacturing,4,good,67,0.836,0.731,2,less100
34388,2008,10,1965.6716417910447,7.583589268340407,1,WC,0,NoSA,manufacturing,1,unsatisfactory,67,0.791,0.746,2,less100
34411,2012,14,1877,7.537430036586509,1,WC,0,NoSA,resthotels,4,good,21,0.143,0.524,1,less50
34411,2013,15,380.4642857142857,5.941392311435994,1,WC,0,NoSA,resthotels,4,good,28,0.429,0.679,1,less50
34411,2014,16,881.6206896551724,6.78176190642542,1,WC,0,NoSA,resthotels,3,satisfactory,29,0.379,0.759,1,less50
34411,2015,17,1293.607142857143,7.165189829936848,1,WC,0,NoSA,resthotels,4,good,28,0.429,0.643,1,less50
34411,2016,18,1420.4,7.258693801068933,1,WC,0,NoSA,resthotels,3,satisfactory,30,0.433,0.6,1,less50
34411,2017,19,938.72,6.84451724517755,1,WC,0,NoSA,resthotels,2,sufficient,25,0.2,0.56,1,less50
34418,2004,6,1503.6410256410256,7.315644796261282,0,NoWC,0,NoSA,manufacturing,2,sufficient,78,0.564,0.923,2,less100
34418,2005,7,1359.425,7.214817095209818,0,NoWC,0,NoSA,manufacturing,2,sufficient,80,0.713,0.912,2,less100
34418,2007,9,1332.7727272727273,7.195016808472667,0,NoWC,0,NoSA,manufacturing,3,satisfactory,88,0.739,0.898,2,less100
34418,2008,10,1405.465909090909,7.248124134691986,0,NoWC,0,NoSA,manufacturing,3,satisfactory,88,0.761,0.886,2,less100
34418,2009,11,1279.46,7.154193392899369,0,NoWC,0,NoSA,construction,3,satisfactory,100,0.82,0.96,2,less100
34418,2010,12,1267.9279279279278,7.145139294208206,0,NoWC,0,NoSA,construction,2,sufficient,111,0.631,0.928,3,less250
34418,2011,13,1443.990990990991,7.275166080507403,0,NoWC,0,NoSA,construction,4,good,111,0.667,0.928,3,less250
34418,2012,14,1392.8018018018017,7.239072682107509,0,NoWC,0,NoSA,construction,4,good,111,0.694,0.928,3,less250
34418,2013,15,1666.611650485437,7.418547892494558,0,NoWC,0,NoSA,construction,3,satisfactory,103,0.67,0.903,3,less250
34418,2015,17,1722.3461538461538,7.4514426832798675,1,WC,0,NoSA,construction,3,satisfactory,104,0.808,0.875,3,less250
34418,2016,18,2004.48,7.603139954482274,1,WC,0,NoSA,construction,2,sufficient,100,0.93,0.76,2,less100
34418,2017,19,1938.5757575757575,7.569708836861035,1,WC,0,NoSA,construction,3,satisfactory,99,0.889,0.909,2,less100
34418,2018,20,2092.570093457944,7.646148299273544,1,WC,0,NoSA,construction,4,good,107,0.897,0.757,3,less250
34418,2019,21,2546.4951456310678,7.842473240032274,1,WC,0,NoSA,construction,3,satisfactory,103,0.961,0.874,3,less250
34418,2020,22,2607.586956521739,7.8661805349369915,1,WC,0,NoSA,construction,4,good,92,0.163,0.804,2,less100
34418,2021,23,5414.932584269663,8.596915709545895,1,WC,0,NoSA,construction,4,good,89,0.337,0.809,2,less100
34464,2016,18,2434.3055555555557,7.797416802051166,1,WC,0,NoSA,public,4,good,36,0.056,0.167,1,less50
34464,2017,19,1894.872340425532,7.546906748717237,1,WC,0,NoSA,public,3,satisfactory,47,0.064,0.17,1,less50
34464,2018,20,2361.266666666667,7.766953477199138,1,WC,1,SA,public,4,good,45,0.044,0.178,1,less50
34478,2014,16,2070.7169811320755,7.635650193984627,0,NoWC,0,NoSA,resthotels,3,satisfactory,53,0.019,0.717,2,less100
34478,2015,17,2244.705882352941,7.716329781506007,0,NoWC,0,NoSA,resthotels,2,sufficient,51,0.02,0.608,2,less100
34478,2016,18,2527.0196078431372,7.834795866694512,0,NoWC,0,NoSA,resthotels,2,sufficient,51,0.02,0.529,2,less100
34478,2017,19,2799.08,7.937046070743305,0,NoWC,0,NoSA,resthotels,3,satisfactory,50,0.02,0.6,1,less50
34478,2018,20,2693.346153846154,7.898539622927096,1,WC,0,NoSA,resthotels,4,good,52,0.019,0.615,2,less100
34478,2021,23,2937.326923076923,7.985255236912974,1,WC,0,NoSA,transcom,1,unsatisfactory,52,0.058,0.615,2,less100
34503,2018,20,848.7981651376147,6.743821425583977,1,WC,0,NoSA,manufacturing,4,good,109,0.193,0.734,3,less250
34503,2020,22,4128.888888888889,8.325763615591555,1,WC,0,NoSA,manufacturing,4,good,27,0.741,0.852,1,less50
34503,2021,23,3268.5,8.092086443052784,1,WC,0,NoSA,manufacturing,3,satisfactory,40,0.525,0.8,1,less50
34508,2004,6,1773.049645390071,7.480456306466215,0,NoWC,0,NoSA,health,4,good,282,0.507,0.819,4,more250
34508,2005,7,1367.116504854369,7.220459059759787,0,NoWC,0,NoSA,health,3,satisfactory,309,0.511,0.79,4,more250
34508,2006,8,1251.41065830721,7.1320267206346015,0,NoWC,0,NoSA,health,4,good,319,0.442,0.812,4,more250
34508,2007,9,1290.9649681528663,7.163145255043045,0,NoWC,0,NoSA,health,4,good,314,0.449,0.806,4,more250
34544,1999,1,2322.4922794117647,7.750396146424886,0,NoWC,0,NoSA,finance,3,satisfactory,85,0.082,0.059,2,less100
34544,2000,2,2383.5207741477275,7.77633399042302,0,NoWC,0,NoSA,finance,3,satisfactory,88,0.091,0.057,2,less100
34544,2001,3,2744.4811789772725,7.917347330242718,0,NoWC,0,NoSA,finance,3,satisfactory,88,0.045,0.045,2,less100
34544,2002,4,1471.8444444444444,7.294271617376182,0,NoWC,0,NoSA,finance,2,sufficient,90,0.078,0.022,2,less100
34560,2019,21,3163.230769230769,8.05934917961701,1,WC,1,SA,art,4,good,65,0.4,0.4,2,less100
34560,2020,22,2823.7741935483873,7.945829635624531,1,WC,1,SA,public,5,very good,62,0.468,0.435,2,less100
34560,2021,23,2397.3939393939395,7.782137567778622,1,WC,1,SA,public,1,unsatisfactory,66,0.379,0.273,2,less100
34563,2000,2,1256.6691767068273,7.13621998915139,0,NoWC,0,NoSA,health,4,good,498,0.08,0.273,4,more250
34563,2001,3,1188.053554613936,7.080071578547894,0,NoWC,0,NoSA,health,2,sufficient,531,0.038,0.2,4,more250
34563,2002,4,1149.8973305954826,7.047427939628742,0,NoWC,0,NoSA,health,2,sufficient,487,0.045,0.214,4,more250
34570,2010,12,2978.89552238806,7.999307880728029,0,NoWC,1,SA,buservices,5,very good,67,0.716,0.776,2,less100
34570,2011,13,3528.2388059701493,8.16855410360295,0,NoWC,1,SA,buservices,5,very good,67,0.373,0.761,2,less100
34570,2012,14,3320.7971014492755,8.107960123891326,0,NoWC,0,NoSA,buservices,4,good,69,0.449,0.754,2,less100
34570,2013,15,2975.1884057971015,7.998062645654189,0,NoWC,0,NoSA,buservices,4,good,69,0.304,0.87,2,less100
34596,2011,13,2095.450980392157,7.647524074293685,0,NoWC,0,NoSA,health,3,satisfactory,51,0.353,0.078,2,less100
34596,2012,14,1729,7.455298485683291,0,NoWC,0,NoSA,health,3,satisfactory,57,0.333,0.14,2,less100
34596,2013,15,1724.835616438356,7.452887030106276,0,NoWC,0,NoSA,health,4,good,73,0.288,0.164,2,less100
34596,2014,16,1362.3,7.216929726772015,0,NoWC,0,NoSA,health,3,satisfactory,80,0.125,0.125,2,less100
34628,2015,17,625.7884615384615,6.4390123931269,1,WC,0,NoSA,public,3,satisfactory,52,0.038,0.481,2,less100
34628,2016,18,788.2608695652174,6.669829087819747,1,WC,0,NoSA,public,4,good,46,0.109,0.587,1,less50
34628,2017,19,848.8913043478261,6.74393115025622,1,WC,0,NoSA,public,4,good,46,0.043,0.652,1,less50
34628,2018,20,875.0392156862745,6.774268703280492,1,WC,0,NoSA,public,4,good,51,0.118,0.51,2,less100
34628,2019,21,1248.764705882353,7.129910106375786,1,WC,0,NoSA,public,4,good,51,0.216,0.588,2,less100
34638,2010,12,1360.3095238095239,7.215467543871601,0,NoWC,0,NoSA,manufacturing,5,very good,42,0.048,0.286,1,less50
34638,2011,13,1292.2,7.164101471124065,0,NoWC,0,NoSA,manufacturing,5,very good,45,0.067,0.133,1,less50
34638,2012,14,1112.576923076923,7.014434155988843,0,NoWC,0,NoSA,manufacturing,5,very good,52,0.077,0.192,2,less100
34638,2013,15,1338.891304347826,7.199597165658169,0,NoWC,0,NoSA,manufacturing,4,good,46,0.065,0.217,1,less50
34638,2014,16,2142.6222222222223,7.6697856953896375,0,NoWC,0,NoSA,manufacturing,5,very good,45,0.067,0.222,1,less50
34638,2016,18,1917.3,7.558673225324346,0,NoWC,0,NoSA,manufacturing,4,good,50,0.08,0.2,1,less50
34638,2017,19,2028.5714285714287,7.615087094534039,0,NoWC,0,NoSA,manufacturing,4,good,49,0.082,0.204,1,less50
34638,2018,20,2136.0425531914893,7.666710121787775,0,NoWC,0,NoSA,manufacturing,2,sufficient,47,0.085,0.213,1,less50
34646,2002,4,2045.607142857143,7.623449915786066,1,WC,0,NoSA,construction,3,satisfactory,28,0.107,0.071,1,less50
34646,2003,5,1936.3125,7.568540670099733,1,WC,0,NoSA,construction,2,sufficient,32,0.125,0.062,1,less50
34646,2005,7,3817.740740740741,8.247414097511966,1,WC,0,NoSA,construction,3,satisfactory,27,0.111,0.074,1,less50
34655,2005,7,1651.764705882353,7.409599514083531,1,WC,0,NoSA,wholesretail,2,sufficient,34,0.118,0.147,1,less50
34655,2006,8,1509.9411764705883,7.319825973070423,1,WC,0,NoSA,wholesretail,2,sufficient,34,0.118,0.324,1,less50
34655,2007,9,1176.2,7.070044182025856,1,WC,0,NoSA,wholesretail,4,good,35,0.571,0.2,1,less50
34660,2002,4,3466.8888888888887,8.151012896970975,1,WC,0,NoSA,buservices,3,satisfactory,27,0.148,0.852,1,less50
34660,2006,8,3120.2,8.045652381313149,1,WC,0,NoSA,buservices,4,good,25,0.48,0.84,1,less50
34660,2007,9,2535.16,7.838012030404338,1,WC,0,NoSA,buservices,2,sufficient,25,0.28,0.84,1,less50
34660,2008,10,2625.153846153846,7.872894781366947,1,WC,0,NoSA,buservices,3,satisfactory,26,0.308,0.769,1,less50
34660,2009,11,1480.078947368421,7.299850708151984,1,WC,0,NoSA,resthotels,3,satisfactory,38,0.184,0.789,1,less50
34667,2000,2,2153.98486328125,7.6750748304313126,0,NoWC,0,NoSA,health,2,sufficient,64,0.312,0.75,2,less100
34667,2001,3,1700.2158854166667,7.438510513403148,0,NoWC,1,SA,health,2,sufficient,60,0.417,0.65,2,less100
34667,2002,4,2372.672727272727,7.771772331742428,0,NoWC,0,NoSA,health,2,sufficient,55,0.436,0.709,2,less100
34667,2004,6,2602.4347826086955,7.864202740658778,0,NoWC,0,NoSA,health,3,satisfactory,46,0.348,0.783,1,less50
34667,2005,7,2429.0454545454545,7.795253642102279,0,NoWC,0,NoSA,health,2,sufficient,44,0.364,0.841,1,less50
34667,2006,8,2423.5454545454545,7.79298681085349,0,NoWC,0,NoSA,health,2,sufficient,44,0.5,0.727,1,less50
34667,2007,9,2598.159090909091,7.8625584312714425,0,NoWC,1,SA,health,2,sufficient,44,0.273,0.682,1,less50
34667,2008,10,2479.8048780487807,7.815935157857599,0,NoWC,1,SA,health,2,sufficient,41,0.171,0.78,1,less50
34667,2009,11,3022.974358974359,8.013996512763452,0,NoWC,1,SA,health,2,sufficient,39,0.077,0.744,1,less50
34667,2010,12,7164.657142857143,8.87691548745749,0,NoWC,1,SA,health,2,sufficient,35,0.314,0.857,1,less50
34667,2011,13,6794.032258064516,8.823799896731707,0,NoWC,0,NoSA,health,2,sufficient,31,0.032,0.806,1,less50
34667,2012,14,3765.935483870968,8.233751577862435,0,NoWC,1,SA,health,2,sufficient,31,0.258,0.806,1,less50
34667,2013,15,3481.032258064516,8.155084154664369,0,NoWC,0,NoSA,health,4,good,31,0.032,0.742,1,less50
34667,2014,16,3730.375,8.224264043777467,0,NoWC,0,NoSA,health,3,satisfactory,32,0.062,0.5,1,less50
34667,2015,17,3570.9,8.180572943841943,0,NoWC,0,NoSA,health,2,sufficient,30,0.233,0.733,1,less50
34667,2016,18,2951,7.989899374942939,0,NoWC,0,NoSA,health,4,good,34,0.441,0.647,1,less50
34667,2017,19,3059.8,8.026104833333278,0,NoWC,0,NoSA,health,3,satisfactory,35,0.371,0.629,1,less50
34667,2018,20,2794.6216216216217,7.93545199954536,1,WC,0,NoSA,health,4,good,37,0.297,0.676,1,less50
34667,2019,21,2778.34375,7.929610255759906,1,WC,0,NoSA,health,3,satisfactory,32,0.344,0.469,1,less50
34667,2021,23,3600.4545454545455,8.18881537910001,1,WC,0,NoSA,edu,5,very good,22,0.227,0.773,1,less50
34670,2008,10,1052.4848484848485,6.9589091697140555,0,NoWC,0,NoSA,wholesretail,4,good,33,0.364,0.121,1,less50
34670,2010,12,2391.75,7.779780594558277,0,NoWC,0,NoSA,wholesretail,4,good,20,0.4,0.15,1,less50
34670,2013,15,3713.904761904762,8.219839098585684,0,NoWC,0,NoSA,buservices,5,very good,21,0.19,0.143,1,less50
34680,1998,0,606.9034765625,6.408369761219701,0,NoWC,0,NoSA,transcom,4,good,100,0.1,0.95,2,less100
34680,1999,1,438.68327809343435,6.08377769049433,0,NoWC,0,NoSA,transcom,4,good,99,0.111,0.949,2,less100
34680,2000,2,679.1734459918479,6.520876538225577,0,NoWC,0,NoSA,transcom,4,good,92,0.087,0.967,2,less100
34680,2001,3,642.3104194972826,6.4650717062982634,0,NoWC,0,NoSA,transcom,4,good,92,0.12,0.946,2,less100
34712,2014,16,1257.4529914529915,7.136843518732797,1,WC,0,NoSA,manufacturing,4,good,117,0.308,0.12,3,less250
34712,2015,17,2147.482269503546,7.6720513974813915,1,WC,0,NoSA,manufacturing,4,good,141,0.397,0.113,3,less250
34712,2016,18,138.6315789473684,4.931819903136786,1,WC,0,NoSA,manufacturing,4,good,190,0.658,0.095,3,less250
34712,2017,19,101.33495145631068,4.618431380929475,1,WC,0,NoSA,manufacturing,4,good,206,0.456,0.112,3,less250
34726,2003,5,1430.3170731707316,7.265651428165625,0,NoWC,1,SA,manufacturing,2,sufficient,164,0.5,0.787,3,less250
34726,2004,6,1182.9634146341464,7.075777937578063,0,NoWC,1,SA,manufacturing,4,good,164,0.5,0.646,3,less250
34726,2005,7,1279.9875776397516,7.154605651897625,0,NoWC,1,SA,manufacturing,4,good,161,0.559,0.727,3,less250
34726,2006,8,1713.6490066225165,7.446380297920474,0,NoWC,1,SA,manufacturing,3,satisfactory,151,0.563,0.795,3,less250
34726,2007,9,1462.8496732026144,7.288141643315998,0,NoWC,1,SA,manufacturing,2,sufficient,153,0.588,0.843,3,less250
34784,2004,6,1170.6944444444443,7.0653523939754725,1,WC,1,SA,public,4,good,108,0.102,0.861,3,less250
34784,2005,7,1581.0485436893205,7.365843541158924,1,WC,1,SA,public,4,good,103,0.078,0.854,3,less250
34784,2006,8,1057.4545454545455,6.96361992697493,1,WC,1,SA,public,4,good,110,0.618,0.809,3,less250
34784,2007,9,1123.8686868686868,7.024532196999592,1,WC,1,SA,public,3,satisfactory,99,0.737,0.848,2,less100
34787,2015,17,1881.3645833333333,7.539752634726527,0,NoWC,0,NoSA,buservices,3,satisfactory,96,0.844,0.698,2,less100
34787,2016,18,1598.3274336283187,7.3767130074820235,0,NoWC,0,NoSA,buservices,4,good,113,0.726,0.566,3,less250
34787,2019,21,1461.3492063492063,7.287115401909788,0,NoWC,0,NoSA,buservices,3,satisfactory,126,0.69,0.516,3,less250
34791,2000,2,2162.7220052083335,7.679122894904732,1,WC,0,NoSA,transcom,2,sufficient,24,0.333,0.875,1,less50
34791,2001,3,3119.306640625,8.045366025537746,1,WC,0,NoSA,transcom,2,sufficient,24,0.208,0.833,1,less50
34791,2002,4,3073,8.030409562130485,1,WC,0,NoSA,transcom,2,sufficient,27,0.778,0.704,1,less50
34793,2002,4,1017.952380952381,6.925548418955858,1,WC,0,NoSA,manufacturing,3,satisfactory,21,0.095,0.095,1,less50
34793,2003,5,1568.25,7.357715626976852,1,WC,0,NoSA,manufacturing,4,good,20,0.2,0.1,1,less50
34793,2006,8,1236.4285714285713,7.119982318554996,1,WC,0,NoSA,manufacturing,1,unsatisfactory,21,0.19,0.048,1,less50
34793,2007,9,1262.2857142857142,7.140679415484694,1,WC,0,NoSA,manufacturing,3,satisfactory,21,0.19,0.048,1,less50
34793,2008,10,1173.6666666666667,7.067888030486943,1,WC,0,NoSA,manufacturing,1,unsatisfactory,21,0.143,0.048,1,less50
34793,2009,11,1394.85,7.240542161592316,1,WC,0,NoSA,manufacturing,2,sufficient,20,0.15,0.05,1,less50
34793,2010,12,1372.904761904762,7.224684038398354,1,WC,0,NoSA,manufacturing,3,satisfactory,21,0.095,0.048,1,less50
34793,2011,13,853.3461538461538,6.7491652727311005,1,WC,0,NoSA,manufacturing,1,unsatisfactory,26,0.077,0.038,1,less50
34793,2017,19,1001.05,6.908804728117708,1,WC,0,NoSA,manufacturing,4,good,20,0.1,0.1,1,less50
34793,2019,21,959.0434782608696,6.865936410936943,1,WC,0,NoSA,manufacturing,4,good,23,0.043,0.087,1,less50
34793,2020,22,990.6521739130435,6.898363487768833,1,WC,0,NoSA,construction,4,good,23,0.043,0.087,1,less50
34793,2021,23,991.2608695652174,6.898977738402397,1,WC,0,NoSA,construction,4,good,23,0.043,0.087,1,less50
34799,2003,5,901.8370165745856,6.804433812577013,1,WC,0,NoSA,health,4,good,362,0.254,0.478,4,more250
34799,2004,6,766.4397759103641,6.641756124984184,0,NoWC,0,NoSA,health,3,satisfactory,357,0.252,0.476,4,more250
34799,2005,7,169.52661064425772,5.13300990944946,0,NoWC,0,NoSA,health,3,satisfactory,357,0.261,0.476,4,more250
34799,2006,8,94.79328165374677,4.551698538118313,0,NoWC,0,NoSA,health,4,good,387,0.24,0.463,4,more250
34799,2007,9,117.02185792349727,4.76236073720805,0,NoWC,0,NoSA,health,4,good,366,0.26,0.301,4,more250
34799,2008,10,102.10443864229765,4.625996197705574,1,WC,0,NoSA,health,3,satisfactory,383,0.253,0.29,4,more250
34799,2011,13,68.63144963144963,4.2287508791140445,1,WC,0,NoSA,health,3,satisfactory,407,0.147,0.346,4,more250
34799,2012,14,93.7960687960688,4.541122944644238,0,NoWC,0,NoSA,health,4,good,407,0.172,0.457,4,more250
34810,2008,10,949.7111111111111,6.856157844781511,1,WC,0,NoSA,resthotels,1,unsatisfactory,45,0.067,0.822,1,less50
34810,2009,11,1354.409090909091,7.211120542926561,1,WC,0,NoSA,resthotels,2,sufficient,44,0.159,0.818,1,less50
34810,2011,13,870.7169811320755,6.769316988495058,1,WC,0,NoSA,resthotels,4,good,53,0.075,0.849,2,less100
34810,2013,15,998.7291666666666,6.906483637455331,1,WC,0,NoSA,resthotels,4,good,48,0.062,0.875,1,less50
34815,1998,0,1592.077734375,7.372795193337274,1,WC,0,NoSA,manufacturing,4,good,30,0.067,1,1,less50
34815,1999,1,1373.6815185546875,7.225249654469591,1,WC,0,NoSA,manufacturing,3,satisfactory,32,0.094,0.906,1,less50
34815,2000,2,1064.711055871212,6.970458732291454,1,WC,0,NoSA,wholesretail,4,good,33,0.091,0.909,1,less50
34815,2001,3,809.758544921875,6.696736110538984,1,WC,0,NoSA,wholesretail,4,good,32,0.031,1,1,less50
34815,2002,4,976.1212121212121,6.883586771448956,1,WC,0,NoSA,wholesretail,3,satisfactory,33,0.091,0.97,1,less50
34815,2004,6,4131.451612903225,8.326384104322257,1,WC,0,NoSA,manufacturing,1,unsatisfactory,31,0.097,1,1,less50
34815,2005,7,3434.6129032258063,8.141659506377797,1,WC,0,NoSA,manufacturing,2,sufficient,31,0.097,1,1,less50
34815,2006,8,3722.266666666667,8.222088080704161,1,WC,0,NoSA,manufacturing,3,satisfactory,30,0.1,1,1,less50
34815,2007,9,3602.1935483870966,8.18929825788117,1,WC,1,SA,manufacturing,2,sufficient,31,0.097,1,1,less50
34815,2008,10,3775.3870967741937,8.236258198617874,1,WC,1,SA,manufacturing,4,good,31,0.097,0.839,1,less50
34815,2009,11,4573.2962962962965,8.427989514101487,1,WC,1,SA,manufacturing,2,sufficient,27,0.074,0.926,1,less50
34815,2010,12,5781.653846153846,8.66244505329088,1,WC,0,NoSA,manufacturing,2,sufficient,26,0.077,0.923,1,less50
34815,2012,14,5291.964285714285,8.573944776480834,1,WC,1,SA,manufacturing,3,satisfactory,28,0.036,0.929,1,less50
34815,2013,15,4330.733333333334,8.373492167703532,1,WC,1,SA,manufacturing,2,sufficient,30,0.033,0.8,1,less50
34815,2014,16,4499.290322580645,8.411674957228307,1,WC,1,SA,manufacturing,1,unsatisfactory,31,0.097,0.903,1,less50
34815,2015,17,4145.805555555556,8.329852392608789,1,WC,1,SA,manufacturing,2,sufficient,36,0.111,0.861,1,less50
34815,2016,18,3877.3611111111113,8.262910075224417,1,WC,1,SA,manufacturing,1,unsatisfactory,36,0.111,0.889,1,less50
34815,2017,19,5822.027777777777,8.669403895468658,1,WC,0,NoSA,manufacturing,1,unsatisfactory,36,0.083,0.778,1,less50
34815,2018,20,3928.2926829268295,8.275960178645228,1,WC,0,NoSA,manufacturing,2,sufficient,41,0.073,0.878,1,less50
34815,2019,21,4190.170731707317,8.340496759510211,1,WC,0,NoSA,manufacturing,3,satisfactory,41,0.073,0.951,1,less50
34815,2020,22,6875.354838709677,8.835698534106097,1,WC,0,NoSA,manufacturing,3,satisfactory,31,0.097,0.903,1,less50
34815,2021,23,5368.666666666667,8.58833486368738,1,WC,0,NoSA,manufacturing,4,good,33,0.091,0.939,1,less50
34826,2018,20,649.3571428571429,6.4759828625066,1,WC,0,NoSA,wholesretail,4,good,28,0.107,0.929,1,less50
34826,2019,21,649.3571428571429,6.4759828625066,1,WC,0,NoSA,wholesretail,4,good,28,0.036,0.929,1,less50
34826,2020,22,736.0967741935484,6.6013615967612775,1,WC,0,NoSA,wholesretail,4,good,31,0.032,0.806,1,less50
34826,2021,23,658.3448275862069,6.489728848139313,1,WC,0,NoSA,wholesretail,4,good,29,0.034,0.897,1,less50
34837,2000,2,4474.826508620689,8.406222860934108,0,NoWC,0,NoSA,manufacturing,3,satisfactory,29,0.034,0.138,1,less50
34837,2001,3,2467.332507621951,7.810892889620526,0,NoWC,0,NoSA,manufacturing,2,sufficient,41,0.049,0.098,1,less50
34837,2005,7,1523.5675675675675,7.328809947667177,0,NoWC,0,NoSA,manufacturing,4,good,37,0.027,0.054,1,less50
34838,2013,15,761.9047619047619,6.635821563498495,0,NoWC,0,NoSA,edu,3,satisfactory,420,0.252,0.174,4,more250
34838,2014,16,748.8151658767772,6.618492178533037,0,NoWC,0,NoSA,edu,2,sufficient,422,0.168,0.175,4,more250
34838,2015,17,2779.5986078886312,7.9300618106085,0,NoWC,0,NoSA,edu,1,unsatisfactory,431,0.258,0.176,4,more250
34864,2014,16,2082.7272727272725,7.64143350264917,1,WC,0,NoSA,public,4,good,22,0.318,0.909,1,less50
34864,2015,17,2082.7272727272725,7.64143350264917,1,WC,0,NoSA,public,4,good,22,0.318,0.909,1,less50
34864,2016,18,2291,7.736743682453495,1,WC,0,NoSA,public,4,good,20,0.3,0.9,1,less50
34864,2017,19,1762.3076923076924,7.474379417986005,1,WC,0,NoSA,public,3,satisfactory,26,0.308,0.885,1,less50
34864,2018,20,2191.391304347826,7.692291919882662,1,WC,0,NoSA,public,4,good,23,0.348,0.87,1,less50
34894,2016,18,1104.5714285714287,7.007212691272908,1,WC,1,SA,manufacturing,4,good,49,0.98,0.102,1,less50
34894,2017,19,1148.7551020408164,7.046434115044858,1,WC,1,SA,manufacturing,3,satisfactory,49,0.816,0.102,1,less50
34894,2021,23,907.9674796747968,6.811208562623782,1,WC,0,NoSA,manufacturing,4,good,123,0.61,0.081,3,less250
34908,2004,6,2427.6140350877195,7.794664175411341,1,WC,0,NoSA,public,1,unsatisfactory,57,0.07,0.211,2,less100
34908,2005,7,2660.4210526315787,7.886239679712131,1,WC,0,NoSA,public,4,good,57,0.14,0.246,2,less100
34908,2006,8,2447.5714285714284,7.802851558277659,1,WC,0,NoSA,public,3,satisfactory,56,0.018,0.214,2,less100
34908,2007,9,1992.469696969697,7.597130202001516,1,WC,0,NoSA,public,3,satisfactory,66,0.045,0.182,2,less100
34908,2008,10,2125.7727272727275,7.661890651622475,1,WC,0,NoSA,public,3,satisfactory,66,0.045,0.182,2,less100
34910,2013,15,1056.2613240418118,6.962490899600245,0,NoWC,0,NoSA,health,2,sufficient,287,0.314,0.613,4,more250
34910,2014,16,1043.3588039867109,6.950200407334918,0,NoWC,0,NoSA,health,2,sufficient,301,0.306,0.668,4,more250
34910,2015,17,866.4967741935484,6.764458386348441,0,NoWC,0,NoSA,health,2,sufficient,310,0.374,0.674,4,more250
34910,2016,18,1049.376712328767,6.955951659591062,0,NoWC,0,NoSA,health,4,good,292,0.377,0.647,4,more250
34920,2015,17,5145.214285714285,8.545822296713627,1,WC,0,NoSA,resthotels,4,good,42,0.595,0.976,1,less50
34920,2016,18,4634.5192307692305,8.441287746788179,1,WC,0,NoSA,resthotels,5,very good,52,0.462,0.827,2,less100
34920,2018,20,5601.645833333333,8.63081573235297,1,WC,0,NoSA,resthotels,4,good,48,0.771,0.896,1,less50
34928,2006,8,3770.3783783783783,8.234930641023372,1,WC,0,NoSA,finance,3,satisfactory,37,0.865,0.459,1,less50
34928,2008,10,3669.3888888888887,8.207780411894275,1,WC,0,NoSA,finance,4,good,36,0.25,0.444,1,less50
34928,2009,11,4398.638888888889,8.389050428615459,1,WC,0,NoSA,finance,4,good,36,0.667,0.444,1,less50
34929,2007,9,611.4934640522875,6.41590426668464,1,WC,0,NoSA,manufacturing,5,very good,306,0.085,0.003,4,more250
34929,2008,10,468.8968058968059,6.150382714165335,1,WC,0,NoSA,manufacturing,2,sufficient,407,0.106,0.15,4,more250
34929,2009,11,472.0518867924528,6.1570889091887615,1,WC,0,NoSA,manufacturing,1,unsatisfactory,424,0.009,0.052,4,more250
34929,2011,13,620.6200466200467,6.430719053490723,1,WC,0,NoSA,manufacturing,4,good,429,0.005,0.11,4,more250
34929,2012,14,651.6456876456876,6.479500990362087,1,WC,0,NoSA,manufacturing,4,good,429,0.021,0.119,4,more250
34929,2013,15,629.7795454545454,6.445369830296614,1,WC,0,NoSA,manufacturing,4,good,440,0.039,0.111,4,more250
34929,2014,16,678.0378619153674,6.519203129914194,1,WC,1,SA,manufacturing,1,unsatisfactory,449,0.058,0.118,4,more250
34929,2015,17,641.4606986899563,6.463747917471148,1,WC,1,SA,manufacturing,4,good,458,0.063,0.172,4,more250
34929,2016,18,474.5107794361526,6.162284335254859,1,WC,1,SA,manufacturing,3,satisfactory,603,0.192,0.131,4,more250
34929,2017,19,661.5032397408207,6.494514881110396,1,WC,1,SA,manufacturing,3,satisfactory,463,0.261,0.181,4,more250
34929,2018,20,657.6114790286975,6.4886142995335,1,WC,1,SA,manufacturing,3,satisfactory,453,0.296,0.179,4,more250
34929,2019,21,688.3368644067797,6.534278346602649,1,WC,1,SA,manufacturing,3,satisfactory,472,0.284,0.161,4,more250
34929,2020,22,675.7103594080338,6.5157645218125655,1,WC,1,SA,manufacturing,4,good,473,0.397,0.184,4,more250
34929,2021,23,557.6603119584056,6.323750017080577,1,WC,1,SA,manufacturing,2,sufficient,577,0.381,0.194,4,more250
34949,2000,2,3320.673788265306,8.107922989592002,0,NoWC,0,NoSA,edu,3,satisfactory,49,0.02,0.388,1,less50
34949,2001,3,1958.4072646103896,7.579886801773132,0,NoWC,0,NoSA,edu,4,good,77,0.091,0.351,2,less100
34949,2002,4,1773.878048780488,7.480923416865359,0,NoWC,0,NoSA,edu,4,good,82,0.11,0.232,2,less100
34949,2003,5,1730.3218390804598,7.456062704340173,0,NoWC,0,NoSA,edu,3,satisfactory,87,0.126,0.138,2,less100
34949,2004,6,1913.3218390804598,7.556596193178221,0,NoWC,0,NoSA,edu,3,satisfactory,87,0.126,0.218,2,less100
34996,2001,3,3674.126059322034,8.20907057637917,0,NoWC,0,NoSA,manufacturing,2,sufficient,118,0.119,0.127,3,less250
34996,2002,4,2841.7327586206898,7.9521692713787795,0,NoWC,0,NoSA,manufacturing,3,satisfactory,116,0.121,0.216,3,less250
34996,2004,6,1795.6929133858268,7.493146250604595,0,NoWC,0,NoSA,manufacturing,3,satisfactory,127,0.323,0.15,3,less250
34996,2006,8,1880.9395161290322,7.539526673616063,0,NoWC,1,SA,manufacturing,2,sufficient,248,0.173,0.286,3,less250
34999,2000,2,1213.3421519886363,7.101133940058767,0,NoWC,0,NoSA,wholesretail,2,sufficient,22,0.045,0.136,1,less50
34999,2001,3,1600.400462962963,7.37800916626257,0,NoWC,0,NoSA,wholesretail,3,satisfactory,27,0.037,0.148,1,less50
34999,2002,4,1551.625,7.347058047836112,0,NoWC,0,NoSA,wholesretail,4,good,32,0.031,0.125,1,less50
34999,2003,5,2296.5652173913045,7.739169901965404,1,WC,0,NoSA,wholesretail,2,sufficient,23,0.043,0.174,1,less50
34999,2004,6,1565.0740740740741,7.35568843353087,0,NoWC,0,NoSA,wholesretail,3,satisfactory,27,0.037,0.111,1,less50
34999,2005,7,891.34375,6.792730155537308,0,NoWC,0,NoSA,wholesretail,3,satisfactory,32,0.031,0.094,1,less50
34999,2006,8,1600.6363636363637,7.378156556428074,1,WC,0,NoSA,wholesretail,1,unsatisfactory,33,0.03,0.091,1,less50
35011,2006,8,2268.862433862434,7.7270338544105375,0,NoWC,1,SA,buservices,3,satisfactory,189,0.079,0.45,3,less250
35011,2007,9,2167.7165775401068,7.681429624096712,0,NoWC,1,SA,buservices,5,very good,187,0.086,0.465,3,less250
35011,2008,10,2009.779569892473,7.605780328319124,0,NoWC,0,NoSA,buservices,4,good,186,0.091,0.457,3,less250
35019,2003,5,1843.2380952380952,7.51927913827741,1,WC,1,SA,buservices,4,good,21,0.048,0.81,1,less50
35019,2006,8,1686.85,7.4306181633586315,1,WC,0,NoSA,buservices,3,satisfactory,20,0.05,0.95,1,less50
35019,2007,9,1437.6818181818182,7.270787246886743,1,WC,0,NoSA,buservices,2,sufficient,22,0.091,0.864,1,less50
35019,2008,10,1150.1363636363637,7.047635791402689,1,WC,0,NoSA,buservices,2,sufficient,22,0.091,0.773,1,less50
35057,2013,15,1241.9036697247707,7.12440069887737,0,NoWC,0,NoSA,manufacturing,3,satisfactory,218,0.505,0.266,3,less250
35057,2014,16,1362.0689655172414,7.216760120902739,0,NoWC,0,NoSA,manufacturing,3,satisfactory,232,0.405,0.289,3,less250
35057,2015,17,2121.673469387755,7.659960428628275,0,NoWC,0,NoSA,manufacturing,3,satisfactory,245,0.404,0.282,3,less250
35093,2018,20,4535.823293172691,8.419761888117169,0,NoWC,0,NoSA,manufacturing,3,satisfactory,249,0.112,0.361,3,less250
35093,2019,21,4690.763052208836,8.453350545905602,0,NoWC,0,NoSA,manufacturing,3,satisfactory,249,0.112,0.41,3,less250
35093,2020,22,6056.644549763033,8.708911221052759,0,NoWC,0,NoSA,manufacturing,3,satisfactory,211,0.133,0.483,3,less250
35101,2005,7,1968.6526717557251,7.585104664783395,0,NoWC,1,SA,public,4,good,262,0.26,0.656,4,more250
35101,2007,9,1003.3737623762377,6.911123362990148,0,NoWC,1,SA,public,5,very good,404,0.594,0.879,4,more250
35101,2008,10,1201.9903536977492,7.091734089853092,0,NoWC,1,SA,public,4,good,311,0.695,0.682,4,more250
35101,2009,11,831.3253012048193,6.723021175782798,0,NoWC,1,SA,public,3,satisfactory,415,0.27,0.761,4,more250
35101,2010,12,586.3115124153499,6.3738512394849645,0,NoWC,0,NoSA,public,3,satisfactory,443,0.327,0.625,4,more250
35154,2015,17,2696.6071428571427,7.899749648034685,0,NoWC,0,NoSA,manufacturing,4,good,28,0.857,0.036,1,less50
35154,2017,19,2398.16,7.782457055630185,0,NoWC,0,NoSA,manufacturing,5,very good,25,0.88,0.16,1,less50
35154,2018,20,3999.96,8.294039640052027,0,NoWC,0,NoSA,manufacturing,4,good,25,0.88,0.08,1,less50
35154,2019,21,2988.5833333333335,8.002554752544548,0,NoWC,0,NoSA,manufacturing,4,good,24,0.917,0.042,1,less50
35170,2016,18,823.1333333333333,6.713118196465533,0,NoWC,1,SA,manufacturing,4,good,45,0.067,0.156,1,less50
35170,2017,19,774.3142857142857,6.651977845066581,0,NoWC,1,SA,manufacturing,4,good,35,0.171,0.286,1,less50
35170,2018,20,1877.142857142857,7.537506142983288,0,NoWC,1,SA,manufacturing,1,unsatisfactory,21,0.048,0.333,1,less50
35170,2019,21,1396.138888888889,7.241465768981542,0,NoWC,1,SA,manufacturing,3,satisfactory,36,0.083,0.278,1,less50
35170,2020,22,1040.25,6.94721634786305,0,NoWC,1,SA,manufacturing,4,good,36,0.083,0.25,1,less50
35170,2021,23,1231.888888888889,7.116303952436132,0,NoWC,0,NoSA,manufacturing,4,good,36,0.111,0.056,1,less50
35177,2018,20,2344.8342857142857,7.759970011310545,0,NoWC,1,SA,health,3,satisfactory,350,0.109,0.511,4,more250
35177,2019,21,2199.4491525423728,7.695962222786785,0,NoWC,0,NoSA,health,3,satisfactory,354,0.107,0.573,4,more250
35177,2020,22,1223.6546961325967,7.109597312268696,0,NoWC,0,NoSA,health,3,satisfactory,362,0.11,0.773,4,more250
35182,2004,6,2934.5038759689924,7.984293680825253,1,WC,0,NoSA,manufacturing,4,good,129,0.016,0.101,3,less250
35182,2005,7,2557.568493150685,7.84681227875776,1,WC,0,NoSA,manufacturing,4,good,146,0.021,0.082,3,less250
35182,2006,8,1240.8909090909092,7.123584875692742,1,WC,0,NoSA,manufacturing,3,satisfactory,165,0.018,0.079,3,less250
35182,2007,9,1048.8524590163934,6.955451949330198,1,WC,0,NoSA,manufacturing,4,good,183,0.016,0.077,3,less250
35182,2008,10,963.7962085308056,6.870879870323008,1,WC,0,NoSA,manufacturing,3,satisfactory,211,0.009,0.071,3,less250
35182,2010,12,1215.9949748743718,7.103317930012945,1,WC,0,NoSA,manufacturing,2,sufficient,199,0.005,0.075,3,less250
35182,2011,13,1403.883495145631,7.246997600477165,1,WC,0,NoSA,manufacturing,4,good,206,0.005,0.058,3,less250
35192,2000,2,5174.206367924528,8.551441247517735,1,WC,0,NoSA,manufacturing,1,unsatisfactory,53,0.094,0.019,2,less100
35192,2001,3,5743.37087264151,8.655801576985988,1,WC,0,NoSA,manufacturing,1,unsatisfactory,53,0.113,0.075,2,less100
35192,2002,4,6147.442307692308,8.723791389368362,1,WC,0,NoSA,manufacturing,1,unsatisfactory,52,0.058,0.077,2,less100
35192,2003,5,5679.0392156862745,8.644537345239446,1,WC,0,NoSA,manufacturing,3,satisfactory,51,0.039,0.078,2,less100
35210,2000,2,1769.7492508561643,7.478593149349315,1,WC,0,NoSA,health,3,satisfactory,73,0.014,0.767,2,less100
35210,2001,3,984.60751953125,6.892243104438194,1,WC,0,NoSA,health,3,satisfactory,80,0.013,0.912,2,less100
35210,2002,4,1887.6625,7.543094570132646,1,WC,0,NoSA,health,1,unsatisfactory,80,0.013,0.912,2,less100
35210,2003,5,2139.6,7.668374174657095,1,WC,0,NoSA,health,4,good,80,0.013,0.912,2,less100
35210,2004,6,3061.7125,8.026729678928946,1,WC,0,NoSA,health,1,unsatisfactory,80,0.013,0.925,2,less100
35210,2006,8,3033.45,8.017455864635668,1,WC,0,NoSA,health,1,unsatisfactory,80,0.013,0.938,2,less100
35210,2008,10,3113.4864864864867,8.043498434006471,1,WC,0,NoSA,health,3,satisfactory,74,0.014,0.959,2,less100
35210,2009,11,4062.551724137931,8.309566558652431,1,WC,0,NoSA,health,2,sufficient,58,0.017,0.81,2,less100
35210,2010,12,4638.142857142857,8.442069318794951,1,WC,0,NoSA,health,1,unsatisfactory,56,0.018,0.821,2,less100
35215,2015,17,4476.55497382199,8.406609050535383,1,WC,0,NoSA,health,5,very good,191,0.016,0.843,3,less250
35215,2018,20,8088.428571428572,8.998189747850935,1,WC,0,NoSA,health,4,good,196,0.041,0.842,3,less250
35215,2019,21,9380.662721893492,9.14640569215838,1,WC,0,NoSA,health,3,satisfactory,169,0.041,0.864,3,less250
35217,2000,2,748.2607535575679,6.617751518240053,0,NoWC,0,NoSA,buservices,2,sufficient,773,0.017,0.734,4,more250
35217,2001,3,861.8257342896175,6.759053085828521,0,NoWC,0,NoSA,buservices,2,sufficient,732,0.018,0.728,4,more250
35217,2002,4,754.7169811320755,6.626342819543951,0,NoWC,0,NoSA,buservices,1,unsatisfactory,742,0.015,0.656,4,more250
35217,2003,5,623.4511691884456,6.435270444793224,0,NoWC,0,NoSA,buservices,3,satisfactory,727,0.015,0.557,4,more250
35217,2004,6,724.6376811594203,6.5856717798130235,0,NoWC,0,NoSA,buservices,1,unsatisfactory,690,0.016,0.67,4,more250
35217,2005,7,802.1570762052877,6.687304444306872,1,WC,0,NoSA,buservices,1,unsatisfactory,643,0.02,0.653,4,more250
35227,1999,1,1730.6640625,7.456260464995886,0,NoWC,0,NoSA,wholesretail,1,unsatisfactory,52,0.115,0.865,2,less100
35227,2000,2,2108.9314903846152,7.653936695543661,0,NoWC,0,NoSA,wholesretail,3,satisfactory,52,0.212,0.808,2,less100
35227,2001,3,1772.4227764423076,7.480102689864696,0,NoWC,0,NoSA,wholesretail,2,sufficient,52,0.135,0.885,2,less100
35252,2003,5,4183.582524271845,8.338923221672767,0,NoWC,0,NoSA,manufacturing,3,satisfactory,103,0.058,0.709,3,less250
35252,2004,6,4239.951923076923,8.352307209264765,0,NoWC,0,NoSA,manufacturing,2,sufficient,104,0.154,0.654,3,less250
35252,2005,7,4036.3137254901962,8.303087110239012,0,NoWC,0,NoSA,manufacturing,2,sufficient,102,0.157,0.667,3,less250
35255,2012,14,1612.032258064516,7.385250934072627,0,NoWC,0,NoSA,health,4,good,31,0.194,0.871,1,less50
35255,2013,15,1491.5625,7.307579507200216,0,NoWC,1,SA,health,4,good,32,0.219,0.906,1,less50
35255,2015,17,1683.9,7.428867810616263,0,NoWC,0,NoSA,health,4,good,40,0.125,0.775,1,less50
35255,2016,18,1547.5,7.344396004558751,0,NoWC,0,NoSA,health,4,good,42,0.31,0.738,1,less50
35255,2017,19,1726.952380952381,7.4541135044905475,0,NoWC,0,NoSA,health,4,good,42,0.19,0.738,1,less50
35255,2018,20,1523.3,7.328634313142655,0,NoWC,0,NoSA,health,5,very good,40,0.275,0.8,1,less50
35255,2019,21,1650.25,7.40868207056888,0,NoWC,0,NoSA,health,4,good,40,0.325,0.775,1,less50
35255,2020,22,1467.340909090909,7.291207136347434,0,NoWC,0,NoSA,edu,4,good,44,0.25,0.841,1,less50
35260,1998,0,1654.6662621359224,7.411354613177665,0,NoWC,1,SA,construction,3,satisfactory,618,0.165,0.631,4,more250
35260,1999,1,1202.2077282157677,7.091914918978817,0,NoWC,1,SA,construction,4,good,723,0.194,0.568,4,more250
35260,2000,2,1073.4498284734134,6.97863287982555,0,NoWC,1,SA,construction,3,satisfactory,583,0.28,0.533,4,more250
35260,2001,3,1201.6313095238095,7.091435337198209,0,NoWC,1,SA,construction,3,satisfactory,525,0.381,0.503,4,more250
35260,2002,4,1129.032258064516,7.0291161359864045,0,NoWC,1,SA,construction,3,satisfactory,496,0.484,0.484,4,more250
35260,2003,5,944.26875,6.850410818424806,0,NoWC,1,SA,construction,3,satisfactory,480,0.477,0.523,4,more250
35260,2004,6,1004.0160642570281,6.9117633003796755,0,NoWC,1,SA,construction,1,unsatisfactory,498,0.536,0.534,4,more250
35285,2015,17,2092.030534351145,7.645890420848442,0,NoWC,0,NoSA,buservices,4,good,262,0.008,0.328,4,more250
35285,2016,18,3163.3333333333335,8.059381602935863,0,NoWC,0,NoSA,buservices,3,satisfactory,267,0.007,0.363,4,more250
35285,2018,20,3830.274074074074,8.250691639424874,0,NoWC,0,NoSA,buservices,1,unsatisfactory,270,0.007,0.385,4,more250
35285,2020,22,2892.7937062937062,7.969977994550339,0,NoWC,0,NoSA,buservices,1,unsatisfactory,286,0.003,0.357,4,more250
35285,2021,23,2243.901234567901,7.715971252558073,0,NoWC,0,NoSA,buservices,1,unsatisfactory,324,0.006,0.361,4,more250
35344,2016,18,2868.8872180451126,7.9616795046632385,0,NoWC,0,NoSA,manufacturing,4,good,133,0.143,0.459,3,less250
35344,2017,19,2707.559210526316,7.903802847713146,0,NoWC,0,NoSA,manufacturing,4,good,152,0.368,0.309,3,less250
35344,2018,20,3416.045751633987,8.136238948154247,0,NoWC,0,NoSA,manufacturing,5,very good,153,0.366,0.51,3,less250
35344,2019,21,2737.7897727272725,7.9149062215737755,0,NoWC,0,NoSA,manufacturing,5,very good,176,0.318,0.58,3,less250
35344,2020,22,2984.1476510067114,8.001069440999885,0,NoWC,0,NoSA,manufacturing,4,good,149,0.389,0.55,3,less250
35344,2021,23,3791.4866666666667,8.240513481496713,0,NoWC,0,NoSA,manufacturing,5,very good,150,0.387,0.553,3,less250
35363,2001,3,456.56107536764705,6.123722481595503,0,NoWC,0,NoSA,health,4,good,340,0.059,0.794,4,more250
35363,2003,5,155.3036303630363,5.045382106333679,0,NoWC,0,NoSA,health,3,satisfactory,303,0.102,0.706,4,more250
35363,2004,6,871.6445993031359,6.770381771223418,0,NoWC,0,NoSA,health,1,unsatisfactory,287,0.08,0.763,4,more250
35363,2005,7,684.311320754717,6.528412961376653,0,NoWC,0,NoSA,health,4,good,212,0.123,0.708,3,less250
35363,2006,8,328.65533980582524,5.79500960227522,0,NoWC,0,NoSA,health,4,good,206,0.131,0.597,3,less250
35363,2007,9,570.7692307692307,6.346984978699889,0,NoWC,0,NoSA,health,1,unsatisfactory,208,0.144,0.688,3,less250
35407,1999,1,1115.370125534188,7.016941579962364,0,NoWC,0,NoSA,manufacturing,4,good,234,0.004,0.889,3,less250
35407,2000,2,1511.4590297965117,7.320830708193207,0,NoWC,0,NoSA,manufacturing,5,very good,172,0.012,0.738,3,less250
35407,2001,3,1915.536830357143,7.5577531914980876,0,NoWC,0,NoSA,manufacturing,5,very good,140,0.043,0.736,3,less250
35407,2002,4,2326,7.75190533307861,0,NoWC,0,NoSA,manufacturing,5,very good,119,0.025,0.798,3,less250
35407,2004,6,3253.777777777778,8.087571993430315,0,NoWC,0,NoSA,manufacturing,4,good,90,0.089,0.833,2,less100
35407,2005,7,3040.978494623656,8.019934615841658,0,NoWC,1,SA,manufacturing,4,good,93,0.075,0.806,2,less100
35407,2006,8,3213.6153846153848,8.0751518703797,0,NoWC,0,NoSA,manufacturing,3,satisfactory,91,0.066,0.659,2,less100
35407,2007,9,3585,8.184513753033722,0,NoWC,0,NoSA,manufacturing,3,satisfactory,87,0.08,0.667,2,less100
35407,2008,10,3963.1807228915663,8.284802194697116,1,WC,0,NoSA,manufacturing,3,satisfactory,83,0.06,0.831,2,less100
35407,2009,11,4023.4523809523807,8.299895614286221,0,NoWC,0,NoSA,manufacturing,3,satisfactory,84,0.06,0.845,2,less100
35407,2010,12,3020.186046511628,8.013073713276592,0,NoWC,0,NoSA,manufacturing,2,sufficient,86,0.07,0.802,2,less100
35407,2011,13,3178.021978021978,8.064014262749897,0,NoWC,0,NoSA,manufacturing,3,satisfactory,91,0.066,0.835,2,less100
35407,2012,14,3480,8.15478757276852,0,NoWC,0,NoSA,manufacturing,4,good,95,0.053,0.8,2,less100
35407,2013,15,2837.3367346938776,7.950621121700383,0,NoWC,0,NoSA,manufacturing,4,good,98,0.061,0.796,2,less100
35407,2015,17,1314.4466019417475,7.181171021010667,1,WC,0,NoSA,manufacturing,3,satisfactory,103,0.049,0.816,3,less250
35407,2017,19,2974.8041237113403,7.997933475042834,0,NoWC,0,NoSA,manufacturing,4,good,97,0.031,0.866,2,less100
35407,2018,20,2893.71875,7.970297718640164,0,NoWC,0,NoSA,manufacturing,1,unsatisfactory,96,0.031,0.844,2,less100
35407,2019,21,2630.381443298969,7.874884150130075,0,NoWC,0,NoSA,manufacturing,1,unsatisfactory,97,0.052,0.897,2,less100
35407,2020,22,4092.103092783505,8.31681432049402,1,WC,0,NoSA,manufacturing,1,unsatisfactory,97,0.072,0.711,2,less100
35416,2001,3,622.0901904585799,6.433085082964856,0,NoWC,0,NoSA,edu,4,good,676,0.074,0.497,4,more250
35416,2003,5,847.1943925233645,6.741930175430737,0,NoWC,0,NoSA,edu,4,good,535,0.105,0.353,4,more250
35416,2004,6,899.2805755395683,6.801595083153746,0,NoWC,0,NoSA,edu,4,good,556,0.056,0.345,4,more250
35416,2005,7,906.4797891036907,6.8095687344181615,0,NoWC,0,NoSA,edu,5,very good,569,0.056,0.605,4,more250
35419,2010,12,262.015873015873,5.568405085956008,1,WC,0,NoSA,manufacturing,3,satisfactory,63,0.619,0.635,2,less100
35419,2011,13,259.40277777777777,5.558381980297551,1,WC,0,NoSA,manufacturing,3,satisfactory,72,0.083,0.694,2,less100
35419,2012,14,187.4494382022472,5.2335091461235335,1,WC,0,NoSA,manufacturing,3,satisfactory,89,0.281,0.551,2,less100
35419,2013,15,212.73563218390805,5.360050231372306,1,WC,0,NoSA,manufacturing,4,good,87,0.839,0.609,2,less100
35419,2014,16,281.04938271604937,5.638530393096444,1,WC,0,NoSA,manufacturing,5,very good,81,0.383,0.63,2,less100
35426,2002,4,5542.897959183673,8.620272740299189,0,NoWC,1,SA,resthotels,2,sufficient,49,0.143,0.204,1,less50
35426,2003,5,4606.393442622951,8.43520049632072,0,NoWC,1,SA,resthotels,3,satisfactory,61,0.098,0.115,2,less100
35426,2004,6,6472.28125,8.775283914221813,0,NoWC,0,NoSA,resthotels,2,sufficient,64,0.203,0.172,2,less100
35426,2005,7,3577.8,8.182503365357116,0,NoWC,1,SA,resthotels,3,satisfactory,65,0.185,0.154,2,less100
35475,2008,10,1005.7951219512195,6.913533673806855,0,NoWC,0,NoSA,buservices,4,good,205,0.005,0.049,3,less250
35475,2011,13,2482.775,7.817132165212179,0,NoWC,0,NoSA,buservices,3,satisfactory,80,0.025,0.15,2,less100
35475,2012,14,2364.5476190476193,7.768342001042747,0,NoWC,0,NoSA,buservices,3,satisfactory,84,0.024,0.143,2,less100
35475,2014,16,2505.805194805195,7.82636539692176,0,NoWC,0,NoSA,buservices,3,satisfactory,77,0.013,0.143,2,less100
35491,2010,12,1357.5,7.21340005180809,1,WC,0,NoSA,transcom,3,satisfactory,20,0.05,0.9,1,less50
35491,2013,15,2262.55,7.724247774777406,1,WC,0,NoSA,transcom,4,good,20,0.05,0.9,1,less50
35491,2017,19,3620.05,8.194243116879125,1,WC,0,NoSA,transcom,4,good,20,0.1,0.95,1,less50
35491,2020,22,2279.296296296296,7.731622032333441,1,WC,0,NoSA,transcom,4,good,27,0.037,0.963,1,less50
35491,2021,23,1760.2142857142858,7.473190833867625,1,WC,0,NoSA,transcom,3,satisfactory,28,0.179,0.964,1,less50
35508,2019,21,4503.448275862069,8.412598665837994,1,WC,0,NoSA,manufacturing,4,good,29,0.724,0.552,1,less50
35508,2020,22,4837.037037037037,8.4840576298201391,1,WC,0,NoSA,manufacturing,4,good,27,0.704,0.519,1,less50
35508,2021,23,5240.148148148148,8.564105049462784,1,WC,0,NoSA,manufacturing,2,sufficient,27,0.63,0.519,1,less50
35510,2008,10,3637.972972972973,8.19918192996113,0,NoWC,1,SA,wholesretail,3,satisfactory,37,0.054,0.703,1,less50
35510,2010,12,2392.4651162790697,7.780079542773194,0,NoWC,1,SA,wholesretail,3,satisfactory,43,0.047,0.814,1,less50
35510,2011,13,2499.8,7.8239660076561215,0,NoWC,1,SA,wholesretail,3,satisfactory,50,0.02,0.66,1,less50
35510,2012,14,2538.26,7.839234085895821,0,NoWC,0,NoSA,wholesretail,4,good,50,0.08,0.74,1,less50
35510,2013,15,2158.387755102041,7.677116812300835,0,NoWC,0,NoSA,wholesretail,3,satisfactory,49,0.102,0.796,1,less50
35510,2014,16,1903.7,7.5515546399117435,0,NoWC,0,NoSA,wholesretail,4,good,50,0.08,0.86,1,less50
35510,2015,17,2230.6,7.7100258865604365,0,NoWC,0,NoSA,wholesretail,4,good,50,0.1,0.78,1,less50
35510,2016,18,1961.38,7.581403586108027,0,NoWC,0,NoSA,wholesretail,4,good,50,0.04,0.84,1,less50
35510,2017,19,2545.0392156862745,7.841901337779964,0,NoWC,0,NoSA,wholesretail,3,satisfactory,51,0.039,0.725,2,less100
35510,2018,20,2773.4423076923076,7.927844538014223,0,NoWC,0,NoSA,wholesretail,3,satisfactory,52,0.038,0.788,2,less100
35510,2019,21,3083.943396226415,8.033964380502596,0,NoWC,0,NoSA,wholesretail,4,good,53,0.038,0.774,2,less100
35510,2021,23,3056.0714285714284,8.024885523236897,0,NoWC,0,NoSA,wholesretail,2,sufficient,56,0.036,0.839,2,less100
35512,2001,3,2826.2249599358975,7.9466971637337,0,NoWC,0,NoSA,construction,2,sufficient,39,0.026,0.154,1,less50
35512,2002,4,1935.878048780488,7.568316274520092,0,NoWC,0,NoSA,construction,3,satisfactory,41,0.024,0.146,1,less50
35512,2003,5,3266.309523809524,8.09141604056759,0,NoWC,0,NoSA,construction,4,good,42,0.024,0.143,1,less50
35512,2006,8,3713,8.21959545417708,0,NoWC,0,NoSA,construction,1,unsatisfactory,37,0.027,0.135,1,less50
35512,2007,9,3674.6,8.209199562185635,0,NoWC,0,NoSA,construction,4,good,40,0.025,0.1,1,less50
35512,2008,10,3785.9545454545455,8.239053325742242,0,NoWC,0,NoSA,construction,4,good,44,0.068,0.091,1,less50
35512,2009,11,3674.6,8.209199562185635,0,NoWC,1,SA,construction,2,sufficient,40,0.05,0.1,1,less50
35512,2011,13,3499.6190476190477,8.160409398016203,0,NoWC,0,NoSA,construction,1,unsatisfactory,42,0.119,0.119,1,less50
35512,2012,14,4549.5,8.422772615796745,1,WC,0,NoSA,construction,3,satisfactory,42,0.119,0.119,1,less50
35512,2013,15,4355.0888888888885,8.3791002998449855,1,WC,0,NoSA,construction,1,unsatisfactory,45,0.067,0.111,1,less50
35512,2014,16,4042.075,8.304513452962128,1,WC,0,NoSA,construction,3,satisfactory,40,0.1,0.125,1,less50
35512,2015,17,3584.9756097560976,8.184506949595264,1,WC,0,NoSA,construction,3,satisfactory,41,0.195,0.122,1,less50
35512,2016,18,3674.6,8.209199562185635,1,WC,1,SA,construction,3,satisfactory,40,0.225,0.125,1,less50
35512,2017,19,3233.65,8.081366809172067,1,WC,0,NoSA,construction,4,good,40,0.275,0.125,1,less50
35512,2019,21,3618.076923076923,8.193697926944514,1,WC,0,NoSA,construction,3,satisfactory,39,0.179,0.154,1,less50
35512,2020,22,3499.6190476190477,8.160409398016203,1,WC,0,NoSA,construction,5,very good,42,0.119,0.119,1,less50
35512,2021,23,5008.355555555556,8.518862907774817,1,WC,0,NoSA,construction,3,satisfactory,45,0.111,0.133,1,less50
35518,2017,19,3153.46,8.056255541704248,1,WC,0,NoSA,wholesretail,4,good,50,0.64,0.96,1,less50
35518,2018,20,2384.1774193548385,7.776609446286463,1,WC,0,NoSA,wholesretail,4,good,62,0.565,0.935,2,less100
35518,2019,21,3649.8518518518517,8.20244185721906,1,WC,0,NoSA,wholesretail,3,satisfactory,54,0.648,0.963,2,less100
35518,2021,23,4834.320754716981,8.483495912954737,1,WC,0,NoSA,transcom,4,good,53,0.245,0.962,2,less100
35540,2011,13,578.4,6.360265670844555,0,NoWC,0,NoSA,public,4,good,500,0.004,0.496,4,more250
35540,2012,14,714.0388768898488,6.570937410282827,0,NoWC,0,NoSA,public,4,good,463,0.009,0.523,4,more250
35540,2013,15,831.1688311688312,6.722832940488125,0,NoWC,0,NoSA,public,4,good,385,0.031,0.527,4,more250
35543,2015,17,4845.3311258278145,8.485770865813643,0,NoWC,0,NoSA,buservices,4,good,151,0.318,0.609,3,less250
35543,2017,19,4874.03355704698,8.491677119070555,0,NoWC,0,NoSA,buservices,4,good,149,0.329,0.591,3,less250
35543,2018,20,5165.503401360545,8.54975784076582,0,NoWC,0,NoSA,buservices,4,good,147,0.347,0.592,3,less250
35568,2004,6,1877.2,7.537536583920263,1,WC,0,NoSA,manufacturing,1,unsatisfactory,40,0.075,0.45,1,less50
35568,2005,7,2262.6666666666665,7.724299337686007,0,NoWC,0,NoSA,manufacturing,3,satisfactory,39,0.051,0.513,1,less50
35568,2006,8,2856.3783783783783,7.957309800110659,1,WC,0,NoSA,manufacturing,2,sufficient,37,0.054,0.432,1,less50
35568,2007,9,1736.7380952380952,7.459763974929141,1,WC,0,NoSA,manufacturing,3,satisfactory,42,0.071,0.548,1,less50
35568,2008,10,2600.4545454545455,7.8634415339042585,1,WC,0,NoSA,manufacturing,1,unsatisfactory,33,0.091,0.485,1,less50
35610,2013,15,1084.7457627118645,6.9891009184360895,0,NoWC,0,NoSA,buservices,4,good,295,0.003,0.024,4,more250
35610,2014,16,1097.2222222222222,7.000537012433103,0,NoWC,0,NoSA,buservices,3,satisfactory,288,0.014,0.024,4,more250
35610,2015,17,5288.251633986928,8.573242966251645,0,NoWC,0,NoSA,buservices,3,satisfactory,306,0.023,0.023,4,more250
35610,2016,18,5782.718446601942,8.662629170582187,0,NoWC,0,NoSA,buservices,3,satisfactory,309,0.023,0.023,4,more250
35610,2018,20,6506.8493150684935,8.780610641868387,0,NoWC,0,NoSA,buservices,4,good,292,0.007,0.027,4,more250
35627,2000,2,987.1550114329268,6.894827080225464,0,NoWC,0,NoSA,buservices,4,good,41,0.78,0.073,1,less50
35627,2001,3,916.2453125,6.820284137225974,0,NoWC,0,NoSA,buservices,5,very good,50,0.92,0,1,less50
35627,2002,4,915.734693877551,6.81972668721681,0,NoWC,0,NoSA,buservices,4,good,49,0.939,0.02,1,less50
35627,2003,5,991.6458333333334,6.899366020687579,0,NoWC,0,NoSA,buservices,4,good,48,0.938,0,1,less50
35627,2004,6,1061.4583333333333,6.96739902774298,0,NoWC,0,NoSA,buservices,4,good,48,0.521,0,1,less50
35627,2005,7,1059.6875,6.965729332319958,0,NoWC,0,NoSA,buservices,5,very good,48,0.521,0,1,less50
35627,2007,9,1110.3958333333333,7.012471837343963,0,NoWC,0,NoSA,buservices,4,good,48,0.521,0,1,less50
35627,2008,10,1148.3272727272727,7.046061617024595,0,NoWC,0,NoSA,buservices,4,good,55,0.491,0,2,less100
35627,2009,11,982.8214285714286,6.890427444002562,0,NoWC,0,NoSA,buservices,4,good,56,0.482,0,2,less100
35627,2010,12,994.5818181818182,6.902322365580487,0,NoWC,0,NoSA,buservices,4,good,55,0.491,0,2,less100
35627,2011,13,967.6851851851852,6.87490681246433,0,NoWC,0,NoSA,buservices,5,very good,54,0.5,0,2,less100
35627,2014,16,1190.6,7.082212660719289,0,NoWC,0,NoSA,buservices,3,satisfactory,55,0.127,0,2,less100
35627,2015,17,1441.7818181818182,7.2736350013914635,0,NoWC,0,NoSA,buservices,4,good,55,0.127,0,2,less100
35627,2016,18,1411.7454545454545,7.252582128817254,0,NoWC,0,NoSA,buservices,3,satisfactory,55,0.127,0,2,less100
35627,2017,19,1212.1964285714287,7.100189223275779,0,NoWC,0,NoSA,buservices,3,satisfactory,56,0.071,0.018,2,less100
35627,2018,20,1171.142857142857,7.06573535200897,0,NoWC,0,NoSA,buservices,3,satisfactory,56,0.179,0,2,less100
35627,2020,22,1573.953488372093,7.361345878586542,0,NoWC,0,NoSA,buservices,3,satisfactory,43,0.14,0.023,1,less50
35627,2021,23,1557.625,7.350917504263031,0,NoWC,0,NoSA,buservices,3,satisfactory,40,0.25,0,1,less50
35643,2018,20,2438.2345679012346,7.79902951866209,1,WC,0,NoSA,buservices,4,good,81,0.259,0.691,2,less100
35643,2019,21,2820.4578313253014,7.94465450228837,1,WC,0,NoSA,buservices,4,good,83,0.518,0.711,2,less100
35643,2020,22,2653.8736842105263,7.883775619264595,1,WC,0,NoSA,edu,4,good,95,0.168,0.811,2,less100
35643,2021,23,3401.5176470588235,8.131976977794244,1,WC,0,NoSA,edu,4,good,85,0.129,0.718,2,less100
35648,2009,11,548.1775147928994,6.30659916659717,0,NoWC,0,NoSA,manufacturing,3,satisfactory,169,0.077,0.704,3,less250
35648,2010,12,640.1715976331361,6.4617362617174,0,NoWC,0,NoSA,manufacturing,3,satisfactory,169,0.118,0.633,3,less250
35648,2013,15,837.6941176470589,6.730653019107007,0,NoWC,0,NoSA,manufacturing,3,satisfactory,170,0.071,0.7,3,less250
35652,2002,4,4628.099173553719,8.43990151711459,0,NoWC,0,NoSA,buservices,1,unsatisfactory,121,0.099,0.612,3,less250
35652,2004,6,2359.781456953642,7.76632429074599,0,NoWC,0,NoSA,buservices,1,unsatisfactory,151,0.219,0.702,3,less250
35652,2005,7,718.4525386313466,6.577099647152648,0,NoWC,0,NoSA,buservices,2,sufficient,453,0.066,0.598,4,more250
35662,2018,20,4091.978260869565,8.316783814464435,0,NoWC,0,NoSA,public,4,good,46,0.022,0.152,1,less50
35662,2020,22,4919.565217391304,8.500975435132533,0,NoWC,0,NoSA,public,4,good,46,0.043,0.13,1,less50
35662,2021,23,5527.727272727273,8.61753202861673,0,NoWC,1,SA,public,4,good,44,0.5,0.114,1,less50
35681,2011,13,2446.27868852459,7.802323246193727,1,WC,0,NoSA,manufacturing,3,satisfactory,61,0.377,0.131,2,less100
35681,2012,14,2515.3,7.830147359714268,1,WC,0,NoSA,manufacturing,4,good,60,0.417,0.133,2,less100
35681,2013,15,2683.55,7.894895823826385,1,WC,0,NoSA,manufacturing,2,sufficient,60,0.367,0.167,2,less100
35681,2014,16,2337.1,7.75666612352498,1,WC,0,NoSA,manufacturing,4,good,60,0.4,0.133,2,less100
35681,2016,18,2703.0882352941176,7.902150189211703,1,WC,0,NoSA,manufacturing,4,good,68,0.397,0.118,2,less100
35681,2017,19,2875.5,7.963981851153809,1,WC,0,NoSA,manufacturing,4,good,68,0.353,0.118,2,less100
35681,2018,20,3028.5714285714284,8.01584631160479,1,WC,0,NoSA,manufacturing,4,good,70,0.3,0.1,2,less100
35681,2019,21,2746.6619718309857,7.9181416249491114,1,WC,0,NoSA,manufacturing,3,satisfactory,71,0.352,0.155,2,less100
35681,2020,22,2492.1486486486488,7.820900528468882,1,WC,0,NoSA,manufacturing,4,good,74,0.365,0.162,2,less100
35681,2021,23,2504.4594594594596,7.825828205587186,1,WC,0,NoSA,manufacturing,2,sufficient,74,0.351,0.135,2,less100
35713,2017,19,2692.2368421052633,7.898127666874274,0,NoWC,0,NoSA,transcom,4,good,38,0.868,0.553,1,less50
35713,2019,21,2355.3720930232557,7.76445399525339,0,NoWC,0,NoSA,transcom,5,very good,43,0.791,0.581,1,less50
35713,2020,22,2537.6585365853657,7.838997098870472,0,NoWC,0,NoSA,transcom,5,very good,41,0.659,0.537,1,less50
35713,2021,23,2712.122448979592,7.905486798844704,0,NoWC,0,NoSA,transcom,3,satisfactory,49,0.694,0.612,1,less50
35746,2004,6,1273.888888888889,7.149829617955786,1,WC,0,NoSA,health,4,good,27,0.074,0.593,1,less50
35746,2006,8,1131.851851851852,7.031610377276128,1,WC,0,NoSA,health,1,unsatisfactory,27,0.037,0.481,1,less50
35746,2007,9,1132.7037037037037,7.03236271200242,1,WC,0,NoSA,health,2,sufficient,27,0.074,0.519,1,less50
35755,2014,16,1733.608695652174,7.4579604661602925,1,WC,0,NoSA,transcom,3,satisfactory,23,0.087,0.261,1,less50
35755,2015,17,1617.1923076923076,7.388446781196008,0,NoWC,0,NoSA,transcom,3,satisfactory,26,0.077,0.231,1,less50
35755,2016,18,1525.148148148148,7.3298468306497675,0,NoWC,0,NoSA,transcom,4,good,27,0.111,0.444,1,less50
35755,2017,19,2105.6296296296296,7.652369812854573,0,NoWC,0,NoSA,transcom,3,satisfactory,27,0.111,0.222,1,less50
35755,2018,20,2663.318181818182,7.887328061146685,0,NoWC,0,NoSA,transcom,4,good,22,0.136,0.5,1,less50
35755,2019,21,2524.4347826086955,7.8337724681798475,0,NoWC,0,NoSA,transcom,4,good,23,0.174,0.478,1,less50
35755,2020,22,2741.782608695652,7.916363574957265,0,NoWC,0,NoSA,transcom,3,satisfactory,23,0.174,0.435,1,less50
35755,2021,23,2431.2083333333335,7.796143669259317,0,NoWC,0,NoSA,transcom,2,sufficient,24,0.083,0.458,1,less50
35763,2009,11,3315.6666666666665,8.106413988484304,1,WC,0,NoSA,manufacturing,2,sufficient,39,0.026,0.795,1,less50
35763,2011,13,3038.4285714285716,8.019095743459232,1,WC,0,NoSA,manufacturing,4,good,35,0.057,0.771,1,less50
35763,2012,14,3103.472222222222,8.040276835345542,1,WC,0,NoSA,manufacturing,4,good,36,0.056,0.778,1,less50
35763,2013,15,3694.6,8.214627573124536,1,WC,0,NoSA,manufacturing,2,sufficient,35,0.057,0.743,1,less50
35763,2014,16,3965.527777777778,8.285394234360215,1,WC,0,NoSA,manufacturing,2,sufficient,36,0.056,0.806,1,less50
35763,2015,17,5054.228571428572,8.527980512772054,1,WC,0,NoSA,manufacturing,3,satisfactory,35,0.057,0.629,1,less50
35763,2016,18,3536.5116279069766,8.170896104440942,1,WC,0,NoSA,manufacturing,4,good,43,0.047,0.744,1,less50
35763,2019,21,4288.8125,8.363765167077258,1,WC,0,NoSA,manufacturing,3,satisfactory,48,0.042,0.854,1,less50
35763,2020,22,4361.078431372549,8.380474652403022,1,WC,0,NoSA,manufacturing,3,satisfactory,51,0.039,0.784,2,less100
35763,2021,23,3220.5849056603774,8.077318269763119,1,WC,0,NoSA,mining,5,very good,53,0.019,0.642,2,less100
35765,2001,3,1647.1447454308095,7.4067986106091865,0,NoWC,0,NoSA,manufacturing,3,satisfactory,383,0.24,0.869,4,more250
35765,2002,4,1407.035175879397,7.249240057426895,0,NoWC,0,NoSA,manufacturing,2,sufficient,398,0.266,0.842,4,more250
35765,2004,6,677.2477876106195,6.518037214235054,0,NoWC,0,NoSA,manufacturing,3,satisfactory,452,0.197,0.907,4,more250
35778,2007,9,1614.9920318725099,7.387085301819514,0,NoWC,0,NoSA,health,3,satisfactory,251,0.012,0.661,4,more250
35778,2008,10,1489.3187250996016,7.306074062900541,0,NoWC,0,NoSA,health,2,sufficient,251,0.06,0.653,4,more250
35778,2009,11,2116.564417177914,7.657549495206735,0,NoWC,0,NoSA,health,2,sufficient,163,0.074,0.736,3,less250
35778,2011,13,2065.714285714286,7.633231346657443,0,NoWC,0,NoSA,health,2,sufficient,140,0.021,0.486,3,less250
35781,2002,4,1473.2926829268292,7.295255095249356,1,WC,0,NoSA,health,1,unsatisfactory,41,0.098,0.659,1,less50
35781,2005,7,1300.4791666666667,7.170488065280706,1,WC,0,NoSA,health,2,sufficient,48,0.125,0.792,1,less50
35781,2006,8,730.2631578947369,6.593404959448195,1,WC,0,NoSA,health,1,unsatisfactory,76,0.079,0.868,2,less100
35781,2007,9,848.7790697674419,6.743798928380572,1,WC,0,NoSA,health,2,sufficient,86,0.035,0.791,2,less100
35781,2008,10,881.1216216216217,6.781195665921981,1,WC,0,NoSA,health,2,sufficient,74,0.054,0.892,2,less100
35781,2009,11,810.3913043478261,6.697517222802654,1,WC,0,NoSA,health,2,sufficient,92,0.054,0.902,2,less100
35783,2002,4,4828.823529411765,8.482358141286095,0,NoWC,0,NoSA,public,1,unsatisfactory,68,0.029,0.485,2,less100
35783,2003,5,5128.242424242424,8.542518272101354,0,NoWC,0,NoSA,public,3,satisfactory,66,0.045,0.697,2,less100
35783,2004,6,4519.934210526316,8.416252717527057,0,NoWC,0,NoSA,public,2,sufficient,76,0.026,0.526,2,less100
35783,2005,7,3122.036036036036,8.046240643621202,0,NoWC,0,NoSA,public,3,satisfactory,111,0.018,0.514,3,less250
35783,2006,8,4432.4324324324325,8.39670379416211,0,NoWC,0,NoSA,public,4,good,111,0.018,0.514,3,less250
35783,2007,9,2615.6486486486488,7.869267394936331,0,NoWC,0,NoSA,public,4,good,111,0.072,0.306,3,less250
35783,2009,11,2358.06106870229,7.765594979278617,0,NoWC,0,NoSA,public,3,satisfactory,131,0.015,0.458,3,less250
35783,2011,13,1890.1960784313726,7.544435847874311,0,NoWC,0,NoSA,public,2,sufficient,153,0.052,0.693,3,less250
35783,2012,14,2003.6363636363637,7.60271899046848,0,NoWC,0,NoSA,public,3,satisfactory,165,0.012,0.497,3,less250
35783,2013,15,2133.3333333333335,7.665440980679653,0,NoWC,0,NoSA,public,3,satisfactory,150,0.033,0.647,3,less250
35783,2014,16,1837.2093023255813,7.516003015755596,0,NoWC,0,NoSA,public,4,good,172,0.029,0.5,3,less250
35783,2015,17,3084.505882352941,8.034146755716424,0,NoWC,0,NoSA,public,4,good,170,0.029,0.376,3,less250
35783,2016,18,2948.779069767442,7.989146489009007,1,WC,0,NoSA,public,4,good,172,0.041,0.634,3,less250
35783,2017,19,2918.7566137566137,7.978912987369797,1,WC,0,NoSA,public,4,good,189,0.026,0.46,3,less250
35783,2018,20,3031.015625,8.01665303210885,1,WC,0,NoSA,public,3,satisfactory,192,0.156,0.453,3,less250
35783,2019,21,3298.547368421053,8.101237459154342,1,WC,0,NoSA,public,3,satisfactory,190,0.111,0.4,3,less250
35783,2021,23,4249.088785046729,8.354459835412326,1,WC,0,NoSA,public,1,unsatisfactory,214,0.056,0.678,3,less250
35794,2003,5,2371.019417475728,7.771075275604089,0,NoWC,0,NoSA,edu,2,sufficient,103,0.019,0.107,3,less250
35794,2004,6,2735.2291666666665,7.913970501717589,0,NoWC,0,NoSA,edu,1,unsatisfactory,96,0.01,0.073,2,less100
35794,2005,7,3395.4583333333335,8.130194033335375,0,NoWC,0,NoSA,edu,1,unsatisfactory,96,0.01,0.062,2,less100
35834,1998,0,1347.43310546875,7.205956658113956,1,WC,0,NoSA,wholesretail,3,satisfactory,40,0.15,0.05,1,less50
35834,1999,1,1173.3910792151162,7.067653193953158,1,WC,0,NoSA,wholesretail,4,good,43,0.14,0.07,1,less50
35834,2000,2,1331.4381076388888,7.194014920988397,0,NoWC,0,NoSA,wholesretail,4,good,45,0.133,0.044,1,less50
35834,2001,3,1269.7008809840424,7.14653662492763,0,NoWC,0,NoSA,wholesretail,4,good,47,0.128,0.043,1,less50
35834,2002,4,1310.7333333333333,7.178342056005281,1,WC,0,NoSA,wholesretail,4,good,45,0.133,0.044,1,less50
35834,2003,5,1353.4166666666667,7.210387538386603,1,WC,0,NoSA,wholesretail,2,sufficient,48,0.062,0.062,1,less50
35841,2019,21,2144.78125,7.670792844809684,1,WC,0,NoSA,buservices,3,satisfactory,32,0.281,0.188,1,less50
35841,2020,22,2963.6470588235293,7.994175903355402,1,WC,0,NoSA,buservices,2,sufficient,34,0.235,0.206,1,less50
35841,2021,23,2903.2580645161293,7.973588855876639,1,WC,0,NoSA,buservices,2,sufficient,31,0.258,0.194,1,less50
35845,2003,5,3057.5714285714284,8.02537622904525,0,NoWC,0,NoSA,buservices,2,sufficient,35,0.029,0.714,1,less50
35845,2005,7,3562.59375,8.178244140020125,0,NoWC,0,NoSA,buservices,3,satisfactory,32,0.031,0.688,1,less50
35845,2006,8,4030.96875,8.30176201066836,1,WC,0,NoSA,buservices,3,satisfactory,32,0.031,0.719,1,less50
35845,2007,9,4082.0588235294117,8.314356753733724,1,WC,0,NoSA,buservices,4,good,34,0.029,0.676,1,less50
35845,2008,10,2887.9,7.968284873374441,1,WC,0,NoSA,buservices,4,good,40,0.075,0.675,1,less50
35845,2010,12,2545.4761904761904,7.842073019724177,1,WC,0,NoSA,buservices,2,sufficient,42,0.024,0.667,1,less50
35845,2012,14,3758.4166666666665,8.231753048405956,1,WC,0,NoSA,buservices,4,good,48,0.021,0.729,1,less50
35845,2021,23,3275.957142857143,8.094365362731448,1,WC,0,NoSA,edu,2,sufficient,70,0.014,0.871,2,less100
35869,2000,2,15450.7546875,9.64541312822029,0,NoWC,0,NoSA,manufacturing,3,satisfactory,20,0.35,0.4,1,less50
35869,2001,3,6939.294375,8.844955373259543,0,NoWC,0,NoSA,manufacturing,4,good,25,0.6,0.44,1,less50
35869,2002,4,8971.923076923076,9.10185532192112,0,NoWC,0,NoSA,manufacturing,2,sufficient,26,0.538,0.346,1,less50
35869,2003,5,6437.642857142857,8.769917736126597,0,NoWC,0,NoSA,manufacturing,1,unsatisfactory,28,0.536,0.393,1,less50
35869,2004,6,9140.655172413793,9.12048734376252,0,NoWC,0,NoSA,manufacturing,4,good,29,0.517,0.448,1,less50
35869,2005,7,7402.535714285715,8.909577884588993,0,NoWC,0,NoSA,manufacturing,4,good,28,0.464,0.429,1,less50
35869,2006,8,6890.586206896552,8.837911441215322,0,NoWC,0,NoSA,manufacturing,4,good,29,0.552,0.483,1,less50
35869,2007,9,6288.793103448276,8.746524455838612,0,NoWC,0,NoSA,manufacturing,4,good,29,0.483,0.379,1,less50
35869,2008,10,5439.333333333333,8.601411783320636,0,NoWC,0,NoSA,manufacturing,4,good,33,0.545,0.424,1,less50
35869,2009,11,6225.964285714285,8.736483614671943,0,NoWC,0,NoSA,manufacturing,3,satisfactory,28,0.286,0.393,1,less50
35869,2010,12,6479.7037037037035,8.77643006356383,0,NoWC,0,NoSA,manufacturing,4,good,27,0.481,0.296,1,less50
35881,2009,11,2883.2589285714284,7.966676505805122,0,NoWC,0,NoSA,manufacturing,4,good,112,0.812,0.259,3,less250
35881,2010,12,2382.8990825688074,7.776073127300956,0,NoWC,0,NoSA,manufacturing,4,good,109,0.78,0.303,3,less250
35881,2012,14,2172.1428571428573,7.683469451056152,0,NoWC,0,NoSA,manufacturing,3,satisfactory,140,0.493,0.264,3,less250
35881,2013,15,2483.748031496063,7.817524001312542,0,NoWC,0,NoSA,manufacturing,4,good,127,0.622,0.315,3,less250
35881,2014,16,2925.925925925926,7.981366265444829,0,NoWC,0,NoSA,manufacturing,5,very good,108,0.731,0.213,3,less250
35881,2015,17,3231.3396226415093,8.080652074086105,0,NoWC,0,NoSA,manufacturing,3,satisfactory,106,0.83,0.33,3,less250
35881,2016,18,2923.048780487805,7.980382453472783,0,NoWC,0,NoSA,manufacturing,4,good,123,0.756,0.268,3,less250
35881,2017,19,3075.358778625954,8.031176849410427,0,NoWC,0,NoSA,manufacturing,3,satisfactory,131,0.687,0.252,3,less250
35881,2018,20,2768.869230769231,7.9261942958980365,0,NoWC,0,NoSA,manufacturing,3,satisfactory,130,0.762,0.223,3,less250
35881,2019,21,2788.3805970149256,7.933216275122579,0,NoWC,0,NoSA,manufacturing,3,satisfactory,134,0.634,0.269,3,less250
35881,2021,23,2847.07299270073,7.954046725411173,0,NoWC,0,NoSA,manufacturing,1,unsatisfactory,137,0.693,0.277,3,less250
35887,2011,13,4232.163636363636,8.35046863922814,0,NoWC,0,NoSA,buservices,4,good,55,0.145,0.436,2,less100
35887,2012,14,4687.25,8.45260133552306,0,NoWC,0,NoSA,buservices,4,good,48,0.771,0.542,1,less50
35887,2013,15,5302.829787234043,8.575995879174144,0,NoWC,0,NoSA,buservices,3,satisfactory,47,0.809,0.532,1,less50
35887,2014,16,5657.023809523809,8.640653204194791,0,NoWC,0,NoSA,buservices,4,good,42,0.881,0.571,1,less50
35890,2008,10,1859.6097560975609,7.528121936144656,1,WC,0,NoSA,finance,2,sufficient,41,0.073,0.049,1,less50
35890,2009,11,2130.2926829268295,7.664014659088408,1,WC,0,NoSA,finance,2,sufficient,41,0.024,0.049,1,less50
35890,2011,13,2870.5897435897436,7.962272773215738,1,WC,0,NoSA,finance,4,good,39,0.205,0.051,1,less50
35890,2012,14,3012.157894736842,8.010412009437188,1,WC,0,NoSA,finance,4,good,38,0.289,0.053,1,less50
35890,2013,15,3073.1052631578946,8.030443815744244,1,WC,0,NoSA,finance,4,good,38,0.395,0.158,1,less50
35890,2015,17,2824.7073170731705,7.946160033637348,1,WC,0,NoSA,finance,4,good,41,0.317,0.146,1,less50
35890,2017,19,3083.6341463414633,8.033864098055208,1,WC,0,NoSA,finance,4,good,41,0.268,0.098,1,less50
35890,2018,20,3321.767441860465,8.108252282262317,1,WC,0,NoSA,finance,4,good,43,0.302,0.07,1,less50
35890,2020,22,3419.8478260869565,8.137351333770495,1,WC,0,NoSA,buservices,4,good,46,0.261,0.087,1,less50
35890,2021,23,4632.525,8.440857354799027,1,WC,0,NoSA,buservices,5,very good,40,0.3,0.05,1,less50
35894,2001,3,1696.224715909091,7.436160305162725,0,NoWC,0,NoSA,buservices,2,sufficient,110,0.127,0.036,3,less250
35894,2002,4,1849.2972972972973,7.522561006616393,0,NoWC,0,NoSA,buservices,4,good,111,0.144,0.054,3,less250
35894,2003,5,4358.866666666667,8.379967363715204,0,NoWC,0,NoSA,buservices,1,unsatisfactory,45,0.356,0.089,1,less50
35934,2009,11,855.25,6.751393823857714,1,WC,0,NoSA,manufacturing,4,good,52,0.096,0.615,2,less100
35934,2011,13,1084.8653846153845,6.989211188798397,0,NoWC,0,NoSA,manufacturing,5,very good,52,0.096,0.615,2,less100
35934,2012,14,1259.7115384615386,7.138638036006344,0,NoWC,0,NoSA,manufacturing,5,very good,52,0.212,0.615,2,less100
35950,2019,21,789.7085714285714,6.671663980475999,0,NoWC,0,NoSA,health,3,satisfactory,525,0.011,0.13,4,more250
35950,2020,22,1953.554347826087,7.577405734853509,0,NoWC,0,NoSA,buservices,4,good,184,0.038,0.158,3,less250
35950,2021,23,1524.2536764705883,7.3292601767716254,0,NoWC,0,NoSA,buservices,3,satisfactory,272,0.051,0.136,4,more250
35951,2002,4,2390.076923076923,7.7790808297954515,0,NoWC,0,NoSA,public,3,satisfactory,39,0.231,0.077,1,less50
35951,2004,6,2865.764705882353,7.960590506581831,0,NoWC,0,NoSA,public,3,satisfactory,34,0.382,0.059,1,less50
35951,2005,7,3839.71875,8.253154400711933,0,NoWC,0,NoSA,public,3,satisfactory,32,0.188,0.062,1,less50
35951,2006,8,3915.969696969697,8.272818265359403,0,NoWC,0,NoSA,public,3,satisfactory,33,0.212,0.061,1,less50
35951,2007,9,3450.0857142857144,8.146154354437277,0,NoWC,0,NoSA,public,4,good,35,0.371,0.057,1,less50
35952,2007,9,1355.8783783783783,7.212204773016448,1,WC,0,NoSA,transcom,4,good,148,0.02,0.27,3,less250
35952,2010,12,2339.963963963964,7.757890808217765,1,WC,0,NoSA,transcom,2,sufficient,111,0.036,0.315,3,less250
35952,2011,13,2582.1428571428573,7.856374897971652,1,WC,0,NoSA,transcom,5,very good,112,0.027,0.295,3,less250
35952,2012,14,2825.641025641026,7.946490529571305,1,WC,0,NoSA,transcom,4,good,117,0.034,0.274,3,less250
35952,2013,15,2909.090909090909,7.975595908983493,1,WC,0,NoSA,transcom,4,good,110,0.036,0.373,3,less250
35978,2010,12,283.13793103448273,5.645934167722315,1,WC,0,NoSA,buservices,5,very good,29,0.241,0.621,1,less50
35978,2011,13,379.5,5.938854596835685,1,WC,0,NoSA,buservices,4,good,28,0.179,0.643,1,less50
35978,2014,16,563.5,6.334167333479831,1,WC,0,NoSA,buservices,4,good,24,0.208,0.458,1,less50
35978,2015,17,474.22727272727275,6.161686685109654,1,WC,0,NoSA,buservices,5,very good,22,0.227,0.455,1,less50
35978,2016,18,340.40909090909093,5.830148102891052,1,WC,0,NoSA,buservices,4,good,22,0.045,0.455,1,less50
35979,2008,10,1160.0454545454545,7.0562144682856784,1,WC,0,NoSA,wholesretail,1,unsatisfactory,44,0.341,0.477,1,less50
35979,2009,11,1133.820512820513,7.033348193824367,1,WC,0,NoSA,wholesretail,2,sufficient,39,0.641,0.692,1,less50
35979,2010,12,1104.7441860465117,7.007369081309979,1,WC,0,NoSA,wholesretail,3,satisfactory,43,0.395,0.442,1,less50
35979,2011,13,1208.4782608695652,7.0971172114584204,1,WC,0,NoSA,wholesretail,4,good,46,0.326,0.435,1,less50
35979,2012,14,1340.7755102040817,7.201003464498422,1,WC,0,NoSA,wholesretail,4,good,49,0.286,0.449,1,less50
35979,2013,15,1090.34,6.994244853189705,1,WC,0,NoSA,wholesretail,4,good,50,0.36,0.46,1,less50
35979,2015,17,1394.9761904761904,7.2406326263508065,1,WC,0,NoSA,wholesretail,3,satisfactory,42,0.69,0.524,1,less50
35979,2016,18,1263.425,7.141581566142813,1,WC,0,NoSA,wholesretail,3,satisfactory,40,0.7,0.6,1,less50
35986,2000,2,12276.666294642857,9.415455690467677,1,WC,0,NoSA,construction,3,satisfactory,28,0.143,0.036,1,less50
35986,2002,4,2317,7.748028524432376,1,WC,0,NoSA,construction,3,satisfactory,28,0.143,0.036,1,less50
35986,2003,5,982.8064516129032,6.890412205148171,1,WC,0,NoSA,construction,1,unsatisfactory,31,0.097,0.032,1,less50
35986,2004,6,580.3142857142857,6.363569828702072,1,WC,0,NoSA,construction,4,good,35,0.086,0.029,1,less50
35986,2005,7,539.53125,6.290700707024366,1,WC,0,NoSA,construction,4,good,32,0.031,0.031,1,less50
35986,2006,8,311.43333333333334,5.741185297130801,1,WC,0,NoSA,construction,4,good,30,0.067,0.033,1,less50
36001,2014,16,1813.219512195122,7.502859280201779,1,WC,0,NoSA,transcom,3,satisfactory,41,0.78,0.805,1,less50
36001,2015,17,1763.3809523809523,7.474988240950578,1,WC,0,NoSA,transcom,3,satisfactory,42,0.667,0.857,1,less50
36001,2016,18,2265.6428571428573,7.725613819785377,1,WC,0,NoSA,transcom,4,good,42,0.595,0.857,1,less50
36001,2017,19,2525.2619047619046,7.83410006098861,1,WC,0,NoSA,transcom,4,good,42,0.667,0.905,1,less50
36001,2018,20,2599.2,7.862958984354891,1,WC,0,NoSA,transcom,4,good,45,0.222,0.867,1,less50
36001,2019,21,1874.3090909090909,7.5359953856488024,1,WC,0,NoSA,transcom,4,good,55,0.182,0.945,2,less100
36001,2020,22,812.3684210526316,6.699953957769819,1,WC,0,NoSA,wholesretail,3,satisfactory,57,0.211,0.947,2,less100
36001,2021,23,599.5322580645161,6.39614978130105,1,WC,0,NoSA,wholesretail,4,good,62,0.226,0.871,2,less100
36007,2017,19,1162.9166666666667,7.058686496182422,1,WC,0,NoSA,health,4,good,24,0.25,0.833,1,less50
36007,2018,20,1085.375,6.989680828380809,1,WC,0,NoSA,health,4,good,24,0.375,0.833,1,less50
36007,2019,21,1268.6363636363637,7.145697873172052,1,WC,0,NoSA,health,2,sufficient,22,0.227,0.818,1,less50
36009,2018,20,905.060606060606,6.808001909480438,1,WC,0,NoSA,wholesretail,4,good,33,0.03,0.212,1,less50
36009,2019,21,791.9318181818181,6.674475299954358,1,WC,0,NoSA,wholesretail,4,good,44,0.023,0.341,1,less50
36009,2020,22,1141.9705882352941,7.040510635274225,1,WC,0,NoSA,transcom,4,good,34,0.029,0.029,1,less50
36019,2018,20,1371.8333333333333,7.223903323744589,0,NoWC,0,NoSA,transcom,4,good,24,0.042,0.625,1,less50
36019,2019,21,1350.125,7.207952459738638,0,NoWC,0,NoSA,transcom,4,good,24,0.042,0.583,1,less50
36019,2021,23,1149.1785714285713,7.046802680419427,0,NoWC,0,NoSA,resthotels,4,good,28,0.036,0.571,1,less50
36115,2000,2,2904.590981012658,7.974047861098532,1,WC,0,NoSA,buservices,4,good,79,0.595,0.38,2,less100
36115,2001,3,2727.462754360465,7.911127062017457,1,WC,0,NoSA,buservices,3,satisfactory,86,0.733,0.477,2,less100
36115,2002,4,3058.4133333333334,8.025651541950692,1,WC,0,NoSA,buservices,2,sufficient,75,0.893,0.227,2,less100
36115,2005,7,1304.1758241758241,7.173326567887908,1,WC,0,NoSA,buservices,1,unsatisfactory,91,0.78,0.286,2,less100
36116,2015,17,3222.8275862068967,8.078014385568187,1,WC,0,NoSA,buservices,2,sufficient,29,0.103,0.828,1,less50
36116,2016,18,1216.1272727272728,7.103426722120877,1,WC,0,NoSA,buservices,2,sufficient,55,0.127,0.909,2,less100
36116,2017,19,2012.3958333333333,7.607081248118764,1,WC,0,NoSA,buservices,2,sufficient,48,0.062,0.896,1,less50
36116,2018,20,2802.6052631578946,7.938304714689786,1,WC,0,NoSA,buservices,3,satisfactory,38,0.079,0.895,1,less50
36128,2019,21,2122.625,7.660408809266465,1,WC,0,NoSA,public,4,good,32,0.25,0.25,1,less50
36128,2020,22,2062.3125,7.6315832049854455,1,WC,0,NoSA,public,3,satisfactory,32,0.344,0.156,1,less50
36128,2021,23,2692.242424242424,7.898129740291919,1,WC,0,NoSA,public,4,good,33,0.242,0.152,1,less50
36136,2008,10,2516.0232558139537,7.830434860946911,1,WC,0,NoSA,resthotels,4,good,129,0.225,0.876,3,less250
36136,2009,11,2473.607692307692,7.813432968150432,1,WC,0,NoSA,resthotels,4,good,130,0.185,0.915,3,less250
36136,2010,12,1952.9022556390978,7.577071881308346,1,WC,0,NoSA,resthotels,3,satisfactory,133,0.113,0.902,3,less250
36136,2011,13,2080.5755395683454,7.640399836136055,1,WC,0,NoSA,resthotels,4,good,139,0.108,0.885,3,less250
36152,1998,0,2180.349147121535,7.6872403021890765,0,NoWC,0,NoSA,mining,3,satisfactory,469,0.256,0.546,4,more250
36152,1999,1,1857.2568108974358,7.526855845219934,0,NoWC,0,NoSA,mining,3,satisfactory,468,0.374,0.556,4,more250
36152,2000,2,1360.4809782608695,7.2155935766929025,0,NoWC,0,NoSA,mining,3,satisfactory,460,0.357,0.563,4,more250
36152,2001,3,1347.9838408119658,7.206365303872186,0,NoWC,0,NoSA,mining,3,satisfactory,468,0.35,0.562,4,more250
36152,2002,4,1106.7193675889328,7.009155393423867,0,NoWC,0,NoSA,mining,3,satisfactory,506,0.397,0.569,4,more250
36161,2006,8,2747.927272727273,7.918602187463373,0,NoWC,0,NoSA,resthotels,4,good,165,0.055,0.152,3,less250
36161,2007,9,2581.9299363057326,7.85629243560299,0,NoWC,1,SA,resthotels,4,good,157,0.057,0.248,3,less250
36161,2009,11,2412.5874125874125,7.788455065753589,0,NoWC,1,SA,resthotels,2,sufficient,143,0.126,0.182,3,less250
36162,1998,0,3551.8960813492063,8.175236847307172,0,NoWC,1,SA,wholesretail,1,unsatisfactory,252,0.56,0.77,4,more250
36162,1999,1,3292.5677710843374,8.099423016878443,0,NoWC,0,NoSA,wholesretail,1,unsatisfactory,249,0.699,0.775,3,less250
36162,2001,3,2533.559989959839,7.837380703325125,0,NoWC,0,NoSA,wholesretail,4,good,249,0.598,0.803,3,less250
36209,2013,15,1438.2857142857142,7.271207207199893,0,NoWC,0,NoSA,health,4,good,21,0.714,0.524,1,less50
36209,2014,16,978.7692307692307,6.886295895407498,0,NoWC,0,NoSA,health,4,good,26,0.654,0.5,1,less50
36209,2015,17,2078.25,7.639281472411198,0,NoWC,0,NoSA,health,4,good,24,0.708,0.083,1,less50
36209,2016,18,1942.5416666666667,7.571752532033204,0,NoWC,0,NoSA,health,3,satisfactory,24,0.792,0.5,1,less50
36209,2017,19,2038.7272727272727,7.620081006222455,0,NoWC,0,NoSA,health,3,satisfactory,22,0.909,0.455,1,less50
36229,2014,16,782.6274509803922,6.6626567858036045,1,WC,0,NoSA,buservices,5,very good,51,0.02,0.706,2,less100
36229,2016,18,994.5102040816327,6.90225035875585,1,WC,0,NoSA,buservices,4,good,49,0.02,0.755,1,less50
36229,2017,19,1184.888888888889,7.077404284522325,1,WC,0,NoSA,buservices,4,good,45,0.022,0.733,1,less50
36229,2018,20,1123.5813953488373,7.024276537019699,1,WC,0,NoSA,buservices,4,good,43,0.07,0.674,1,less50
36229,2019,21,1167.4545454545455,7.062581055555623,1,WC,0,NoSA,buservices,4,good,44,0.023,0.705,1,less50
36255,2014,16,574.3777777777777,6.353287329272843,1,WC,0,NoSA,manufacturing,4,good,45,0.022,0.378,1,less50
36255,2016,18,963.3863636363636,6.870454539680712,1,WC,0,NoSA,manufacturing,5,very good,44,0.045,0.386,1,less50
36255,2018,20,1010.3863636363636,6.918088074940027,1,WC,0,NoSA,manufacturing,5,very good,44,0.045,0.432,1,less50
36255,2019,21,1162.5333333333333,7.058356810885551,1,WC,0,NoSA,manufacturing,5,very good,45,0.044,0.556,1,less50
36255,2021,23,1202.6734693877552,7.092302248862949,1,WC,0,NoSA,manufacturing,4,good,49,0.082,0.408,1,less50
36304,1999,1,478.541973621673,6.170743926213459,1,WC,0,NoSA,manufacturing,2,sufficient,263,0.232,0.456,4,more250
36304,2000,2,621.2196448237886,6.431684714766437,1,WC,0,NoSA,manufacturing,4,good,227,0.352,0.643,3,less250
36304,2001,3,388.894503147482,5.963308106702032,1,WC,0,NoSA,manufacturing,4,good,278,0.072,0.504,4,more250
36308,2004,6,1189.3309859154929,7.081146231304079,1,WC,0,NoSA,transcom,3,satisfactory,142,0.197,0.718,3,less250
36308,2005,7,864.843137254902,6.762548146273043,1,WC,1,SA,transcom,3,satisfactory,153,0.209,0.739,3,less250
36308,2006,8,1326.3142857142857,7.1901591605455835,1,WC,1,SA,transcom,2,sufficient,140,0.207,0.75,3,less250
36322,2017,19,2063.336363636364,7.632079545653895,0,NoWC,0,NoSA,health,2,sufficient,110,0.345,0.027,3,less250
36322,2018,20,3405.030303030303,8.133009118112383,0,NoWC,0,NoSA,health,3,satisfactory,99,0.323,0.303,2,less100
36322,2019,21,2971.4343434343436,7.996800059134152,0,NoWC,0,NoSA,health,2,sufficient,99,0.293,0.455,2,less100
36323,2008,10,1578.4411764705883,7.364193041843164,1,WC,0,NoSA,wholesretail,4,good,102,0.098,0.637,3,less250
36323,2009,11,2388.4313725490197,7.778392099969679,1,WC,0,NoSA,wholesretail,3,satisfactory,102,0.059,0.824,3,less250
36323,2010,12,2177.8317757009345,7.686085062539714,1,WC,0,NoSA,wholesretail,4,good,107,0.019,0.869,3,less250
36341,2013,15,863.2962962962963,6.76075796506234,0,NoWC,0,NoSA,resthotels,3,satisfactory,27,0.148,0.667,1,less50
36341,2015,17,712.3333333333334,6.568545966651038,0,NoWC,0,NoSA,resthotels,3,satisfactory,27,0.111,0.667,1,less50
36341,2016,18,748.7037037037037,6.6183433160705425,0,NoWC,0,NoSA,resthotels,1,unsatisfactory,27,0.037,0.63,1,less50
36341,2017,19,986.8518518518518,6.894519928726553,0,NoWC,0,NoSA,resthotels,3,satisfactory,27,0.037,0.667,1,less50
36341,2018,20,1169.2222222222222,7.064094039404592,0,NoWC,0,NoSA,resthotels,2,sufficient,27,0.037,0.667,1,less50
36341,2019,21,1829.2857142857142,7.511680849578312,0,NoWC,0,NoSA,resthotels,2,sufficient,28,0.036,0.607,1,less50
36341,2020,22,1448.107142857143,7.278012563894136,0,NoWC,0,NoSA,finance,3,satisfactory,28,0.036,0.821,1,less50
36341,2021,23,1001.1666666666666,6.908921265622106,0,NoWC,0,NoSA,finance,2,sufficient,30,0.033,0.6,1,less50
36358,2015,17,4692.992957746479,8.453825815206562,1,WC,1,SA,manufacturing,3,satisfactory,142,0.021,0.43,3,less250
36358,2016,18,4844.971428571429,8.485696627211798,1,WC,1,SA,manufacturing,2,sufficient,140,0.093,0.436,3,less250
36358,2017,19,4687.18954248366,8.452588437148481,1,WC,1,SA,manufacturing,4,good,153,0.065,0.529,3,less250
36359,2007,9,1182.0535714285713,7.075008519636608,1,WC,0,NoSA,public,4,good,224,0.049,0.719,3,less250
36359,2008,10,1722.668202764977,7.451629648491866,1,WC,0,NoSA,public,4,good,217,0.065,0.724,3,less250
36359,2009,11,1506.5502183406113,7.317577692459257,1,WC,0,NoSA,public,4,good,229,0.031,0.716,3,less250
36359,2010,12,1191.4495412844037,7.08292594674101,1,WC,0,NoSA,public,3,satisfactory,218,0.023,0.739,3,less250
36359,2011,13,1345.1162790697674,7.204235741139084,1,WC,0,NoSA,public,4,good,215,0.028,0.526,3,less250
36359,2013,15,1658.0310880829015,7.413386085871024,1,WC,0,NoSA,public,3,satisfactory,193,0.026,0.596,3,less250
36359,2014,16,1620.5128205128206,7.390497934005302,1,WC,0,NoSA,public,4,good,195,0.021,0.595,3,less250
36359,2015,17,13598.361344537816,9.517704575092496,1,WC,0,NoSA,public,3,satisfactory,119,0.042,0.664,3,less250
36359,2016,18,15142.881355932202,9.625285823014268,1,WC,0,NoSA,public,3,satisfactory,118,0.042,0.661,3,less250
36359,2017,19,13913.04347826087,9.54058205884676,1,WC,0,NoSA,public,4,good,115,0.035,0.67,3,less250
36359,2018,20,14843.75,9.605334180217051,1,WC,0,NoSA,public,3,satisfactory,128,0.047,0.633,3,less250
36383,2017,19,2720.684210526316,7.908638675644768,1,WC,0,NoSA,resthotels,4,good,38,0.974,0.158,1,less50
36383,2018,20,2247.521739130435,7.71758343888206,1,WC,0,NoSA,resthotels,3,satisfactory,46,0.761,0.109,1,less50
36383,2019,21,3027.2608695652175,8.015413486202055,1,WC,0,NoSA,resthotels,4,good,46,0.761,0.065,1,less50
36404,2000,2,3896.6513671875,8.267872839491108,1,WC,0,NoSA,wholesretail,3,satisfactory,32,0.062,0.219,1,less50
36404,2001,3,4032.127685546875,8.302049477292162,1,WC,0,NoSA,wholesretail,2,sufficient,32,0.031,0.281,1,less50
36404,2002,4,4441.466666666666,8.39873993120955,1,WC,0,NoSA,wholesretail,3,satisfactory,30,0.033,0.133,1,less50
36404,2003,5,4686.642857142857,8.452471796415404,1,WC,0,NoSA,wholesretail,5,very good,28,0.036,0.143,1,less50
36404,2004,6,4624.285714285715,8.439077197864977,1,WC,0,NoSA,wholesretail,3,satisfactory,28,0.036,0.214,1,less50
36404,2005,7,4773,8.470730317005897,1,WC,0,NoSA,wholesretail,3,satisfactory,25,0.04,0.2,1,less50
36404,2006,8,4857.416666666667,8.488262025503133,1,WC,0,NoSA,wholesretail,2,sufficient,24,0.042,0.25,1,less50
36408,2011,13,347.53061224489795,5.850852753915978,0,NoWC,0,NoSA,construction,4,good,49,0.449,0.02,1,less50
36408,2013,15,258,5.552959584921617,0,NoWC,0,NoSA,construction,3,satisfactory,69,0.304,0.043,2,less100
36408,2016,18,259.0925925925926,5.557185498169011,0,NoWC,0,NoSA,construction,3,satisfactory,54,0.241,0.019,2,less100
36408,2018,20,345.1818181818182,5.844071287433432,0,NoWC,0,NoSA,construction,4,good,44,0.477,0.023,1,less50
36415,2008,10,4133.622641509434,8.326909454389131,1,WC,0,NoSA,wholesretail,4,good,53,0.679,0.113,2,less100
36415,2009,11,2419.126984126984,7.791162003703916,1,WC,0,NoSA,wholesretail,4,good,63,0.73,0.095,2,less100
36415,2010,12,2162.5,7.679020238806034,1,WC,0,NoSA,wholesretail,2,sufficient,74,0.486,0.189,2,less100
36445,1999,1,2130.1826171875,7.663962990797149,0,NoWC,0,NoSA,manufacturing,4,good,40,0.075,0.725,1,less50
36445,2000,2,2812.604230182927,7.941866105446581,0,NoWC,0,NoSA,manufacturing,4,good,41,0.024,0.659,1,less50
36445,2001,3,2215.308011968085,7.703146730133597,0,NoWC,0,NoSA,manufacturing,4,good,47,0.021,0.745,1,less50
36445,2002,4,1917.857142857143,7.5589637703217525,0,NoWC,0,NoSA,manufacturing,4,good,49,0.02,0.653,1,less50
36452,2002,4,1948.9684210526316,7.575055496735266,0,NoWC,0,NoSA,public,4,good,190,0.005,0.442,3,less250
36452,2003,5,1974.164021164021,7.587900307303496,0,NoWC,0,NoSA,public,3,satisfactory,189,0.011,0.471,3,less250
36452,2005,7,1924.7777777777778,7.562565799942721,0,NoWC,0,NoSA,public,4,good,207,0.005,0.483,3,less250
36462,2017,19,2272.8285714285716,7.7287804014872625,1,WC,0,NoSA,manufacturing,3,satisfactory,35,0.029,0.829,1,less50
36462,2018,20,2226.7428571428572,7.708295194556911,1,WC,0,NoSA,manufacturing,4,good,35,0.029,0.886,1,less50
36462,2019,21,2466.3125,7.81047939913432,1,WC,0,NoSA,manufacturing,3,satisfactory,32,0.031,0.875,1,less50
36462,2020,22,1243.275,7.12550430597904,1,WC,0,NoSA,manufacturing,4,good,40,0.025,0.825,1,less50
36474,2010,12,643.1764705882352,6.466419135398729,1,WC,0,NoSA,wholesretail,4,good,34,0.029,0.029,1,less50
36474,2011,13,738.8108108108108,6.605041881150903,1,WC,0,NoSA,wholesretail,3,satisfactory,37,0.027,0.108,1,less50
36474,2012,14,670.1315789473684,6.50747407959232,1,WC,0,NoSA,wholesretail,3,satisfactory,38,0.026,0.132,1,less50
36474,2013,15,689.0263157894736,6.535279464463486,1,WC,0,NoSA,wholesretail,3,satisfactory,38,0.132,0.079,1,less50
36474,2014,16,694.1578947368421,6.5426994486594445,1,WC,0,NoSA,wholesretail,3,satisfactory,38,0.158,0.079,1,less50
36474,2015,17,353.75,5.868590448957447,1,WC,0,NoSA,wholesretail,3,satisfactory,40,0.15,0.1,1,less50
36474,2016,18,520.6666666666666,6.2551100417315215,1,WC,0,NoSA,wholesretail,2,sufficient,42,0.143,0.095,1,less50
36474,2017,19,562.2790697674419,6.331998292068375,1,WC,0,NoSA,wholesretail,4,good,43,0.14,0.093,1,less50
36474,2019,21,1011.7659574468086,6.919452555755944,1,WC,0,NoSA,wholesretail,4,good,47,0.17,0.085,1,less50
36474,2020,22,1163,7.0587581525186645,1,WC,0,NoSA,wholesretail,1,unsatisfactory,44,0.182,0.091,1,less50
36474,2021,23,1375.825,7.226808830172639,1,WC,0,NoSA,wholesretail,3,satisfactory,40,0.225,0.15,1,less50
36517,2007,9,2504.3137254901962,7.825770014104393,0,NoWC,0,NoSA,manufacturing,2,sufficient,51,0.039,0.373,2,less100
36517,2008,10,2276.6470588235293,7.73045905133703,0,NoWC,0,NoSA,manufacturing,4,good,51,0.02,0.549,2,less100
36517,2009,11,2300.901960784314,7.741056481906581,0,NoWC,0,NoSA,manufacturing,4,good,51,0.098,0.431,2,less100
36517,2011,13,2157.223880597015,7.676577433583986,0,NoWC,0,NoSA,manufacturing,4,good,67,0.06,0.463,2,less100
36517,2012,14,2223.5846153846155,7.706875864268104,0,NoWC,0,NoSA,manufacturing,4,good,65,0.092,0.477,2,less100
36517,2013,15,2455.4142857142856,7.806050777810081,0,NoWC,0,NoSA,manufacturing,2,sufficient,70,0.1,0.557,2,less100
36517,2014,16,1980.515625,7.591112506452713,0,NoWC,0,NoSA,manufacturing,4,good,64,0.094,0.375,2,less100
36517,2015,17,1563.7910447761194,7.354868309095247,0,NoWC,0,NoSA,manufacturing,3,satisfactory,67,0.045,0.493,2,less100
36517,2016,18,2300.417910447761,7.740846085606439,0,NoWC,0,NoSA,manufacturing,3,satisfactory,67,0.03,0.478,2,less100
36517,2017,19,1868.4310344827586,7.532854338682019,0,NoWC,0,NoSA,manufacturing,4,good,58,0.034,0.431,2,less100
36517,2018,20,2875.0857142857144,7.963837766451629,0,NoWC,0,NoSA,manufacturing,4,good,70,0.014,0.343,2,less100
36517,2019,21,2030.6707317073171,7.616121427170604,0,NoWC,0,NoSA,manufacturing,3,satisfactory,82,0.024,0.366,2,less100
36517,2020,22,2053.1585365853657,7.627134635949489,0,NoWC,0,NoSA,manufacturing,3,satisfactory,82,0.024,0.329,2,less100
36517,2021,23,2431.0375,7.7960733999478675,0,NoWC,0,NoSA,manufacturing,4,good,80,0.05,0.388,2,less100
36532,2003,5,2551.385714285714,7.84439190792167,1,WC,0,NoSA,transcom,4,good,70,0.271,0.071,2,less100
36532,2004,6,1890.0675675675675,7.544367857450421,1,WC,0,NoSA,transcom,4,good,74,0.77,0.095,2,less100
36532,2005,7,1600.0384615384614,7.377782946400492,1,WC,0,NoSA,transcom,3,satisfactory,78,0.026,0.09,2,less100
36532,2006,8,2165.5641025641025,7.6804361619547725,1,WC,0,NoSA,transcom,4,good,78,0.051,0.115,2,less100
36532,2007,9,2806.6666666666665,7.939752818568262,1,WC,0,NoSA,transcom,3,satisfactory,69,0.029,0.087,2,less100
36570,2000,2,2251.6158854166665,7.719403408733161,1,WC,0,NoSA,health,3,satisfactory,36,0.806,0.444,1,less50
36570,2001,3,1955.69140625,7.5784990703822706,1,WC,0,NoSA,health,4,good,42,0.452,0.476,1,less50
36570,2002,4,2303.5128205128203,7.742190550027,1,WC,0,NoSA,health,3,satisfactory,39,0.59,0.615,1,less50
36592,1998,0,630.4462083847102,6.446427835959997,0,NoWC,1,SA,manufacturing,3,satisfactory,1622,0.027,0.509,4,more250
36592,1999,1,612.5413583509513,6.417616463977538,0,NoWC,1,SA,manufacturing,3,satisfactory,1419,0.03,0.519,4,more250
36592,2000,2,539.5010775862069,6.290644782075633,0,NoWC,1,SA,manufacturing,2,sufficient,1160,0.035,0.489,4,more250
36605,2011,13,1453.2663316582914,7.281568944542254,1,WC,0,NoSA,manufacturing,4,good,199,0.085,0.467,3,less250
36605,2012,14,1678.1725888324872,7.425460735631073,1,WC,0,NoSA,manufacturing,4,good,197,0.036,0.472,3,less250
36605,2013,15,1720.4301075268818,7.450329601062708,1,WC,0,NoSA,manufacturing,3,satisfactory,186,0.065,0.473,3,less250
36605,2014,16,1689.8395721925133,7.432388875714462,1,WC,0,NoSA,manufacturing,3,satisfactory,187,0.037,0.471,3,less250
36605,2015,17,1858.0162162162162,7.527264647116223,1,WC,0,NoSA,manufacturing,3,satisfactory,185,0.065,0.465,3,less250
36605,2016,18,1510.6795580110497,7.320314866989968,1,WC,0,NoSA,manufacturing,3,satisfactory,181,0.072,0.47,3,less250
36605,2017,19,1836.6875,7.515718956427223,1,WC,0,NoSA,manufacturing,3,satisfactory,176,0.114,0.443,3,less250
36605,2018,20,1978.3595505617977,7.59002327046736,1,WC,0,NoSA,manufacturing,3,satisfactory,178,0.146,0.461,3,less250
36605,2019,21,2850.284023668639,7.955173925724817,1,WC,0,NoSA,manufacturing,4,good,169,0.154,0.45,3,less250
36621,2015,17,3433.407142857143,8.141308383238096,1,WC,1,SA,manufacturing,4,good,140,0.493,0,3,less250
36621,2016,18,4319.798611111111,8.370964062353158,1,WC,0,NoSA,manufacturing,2,sufficient,144,0.535,0,3,less250
36621,2017,19,4782.72027972028,8.472764759787475,1,WC,0,NoSA,manufacturing,3,satisfactory,143,0.42,0,3,less250
36621,2018,20,5202.379310344828,8.556871359602706,1,WC,0,NoSA,manufacturing,2,sufficient,145,0.662,0,3,less250
36649,2016,18,1845.2788461538462,7.52038568118146,1,WC,0,NoSA,buservices,4,good,104,0.087,0.442,3,less250
36649,2017,19,1534.4179104477612,7.335906376667776,1,WC,0,NoSA,buservices,5,very good,134,0.067,0.246,3,less250
36649,2018,20,2015.8039215686274,7.608773363334416,1,WC,0,NoSA,buservices,5,very good,102,0.049,0.304,3,less250
36649,2019,21,3353.194029850746,8.117668612328725,1,WC,0,NoSA,buservices,5,very good,67,0.03,0.119,2,less100
36658,2016,18,2464.7196261682243,7.8098333380881035,1,WC,0,NoSA,public,3,satisfactory,107,0.103,0.196,3,less250
36658,2017,19,2460.1272727272726,7.807968364469107,1,WC,0,NoSA,public,3,satisfactory,110,0.1,0.191,3,less250
36658,2018,20,1738.451127819549,7.4607498393585265,1,WC,0,NoSA,public,3,satisfactory,133,0.165,0.195,3,less250
36690,2012,14,2463.4,7.809297788507384,1,WC,0,NoSA,manufacturing,5,very good,20,0.05,0.25,1,less50
36690,2013,15,2677.6,7.892676149897117,1,WC,0,NoSA,manufacturing,5,very good,20,0.15,0.25,1,less50
36690,2014,16,2328.3478260869565,7.752914207521958,1,WC,0,NoSA,manufacturing,5,very good,23,0.043,0.217,1,less50
36690,2015,17,1695.7916666666667,7.435904970756323,1,WC,0,NoSA,manufacturing,5,very good,24,0.042,0.208,1,less50
36690,2016,18,2142.08,7.669532598582907,1,WC,0,NoSA,manufacturing,5,very good,25,0.12,0.28,1,less50
36694,2010,12,273.2596685082873,5.610422509809581,0,NoWC,0,NoSA,finance,1,unsatisfactory,181,0.028,0.331,3,less250
36694,2011,13,186.92631578947368,5.230714505991731,0,NoWC,0,NoSA,finance,3,satisfactory,190,0.021,0.347,3,less250
36694,2012,14,242.25510204081633,5.489991311605096,0,NoWC,0,NoSA,finance,2,sufficient,196,0.026,0.332,3,less250
36694,2013,15,225.78240740740742,5.419571736401267,0,NoWC,0,NoSA,finance,1,unsatisfactory,216,0.028,0.333,3,less250
36694,2014,16,229.53080568720378,5.436037250066489,0,NoWC,0,NoSA,finance,1,unsatisfactory,211,0.024,0.346,3,less250
36694,2015,17,234.35377358490567,5.456831826585589,0,NoWC,0,NoSA,finance,4,good,212,0.028,0.354,3,less250
36700,1999,1,1586.186731557377,7.369088132690123,1,WC,0,NoSA,public,2,sufficient,61,0.033,0.541,2,less100
36700,2000,2,1523.0361979166667,7.328461120122021,1,WC,0,NoSA,public,2,sufficient,60,0.017,0.55,2,less100
36700,2001,3,931.4861607142857,6.836781332941782,1,WC,0,NoSA,public,2,sufficient,70,0.014,0.443,2,less100
36719,2018,20,3415.05,8.135947413186141,1,WC,0,NoSA,buservices,4,good,20,0.05,0.05,1,less50
36719,2019,21,3252.4285714285716,8.087157249016709,1,WC,0,NoSA,buservices,4,good,21,0.048,0.048,1,less50
36719,2020,22,3940.4,8.279037519981523,1,WC,0,NoSA,buservices,2,sufficient,20,0.05,0.05,1,less50
36733,2000,2,2699.255380794702,7.900731229065923,1,WC,0,NoSA,health,3,satisfactory,151,0.02,0.04,3,less250
36733,2001,3,2002.1848958333333,7.601994311171759,1,WC,0,NoSA,health,3,satisfactory,180,0.017,0.3,3,less250
36733,2002,4,1914.4043715846994,7.557161820118876,1,WC,1,SA,health,1,unsatisfactory,183,0.027,0.153,3,less250
36733,2003,5,2143.720207253886,7.67029801332678,1,WC,0,NoSA,health,3,satisfactory,193,0.021,0.14,3,less250
36733,2004,6,1817.420792079208,7.50517362775881,1,WC,1,SA,health,3,satisfactory,202,0.015,0.134,3,less250
36750,1998,0,2407.409912109375,7.786306723287567,1,WC,0,NoSA,manufacturing,4,good,64,0.234,0.047,2,less100
36750,1999,1,2302.6353433098593,7.741809547426837,1,WC,0,NoSA,manufacturing,3,satisfactory,71,0.282,0.056,2,less100
36750,2000,2,695.9412946428571,6.545265309999526,1,WC,0,NoSA,manufacturing,5,very good,210,0.029,0.314,3,less250
36755,2013,15,2789.68,7.933682172896896,0,NoWC,0,NoSA,manufacturing,2,sufficient,25,0.04,0.48,1,less50
36755,2015,17,2766.689655172414,7.925406814180522,0,NoWC,0,NoSA,manufacturing,2,sufficient,29,0.034,0.448,1,less50
36755,2019,21,2747.0882352941176,7.918296806181573,0,NoWC,0,NoSA,manufacturing,3,satisfactory,34,0.088,0.441,1,less50
36768,2011,13,796.694214876033,6.680470935001896,1,WC,0,NoSA,transcom,4,good,363,0.562,0.074,4,more250
36768,2012,14,867.7165354330708,6.76586508924236,1,WC,0,NoSA,transcom,4,good,381,0.459,0.081,4,more250
36768,2013,15,818.4143222506394,6.707368714790544,1,WC,0,NoSA,transcom,5,very good,391,0.141,0.095,4,more250
36772,2017,19,908.4848484848485,6.811778210190108,1,WC,0,NoSA,health,4,good,33,0.545,0.121,1,less50
36772,2018,20,818.9411764705883,6.7080122576723955,1,WC,0,NoSA,health,3,satisfactory,34,0.441,0.059,1,less50
36772,2019,21,759.5675675675676,6.632749281301439,1,WC,0,NoSA,health,3,satisfactory,37,0.459,0.054,1,less50
36793,2015,17,2432.590909090909,7.796712186061061,1,WC,1,SA,art,3,satisfactory,88,0.023,0.534,2,less100
36793,2016,18,2317.032967032967,7.748042752657856,1,WC,1,SA,art,4,good,91,0.11,0.538,2,less100
36793,2017,19,2651.221052631579,7.882775587434215,1,WC,1,SA,art,4,good,95,0.179,0.537,2,less100
36793,2018,20,2530.7961165048546,7.836289202778449,1,WC,0,NoSA,art,4,good,103,0.243,0.544,3,less250
36793,2019,21,3022.669811320755,8.013895763316318,1,WC,0,NoSA,art,4,good,106,0.17,0.557,3,less250
36820,2013,15,2759.75641025641,7.92289769766283,1,WC,0,NoSA,edu,4,good,78,0.474,0.077,2,less100
36820,2014,16,3070.4102564102564,8.02956646566287,0,NoWC,0,NoSA,edu,4,good,78,0.526,0.09,2,less100
36820,2015,17,3616.4868421052633,8.193258347987477,1,WC,0,NoSA,edu,3,satisfactory,76,0.408,0.053,2,less100
36820,2016,18,3726.9736842105262,8.223351838603921,1,WC,0,NoSA,edu,3,satisfactory,76,0.329,0.079,2,less100
36820,2017,19,3580.475,8.183250752157571,1,WC,0,NoSA,edu,3,satisfactory,80,0.412,0.05,2,less100
36820,2018,20,4020.875,8.29925481961974,1,WC,0,NoSA,edu,4,good,80,0.438,0.062,2,less100
36820,2019,21,2724.5213675213677,7.910048046723677,1,WC,0,NoSA,edu,2,sufficient,117,0.376,0.077,3,less250
36820,2020,22,2828.2203389830506,7.947402937341718,1,WC,0,NoSA,edu,3,satisfactory,118,0.627,0.076,3,less250
36820,2021,23,3420.5632183908046,8.137560500237774,1,WC,0,NoSA,edu,3,satisfactory,87,0.805,0.103,2,less100
36835,2013,15,1454.6363636363637,7.282511226470504,1,WC,0,NoSA,construction,5,very good,33,0.121,0.121,1,less50
36835,2014,16,1297.3783783783783,7.16810087529276,1,WC,0,NoSA,construction,4,good,37,0.108,0.081,1,less50
36835,2015,17,812.7380952380952,6.700408911569013,1,WC,0,NoSA,construction,5,very good,42,0.095,0.095,1,less50
36835,2016,18,647.6666666666666,6.47337616070933,1,WC,0,NoSA,construction,5,very good,42,0.095,0.119,1,less50
36846,2018,20,4023.496031746032,8.29990646331654,1,WC,0,NoSA,health,5,very good,252,0.163,0.71,4,more250
36846,2019,21,4468.876923076923,8.404892408405843,1,WC,0,NoSA,health,5,very good,260,0.127,0.712,4,more250
36846,2020,22,3955.275092936803,8.2828054335191,1,WC,0,NoSA,art,4,good,269,0.112,0.613,4,more250
36846,2021,23,3912.7985074626868,8.272008127775138,1,WC,0,NoSA,art,4,good,268,0.093,0.619,4,more250
36848,2000,2,2070.7417452830186,7.635662153128774,0,NoWC,0,NoSA,wholesretail,3,satisfactory,53,0.038,0.094,2,less100
36848,2001,3,3524.735906862745,8.167560792400785,0,NoWC,0,NoSA,wholesretail,3,satisfactory,51,0.039,0.098,2,less100
36848,2002,4,3809.7254901960782,8.245312415707732,0,NoWC,0,NoSA,wholesretail,3,satisfactory,51,0.02,0.118,2,less100
36848,2003,5,5088.7,8.53477767417324,0,NoWC,0,NoSA,wholesretail,3,satisfactory,40,0.025,0.15,1,less50
36879,2018,20,1662.1964285714287,7.415895156501185,1,WC,0,NoSA,finance,3,satisfactory,56,0.732,0.589,2,less100
36879,2019,21,1664.7368421052631,7.417422337133254,1,WC,0,NoSA,finance,3,satisfactory,57,0.088,0.579,2,less100
36879,2020,22,2884.2127659574467,7.967007270287458,1,WC,0,NoSA,transcom,4,good,47,0.851,0.553,1,less50
36882,2015,17,2209.3162393162393,7.7004383526650555,0,NoWC,0,NoSA,buservices,3,satisfactory,117,0.393,0.051,3,less250
36882,2017,19,2480.2978723404253,7.816133941761109,0,NoWC,0,NoSA,buservices,2,sufficient,94,0.383,0.043,2,less100
36882,2018,20,2434.8333333333335,7.7976335869044595,0,NoWC,0,NoSA,buservices,3,satisfactory,102,0.49,0.049,3,less250
36882,2019,21,2815.7979797979797,7.943000974575929,0,NoWC,0,NoSA,buservices,4,good,99,0.596,0.04,2,less100
36882,2021,23,4360.773584905661,8.380404748335298,0,NoWC,0,NoSA,health,1,unsatisfactory,106,0.557,0.038,3,less250
36919,2016,18,1383.35,7.232263372676827,1,WC,0,NoSA,transcom,4,good,20,0.1,0.6,1,less50
36919,2017,19,1317.4761904761904,7.183473208507395,1,WC,0,NoSA,transcom,4,good,21,0.095,0.619,1,less50
36919,2019,21,1341.409090909091,7.201475900822552,1,WC,0,NoSA,transcom,4,good,22,0.182,0.591,1,less50
36919,2020,22,1135.0384615384614,7.0344218161593854,1,WC,0,NoSA,wholesretail,4,good,26,0.038,0.538,1,less50
36919,2021,23,1241.4615384615386,7.124044624574286,1,WC,0,NoSA,wholesretail,2,sufficient,26,0.038,0.538,1,less50
36929,2002,4,1774.4583333333333,7.481250491018161,1,WC,0,NoSA,construction,1,unsatisfactory,72,0.139,0.556,2,less100
36929,2003,5,1736.2222222222222,7.45946689522047,1,WC,0,NoSA,construction,2,sufficient,90,0.122,0.556,2,less100
36929,2004,6,1087.9747899159663,6.992073256114316,1,WC,0,NoSA,construction,4,good,119,0.109,0.782,3,less250
36929,2005,7,653.9601990049752,6.48304649181473,1,WC,0,NoSA,construction,1,unsatisfactory,201,0.025,0.642,3,less250
36937,2017,19,3454.75,8.147505374683593,1,WC,0,NoSA,manufacturing,4,good,20,0.25,0.75,1,less50
36937,2018,20,2870.1,7.962102151352231,1,WC,0,NoSA,manufacturing,4,good,20,0.3,0.75,1,less50
36937,2020,22,1780.5,7.484649502717833,1,WC,0,NoSA,manufacturing,3,satisfactory,20,0.25,0.75,1,less50
36948,2000,2,1665.4873798076924,7.417873080185447,1,WC,0,NoSA,manufacturing,4,good,39,0.128,0.205,1,less50
36948,2002,4,1890.4761904761904,7.544584028951859,1,WC,0,NoSA,manufacturing,5,very good,42,0.119,0.19,1,less50
36948,2004,6,1302.9615384615386,7.172395059008099,1,WC,0,NoSA,manufacturing,2,sufficient,26,0.269,0.154,1,less50
36948,2019,21,2443.076923076923,7.801013557899535,1,WC,0,NoSA,manufacturing,4,good,26,0.115,0.269,1,less50
36948,2020,22,1985,7.59337419312129,1,WC,0,NoSA,manufacturing,4,good,24,0.167,0.208,1,less50
36948,2021,23,2205.5416666666665,7.6987284115300705,1,WC,0,NoSA,manufacturing,4,good,24,0.292,0.208,1,less50
36958,2009,11,1107.0481927710844,7.0094524663329265,1,WC,0,NoSA,health,4,good,83,0.072,0.602,2,less100
36958,2010,12,1228.1948051948052,7.113300732277826,1,WC,0,NoSA,health,1,unsatisfactory,77,0.091,0.584,2,less100
36958,2011,13,2202.6623376623374,7.697422061183771,1,WC,0,NoSA,health,4,good,77,0.091,0.571,2,less100
36982,2014,16,731.4814814814815,6.595071904324939,0,NoWC,0,NoSA,health,4,good,432,0.477,0.674,4,more250
36982,2015,17,1954.5467289719627,7.577913593349338,0,NoWC,1,SA,health,4,good,428,0.493,0.624,4,more250
36982,2016,18,2014.235294117647,7.607994895708547,0,NoWC,0,NoSA,health,3,satisfactory,442,0.464,0.67,4,more250
37017,2009,11,3480.8695652173915,8.155037416617414,1,WC,0,NoSA,buservices,4,good,46,0.174,0.891,1,less50
37017,2010,12,3805.1521739130435,8.244111262640114,1,WC,0,NoSA,buservices,1,unsatisfactory,46,0.413,0.87,1,less50
37017,2011,13,3937.816326530612,8.278381616803717,1,WC,0,NoSA,buservices,2,sufficient,49,0.408,0.878,1,less50
37019,1998,0,1681.6065548780489,7.427504898115832,0,NoWC,0,NoSA,transcom,4,good,205,0.224,0.844,3,less250
37019,1999,1,1145.83935546875,7.043892708974724,0,NoWC,0,NoSA,transcom,3,satisfactory,224,0.366,0.781,3,less250
37019,2000,2,1342.3873184647302,7.202204888755872,0,NoWC,0,NoSA,transcom,4,good,241,0.32,0.822,3,less250
37019,2002,4,961.1853281853282,6.868167239685609,0,NoWC,0,NoSA,transcom,4,good,259,0.676,0.846,4,more250
37019,2003,5,912.8072727272727,6.816524766008755,0,NoWC,0,NoSA,transcom,3,satisfactory,275,0.367,0.884,4,more250
37068,2014,16,1521.6216216216217,7.327531901483558,0,NoWC,0,NoSA,transcom,3,satisfactory,37,0.081,0.162,1,less50
37068,2015,17,1597.7027027027027,7.376322065652989,0,NoWC,0,NoSA,transcom,3,satisfactory,37,0.135,0.162,1,less50
37068,2017,19,2061.4848484848485,7.631181802367264,1,WC,1,SA,transcom,4,good,33,0.152,0.182,1,less50
37068,2018,20,2680.942857142857,7.89392382400018,1,WC,1,SA,transcom,4,good,35,0.143,0.171,1,less50
37068,2019,21,2371.8888888888887,7.77144191622488,1,WC,1,SA,transcom,3,satisfactory,36,0.139,0.167,1,less50
37068,2020,22,2215.5,7.703233390639544,1,WC,1,SA,transcom,4,good,36,0.083,0.167,1,less50
37074,2007,9,2402.809523809524,7.784393966597885,0,NoWC,0,NoSA,construction,4,good,21,0.286,0.333,1,less50
37074,2008,10,2432.590909090909,7.796712186061061,0,NoWC,0,NoSA,construction,4,good,22,0.273,0.182,1,less50
37074,2009,11,2019.625,7.610667129596995,0,NoWC,0,NoSA,construction,4,good,24,0.25,0.292,1,less50
37074,2010,12,2067.8571428571427,7.634268153385882,0,NoWC,0,NoSA,construction,3,satisfactory,21,0.286,0.19,1,less50
37074,2015,17,3082.3809523809523,8.033457613816132,0,NoWC,0,NoSA,construction,3,satisfactory,21,0.429,0.333,1,less50
37074,2016,18,2393.304347826087,7.780430262364646,0,NoWC,0,NoSA,construction,3,satisfactory,23,0.435,0.609,1,less50
37074,2017,19,3215.6363636363635,8.075780552897255,0,NoWC,0,NoSA,construction,4,good,22,0.5,0.318,1,less50
37074,2018,20,2835.125,7.9498413069006,0,NoWC,0,NoSA,construction,4,good,32,0.344,0.406,1,less50
37074,2019,21,3284.8275862068967,8.097069444368378,0,NoWC,0,NoSA,construction,4,good,29,0.414,0.379,1,less50
37074,2020,22,1951.3714285714286,7.576287701063858,0,NoWC,0,NoSA,wholesretail,4,good,35,0.371,0.4,1,less50
37074,2021,23,1773.7,7.480823039211541,0,NoWC,0,NoSA,wholesretail,4,good,30,0.4,0.467,1,less50
37095,2003,5,960.4074074074074,6.867357577153055,1,WC,0,NoSA,health,3,satisfactory,27,0.148,0.148,1,less50
37095,2004,6,1194.8260869565217,7.085755919846925,1,WC,0,NoSA,health,4,good,23,0.174,0.174,1,less50
37095,2005,7,1064.7307692307693,6.970477247340163,1,WC,0,NoSA,health,4,good,26,0.154,0.115,1,less50
37095,2006,8,1400.5652173913043,7.244631160835725,1,WC,0,NoSA,health,4,good,23,0.174,0.087,1,less50
37095,2007,9,1304.2608695652175,7.173391775826155,1,WC,0,NoSA,health,4,good,23,0.174,0.13,1,less50
37095,2008,10,1116.0434782608695,7.01754510119749,1,WC,0,NoSA,health,4,good,23,0.174,0.13,1,less50
37095,2010,12,1334.55,7.196349435358886,1,WC,0,NoSA,health,4,good,20,0.3,0.2,1,less50
37102,2009,11,1796.875,7.4938043239857155,1,WC,0,NoSA,manufacturing,5,very good,192,0.312,0.604,3,less250
37102,2010,12,1225.1698113207547,7.110834734858087,1,WC,0,NoSA,manufacturing,4,good,212,0.316,0.509,3,less250
37102,2012,14,2562.7906976744184,7.848852060007388,1,WC,0,NoSA,manufacturing,4,good,129,0.519,0.426,3,less250
37102,2013,15,2782.608695652174,7.9311441464126595,1,WC,0,NoSA,manufacturing,4,good,115,0.643,0.513,3,less250
37102,2014,16,3291.6666666666665,8.099149301101212,1,WC,0,NoSA,manufacturing,4,good,96,0.792,0.5,2,less100
37102,2015,17,4856.31914893617,8.488036053177757,1,WC,0,NoSA,manufacturing,4,good,94,0.777,0.564,2,less100
37102,2017,19,4884.25641025641,8.493772333905016,1,WC,0,NoSA,manufacturing,3,satisfactory,117,0.744,0.615,3,less250
37102,2018,20,5575.691056910569,8.626171545042874,1,WC,0,NoSA,manufacturing,3,satisfactory,123,0.691,0.65,3,less250
37102,2019,21,5848.043859649123,8.67386250134149,1,WC,0,NoSA,manufacturing,3,satisfactory,114,0.798,0.64,3,less250
37117,1998,0,2728.0990566037735,7.911360329375886,1,WC,0,NoSA,buservices,2,sufficient,53,0.038,0.623,2,less100
37117,1999,1,2326.558015046296,7.752145207593733,1,WC,0,NoSA,buservices,3,satisfactory,54,0.037,0.5,2,less100
37117,2001,3,2530.2537313432836,7.836074865761445,1,WC,0,NoSA,buservices,3,satisfactory,67,0.03,0.657,2,less100
37135,2012,14,1240.219512195122,7.123043668895644,1,WC,0,NoSA,construction,2,sufficient,41,0.122,0.049,1,less50
37135,2015,17,1599.0188679245282,7.377145512592059,1,WC,0,NoSA,construction,3,satisfactory,53,0.038,0.113,2,less100
37135,2016,18,2648.366666666667,7.8816983767559075,1,WC,0,NoSA,construction,2,sufficient,60,0.067,0.183,2,less100
37135,2017,19,2685.6619718309857,7.895682520999448,1,WC,0,NoSA,construction,4,good,71,0.042,0.197,2,less100
37135,2020,22,2960.0289855072465,7.9929543396712575,1,WC,0,NoSA,construction,3,satisfactory,69,0.101,0.188,2,less100
37135,2021,23,1553.7066666666667,7.348398752921386,1,WC,0,NoSA,construction,3,satisfactory,75,0.027,0.187,2,less100
37140,2002,4,1614.4303797468353,7.3867374674022415,0,NoWC,0,NoSA,manufacturing,3,satisfactory,237,0.447,0.084,3,less250
37140,2003,5,1784.1964285714287,7.486723412780241,0,NoWC,0,NoSA,manufacturing,1,unsatisfactory,224,0.393,0.103,3,less250
37140,2004,6,1834.0533980582525,7.51428376801865,0,NoWC,0,NoSA,manufacturing,3,satisfactory,206,0.35,0.102,3,less250
37157,1998,0,1259.339593596059,7.138342730473678,0,NoWC,0,NoSA,public,4,good,812,0.107,0.573,4,more250
37157,1999,1,1069.1220018450185,6.97459303158977,0,NoWC,0,NoSA,public,4,good,813,0.114,0.509,4,more250
37157,2000,2,850.3006114130435,6.745589947447167,0,NoWC,0,NoSA,public,4,good,736,0.125,0.515,4,more250
37157,2001,3,877.4081189151599,6.776972242068786,0,NoWC,0,NoSA,public,4,good,719,0.127,0.506,4,more250
37166,2004,6,2027.0294117647059,7.61432665634412,0,NoWC,0,NoSA,buservices,2,sufficient,34,0.412,0.559,1,less50
37166,2005,7,1882.4545454545455,7.540331813541655,0,NoWC,0,NoSA,buservices,5,very good,33,0.364,0.576,1,less50
37166,2006,8,2041.5588235294117,7.621468924221282,1,WC,0,NoSA,buservices,5,very good,34,0.471,0.5,1,less50
37187,2018,20,308.9222222222222,5.733089537195267,0,NoWC,0,NoSA,health,2,sufficient,90,0.844,0.933,2,less100
37187,2019,21,329.65934065934067,5.798059820238541,0,NoWC,0,NoSA,health,4,good,91,0.659,0.934,2,less100
37187,2020,22,4361.893617021276,8.380661557885826,0,NoWC,0,NoSA,edu,5,very good,94,0.479,0.787,2,less100
37208,2001,3,1085.701130319149,6.98998126033439,1,WC,0,NoSA,manufacturing,4,good,47,0.064,0.255,1,less50
37208,2003,5,1582.4883720930231,7.36675380618282,1,WC,0,NoSA,manufacturing,4,good,43,0.302,0.233,1,less50
37208,2004,6,2212.9024390243903,7.702060253685853,1,WC,0,NoSA,manufacturing,2,sufficient,41,0.073,0.098,1,less50
37208,2005,7,1814.6,7.503620336735528,1,WC,0,NoSA,manufacturing,3,satisfactory,40,0.075,0.25,1,less50
37208,2006,8,1190.825,7.082401623210798,1,WC,0,NoSA,manufacturing,2,sufficient,40,0.075,0.225,1,less50
37224,2019,21,1214.3255813953488,7.1019441246214905,1,WC,0,NoSA,manufacturing,5,very good,43,0.419,0.256,1,less50
37224,2020,22,695.2093023255813,6.544212954652197,1,WC,0,NoSA,manufacturing,4,good,43,0.535,0.326,1,less50
37224,2021,23,921.2888888888889,6.825773655789137,1,WC,0,NoSA,manufacturing,4,good,45,0.378,0.356,1,less50
37226,2002,4,578.0322580645161,6.35962967691527,1,WC,0,NoSA,art,3,satisfactory,31,0.097,0.806,1,less50
37226,2003,5,561.9677419354839,6.331444449555013,1,WC,0,NoSA,art,4,good,31,0.129,0.774,1,less50
37226,2004,6,516.8846153846154,6.247819668525582,1,WC,0,NoSA,art,4,good,26,0.154,0.769,1,less50
37243,2013,15,1978.5042016806722,7.590096384493011,1,WC,1,SA,manufacturing,4,good,119,0.261,0.118,3,less250
37243,2014,16,1609.6774193548388,7.383789077254463,1,WC,1,SA,manufacturing,3,satisfactory,124,0.258,0.121,3,less250
37243,2015,17,2284.25,7.73379302187873,1,WC,1,SA,manufacturing,2,sufficient,120,0.225,0.125,3,less250
37243,2016,18,2302.233333333333,7.74163494528038,1,WC,1,SA,manufacturing,3,satisfactory,120,0.3,0.133,3,less250
37243,2017,19,2573.584,7.8530547589331565,1,WC,0,NoSA,manufacturing,3,satisfactory,125,0.264,0.136,3,less250
37243,2019,21,2597.637037037037,7.862357478862627,1,WC,0,NoSA,manufacturing,2,sufficient,135,0.304,0.148,3,less250
37243,2021,23,2759.3333333333335,7.922744383640568,1,WC,1,SA,manufacturing,4,good,132,0.083,0.152,3,less250
37250,1998,0,1181.1661476868328,7.074257490203101,0,NoWC,0,NoSA,transcom,4,good,562,0.055,0.792,4,more250
37250,1999,1,1302.1458333333333,7.171768823664639,0,NoWC,0,NoSA,transcom,4,good,549,0.107,0.783,4,more250
37250,2000,2,1021.2544318181818,6.928786985766443,0,NoWC,0,NoSA,transcom,4,good,550,0.082,0.782,4,more250
37264,2019,21,2006.7494736842104,7.604271514738928,0,NoWC,0,NoSA,health,4,good,475,0.547,0.392,4,more250
37264,2020,22,2351.556886227545,7.762832892556472,0,NoWC,0,NoSA,edu,4,good,501,0.561,0.399,4,more250
37264,2021,23,1750.5646359583952,7.467693663996609,0,NoWC,0,NoSA,edu,4,good,673,0.38,0.461,4,more250
37321,2013,15,2206.896551724138,7.699342532355335,0,NoWC,0,NoSA,resthotels,4,good,145,0.179,0.662,3,less250
37321,2014,16,1915.1515151515152,7.557552018668469,0,NoWC,0,NoSA,resthotels,4,good,165,0.17,0.624,3,less250
37321,2015,17,3935.561797752809,8.277808920102546,0,NoWC,0,NoSA,resthotels,5,very good,178,0.169,0.506,3,less250
37321,2016,18,4147.6875,8.330306228999351,0,NoWC,0,NoSA,resthotels,4,good,176,0.199,0.722,3,less250
37321,2017,19,3629.151960784314,8.196754280346935,0,NoWC,0,NoSA,resthotels,4,good,204,0.186,0.667,3,less250
37321,2018,20,3997.7562189054725,8.293488537439735,0,NoWC,0,NoSA,resthotels,4,good,201,0.229,0.801,3,less250
37321,2019,21,4055.502262443439,8.307829821380652,0,NoWC,0,NoSA,resthotels,4,good,221,0.231,0.729,3,less250
37375,1998,0,1324.684291294643,7.18892943930832,1,WC,0,NoSA,manufacturing,3,satisfactory,28,0.036,0.964,1,less50
37375,1999,1,1443.5595703125,7.27486726621997,1,WC,0,NoSA,manufacturing,3,satisfactory,28,0.071,0.929,1,less50
37375,2000,2,1613.381556919643,7.386087601248522,1,WC,0,NoSA,manufacturing,3,satisfactory,28,0.071,0.964,1,less50
37375,2002,4,1609.6923076923076,7.3837983264794556,1,WC,0,NoSA,manufacturing,2,sufficient,26,0.077,0.846,1,less50
37375,2004,6,1527.9285714285713,7.331668222186546,1,WC,0,NoSA,manufacturing,3,satisfactory,28,0.071,0.929,1,less50
37375,2005,7,1687.851851851852,7.431211905813678,1,WC,0,NoSA,manufacturing,3,satisfactory,27,0.037,0.926,1,less50
37375,2006,8,1645.2068965517242,7.405621428270486,1,WC,0,NoSA,manufacturing,1,unsatisfactory,29,0.103,0.966,1,less50
37375,2007,9,1282.967741935484,7.156931221614818,1,WC,0,NoSA,manufacturing,3,satisfactory,31,0.032,0.935,1,less50
37375,2008,10,1596.0645161290322,7.375296200832485,1,WC,0,NoSA,manufacturing,2,sufficient,31,0.097,0.871,1,less50
37375,2010,12,2565.9333333333334,7.850077564063849,1,WC,0,NoSA,manufacturing,3,satisfactory,30,0.1,0.933,1,less50
37375,2011,13,2032.8214285714287,7.61717997335704,1,WC,0,NoSA,manufacturing,3,satisfactory,28,0.107,0.857,1,less50
37375,2012,14,2183.8888888888887,7.688862460519741,1,WC,0,NoSA,manufacturing,3,satisfactory,27,0.111,0.815,1,less50
37375,2013,15,2076,7.638198244285779,1,WC,0,NoSA,manufacturing,4,good,28,0.107,0.857,1,less50
37375,2014,16,1277.2666666666667,7.152477656993782,1,WC,0,NoSA,manufacturing,5,very good,30,0.1,0.933,1,less50
37375,2016,18,1443.1724137931035,7.2745990345144635,1,WC,0,NoSA,manufacturing,4,good,29,0.138,0.931,1,less50
37375,2017,19,2277,7.7306140660637395,1,WC,0,NoSA,manufacturing,4,good,29,0.103,0.897,1,less50
37375,2018,20,2456.5862068965516,7.806527944376438,1,WC,0,NoSA,manufacturing,3,satisfactory,29,0.069,0.897,1,less50
37375,2019,21,2341.137931034483,7.758392385462382,1,WC,0,NoSA,manufacturing,3,satisfactory,29,0.069,0.862,1,less50
37375,2021,23,1302.0666666666666,7.171708024734682,1,WC,0,NoSA,manufacturing,1,unsatisfactory,30,0.267,0.9,1,less50
37464,1998,0,2841.572039473684,7.952112713037195,1,WC,0,NoSA,buservices,3,satisfactory,95,0.137,0.011,2,less100
37464,2000,2,3422.711513157895,8.138188356029609,1,WC,0,NoSA,buservices,4,good,95,0.126,0.021,2,less100
37464,2001,3,5583.017257462687,8.627484636378965,1,WC,0,NoSA,buservices,4,good,67,0.179,0,2,less100
37495,2014,16,2507.936507936508,7.827215585617571,1,WC,1,SA,health,4,good,126,0.286,0.135,3,less250
37495,2015,17,5731.921875,8.65380615923201,1,WC,1,SA,health,4,good,128,0.297,0.117,3,less250
37495,2016,18,5920.719696969697,8.686213290923035,1,WC,1,SA,health,5,very good,132,0.197,0.114,3,less250
37496,2003,5,1553.4025974025974,7.348203028059981,0,NoWC,0,NoSA,buservices,3,satisfactory,154,0.032,0.909,3,less250
37496,2004,6,1454.2467532467533,7.282243350192026,0,NoWC,0,NoSA,buservices,2,sufficient,154,0.032,0.942,3,less250
37496,2005,7,722.3311688311688,6.582483716321769,0,NoWC,0,NoSA,buservices,4,good,154,0.039,0.903,3,less250
37496,2006,8,844.8503401360545,6.73915949940592,0,NoWC,0,NoSA,buservices,4,good,147,0.082,0.912,3,less250
37510,2000,2,337.3912890625,5.821243351943668,0,NoWC,0,NoSA,wholesretail,1,unsatisfactory,50,0.02,0.14,1,less50
37510,2001,3,16.90851258395011,2.827817198305472,0,NoWC,0,NoSA,wholesretail,1,unsatisfactory,57,0.018,0.175,2,less100
37510,2002,4,36.391304347826086,3.5943298545603257,0,NoWC,0,NoSA,wholesretail,1,unsatisfactory,46,0.043,0.13,1,less50
37512,2014,16,2217.125,7.70396659052575,1,WC,0,NoSA,health,3,satisfactory,40,0.15,0.1,1,less50
37512,2015,17,2291.6046511627906,7.737007572189716,1,WC,0,NoSA,health,3,satisfactory,43,0.116,0.116,1,less50
37512,2016,18,2239.5227272727275,7.714018053965018,1,WC,0,NoSA,health,3,satisfactory,44,0.068,0.114,1,less50
37512,2017,19,1567.659090909091,7.357338760759897,1,WC,0,NoSA,health,3,satisfactory,44,0.023,0.114,1,less50
37512,2019,21,1970.7777777777778,7.5861835548693675,1,WC,0,NoSA,health,4,good,45,0.111,0.089,1,less50
37520,2003,5,2628.1428571428573,7.87403273777047,1,WC,0,NoSA,health,4,good,28,0.536,0.214,1,less50
37520,2004,6,2798.3076923076924,7.936770117838249,1,WC,0,NoSA,health,4,good,26,0.885,0.192,1,less50
37520,2005,7,2554.846153846154,7.84574728706604,1,WC,0,NoSA,health,2,sufficient,26,0.654,0.192,1,less50
37520,2006,8,2613.6153846153848,7.868489746639058,1,WC,0,NoSA,health,4,good,26,0.846,0.192,1,less50
37566,2015,17,1225.1304347826087,7.110802594684072,1,WC,0,NoSA,wholesretail,3,satisfactory,46,0.326,0.739,1,less50
37566,2016,18,1578.925,7.364499514710837,1,WC,0,NoSA,wholesretail,3,satisfactory,40,0.475,0.85,1,less50
37566,2017,19,1471.3428571428572,7.29393077103849,1,WC,0,NoSA,wholesretail,3,satisfactory,35,0.857,0.829,1,less50
37584,2000,2,1898.5814114391144,7.548862260732496,0,NoWC,0,NoSA,health,4,good,271,0.373,0.491,4,more250
37584,2002,4,1605.035335689046,7.380901051327403,0,NoWC,0,NoSA,health,4,good,283,0.41,0.364,4,more250
37584,2003,5,1392.2620689655173,7.238685091109179,0,NoWC,0,NoSA,health,3,satisfactory,290,0.4,0.51,4,more250
37584,2004,6,585.480093676815,6.372432183615759,0,NoWC,0,NoSA,health,3,satisfactory,854,0.071,0.453,4,more250
37592,2014,16,384.35135135135135,5.951557111728472,1,WC,0,NoSA,manufacturing,4,good,37,0.054,0.324,1,less50
37592,2015,17,557.8108108108108,6.324019856165151,1,WC,0,NoSA,manufacturing,4,good,37,0.243,0.297,1,less50
37592,2016,18,511.7692307692308,6.237873802280351,1,WC,0,NoSA,manufacturing,4,good,39,0.333,0.179,1,less50
37592,2017,19,873.225,6.77219325459119,1,WC,0,NoSA,manufacturing,1,unsatisfactory,40,0.675,0.2,1,less50
37592,2018,20,1134.0454545454545,7.0335465668577974,0,NoWC,0,NoSA,manufacturing,5,very good,44,0.409,0.364,1,less50
37592,2019,21,807.9615384615385,6.694514456474199,1,WC,0,NoSA,manufacturing,2,sufficient,52,0.346,0.308,2,less100
37602,2019,21,1017.5068493150685,6.925110648807674,0,NoWC,0,NoSA,health,3,satisfactory,146,0.103,0.301,3,less250
37602,2020,22,2751.0416666666665,7.9197349068173875,1,WC,0,NoSA,edu,3,satisfactory,144,0.042,0.306,3,less250
37602,2021,23,1222.6851851851852,7.108804690601058,1,WC,0,NoSA,edu,3,satisfactory,162,0.13,0.29,3,less250
37612,2014,16,1727.6333333333334,7.454507735490205,1,WC,1,SA,edu,2,sufficient,30,0.5,0.933,1,less50
37612,2015,17,1597,7.3758821482150125,1,WC,0,NoSA,edu,1,unsatisfactory,31,0.419,0.935,1,less50
37612,2016,18,3811.464285714286,8.245768721245188,1,WC,0,NoSA,edu,4,good,28,0.464,0.964,1,less50
37633,2001,3,1613.242461622807,7.386001384015822,0,NoWC,0,NoSA,health,4,good,57,0.474,0.965,2,less100
37633,2002,4,831.0666666666667,6.722710016266586,0,NoWC,0,NoSA,health,3,satisfactory,60,0.45,0.95,2,less100
37633,2003,5,1479.2833333333333,7.2993130152446675,0,NoWC,0,NoSA,health,2,sufficient,60,0.45,0.9,2,less100
37633,2004,6,1013.3548387096774,6.921021727917831,0,NoWC,0,NoSA,health,2,sufficient,62,0.435,0.935,2,less100
37633,2005,7,1828.3333333333333,7.5111600840412205,0,NoWC,0,NoSA,health,2,sufficient,60,0.433,0.933,2,less100
37633,2006,8,1598.7936507936508,7.377004655596891,0,NoWC,0,NoSA,health,2,sufficient,63,0.508,0.952,2,less100
37633,2007,9,1685.051724137931,7.4295515391330875,0,NoWC,0,NoSA,health,2,sufficient,58,0.586,0.931,2,less100
37640,2004,6,2164.5021645021643,7.679945666882535,0,NoWC,0,NoSA,transcom,2,sufficient,231,0.749,0.866,3,less250
37640,2005,7,1754.3775510204082,7.469869401205811,0,NoWC,0,NoSA,transcom,2,sufficient,294,0.415,0.796,4,more250
37640,2006,8,1651.006711409396,7.409140508969041,0,NoWC,0,NoSA,transcom,1,unsatisfactory,298,0.634,0.815,4,more250
37653,2015,17,1813.2527472527472,7.50287760934109,0,NoWC,0,NoSA,edu,3,satisfactory,91,0.736,0.198,2,less100
37653,2016,18,1805.61,7.4986537638132,0,NoWC,0,NoSA,edu,3,satisfactory,100,0.75,0.16,2,less100
37653,2017,19,1959.45,7.580419100600682,0,NoWC,0,NoSA,edu,3,satisfactory,100,0.4,0.2,2,less100
37665,2017,19,5287.217391304348,8.573047373473036,1,WC,0,NoSA,manufacturing,4,good,23,0.043,0.043,1,less50
37665,2018,20,4780.772727272727,8.472357470845443,1,WC,0,NoSA,manufacturing,5,very good,22,0.045,0.045,1,less50
37665,2019,21,4192.217391304348,8.340985083268945,1,WC,0,NoSA,manufacturing,4,good,23,0.043,0.087,1,less50
37665,2021,23,3154.818181818182,8.056686144730945,1,WC,0,NoSA,manufacturing,4,good,22,0.091,0.136,1,less50
37669,2000,2,1859.119199810606,7.527858106058829,1,WC,0,NoSA,public,4,good,66,0.015,0.152,2,less100
37669,2009,11,2028.1176470588234,7.614863374398708,1,WC,0,NoSA,public,5,very good,34,0.059,0,1,less50
37669,2010,12,1754.3939393939395,7.469878742579893,1,WC,0,NoSA,public,5,very good,33,0.061,0,1,less50
37669,2011,13,1068.258064516129,6.97378462377355,1,WC,0,NoSA,public,3,satisfactory,31,0.032,0,1,less50
37684,2019,21,4004.0833333333335,8.295069952739347,1,WC,1,SA,transcom,4,good,24,0.042,1,1,less50
37684,2020,22,3756.56,8.231258923996315,1,WC,1,SA,transcom,2,sufficient,25,0.24,0.88,1,less50
37684,2021,23,3666.0714285714284,8.206875912271876,1,WC,1,SA,transcom,3,satisfactory,28,0.214,0.857,1,less50
37686,2011,13,2265.3866666666668,7.725500737107317,1,WC,0,NoSA,manufacturing,4,good,75,0.067,0.867,2,less100
37686,2013,15,2278.5409836065573,7.731290597641824,1,WC,0,NoSA,manufacturing,2,sufficient,61,0.115,0.885,2,less100
37686,2016,18,2995.989010989011,8.005029676736195,1,WC,0,NoSA,manufacturing,4,good,91,0.121,0.956,2,less100
37686,2018,20,2138.3178294573645,7.667774737906721,1,WC,0,NoSA,manufacturing,4,good,129,0.085,0.953,3,less250
37686,2020,22,1863.7032967032967,7.5303208069873975,1,WC,0,NoSA,manufacturing,3,satisfactory,91,0.121,0.934,2,less100
37686,2021,23,2766.0222222222224,7.9251655462568635,1,WC,0,NoSA,manufacturing,4,good,90,0.133,0.956,2,less100
37704,2018,20,1311.5757575757575,7.178984561707088,0,NoWC,0,NoSA,public,4,good,33,0.212,0.909,1,less50
37704,2019,21,1494.6060606060605,7.309617946490016,0,NoWC,0,NoSA,public,4,good,33,0.182,0.909,1,less50
37704,2020,22,1388.2121212121212,7.235771954470966,0,NoWC,0,NoSA,art,4,good,33,0.152,0.848,1,less50
37704,2021,23,833.1351351351351,6.725195856062441,0,NoWC,0,NoSA,art,4,good,37,0.162,0.892,1,less50
37708,2001,3,4329.415,8.373187707943082,1,WC,0,NoSA,wholesretail,2,sufficient,25,0.16,0.12,1,less50
37708,2002,4,4154.2962962962965,8.331898329840413,1,WC,1,SA,wholesretail,1,unsatisfactory,27,0.148,0.148,1,less50
37708,2003,5,3527.6451612903224,8.168385834202834,1,WC,1,SA,wholesretail,1,unsatisfactory,31,0.097,0.161,1,less50
37708,2004,6,3411.128205128205,8.134798367501883,1,WC,0,NoSA,wholesretail,4,good,39,0.103,0.179,1,less50
37708,2005,7,3116.553191489362,8.044482923803995,1,WC,0,NoSA,wholesretail,3,satisfactory,47,0.085,0.128,1,less50
37708,2006,8,3413.304347826087,8.135436118041508,1,WC,1,SA,wholesretail,2,sufficient,46,0.109,0.13,1,less50
37708,2007,9,3342.808510638298,8.114566604085,1,WC,0,NoSA,wholesretail,1,unsatisfactory,47,0.149,0.128,1,less50
37708,2008,10,3615.9583333333335,8.193112198584322,1,WC,1,SA,wholesretail,2,sufficient,48,0.104,0.125,1,less50
37708,2009,11,4204.190476190476,8.34383703929359,1,WC,0,NoSA,wholesretail,2,sufficient,42,0.167,0.167,1,less50
37708,2010,12,3996.3571428571427,8.293138510864104,1,WC,0,NoSA,wholesretail,2,sufficient,42,0.167,0.143,1,less50
37708,2011,13,4003.0232558139537,8.294805168571989,1,WC,0,NoSA,wholesretail,4,good,43,0.163,0.14,1,less50
37747,2015,17,3211.285714285714,8.074426669977107,1,WC,0,NoSA,manufacturing,4,good,42,0.095,0.476,1,less50
37747,2016,18,3211.285714285714,8.074426669977107,1,WC,0,NoSA,manufacturing,4,good,42,0.095,0.452,1,less50
37747,2017,19,3211.285714285714,8.074426669977107,1,WC,0,NoSA,manufacturing,4,good,42,0.095,0.452,1,less50
37747,2018,20,3257.2558139534885,8.088640345008454,1,WC,0,NoSA,manufacturing,4,good,43,0.093,0.465,1,less50
37747,2019,21,3480,8.15478757276852,1,WC,0,NoSA,manufacturing,4,good,41,0.024,0.463,1,less50
37747,2020,22,3408.4146341463415,8.13400254549767,1,WC,0,NoSA,construction,3,satisfactory,41,0.049,0.415,1,less50
37747,2021,23,2613.7586206896553,7.868544548944828,1,WC,0,NoSA,construction,4,good,58,0.017,0.328,2,less100
37759,2000,2,2569.0684400826444,7.851298637503427,0,NoWC,0,NoSA,public,3,satisfactory,242,0.227,0.227,3,less250
37759,2001,3,2503.3985615079364,7.82540451227841,0,NoWC,0,NoSA,public,3,satisfactory,252,0.23,0.183,4,more250
37759,2002,4,2240,7.7142311448490855,0,NoWC,0,NoSA,public,2,sufficient,250,0.284,0.22,3,less250
37759,2003,5,1945.274678111588,7.573158468761043,0,NoWC,0,NoSA,public,3,satisfactory,233,0.313,0.215,3,less250
37781,2012,14,2523.664122137405,7.833467141167909,1,WC,0,NoSA,construction,4,good,131,0.031,0.221,3,less250
37781,2013,15,2480.6201550387595,7.816263870414237,1,WC,0,NoSA,construction,4,good,129,0.085,0.233,3,less250
37781,2014,16,2306.5693430656934,7.743516566740924,1,WC,0,NoSA,construction,4,good,137,0.095,0.219,3,less250
37781,2015,17,5451.186206896552,8.60358851661596,1,WC,0,NoSA,construction,4,good,145,0.083,0.179,3,less250
37781,2016,18,5435.335714285714,8.600676566605499,0,NoWC,0,NoSA,construction,4,good,140,0.1,0.214,3,less250
37781,2017,19,5338.481481481482,8.582696524750578,0,NoWC,0,NoSA,construction,5,very good,162,0.074,0.228,3,less250
37781,2018,20,3613.9146341463415,8.19254684999504,0,NoWC,0,NoSA,manufacturing,3,satisfactory,164,0.085,0.213,3,less250
37781,2019,21,3865.253012048193,8.259782421245887,0,NoWC,0,NoSA,manufacturing,3,satisfactory,166,0.108,0.295,3,less250
37781,2020,22,3803.602409638554,8.243703899180325,0,NoWC,0,NoSA,manufacturing,4,good,166,0.108,0.229,3,less250
37781,2021,23,3737.433526011561,8.22615443185825,0,NoWC,0,NoSA,manufacturing,5,very good,173,0.133,0.237,3,less250
37819,2011,13,2204.897435897436,7.698436272466893,0,NoWC,0,NoSA,public,4,good,117,0.085,0.726,3,less250
37819,2012,14,1740.7105263157894,7.462048657314384,0,NoWC,0,NoSA,public,4,good,114,0.096,0.702,3,less250
37819,2013,15,2349.2035398230087,7.761831630467853,0,NoWC,0,NoSA,public,4,good,113,0.133,0.681,3,less250
37819,2014,16,2123.3008849557523,7.660727177970854,0,NoWC,0,NoSA,public,4,good,113,0.124,0.699,3,less250
37819,2015,17,1892.5982142857142,7.545705880549284,0,NoWC,0,NoSA,public,3,satisfactory,112,0.098,0.688,3,less250
37819,2016,18,3361.235849056604,8.120063997550146,0,NoWC,0,NoSA,public,4,good,106,0.104,0.698,3,less250
37819,2017,19,2510.2924528301887,7.828154540410264,0,NoWC,0,NoSA,public,4,good,106,0.113,0.698,3,less250
37819,2018,20,1633.1769911504425,7.398282471145374,0,NoWC,0,NoSA,art,4,good,113,0.088,0.664,3,less250
37846,2000,2,146.70801823843416,4.9884443410406485,0,NoWC,0,NoSA,wholesretail,3,satisfactory,281,0.011,0.085,4,more250
37846,2001,3,538.9493180614406,6.289621536917329,0,NoWC,0,NoSA,wholesretail,3,satisfactory,118,0.017,0.051,3,less250
37846,2002,4,322.3652173913043,5.775685118308908,0,NoWC,0,NoSA,wholesretail,3,satisfactory,115,0.017,0.148,3,less250
37846,2003,5,340.3152173913044,5.829872298083622,1,WC,0,NoSA,wholesretail,3,satisfactory,92,0.043,0.065,2,less100
37883,2017,19,1605.0681818181818,7.380921515545431,1,WC,0,NoSA,health,4,good,44,0.364,0.864,1,less50
37883,2018,20,1155.872340425532,7.052610610976399,1,WC,0,NoSA,health,3,satisfactory,47,0.34,0.787,1,less50
37883,2019,21,1941.8510638297873,7.571396953752597,1,WC,0,NoSA,health,2,sufficient,47,0.319,0.787,1,less50
37883,2020,22,1988.0851063829787,7.594927196351995,1,WC,0,NoSA,buservices,5,very good,47,0.426,0.766,1,less50
37883,2021,23,1267.6041666666667,7.1448839148630094,1,WC,0,NoSA,buservices,4,good,48,0.25,0.75,1,less50
37912,2014,16,1046.3576158940398,6.953070475194179,0,NoWC,0,NoSA,health,5,very good,302,0.046,0.288,4,more250
37912,2015,17,2459.7156862745096,7.8078010475619815,0,NoWC,0,NoSA,health,5,very good,306,0.036,0.317,4,more250
37912,2016,18,2874.0060422960723,7.963462169036228,0,NoWC,0,NoSA,health,5,very good,331,0.042,0.384,4,more250
37912,2017,19,1936.1183431952663,7.568440393651807,0,NoWC,0,NoSA,health,5,very good,338,0.024,0.34,4,more250
37912,2018,20,2856.561046511628,7.9573737490237235,0,NoWC,0,NoSA,health,5,very good,344,0.078,0.355,4,more250
37912,2019,21,2986.8,8.001957859161546,0,NoWC,0,NoSA,health,4,good,350,0.04,0.426,4,more250
37912,2021,23,2973.38622754491,7.997456726280755,0,NoWC,0,NoSA,buservices,3,satisfactory,334,0.048,0.213,4,more250
37914,2014,16,3393.836363636364,8.129716231207107,0,NoWC,0,NoSA,transcom,4,good,55,0.055,0.655,2,less100
37914,2015,17,2552.3035714285716,7.8447515917117165,0,NoWC,0,NoSA,transcom,4,good,56,0.054,0.643,2,less100
37914,2017,19,2772.3275862068967,7.927442530169776,0,NoWC,0,NoSA,transcom,3,satisfactory,58,0.086,0.81,2,less100
37914,2018,20,4198.568627450981,8.342498943197063,0,NoWC,0,NoSA,transcom,4,good,51,0.098,0.765,2,less100
37914,2019,21,4980.981132075472,8.513382165086883,0,NoWC,0,NoSA,transcom,4,good,53,0.094,0.66,2,less100
37914,2020,22,6666.464285714285,8.804844906264373,0,NoWC,0,NoSA,wholesretail,4,good,56,0.071,0.75,2,less100
37914,2021,23,8896.980392156862,9.093467216371018,0,NoWC,0,NoSA,wholesretail,5,very good,51,0.235,0.804,2,less100
37921,2019,21,2926.8396624472575,7.9816785063897155,0,NoWC,0,NoSA,health,2,sufficient,237,0.004,0.139,3,less250
37921,2020,22,4057.3865979381444,8.30829435024602,0,NoWC,0,NoSA,buservices,1,unsatisfactory,194,0.015,0.103,3,less250
37921,2021,23,4545.266304347826,8.421841597710891,0,NoWC,0,NoSA,buservices,1,unsatisfactory,184,0.016,0.071,3,less250
37922,1998,0,1076.7778072033898,6.9817283487258,0,NoWC,0,NoSA,mining,2,sufficient,177,0.113,0.316,3,less250
37922,1999,1,1092.528515625,6.996250027887695,0,NoWC,0,NoSA,mining,4,good,160,0.144,0.269,3,less250
37922,2000,2,971.1901041666666,6.878522230968589,0,NoWC,0,NoSA,buservices,4,good,174,0.178,0.322,3,less250
37922,2001,3,997.3003472222222,6.905051975570022,0,NoWC,0,NoSA,buservices,4,good,180,0.256,0.306,3,less250
37922,2002,4,840.2566844919786,6.73370742193445,0,NoWC,0,NoSA,buservices,4,good,187,0.123,0.294,3,less250
37954,2013,15,1095.4583333333333,6.9989281239291135,1,WC,0,NoSA,transcom,3,satisfactory,24,0.958,0.375,1,less50
37954,2015,17,1083.9615384615386,6.98837770024608,1,WC,0,NoSA,transcom,3,satisfactory,26,0.885,0.423,1,less50
37954,2016,18,1314.5333333333333,7.181237002032777,1,WC,0,NoSA,transcom,4,good,30,0.767,0.4,1,less50
37954,2017,19,1455.4615384615386,7.283078337870224,1,WC,0,NoSA,transcom,4,good,26,0.885,0.462,1,less50
37963,2003,5,5236.5,8.5634086152132,1,WC,0,NoSA,manufacturing,4,good,34,0.353,0.353,1,less50
37963,2004,6,6139.354838709677,8.722474940491693,0,NoWC,0,NoSA,manufacturing,3,satisfactory,31,0.419,0.355,1,less50
37963,2005,7,1779.5217391304348,7.484099921301834,0,NoWC,0,NoSA,manufacturing,3,satisfactory,23,0.609,0.478,1,less50
38000,1998,0,1658.152595766129,7.413459367507306,0,NoWC,0,NoSA,transcom,1,unsatisfactory,62,0.081,0.065,2,less100
38000,2000,2,1132.470982142857,7.032157234197005,0,NoWC,0,NoSA,transcom,1,unsatisfactory,63,0.079,0.048,2,less100
38000,2001,3,1698.7495959051723,7.437647727587575,0,NoWC,0,NoSA,transcom,3,satisfactory,58,0.086,0.052,2,less100
38000,2002,4,1194.4035087719299,7.085402183906474,0,NoWC,0,NoSA,transcom,5,very good,57,0.07,0.035,2,less100
38000,2003,5,1326.0689655172414,7.189974179587322,0,NoWC,0,NoSA,transcom,5,very good,58,0.069,0.121,2,less100
38000,2004,6,2139.657894736842,7.668401232964058,0,NoWC,0,NoSA,transcom,5,very good,38,0.079,0.079,1,less50
38000,2005,7,2513.625,7.829481213346232,0,NoWC,0,NoSA,transcom,4,good,40,0.075,0.075,1,less50
38000,2006,8,2954.4,7.991050863538353,1,WC,1,SA,transcom,5,very good,45,0.044,0.022,1,less50
38002,2005,7,3469.8256880733943,8.151859637694523,0,NoWC,0,NoSA,health,3,satisfactory,109,0.009,0.055,3,less250
38002,2007,9,3866.326923076923,8.26006021984453,0,NoWC,0,NoSA,health,5,very good,104,0.019,0.067,3,less250
38002,2009,11,3593.75,8.186951504545661,0,NoWC,0,NoSA,health,5,very good,96,0.021,0.062,2,less100
38002,2010,12,2885.9555555555557,7.967611339199835,0,NoWC,0,NoSA,health,3,satisfactory,90,0.022,0.067,2,less100
38002,2011,13,3362.7906976744184,8.12052647301324,0,NoWC,0,NoSA,health,3,satisfactory,86,0.07,0.058,2,less100
38002,2012,14,4132.5,8.32663782969518,0,NoWC,0,NoSA,health,4,good,80,0.15,0.062,2,less100
38002,2013,15,4102.5641025641025,8.319367448086318,0,NoWC,1,SA,health,4,good,78,0.077,0.064,2,less100
38002,2014,16,4103.896103896104,8.319692070715366,0,NoWC,1,SA,health,4,good,77,0.078,0.078,2,less100
38002,2015,17,8840.728571428572,9.087124569817965,0,NoWC,0,NoSA,health,4,good,70,0.014,0.057,2,less100
38002,2016,18,8676.774647887323,9.068405154255048,0,NoWC,0,NoSA,health,4,good,71,0.014,0.056,2,less100
38002,2017,19,8551.626666666667,9.053876797246227,0,NoWC,0,NoSA,health,5,very good,75,0.08,0.067,2,less100
38002,2019,21,10385.414285714285,9.248157628216907,0,NoWC,0,NoSA,health,1,unsatisfactory,70,0.086,0.057,2,less100
38002,2021,23,11779.220588235294,9.374092291029827,0,NoWC,0,NoSA,edu,1,unsatisfactory,68,0.059,0.059,2,less100
38015,2001,3,1450.3099347014925,7.279532560643751,1,WC,0,NoSA,manufacturing,3,satisfactory,134,0.015,0.201,3,less250
38015,2002,4,1384.40625,7.233026626342157,1,WC,0,NoSA,manufacturing,3,satisfactory,128,0.016,0.227,3,less250
38015,2003,5,2464.8859649122805,7.809900823707813,1,WC,0,NoSA,manufacturing,2,sufficient,114,0.07,0.219,3,less250
38015,2004,6,3105.554347826087,8.04094751235374,1,WC,0,NoSA,manufacturing,4,good,92,0.054,0.239,2,less100
38015,2005,7,3136.5943396226417,8.050892885076697,1,WC,0,NoSA,manufacturing,4,good,106,0.085,0.274,3,less250
38062,2000,2,1748.1040502793296,7.466287079775343,0,NoWC,0,NoSA,mining,3,satisfactory,358,0.089,0.235,4,more250
38062,2001,3,1850.0188782991202,7.522951122506316,0,NoWC,1,SA,mining,3,satisfactory,341,0.085,0.243,4,more250
38062,2002,4,1191.4893617021276,7.082959368007228,0,NoWC,1,SA,mining,3,satisfactory,470,0.064,0.183,4,more250
38062,2003,5,972.637339055794,6.880011288201097,0,NoWC,0,NoSA,mining,4,good,466,0.09,0.227,4,more250
38067,2013,15,637.3617886178862,6.457337451359572,0,NoWC,0,NoSA,public,3,satisfactory,246,0.313,0.837,3,less250
38067,2015,17,4732.367549668874,8.462180895300143,0,NoWC,0,NoSA,public,3,satisfactory,302,0.57,0.884,4,more250
38067,2016,18,4471.270967741935,8.40542798002087,0,NoWC,0,NoSA,public,3,satisfactory,310,0.555,0.813,4,more250
38067,2017,19,3530.5250659630606,8.16920188276495,0,NoWC,0,NoSA,public,5,very good,379,0.462,0.765,4,more250
38067,2018,20,3387.6103896103896,8.127880051995861,0,NoWC,0,NoSA,public,5,very good,385,0.452,0.818,4,more250
38067,2019,21,3766.6358695652175,8.233937539777273,0,NoWC,0,NoSA,public,4,good,368,0.473,0.712,4,more250
38067,2020,22,4419.10625,8.393692748743025,0,NoWC,0,NoSA,public,4,good,320,0.544,0.866,4,more250
38067,2021,23,5818.8259493670885,8.668853793463002,0,NoWC,0,NoSA,public,4,good,316,0.544,0.823,4,more250
38070,1998,0,531.5145686619718,6.2757306078710124,0,NoWC,0,NoSA,public,5,very good,355,0.011,0.577,4,more250
38070,1999,1,405.89898825065274,6.0061043312343365,0,NoWC,0,NoSA,public,3,satisfactory,383,0.01,0.457,4,more250
38070,2000,2,500.5506132392473,6.215708718995593,0,NoWC,0,NoSA,public,3,satisfactory,372,0.008,0.414,4,more250
38070,2001,3,557.1799195544554,6.322888203127143,0,NoWC,0,NoSA,public,3,satisfactory,303,0.122,0.281,4,more250
38070,2002,4,553.893536121673,6.316972495214102,0,NoWC,0,NoSA,public,3,satisfactory,263,0.008,0.639,4,more250
38070,2003,5,563.6549019607843,6.334442188269514,0,NoWC,0,NoSA,public,3,satisfactory,255,0.024,0.533,4,more250
38070,2004,6,955.24043715847,6.861963075450907,0,NoWC,0,NoSA,public,4,good,183,0.224,0.749,3,less250
38070,2005,7,1345.295081967213,7.204368659770263,0,NoWC,0,NoSA,public,4,good,122,0.221,0.68,3,less250
38070,2006,8,1112.7847222222222,7.014620911383268,0,NoWC,0,NoSA,public,4,good,144,0.34,0.667,3,less250
38148,1998,0,2856.7930327868853,7.957454957460016,0,NoWC,0,NoSA,health,1,unsatisfactory,122,0.139,0.213,3,less250
38148,1999,1,3126.60425204918,8.047702791101738,0,NoWC,0,NoSA,health,2,sufficient,122,0.213,0.213,3,less250
38148,2000,2,2653.5472274436092,7.883652600279381,0,NoWC,0,NoSA,health,4,good,133,0.165,0.211,3,less250
38148,2001,3,2778.433035714286,7.929642391552916,0,NoWC,0,NoSA,health,3,satisfactory,133,0.308,0.211,3,less250
38148,2002,4,2689.6439393939395,7.897164099297357,0,NoWC,0,NoSA,health,3,satisfactory,132,0.174,0.212,3,less250
38148,2004,6,3342.153153153153,8.1143705349016,0,NoWC,0,NoSA,health,3,satisfactory,111,0.261,0.162,3,less250
38148,2006,8,3203.345794392523,8.071951103317545,0,NoWC,0,NoSA,health,3,satisfactory,107,0.327,0.159,3,less250
38181,1999,1,270.96064361285266,5.60197358381247,0,NoWC,0,NoSA,wholesretail,4,good,319,0.085,0.639,4,more250
38181,2000,2,779.6373887540453,6.658828925377778,0,NoWC,0,NoSA,wholesretail,4,good,309,0.087,0.628,4,more250
38181,2001,3,810.8959325396826,6.698139725955298,0,NoWC,0,NoSA,wholesretail,3,satisfactory,315,0.165,0.619,4,more250
38181,2002,4,982.4166666666666,6.890015522504127,0,NoWC,0,NoSA,wholesretail,2,sufficient,312,0.317,0.622,4,more250
38181,2003,5,744.4962962962964,6.612707877358562,0,NoWC,0,NoSA,wholesretail,2,sufficient,270,0.311,0.604,4,more250
38184,2019,21,2706.075,7.903254524532899,1,WC,0,NoSA,health,5,very good,40,0.25,0.75,1,less50
38184,2020,22,3047.3783783783783,8.022036951905529,1,WC,0,NoSA,buservices,4,good,37,0.405,0.73,1,less50
38184,2021,23,2848.5,7.95454781892045,1,WC,0,NoSA,public,1,unsatisfactory,38,0.342,0.658,1,less50
38196,2015,17,1978.6545454545455,7.590172370210821,0,NoWC,0,NoSA,health,4,good,55,0.764,0.873,2,less100
38196,2016,18,1534.9344262295083,7.336242940040088,0,NoWC,0,NoSA,health,4,good,61,0.656,0.836,2,less100
38196,2017,19,2323.2622950819673,7.750727638614112,0,NoWC,0,NoSA,health,5,very good,61,0.508,0.803,2,less100
38196,2018,20,2591.8070175438597,7.860110601592316,0,NoWC,0,NoSA,health,2,sufficient,57,0.702,0.86,2,less100
38196,2019,21,1828,7.510977752014095,0,NoWC,0,NoSA,health,3,satisfactory,53,0.811,0.849,2,less100
38216,1998,0,2285.839095744681,7.734488455064137,0,NoWC,1,SA,health,4,good,94,0.234,0.149,2,less100
38216,1999,1,2557.965523097826,7.846967503978305,0,NoWC,0,NoSA,health,4,good,92,0.13,0.196,2,less100
38216,2000,2,4272.02297008547,8.359842757518242,0,NoWC,0,NoSA,health,3,satisfactory,117,0.231,0.197,3,less250
38218,1998,0,630.4462083847102,6.446427835959997,0,NoWC,0,NoSA,manufacturing,2,sufficient,1622,0.001,0.129,4,more250
38218,1999,1,612.5413583509513,6.417616463977538,0,NoWC,0,NoSA,manufacturing,2,sufficient,1419,0.001,0.168,4,more250
38218,2001,3,556.3107914462081,6.321327115502135,0,NoWC,0,NoSA,manufacturing,2,sufficient,1134,0.008,0.14,4,more250
38218,2002,4,606.060606060606,6.406979991069647,0,NoWC,0,NoSA,manufacturing,3,satisfactory,924,0.014,0.161,4,more250
38243,2004,6,2245.283582089552,7.71658710938812,1,WC,0,NoSA,buservices,3,satisfactory,67,0.284,0.06,2,less100
38243,2005,7,726.7391304347826,6.588567582925049,0,NoWC,0,NoSA,buservices,2,sufficient,69,0.275,0.043,2,less100
38243,2006,8,1224.5238095238096,7.110307320485593,0,NoWC,0,NoSA,buservices,2,sufficient,63,0.46,0.063,2,less100
38250,2000,2,780.6015041977612,6.6600647817210366,0,NoWC,0,NoSA,manufacturing,3,satisfactory,134,0.015,0.03,3,less250
38250,2001,3,1063.5826041666667,6.969398303618964,0,NoWC,0,NoSA,manufacturing,3,satisfactory,150,0.033,0.047,3,less250
38250,2002,4,1425.4411764705883,7.262236642310547,0,NoWC,0,NoSA,manufacturing,3,satisfactory,136,0.029,0.029,3,less250
38250,2003,5,1077.875,6.982746789272489,0,NoWC,0,NoSA,manufacturing,2,sufficient,136,0.066,0.029,3,less250
38251,2007,9,2227.269230769231,7.7085315538745025,1,WC,0,NoSA,wholesretail,3,satisfactory,182,0.011,0.099,3,less250
38251,2008,10,1917.0205128205127,7.558527443468579,1,WC,0,NoSA,wholesretail,3,satisfactory,195,0.077,0.103,3,less250
38251,2009,11,1716.4179104477612,7.447994787954421,1,WC,0,NoSA,wholesretail,3,satisfactory,201,0.065,0.104,3,less250
38270,2011,13,1324.7241379310344,7.188959518956256,1,WC,0,NoSA,buservices,4,good,29,0.138,0.31,1,less50
38270,2012,14,1609.8666666666666,7.383906638814107,1,WC,0,NoSA,buservices,4,good,30,0.167,0.3,1,less50
38270,2013,15,2116.8571428571427,7.657687787921289,1,WC,0,NoSA,buservices,5,very good,28,0.286,0.321,1,less50
38270,2014,16,2493.8,7.821562930562486,1,WC,0,NoSA,buservices,5,very good,25,0.48,0.32,1,less50
38270,2015,17,3183.391304347826,8.065702355430744,1,WC,0,NoSA,buservices,4,good,23,0.609,0.261,1,less50
38276,2007,9,5874.826086956522,8.678431736354039,1,WC,0,NoSA,health,5,very good,69,0.058,0.841,2,less100
38276,2008,10,6796.709090909091,8.824193816799855,1,WC,0,NoSA,health,4,good,55,0.055,0.8,2,less100
38276,2010,12,6040.372093023256,8.706220893836537,1,WC,0,NoSA,health,1,unsatisfactory,43,0.023,0.837,1,less50
38276,2011,13,5079.975,8.533061619300575,0,NoWC,0,NoSA,health,3,satisfactory,40,0.025,0.725,1,less50
38276,2015,17,6280.171428571429,8.745152556632894,0,NoWC,0,NoSA,health,2,sufficient,35,0.086,0.657,1,less50
38276,2016,18,6803.542857142857,8.825198763889805,1,WC,0,NoSA,health,3,satisfactory,35,0.086,0.771,1,less50
38276,2017,19,10845.71052631579,9.29152493760318,1,WC,0,NoSA,health,1,unsatisfactory,38,0.026,0.737,1,less50
38276,2018,20,5957.675,8.692435583279194,0,NoWC,0,NoSA,health,4,good,40,0.175,0.775,1,less50
38312,2015,17,2494.68,7.821915743447023,0,NoWC,0,NoSA,manufacturing,3,satisfactory,25,0.08,1,1,less50
38312,2017,19,3128.04,8.048161889307224,0,NoWC,0,NoSA,manufacturing,3,satisfactory,25,0.08,0.96,1,less50
38312,2019,21,4039.4,8.303851445074288,1,WC,0,NoSA,manufacturing,5,very good,25,0.16,0.96,1,less50
38312,2020,22,4903.28,8.497659647913766,0,NoWC,0,NoSA,manufacturing,4,good,25,0.12,0.96,1,less50
38327,2007,9,2720.672727272727,7.908634454913168,0,NoWC,0,NoSA,buservices,3,satisfactory,55,0.255,0.764,2,less100
38327,2008,10,2987.3283582089553,8.002134741270083,0,NoWC,0,NoSA,buservices,4,good,67,0.313,0.806,2,less100
38327,2009,11,2845.6857142857143,7.95355934187223,0,NoWC,0,NoSA,buservices,3,satisfactory,70,0.129,0.9,2,less100
38327,2011,13,2423.938271604938,7.79314888135544,0,NoWC,0,NoSA,buservices,4,good,81,0.111,0.765,2,less100
38330,1998,0,1248.1725117554859,7.129435769949714,0,NoWC,0,NoSA,public,4,good,319,0.417,0.837,4,more250
38330,2003,5,1103.8095238095239,7.0065226791703195,0,NoWC,0,NoSA,public,3,satisfactory,399,0.489,0.749,4,more250
38330,2006,8,1307.6787709497207,7.1760089138965535,0,NoWC,0,NoSA,public,3,satisfactory,358,0.55,0.765,4,more250
38330,2007,9,1132.2988826815642,7.032005254550598,0,NoWC,0,NoSA,public,3,satisfactory,358,0.564,0.777,4,more250
38330,2008,10,1061.9857954545455,6.967895826434229,0,NoWC,0,NoSA,public,3,satisfactory,352,0.571,0.747,4,more250
38330,2009,11,950.4132231404959,6.856896861748646,0,NoWC,0,NoSA,public,3,satisfactory,363,0.567,0.744,4,more250
38330,2011,13,715.8415841584158,6.573458891305597,0,NoWC,0,NoSA,public,3,satisfactory,404,0.51,0.752,4,more250
38330,2013,15,742.4593967517401,6.609968184672161,0,NoWC,0,NoSA,public,3,satisfactory,431,0.494,0.745,4,more250
38330,2014,16,724.7706422018349,6.585855249220015,0,NoWC,0,NoSA,public,3,satisfactory,436,0.463,0.667,4,more250
38330,2015,17,1149.3325471698113,7.046936659098255,0,NoWC,0,NoSA,public,3,satisfactory,424,0.446,0.63,4,more250
38330,2016,18,1066.7656612529001,6.972386603237959,0,NoWC,0,NoSA,public,4,good,431,0.464,0.687,4,more250
38330,2017,19,1051.566210045662,6.958035960393556,0,NoWC,0,NoSA,public,4,good,438,0.461,0.662,4,more250
38330,2018,20,1022.3242630385488,6.929834003256685,0,NoWC,0,NoSA,public,4,good,441,0.474,0.737,4,more250
38330,2019,21,1040.316593886463,6.947280363008426,0,NoWC,0,NoSA,public,4,good,458,0.474,0.758,4,more250
38330,2020,22,945.9893617021277,6.852231323430642,0,NoWC,0,NoSA,public,4,good,470,0.494,0.755,4,more250
38330,2021,23,919.647311827957,6.823990239834376,0,NoWC,0,NoSA,public,2,sufficient,465,0.497,0.684,4,more250
38338,2008,10,814.4204793028323,6.7024767919717805,0,NoWC,0,NoSA,edu,5,very good,459,0.009,0.739,4,more250
38338,2009,11,670.7080610021786,6.508333961823057,0,NoWC,0,NoSA,edu,3,satisfactory,459,0.009,0.688,4,more250
38338,2010,12,513.3122529644269,6.240884340242634,0,NoWC,0,NoSA,edu,2,sufficient,506,0.006,0.547,4,more250
38338,2011,13,499.5831702544031,6.213774091243676,0,NoWC,0,NoSA,edu,3,satisfactory,511,0.012,0.595,4,more250
38338,2012,14,546.4462809917355,6.303436006338219,0,NoWC,0,NoSA,edu,4,good,605,0.003,0.545,4,more250
38338,2014,16,596.2264150943396,6.390620486022882,0,NoWC,0,NoSA,edu,1,unsatisfactory,530,0.009,0.549,4,more250
38338,2015,17,1141.713725490196,7.040285680586191,0,NoWC,0,NoSA,edu,3,satisfactory,510,0.01,0.524,4,more250
38338,2016,18,1093.8056074766355,6.9974182775009535,0,NoWC,0,NoSA,edu,3,satisfactory,535,0.004,0.553,4,more250
38338,2018,20,1295.894422310757,7.166956409327435,0,NoWC,0,NoSA,edu,3,satisfactory,502,0.006,0.647,4,more250
38338,2019,21,1144.3130434782609,7.0425597739113845,0,NoWC,0,NoSA,edu,1,unsatisfactory,460,0.007,0.724,4,more250
38338,2020,22,1236.6573875802999,7.120167363600881,0,NoWC,0,NoSA,art,3,satisfactory,467,0.013,0.76,4,more250
38338,2021,23,1234.3530701754387,7.118302281997849,0,NoWC,0,NoSA,art,3,satisfactory,456,0.018,0.697,4,more250
38379,2006,8,4203.5,8.34367279057535,1,WC,0,NoSA,manufacturing,1,unsatisfactory,22,0.182,0.409,1,less50
38379,2007,9,4351.84,8.378354023154058,1,WC,0,NoSA,manufacturing,1,unsatisfactory,25,0.16,0.48,1,less50
38379,2015,17,3173.2291666666665,8.062505012948277,1,WC,0,NoSA,manufacturing,3,satisfactory,48,0.354,0.5,1,less50
38379,2017,19,3481.48,8.155212769715806,1,WC,0,NoSA,manufacturing,4,good,50,0.04,0.5,1,less50
38379,2018,20,2813.689655172414,7.942251945584004,1,WC,0,NoSA,manufacturing,4,good,58,0.224,0.569,2,less100
38388,2017,19,3212.3483146067415,8.074757510845668,1,WC,0,NoSA,buservices,4,good,89,0.494,0.753,2,less100
38388,2018,20,3889.5897435897436,8.266058966677917,1,WC,0,NoSA,buservices,4,good,78,0.5,0.474,2,less100
38388,2019,21,3420.074468085106,8.137417604113486,1,WC,0,NoSA,buservices,4,good,94,0.436,0.851,2,less100
38388,2021,23,4194.727272727273,8.341583604327184,1,WC,0,NoSA,buservices,4,good,99,0.333,0.788,2,less100
38400,2003,5,3535.516129032258,8.170614573056874,1,WC,0,NoSA,manufacturing,2,sufficient,62,0.742,0.774,2,less100
38400,2004,6,1773.7573529411766,7.480855373887042,0,NoWC,0,NoSA,manufacturing,1,unsatisfactory,136,0.382,0.794,3,less250
38400,2005,7,1642.2148760330579,7.403801143833744,0,NoWC,0,NoSA,manufacturing,2,sufficient,121,0.421,0.81,3,less250
38403,2017,19,3410.4444444444443,8.134597897398821,1,WC,0,NoSA,transcom,4,good,36,0.75,0.806,1,less50
38403,2018,20,3495.7391304347825,8.159300114550405,1,WC,0,NoSA,transcom,3,satisfactory,46,0.435,0.804,1,less50
38403,2019,21,3621.711111111111,8.194701875767954,1,WC,0,NoSA,transcom,4,good,45,0.556,0.822,1,less50
38403,2020,22,3553.189189189189,8.175600842334683,1,WC,0,NoSA,transcom,4,good,37,0.595,0.676,1,less50
38403,2021,23,3047.5365853658536,8.022088866325484,1,WC,0,NoSA,transcom,4,good,41,0.561,0.805,1,less50
38431,2008,10,3860.285714285714,8.258496478964592,0,NoWC,0,NoSA,buservices,5,very good,63,0.841,0.492,2,less100
38431,2009,11,3551.35,8.175083091870846,0,NoWC,0,NoSA,buservices,5,very good,60,0.817,0.5,2,less100
38431,2011,13,3165.849315068493,8.060176644573135,0,NoWC,0,NoSA,buservices,4,good,73,0.986,0.452,2,less100
38431,2012,14,2842.4054054054054,7.952405946409697,0,NoWC,0,NoSA,buservices,4,good,74,0.784,0.392,2,less100
38431,2013,15,2605.3333333333335,7.865315905054509,0,NoWC,0,NoSA,buservices,4,good,81,0.753,0.457,2,less100
38431,2014,16,2456.95,7.806676022293765,0,NoWC,1,SA,buservices,3,satisfactory,80,0.85,0.438,2,less100
38431,2015,17,2825.139534883721,7.946313035239946,0,NoWC,0,NoSA,buservices,4,good,86,0.919,0.43,2,less100
38431,2016,18,2936.360465116279,7.984926156420434,0,NoWC,0,NoSA,buservices,3,satisfactory,86,0.756,0.43,2,less100
38435,2005,7,4008.2727272727275,8.296115686176424,0,NoWC,1,SA,public,3,satisfactory,22,0.091,0.318,1,less50
38435,2007,9,757.425925925926,6.629925745045476,0,NoWC,0,NoSA,public,2,sufficient,54,0.185,0.296,2,less100
38435,2008,10,828.9333333333333,6.7201397337270725,0,NoWC,0,NoSA,public,3,satisfactory,45,0.489,0.2,1,less50
38435,2009,11,990.9821428571429,6.898696514850931,0,NoWC,1,SA,public,3,satisfactory,56,0.393,0.214,2,less100
38441,2015,17,1594.3333333333333,7.374210955012187,1,WC,0,NoSA,wholesretail,4,good,30,0.733,0.067,1,less50
38441,2016,18,1682.2758620689656,7.4279028354494185,1,WC,0,NoSA,wholesretail,4,good,29,0.586,0.069,1,less50
38441,2021,23,1301.9142857142858,7.171590987816715,0,NoWC,0,NoSA,wholesretail,5,very good,35,0.771,0.143,1,less50
38442,2001,3,1796.484871031746,7.493587185160889,0,NoWC,0,NoSA,manufacturing,4,good,63,0.175,0.079,2,less100
38442,2003,5,1492.433962264151,7.3081635978986785,0,NoWC,0,NoSA,manufacturing,3,satisfactory,53,0.151,0.075,2,less100
38442,2004,6,2162.58,7.679057232341418,0,NoWC,0,NoSA,manufacturing,1,unsatisfactory,50,0.06,0.08,1,less50
38442,2005,7,1721.3958333333333,7.450890771702007,0,NoWC,0,NoSA,manufacturing,3,satisfactory,48,0.146,0.125,1,less50
38442,2006,8,2284.609756097561,7.733950503665219,0,NoWC,0,NoSA,manufacturing,3,satisfactory,82,0.024,0.11,2,less100
38442,2008,10,3143.7804878048782,8.053181331711125,0,NoWC,0,NoSA,manufacturing,4,good,82,0.085,0.11,2,less100
38442,2009,11,968.4303797468355,6.875676595644576,0,NoWC,0,NoSA,manufacturing,3,satisfactory,79,0.076,0.114,2,less100
38447,2001,3,1264.241357715431,7.142227504038314,0,NoWC,0,NoSA,manufacturing,3,satisfactory,499,0.06,0.593,4,more250
38447,2002,4,1138.2113821138212,7.037213346219024,0,NoWC,0,NoSA,manufacturing,3,satisfactory,492,0.061,0.567,4,more250
38447,2003,5,897.5227722772278,6.799638493051384,0,NoWC,0,NoSA,manufacturing,4,good,505,0.03,0.582,4,more250
38447,2004,6,1057.0824524312895,6.963267988912396,0,NoWC,0,NoSA,manufacturing,1,unsatisfactory,473,0.032,0.581,4,more250
38452,2017,19,1330.6714285714286,7.1934389273425845,0,NoWC,0,NoSA,wholesretail,4,good,140,0.371,0.086,3,less250
38452,2019,21,955.453947368421,6.862186565102176,0,NoWC,0,NoSA,wholesretail,5,very good,152,0.401,0.079,3,less250
38452,2020,22,1351.3412698412699,7.20885291142077,0,NoWC,0,NoSA,transcom,2,sufficient,126,0.452,0.095,3,less250
38452,2021,23,1233.8333333333333,7.117881133215043,0,NoWC,0,NoSA,transcom,1,unsatisfactory,138,0.435,0.094,3,less250
38486,2013,15,3047.6190476190477,8.022115924618387,0,NoWC,1,SA,public,4,good,105,0.257,0.571,3,less250
38486,2014,16,2724.137931034483,7.909907301462685,0,NoWC,1,SA,public,4,good,116,0.233,0.578,3,less250
38486,2015,17,10696.558333333332,9.277677317618847,0,NoWC,1,SA,public,3,satisfactory,120,0.2,0.583,3,less250
38486,2016,18,9746.3828125,9.184651501567002,0,NoWC,1,SA,public,3,satisfactory,128,0.188,0.578,3,less250
38486,2017,19,8784.186206896551,9.080708361941813,0,NoWC,1,SA,public,4,good,145,0.166,0.566,3,less250
38486,2018,20,6730.350649350649,8.814382523711005,0,NoWC,1,SA,public,3,satisfactory,154,0.143,0.565,3,less250
38520,2003,5,1798.607142857143,7.4947678348153195,0,NoWC,0,NoSA,manufacturing,4,good,252,0.02,0.171,4,more250
38520,2004,6,2369.6682464454975,7.7705052439282625,0,NoWC,0,NoSA,manufacturing,4,good,211,0.024,0.175,3,less250
38520,2005,7,2333.877828054299,7.755286467026739,0,NoWC,0,NoSA,manufacturing,3,satisfactory,221,0.023,0.176,3,less250
38582,2000,2,1848.4735677083333,7.5221154789551825,0,NoWC,0,NoSA,health,2,sufficient,60,0.267,0.817,2,less100
38582,2001,3,1615.572767857143,7.387444827801434,0,NoWC,0,NoSA,health,2,sufficient,70,0.229,0.986,2,less100
38582,2002,4,1482.2988505747126,7.301349439085872,0,NoWC,0,NoSA,health,1,unsatisfactory,87,0.356,0.885,2,less100
38582,2003,5,1413.909090909091,7.2541135522461895,1,WC,0,NoSA,health,3,satisfactory,88,0.409,0.92,2,less100
38611,2011,13,1424.6305418719212,7.261667790224959,0,NoWC,0,NoSA,manufacturing,4,good,203,0.005,0.039,3,less250
38611,2012,14,1836.6666666666667,7.515707613478851,0,NoWC,0,NoSA,manufacturing,4,good,180,0.006,0.039,3,less250
38611,2013,15,1860.4651162790697,7.528581797962456,0,NoWC,0,NoSA,manufacturing,4,good,172,0.006,0.029,3,less250
38611,2014,16,1816.0919540229886,7.50444219335452,0,NoWC,0,NoSA,manufacturing,3,satisfactory,174,0.011,0.029,3,less250
38611,2015,17,6089.08275862069,8.714252735012465,0,NoWC,0,NoSA,manufacturing,3,satisfactory,145,0.021,0.034,3,less250
38611,2016,18,6371.760869565217,8.759631142008914,0,NoWC,0,NoSA,manufacturing,2,sufficient,138,0.007,0.036,3,less250
38611,2017,19,6687.458646616541,8.807989207501635,0,NoWC,0,NoSA,manufacturing,3,satisfactory,133,0.008,0.038,3,less250
38611,2018,20,7096.165289256199,8.867309817018047,0,NoWC,0,NoSA,manufacturing,4,good,121,0.025,0.041,3,less250
38612,2010,12,3038.7272727272725,8.0191940464505,1,WC,0,NoSA,manufacturing,3,satisfactory,22,0.045,0.091,1,less50
38612,2014,16,2830.25,7.948120325958219,1,WC,0,NoSA,manufacturing,4,good,20,0.05,0.1,1,less50
38612,2015,17,2739,7.915348169263078,1,WC,0,NoSA,manufacturing,1,unsatisfactory,20,0.05,0.1,1,less50
38612,2016,18,3171.85,8.062070292859792,1,WC,0,NoSA,manufacturing,3,satisfactory,20,0.05,0.1,1,less50
38612,2017,19,2830.25,7.948120325958219,1,WC,0,NoSA,manufacturing,5,very good,20,0.05,0.1,1,less50
38612,2018,20,2998.6,8.005900792060803,1,WC,0,NoSA,manufacturing,3,satisfactory,20,0.05,0.1,1,less50
38663,2015,17,3701.5416666666665,8.216504678517532,1,WC,0,NoSA,manufacturing,4,good,24,0.167,0.042,1,less50
38663,2016,18,3046.5555555555557,8.021766905384926,1,WC,0,NoSA,manufacturing,4,good,27,0.148,0.037,1,less50
38663,2017,19,3062.777777777778,8.027077553687565,1,WC,0,NoSA,manufacturing,4,good,27,0.037,0.037,1,less50
38663,2018,20,3180.576923076923,8.064817881670411,1,WC,0,NoSA,manufacturing,4,good,26,0.077,0.038,1,less50
38663,2019,21,3202.52,8.071693278872388,1,WC,0,NoSA,manufacturing,5,very good,25,0.04,0.04,1,less50
38663,2020,22,2851.56,7.955621491932298,1,WC,0,NoSA,manufacturing,4,good,25,0.16,0.08,1,less50
38663,2021,23,2749.2413793103447,7.919080290534712,1,WC,0,NoSA,manufacturing,5,very good,29,0.103,0.034,1,less50
38668,2003,5,1294.1666666666667,7.165622266354733,1,WC,0,NoSA,wholesretail,3,satisfactory,24,0.042,0.125,1,less50
38668,2004,6,1505.909090909091,7.317152041935626,1,WC,0,NoSA,wholesretail,2,sufficient,22,0.045,0.136,1,less50
38668,2006,8,1568.6666666666667,7.357981280619198,1,WC,0,NoSA,wholesretail,5,very good,24,0.042,0.167,1,less50
38668,2007,9,998.3571428571429,6.906111070869648,1,WC,0,NoSA,wholesretail,4,good,28,0.036,0.179,1,less50
38680,2002,4,2170.7428571428572,7.682824718433375,1,WC,0,NoSA,transcom,2,sufficient,35,0.057,0.457,1,less50
38680,2003,5,1721.6666666666667,7.451048092885629,1,WC,0,NoSA,transcom,1,unsatisfactory,36,0.056,0.444,1,less50
38680,2005,7,2399.2285714285713,7.7829025360953725,1,WC,0,NoSA,transcom,2,sufficient,35,0.057,0.429,1,less50
38680,2006,8,2624.15625,7.87251469478506,1,WC,0,NoSA,transcom,4,good,32,0.062,0.469,1,less50
38700,2006,8,3603.133333333333,8.189559116261918,0,NoWC,0,NoSA,art,3,satisfactory,60,0.983,0.917,2,less100
38700,2007,9,3334.169014084507,8.111978756112372,1,WC,0,NoSA,art,3,satisfactory,71,0.859,0.93,2,less100
38700,2011,13,2863.366336633663,7.959753252425487,1,WC,0,NoSA,transcom,4,good,101,0.812,0.347,3,less250
38700,2015,17,5695.717948717948,8.647469934435648,1,WC,0,NoSA,transcom,4,good,78,0.872,0.167,2,less100
38700,2016,18,935.2193158953722,6.840781064238159,1,WC,0,NoSA,transcom,4,good,497,0.167,0.161,4,more250
38700,2018,20,1440.4472934472935,7.272708964787012,1,WC,0,NoSA,transcom,4,good,351,0.234,0.271,4,more250
38700,2019,21,3423.024096385542,8.13827967805713,1,WC,0,NoSA,transcom,4,good,166,0.488,0.199,3,less250
38700,2021,23,8708.352112676057,9.072037857076225,1,WC,0,NoSA,finance,4,good,71,0.887,0.268,2,less100
38704,2005,7,1733.576923076923,7.457942138572014,0,NoWC,0,NoSA,resthotels,4,good,26,0.077,0.077,1,less50
38704,2006,8,1633.851851851852,7.3986956053682045,0,NoWC,0,NoSA,resthotels,4,good,27,0.037,0.074,1,less50
38704,2007,9,1392.0967741935483,7.238566360168612,0,NoWC,0,NoSA,resthotels,4,good,31,0.032,0.129,1,less50
38753,2015,17,2203.5339805825242,7.697817705348761,1,WC,0,NoSA,public,2,sufficient,103,0.107,0.039,3,less250
38753,2016,18,1624.7652173913043,7.393118602720014,1,WC,0,NoSA,public,3,satisfactory,115,0.009,0.026,3,less250
38753,2017,19,2041.8181818181818,7.6215959554940635,1,WC,0,NoSA,public,3,satisfactory,110,0.018,0.036,3,less250
38753,2018,20,1509.5714285714287,7.319581067385718,1,WC,0,NoSA,public,1,unsatisfactory,161,0.012,0.025,3,less250
38767,2011,13,879.7179487179487,6.779601343276528,0,NoWC,0,NoSA,edu,2,sufficient,39,0.077,0.897,1,less50
38767,2012,14,846.6279069767442,6.741261291135249,0,NoWC,0,NoSA,edu,2,sufficient,43,0.07,0.884,1,less50
38767,2013,15,941.1,6.847049403864742,0,NoWC,0,NoSA,edu,1,unsatisfactory,40,0.075,0.9,1,less50
38767,2014,16,1748.05,7.466256159925384,0,NoWC,0,NoSA,edu,3,satisfactory,40,0.1,0.875,1,less50
38776,2014,16,1846.6986301369864,7.521154799661866,0,NoWC,0,NoSA,manufacturing,3,satisfactory,73,0.055,0.849,2,less100
38776,2015,17,2111.2361111111113,7.6550288895858,0,NoWC,0,NoSA,manufacturing,2,sufficient,72,0.056,0.778,2,less100
38776,2016,18,1869.5588235294117,7.533457758768061,0,NoWC,0,NoSA,manufacturing,2,sufficient,68,0.029,0.941,2,less100
38776,2019,21,1482.3880597014925,7.301409620231137,0,NoWC,0,NoSA,manufacturing,3,satisfactory,67,0.045,0.91,2,less100
38778,2000,2,621.7760225183823,6.432579935476162,1,WC,0,NoSA,buservices,4,good,34,0.206,0.059,1,less50
38778,2001,3,906.0092075892857,6.809049468893419,1,WC,0,NoSA,buservices,3,satisfactory,35,0.257,0.086,1,less50
38778,2003,5,1453.59375,7.281794217402933,1,WC,0,NoSA,buservices,2,sufficient,32,0.312,0.094,1,less50
38778,2004,6,1389,7.236339342754344,1,WC,0,NoSA,buservices,4,good,32,0.219,0.094,1,less50
38778,2005,7,1532.0357142857142,7.334352662225753,1,WC,0,NoSA,buservices,4,good,28,0.214,0.036,1,less50
38778,2007,9,1797.695652173913,7.49426093050014,1,WC,0,NoSA,buservices,2,sufficient,23,0.304,0.087,1,less50
38804,1999,1,1135.530933277027,7.034855603162251,1,WC,0,NoSA,manufacturing,1,unsatisfactory,74,0.027,0.797,2,less100
38804,2000,2,820.7999441964286,6.710279406429695,1,WC,0,NoSA,manufacturing,1,unsatisfactory,84,0.024,0.702,2,less100
38804,2001,3,708.7527960526315,6.563506800081985,1,WC,0,NoSA,manufacturing,1,unsatisfactory,95,0.021,0.842,2,less100
38827,2008,10,1072.9255319148936,6.978144338465429,1,WC,0,NoSA,resthotels,2,sufficient,94,0.149,0.798,2,less100
38827,2009,11,970.9270833333334,6.878251371067205,1,WC,0,NoSA,resthotels,3,satisfactory,96,0.083,0.948,2,less100
38827,2010,12,1045.4895833333333,6.952240555484126,1,WC,0,NoSA,resthotels,3,satisfactory,96,0.146,0.927,2,less100
38827,2011,13,1187.0105263157895,7.07919326257017,1,WC,0,NoSA,resthotels,4,good,95,0.116,0.821,2,less100
38827,2012,14,1209.7263157894736,7.098149427709079,1,WC,0,NoSA,resthotels,4,good,95,0.126,0.8,2,less100
38827,2013,15,1293.1473684210525,7.164834346307514,1,WC,0,NoSA,resthotels,4,good,95,0.126,0.842,2,less100
38827,2014,16,1333.6634615384614,7.195684916940895,1,WC,0,NoSA,resthotels,2,sufficient,104,0.115,0.769,3,less250
38827,2015,17,1123.4107142857142,7.024124617426641,1,WC,0,NoSA,resthotels,4,good,112,0.107,0.786,3,less250
38827,2016,18,1294.1801801801803,7.165632708165134,1,WC,0,NoSA,resthotels,4,good,111,0.117,0.838,3,less250
38827,2017,19,1481.6216216216217,7.300892457212552,1,WC,0,NoSA,resthotels,5,very good,111,0.144,0.703,3,less250
38827,2018,20,1672.091836734694,7.421830718412985,1,WC,0,NoSA,resthotels,5,very good,98,0.173,0.745,2,less100
38827,2019,21,1736.319587628866,7.4595229725332866,1,WC,0,NoSA,resthotels,4,good,97,0.196,0.598,2,less100
38827,2020,22,1890.4591836734694,7.544575032869653,1,WC,0,NoSA,finance,3,satisfactory,98,0.194,0.633,2,less100
38827,2021,23,2312.487804878049,7.746079195806426,1,WC,0,NoSA,finance,5,very good,82,0.659,0.744,2,less100
38880,2015,17,5058.042105263158,8.528734751683826,0,NoWC,0,NoSA,health,1,unsatisfactory,95,0.053,0.105,2,less100
38880,2016,18,4008.3695652173915,8.296139845404474,0,NoWC,0,NoSA,health,1,unsatisfactory,92,0.076,0.076,2,less100
38880,2017,19,4096.775510204082,8.317955482343928,0,NoWC,0,NoSA,health,1,unsatisfactory,98,0.133,0.102,2,less100
38880,2018,20,4101.7,8.319156800901757,0,NoWC,0,NoSA,health,1,unsatisfactory,100,0.29,0.1,2,less100
38889,2014,16,2241.1347517730496,7.714737602190881,1,WC,0,NoSA,buservices,3,satisfactory,141,0.234,0.681,3,less250
38889,2015,17,2636.281879194631,7.877124824349411,1,WC,0,NoSA,buservices,3,satisfactory,149,0.181,0.584,3,less250
38889,2016,18,2389.416149068323,7.7788043259893636,1,WC,0,NoSA,buservices,3,satisfactory,161,0.075,0.615,3,less250
38889,2017,19,2510.018987341772,7.8280455967752145,1,WC,0,NoSA,buservices,3,satisfactory,158,0.247,0.589,3,less250
38889,2018,20,1804.2866242038217,7.49792057059842,1,WC,0,NoSA,buservices,3,satisfactory,157,0.248,0.637,3,less250
38920,1998,0,845.4820814220184,6.739906975236497,0,NoWC,0,NoSA,public,3,satisfactory,436,0.014,0.741,4,more250
38920,1999,1,1021.9052349187936,6.929424041336027,0,NoWC,0,NoSA,public,2,sufficient,431,0.014,0.791,4,more250
38920,2002,4,1248.445238095238,7.129654246599456,0,NoWC,0,NoSA,public,3,satisfactory,420,0.014,0.798,4,more250
38921,2001,3,1839.1543445121952,7.5170611495829,1,WC,0,NoSA,resthotels,2,sufficient,82,0.28,0.5,2,less100
38921,2002,4,1806.154761904762,7.498955423497485,1,WC,0,NoSA,resthotels,4,good,84,0.226,0.571,2,less100
38921,2003,5,1905.0898876404494,7.552284471560716,1,WC,0,NoSA,resthotels,3,satisfactory,89,0.247,0.506,2,less100
38921,2004,6,1844.0105263157895,7.519698112514448,1,WC,0,NoSA,resthotels,1,unsatisfactory,95,0.2,0.389,2,less100
38921,2005,7,1906.2083333333333,7.552871382193336,1,WC,1,SA,resthotels,3,satisfactory,96,0.25,0.5,2,less100
38929,2000,2,2208.3049568965516,7.699980512396533,1,WC,0,NoSA,public,1,unsatisfactory,29,0.552,0.034,1,less50
38929,2001,3,1755.182585685484,7.470328167916074,1,WC,0,NoSA,public,2,sufficient,31,0.645,0.032,1,less50
38929,2002,4,1731.6129032258063,7.456808567160417,1,WC,0,NoSA,public,1,unsatisfactory,31,0.387,0.129,1,less50
38966,2007,9,433.93333333333334,6.072890912470177,1,WC,0,NoSA,public,4,good,105,0.019,0.048,3,less250
38966,2008,10,389.5701754385965,5.965044017089163,1,WC,0,NoSA,public,4,good,114,0.009,0.053,3,less250
38966,2009,11,523.2148760330579,6.259992232523682,1,WC,0,NoSA,public,3,satisfactory,121,0.017,0.058,3,less250
38970,2002,4,939.7540983606557,6.845618243552794,1,WC,0,NoSA,manufacturing,3,satisfactory,61,0.066,0.574,2,less100
38970,2003,5,1415.4444444444443,7.255198855773568,1,WC,0,NoSA,manufacturing,2,sufficient,54,0.093,0.537,2,less100
38970,2005,7,3024.28,8.014428325605587,1,WC,0,NoSA,manufacturing,4,good,25,0.2,0.56,1,less50
38970,2006,8,3515.96,8.165067882176077,1,WC,0,NoSA,manufacturing,4,good,25,0.2,0.56,1,less50
38970,2007,9,3685.190476190476,8.212077492891504,1,WC,0,NoSA,manufacturing,4,good,21,0.238,0.524,1,less50
38979,2016,18,2214.2103174603176,7.702651103093093,0,NoWC,1,SA,manufacturing,3,satisfactory,252,0.032,0.456,4,more250
38979,2017,19,2119.1158301158302,7.658754219405702,0,NoWC,1,SA,manufacturing,2,sufficient,259,0.046,0.49,4,more250
38979,2018,20,2332.2107279693487,7.754571907011057,0,NoWC,1,SA,manufacturing,3,satisfactory,261,0.027,0.479,4,more250
38996,2001,3,2574.9242346938777,7.853575389245106,0,NoWC,0,NoSA,manufacturing,4,good,245,0.02,0.122,3,less250
38996,2006,8,1921.875,7.561056550994882,0,NoWC,0,NoSA,manufacturing,4,good,256,0.023,0.156,4,more250
38996,2007,9,1501.3444444444444,7.3141162819529235,0,NoWC,0,NoSA,manufacturing,4,good,270,0.022,0.119,4,more250
39001,2019,21,2260.6,7.72338554375663,1,WC,0,NoSA,health,4,good,20,0.8,0.2,1,less50
39001,2020,22,2204.846153846154,7.698413013948459,1,WC,0,NoSA,health,4,good,26,0.577,0.077,1,less50
39001,2021,23,2203.296296296296,7.697709834488517,1,WC,0,NoSA,health,4,good,27,0.481,0.037,1,less50
39009,2019,21,2191.0298507462685,7.692126963759284,0,NoWC,0,NoSA,health,5,very good,67,0.075,0.687,2,less100
39009,2020,22,1433.7323943661972,7.268036388937462,1,WC,0,NoSA,art,2,sufficient,71,0.07,0.732,2,less100
39009,2021,23,1584,7.367708572374371,1,WC,0,NoSA,art,5,very good,69,0.174,0.638,2,less100
39025,2005,7,1207.054054054054,7.095938003900942,0,NoWC,0,NoSA,construction,3,satisfactory,37,0.108,0.081,1,less50
39025,2006,8,1087.6486486486488,6.99177344203438,0,NoWC,0,NoSA,construction,2,sufficient,37,0.189,0.108,1,less50
39025,2007,9,1410.8108108108108,7.251919861226505,0,NoWC,0,NoSA,construction,2,sufficient,37,0.189,0.108,1,less50
39025,2009,11,1716.6470588235295,7.448128282879894,0,NoWC,0,NoSA,construction,3,satisfactory,34,0.147,0.147,1,less50
39029,1998,0,623.8854166666666,6.4359667243711485,0,NoWC,0,NoSA,health,4,good,159,0.025,0.365,3,less250
39029,2000,2,483.2190972222222,6.180470168236599,0,NoWC,0,NoSA,health,4,good,180,0.017,0.389,3,less250
39029,2001,3,449.52196428571426,6.108184716534817,0,NoWC,0,NoSA,health,4,good,175,0.017,0.389,3,less250
39029,2002,4,462.18888888888887,6.135973657934035,0,NoWC,0,NoSA,health,4,good,180,0.039,0.4,3,less250
39029,2003,5,586.7692307692307,6.374631609258773,0,NoWC,0,NoSA,health,3,satisfactory,182,0.016,0.407,3,less250
39038,2003,5,1328.3636363636363,7.191703115116803,1,WC,0,NoSA,finance,4,good,44,0.864,0.795,1,less50
39038,2004,6,1729.357142857143,7.4555050247095735,1,WC,0,NoSA,finance,2,sufficient,42,0.024,0.762,1,less50
39038,2005,7,1088.127659574468,6.992213754700482,1,WC,0,NoSA,finance,3,satisfactory,47,0.574,0.809,1,less50
39039,2000,2,1381.4769917582419,7.230908489688584,1,WC,0,NoSA,manufacturing,1,unsatisfactory,91,0.297,0.912,2,less100
39039,2001,3,1402.580357142857,7.24606893140105,1,WC,0,NoSA,manufacturing,1,unsatisfactory,91,0.352,0.868,2,less100
39039,2002,4,1661.4222222222222,7.415429274915748,1,WC,0,NoSA,manufacturing,1,unsatisfactory,90,0.356,0.878,2,less100
39056,2002,4,1067.3133333333333,6.972899866424417,1,WC,0,NoSA,buservices,4,good,150,0.02,0.227,3,less250
39056,2004,6,1615.8372093023256,7.387608497188879,1,WC,1,SA,buservices,4,good,129,0.047,0.178,3,less250
39056,2005,7,1519.578947368421,7.326188567156184,1,WC,0,NoSA,buservices,4,good,133,0.038,0.256,3,less250
39056,2008,10,684.0177514792899,6.527983869740893,1,WC,0,NoSA,buservices,4,good,169,0.03,0.154,3,less250
39061,2000,2,282.56476230694983,5.64390777141764,1,WC,0,NoSA,finance,1,unsatisfactory,259,0.004,0.444,4,more250
39061,2001,3,338.3505144817073,5.824082383237762,1,WC,0,NoSA,finance,2,sufficient,246,0.004,0.463,3,less250
39061,2002,4,265.24124513618676,5.580639770865258,1,WC,0,NoSA,finance,1,unsatisfactory,257,0.019,0.467,4,more250
39099,2003,5,1183.8666666666666,7.076541196490062,1,WC,0,NoSA,construction,2,sufficient,30,0.033,0.067,1,less50
39099,2004,6,1345.3214285714287,7.204388243835189,1,WC,0,NoSA,construction,1,unsatisfactory,28,0.036,0.071,1,less50
39099,2005,7,913.1818181818181,6.816935004450664,0,NoWC,0,NoSA,construction,2,sufficient,33,0.03,0.061,1,less50
39099,2006,8,978.4242424242424,6.885943361686855,1,WC,0,NoSA,construction,3,satisfactory,33,0.03,0.061,1,less50
39099,2007,9,978.4242424242424,6.885943361686855,1,WC,0,NoSA,construction,3,satisfactory,33,0.03,0.061,1,less50
39099,2008,10,978.4242424242424,6.885943361686855,1,WC,0,NoSA,construction,2,sufficient,33,0.03,0.061,1,less50
39099,2010,12,1108.878787878788,7.011104682800457,1,WC,0,NoSA,construction,3,satisfactory,33,0.03,0.061,1,less50
39099,2011,13,1580.75,7.365654696938723,1,WC,0,NoSA,construction,4,good,32,0.031,0.062,1,less50
39099,2012,14,1565.4545454545455,7.355931505183351,1,WC,0,NoSA,construction,3,satisfactory,33,0.03,0.061,1,less50
39099,2013,15,1219.7666666666667,7.106414862604781,1,WC,0,NoSA,construction,3,satisfactory,30,0.033,0.067,1,less50
39099,2014,16,2322.9166666666665,7.75057885897442,1,WC,0,NoSA,construction,3,satisfactory,24,0.042,0.083,1,less50
39099,2015,17,1899.264705882353,7.54922209334788,1,WC,0,NoSA,construction,3,satisfactory,34,0.029,0.059,1,less50
39099,2016,18,2017.96875,7.6098467151643145,1,WC,0,NoSA,construction,1,unsatisfactory,32,0.062,0.062,1,less50
39099,2017,19,1735.9032258064517,7.459283148163261,1,WC,0,NoSA,construction,4,good,31,0.065,0.097,1,less50
39099,2018,20,1899.264705882353,7.54922209334788,1,WC,0,NoSA,construction,3,satisfactory,34,0.029,0.118,1,less50
39099,2019,21,1634.2962962962963,7.398967590863988,1,WC,0,NoSA,construction,3,satisfactory,27,0.037,0.148,1,less50
39099,2020,22,1950.7083333333333,7.575947833462507,1,WC,0,NoSA,construction,5,very good,24,0.042,0.167,1,less50
39099,2021,23,2199.304347826087,7.695896383809299,1,WC,0,NoSA,construction,3,satisfactory,23,0.087,0.13,1,less50
39101,2014,16,1256.0573770491803,7.135733028348733,0,NoWC,0,NoSA,manufacturing,5,very good,122,0.008,0.984,3,less250
39101,2016,18,1648.8909090909092,7.407858164574306,0,NoWC,0,NoSA,manufacturing,4,good,110,0.018,0.973,3,less250
39101,2017,19,1637.2654867256638,7.4007827430399376,0,NoWC,0,NoSA,manufacturing,4,good,113,0.009,0.965,3,less250
39104,2006,8,2022.142857142857,7.6119130484906865,1,WC,0,NoSA,wholesretail,2,sufficient,35,0.029,0.086,1,less50
39104,2009,11,1157.6190476190477,7.0541206295867465,1,WC,0,NoSA,wholesretail,3,satisfactory,21,0.095,0.143,1,less50
39104,2010,12,3174.8571428571427,8.063017915938811,1,WC,0,NoSA,wholesretail,1,unsatisfactory,21,0.19,0.143,1,less50
39104,2015,17,3400.3,8.131618942005867,1,WC,0,NoSA,wholesretail,3,satisfactory,20,0.25,0.1,1,less50
39132,2007,9,1738.9705882352941,7.461048601178073,1,WC,0,NoSA,buservices,4,good,102,0.127,0.167,3,less250
39132,2008,10,1337.6692307692308,7.19868399844414,1,WC,0,NoSA,buservices,3,satisfactory,130,0.146,0.277,3,less250
39132,2009,11,1279.7575757575758,7.154425945036972,1,WC,0,NoSA,buservices,4,good,132,0.22,0.265,3,less250
39132,2010,12,1403.8721804511279,7.24698954087668,1,WC,0,NoSA,buservices,4,good,133,0.248,0.278,3,less250
39137,1998,0,566.262668918919,6.339058049913708,1,WC,0,NoSA,buservices,3,satisfactory,111,0.009,0.225,3,less250
39137,1999,1,456.47907788825756,6.123542867414643,1,WC,0,NoSA,buservices,4,good,132,0.008,0.273,3,less250
39137,2000,2,328.3659237132353,5.794128607618338,1,WC,0,NoSA,buservices,4,good,136,0.007,0.176,3,less250
39142,2003,5,2490.619318181818,7.820286680693897,0,NoWC,0,NoSA,manufacturing,4,good,176,0.011,0.693,3,less250
39142,2004,6,2355.364161849711,7.7644506279778245,0,NoWC,0,NoSA,manufacturing,3,satisfactory,173,0.017,0.676,3,less250
39142,2005,7,2069.9137931034484,7.6352622395484575,0,NoWC,0,NoSA,manufacturing,1,unsatisfactory,174,0.011,0.678,3,less250
39142,2006,8,2114.75,7.656691881184124,0,NoWC,0,NoSA,manufacturing,4,good,172,0.012,0.692,3,less250
39145,2019,21,2916.7512195121953,7.9782256798104,0,NoWC,0,NoSA,manufacturing,4,good,205,0.112,0.512,3,less250
39145,2020,22,2878.3025641025642,7.964956011908535,0,NoWC,0,NoSA,manufacturing,4,good,195,0.133,0.549,3,less250
39145,2021,23,2788.825641025641,7.933375869009792,0,NoWC,0,NoSA,manufacturing,5,very good,195,0.149,0.544,3,less250
39217,2003,5,2067.90625,7.634291900945012,1,WC,0,NoSA,resthotels,4,good,32,0.125,0.188,1,less50
39217,2004,6,1837.4827586206898,7.5161518479794,1,WC,0,NoSA,resthotels,5,very good,29,0.069,0.172,1,less50
39217,2005,7,1618.103448275862,7.389010031468236,1,WC,0,NoSA,resthotels,3,satisfactory,29,0.138,0.138,1,less50
39217,2008,10,1729.0588235294117,7.4553325068104135,1,WC,0,NoSA,resthotels,4,good,34,0.059,0.029,1,less50
39217,2009,11,1771.7714285714285,7.479735132196839,1,WC,0,NoSA,resthotels,4,good,35,0.057,0.057,1,less50
39217,2010,12,1289.4761904761904,7.161991360999085,1,WC,0,NoSA,resthotels,3,satisfactory,42,0.024,0.048,1,less50
39217,2011,13,1342.5227272727273,7.202305755306933,1,WC,0,NoSA,resthotels,3,satisfactory,44,0.045,0.023,1,less50
39217,2013,15,1477.7916666666667,7.298304135325701,1,WC,0,NoSA,resthotels,3,satisfactory,48,0.021,0.083,1,less50
39217,2014,16,1276.7931034482758,7.152106825246335,1,WC,0,NoSA,resthotels,5,very good,58,0.017,0.069,2,less100
39217,2015,17,1317.1692307692308,7.183240190655448,1,WC,0,NoSA,resthotels,5,very good,65,0.015,0.062,2,less100
39217,2016,18,1171.263888888889,7.065838691658537,1,WC,0,NoSA,resthotels,4,good,72,0.028,0.069,2,less100
39217,2017,19,1079.5915492957747,6.984338053487958,1,WC,0,NoSA,resthotels,5,very good,71,0.014,0.056,2,less100
39217,2018,20,783.1081081081081,6.663270755563728,1,WC,0,NoSA,resthotels,3,satisfactory,74,0.027,0.054,2,less100
39217,2019,21,670.9423076923077,6.508683153681049,1,WC,0,NoSA,resthotels,3,satisfactory,104,0.048,0.058,3,less250
39217,2020,22,551.0344827586207,6.311797389333791,1,WC,0,NoSA,finance,4,good,116,0.017,0.034,3,less250
39217,2021,23,720.8319327731092,6.580406007162316,1,WC,0,NoSA,finance,4,good,119,0.05,0.101,3,less250
39219,2013,15,1447.9638009049775,7.277913573258156,0,NoWC,0,NoSA,public,4,good,221,0.208,0.493,3,less250
39219,2014,16,1289.795918367347,7.162239282024323,0,NoWC,0,NoSA,public,4,good,245,0.188,0.461,3,less250
39219,2015,17,2325.909090909091,7.751866248440821,0,NoWC,0,NoSA,public,4,good,209,0.555,0.421,3,less250
39233,2004,6,973.4157894736842,6.880811318218776,0,NoWC,1,SA,manufacturing,4,good,190,0.095,0.095,3,less250
39233,2020,22,889.9464285714286,6.791161268298165,0,NoWC,1,SA,health,4,good,504,0.069,0.115,4,more250
39233,2021,23,1014.1382113821138,6.921794478000879,0,NoWC,1,SA,health,4,good,492,0.075,0.112,4,more250
39246,2006,8,756.8703703703703,6.629191997519526,1,WC,0,NoSA,manufacturing,3,satisfactory,162,0.068,0.364,3,less250
39246,2007,9,817.7577639751553,6.706566160687278,1,WC,0,NoSA,manufacturing,3,satisfactory,161,0.025,0.391,3,less250
39246,2008,10,1106.4495412844037,7.0089115563585755,1,WC,0,NoSA,manufacturing,3,satisfactory,109,0.055,0.495,3,less250
39246,2009,11,1057.575163398693,6.9637339848945645,1,WC,0,NoSA,manufacturing,3,satisfactory,153,0.092,0.405,3,less250
39246,2011,13,815.7662337662338,6.704127835693726,1,WC,0,NoSA,manufacturing,5,very good,154,0.214,0.403,3,less250
39246,2012,14,1090.5602836879432,6.994446864891331,1,WC,0,NoSA,manufacturing,5,very good,141,0.34,0.319,3,less250
39246,2013,15,1285.9237288135594,7.159232594184572,1,WC,0,NoSA,manufacturing,5,very good,118,0.347,0.364,3,less250
39246,2014,16,1148.5982142857142,7.046297533741293,1,WC,0,NoSA,manufacturing,4,good,112,0.241,0.33,3,less250
39246,2015,17,4292.058823529412,8.36452180904563,1,WC,0,NoSA,manufacturing,4,good,34,0.676,0.412,1,less50
39246,2016,18,3162.1463414634145,8.059006297996198,1,WC,0,NoSA,manufacturing,4,good,41,0.854,0.366,1,less50
39246,2017,19,2718.1363636363635,7.907701764032559,1,WC,0,NoSA,manufacturing,4,good,44,0.75,0.364,1,less50
39263,2001,3,2928.5472883597886,7.982261773038116,0,NoWC,0,NoSA,public,3,satisfactory,189,0.032,0.778,3,less250
39263,2002,4,2962.962962962963,7.99394504765169,0,NoWC,0,NoSA,public,2,sufficient,189,0.032,0.635,3,less250
39263,2003,5,2398.1428571428573,7.782449907267101,0,NoWC,0,NoSA,public,3,satisfactory,189,0.026,0.698,3,less250
39263,2006,8,2703.296703296703,7.9022273083976495,0,NoWC,0,NoSA,public,3,satisfactory,182,0.016,0.703,3,less250
39264,2010,12,1862.21875,7.529523932139644,0,NoWC,0,NoSA,wholesretail,4,good,64,0.109,0.422,2,less100
39264,2011,13,1834.203125,7.514365401863443,0,NoWC,0,NoSA,wholesretail,4,good,64,0.109,0.453,2,less100
39264,2013,15,3149.0363636363636,8.054851768711824,0,NoWC,0,NoSA,wholesretail,4,good,55,0.127,0.491,2,less100
39264,2014,16,2969.0384615384614,7.995993429054545,0,NoWC,0,NoSA,wholesretail,4,good,52,0.115,0.481,2,less100
39264,2015,17,3259.2115384615386,8.089240585740434,0,NoWC,0,NoSA,wholesretail,4,good,52,0.019,0.423,2,less100
39264,2016,18,4373.653846153846,8.383354059137032,1,WC,0,NoSA,wholesretail,4,good,52,0.058,0.327,2,less100
39264,2018,20,5204.66,8.55730965710955,0,NoWC,0,NoSA,wholesretail,3,satisfactory,50,0.02,0.34,1,less50
39264,2019,21,3586.4,8.18490419284123,0,NoWC,0,NoSA,wholesretail,3,satisfactory,50,0.02,0.34,1,less50
39264,2021,23,4159.739130434783,8.333207642258916,0,NoWC,0,NoSA,wholesretail,4,good,46,0.022,0.413,1,less50
39273,1998,0,3237.1793785310733,8.082457667445281,1,WC,0,NoSA,manufacturing,4,good,177,0.034,0.695,3,less250
39273,1999,1,3578.4747670807456,8.182691945897888,1,WC,0,NoSA,manufacturing,1,unsatisfactory,161,0.025,0.658,3,less250
39273,2001,3,3795.6981803797466,8.241623646658239,1,WC,0,NoSA,construction,2,sufficient,158,0.032,0.633,3,less250
39278,2004,6,929.368029739777,6.834504817242545,0,NoWC,0,NoSA,manufacturing,4,good,538,0.043,0.385,4,more250
39278,2005,7,975.0226843100189,6.882460736686193,0,NoWC,0,NoSA,manufacturing,5,very good,529,0.072,0.382,4,more250
39278,2007,9,972.0935251798561,6.879452019152497,0,NoWC,0,NoSA,manufacturing,5,very good,417,0.108,0.312,4,more250
39278,2008,10,970.9584415584416,6.878283667744541,0,NoWC,1,SA,manufacturing,4,good,385,0.104,0.317,4,more250
39278,2009,11,903.1413612565445,6.805879087406922,0,NoWC,1,SA,manufacturing,4,good,382,0.17,0.332,4,more250
39278,2011,13,721.1970074812967,6.580912341960177,0,NoWC,1,SA,manufacturing,4,good,401,0.105,0.327,4,more250
39278,2012,14,863.1853785900784,6.760629475188415,0,NoWC,1,SA,manufacturing,4,good,383,0.125,0.334,4,more250
39278,2013,15,842.1052631578947,6.735905022055478,0,NoWC,1,SA,manufacturing,4,good,380,0.126,0.324,4,more250
39278,2014,16,835.978835978836,6.728603296949461,0,NoWC,1,SA,manufacturing,4,good,378,0.135,0.328,4,more250
39278,2017,19,4255.31914893617,8.355925043820115,0,NoWC,1,SA,manufacturing,4,good,376,0.13,0.29,4,more250
39278,2019,21,4269.569767441861,8.359268344106962,0,NoWC,1,SA,manufacturing,1,unsatisfactory,430,0.109,0.4,4,more250
39309,2004,6,1549.9714285714285,7.345991776563675,1,WC,0,NoSA,health,4,good,35,0.029,0.343,1,less50
39309,2005,7,1832.7567567567567,7.513576536773619,1,WC,0,NoSA,health,3,satisfactory,37,0.027,0.351,1,less50
39309,2006,8,1761.3333333333333,7.473826376974106,1,WC,0,NoSA,health,4,good,33,0.03,0.242,1,less50
39309,2008,10,2004.2758620689656,7.603038108454112,1,WC,0,NoSA,health,4,good,29,0.207,0.241,1,less50
39309,2009,11,1845.2142857142858,7.520350693749016,1,WC,0,NoSA,health,5,very good,42,0.024,0.31,1,less50
39315,2018,20,2281.84375,7.73273905743801,1,WC,0,NoSA,health,3,satisfactory,32,0.031,0.125,1,less50
39315,2019,21,1288.5714285714287,7.1612894640013565,0,NoWC,0,NoSA,health,2,sufficient,35,0.029,0.057,1,less50
39315,2020,22,1263.2941176470588,7.141477967486244,0,NoWC,0,NoSA,buservices,2,sufficient,34,0.088,0.088,1,less50
39318,2001,3,173.71140769675927,5.157395345798453,1,WC,0,NoSA,buservices,5,very good,216,0.514,0.176,3,less250
39318,2002,4,296.77941176470586,5.692989141517609,1,WC,0,NoSA,buservices,4,good,204,0.706,0.162,3,less250
39318,2003,5,508.3975903614458,6.231263799653095,1,WC,0,NoSA,buservices,4,good,166,0.88,0.133,3,less250
39318,2005,7,1605.3181818181818,7.381077260039825,1,WC,0,NoSA,buservices,4,good,44,0.955,0.341,1,less50
39318,2007,9,640,6.461468176353717,0,NoWC,0,NoSA,buservices,4,good,43,0.186,0.186,1,less50
39328,2000,2,3879.7097039473683,8.263515611248005,1,WC,0,NoSA,wholesretail,3,satisfactory,38,0.158,0.132,1,less50
39328,2001,3,2584.1057477678573,7.857134788123894,1,WC,0,NoSA,wholesretail,2,sufficient,56,0.125,0.125,2,less100
39328,2002,4,1733.2295081967213,7.457741714990109,1,WC,1,SA,wholesretail,2,sufficient,61,0.164,0.164,2,less100
39328,2003,5,1514.2537313432836,7.322678010010758,1,WC,0,NoSA,wholesretail,5,very good,67,0.164,0.179,2,less100
39361,2008,10,1137.2894736842106,7.036403055616229,1,WC,0,NoSA,public,2,sufficient,38,0.053,0.842,1,less50
39361,2010,12,1460.027027027027,7.286210226193391,1,WC,0,NoSA,public,4,good,37,0.054,0.838,1,less50
39361,2013,15,2134.6923076923076,7.666077797099797,1,WC,0,NoSA,public,4,good,39,0.077,0.846,1,less50
39361,2014,16,2484.74358974359,7.817924750005202,1,WC,0,NoSA,public,4,good,39,0.051,0.846,1,less50
39361,2015,17,2236.3,7.712577993432672,1,WC,0,NoSA,public,4,good,40,0.075,0.825,1,less50
39361,2016,18,2477.0731707317073,7.814832969114307,1,WC,0,NoSA,public,2,sufficient,41,0.073,0.854,1,less50
39361,2017,19,2319.5365853658536,7.749122697020997,1,WC,0,NoSA,public,2,sufficient,41,0.073,0.732,1,less50
39361,2018,20,2315.190476190476,7.747247242267547,1,WC,0,NoSA,public,2,sufficient,42,0.071,0.786,1,less50
39361,2019,21,2572.4285714285716,7.852605701114192,1,WC,0,NoSA,public,2,sufficient,42,0.071,0.786,1,less50
39361,2021,23,1816.0701754385964,7.504430201277286,1,WC,0,NoSA,public,3,satisfactory,57,0.035,0.667,2,less100
39367,1998,0,1326.4318557268723,7.190247800774535,0,NoWC,0,NoSA,edu,4,good,454,0.161,0.522,4,more250
39367,2001,3,1505.6239558472553,7.316962679867695,0,NoWC,0,NoSA,edu,1,unsatisfactory,419,0.189,0.344,4,more250
39367,2002,4,1262.8854961832062,7.141154458053123,0,NoWC,0,NoSA,edu,2,sufficient,393,0.183,0.463,4,more250
39385,2013,15,1051.08125,6.957574675215249,0,NoWC,0,NoSA,manufacturing,5,very good,160,0.144,0.4,3,less250
39385,2014,16,862.4266666666666,6.759750121136167,0,NoWC,0,NoSA,manufacturing,4,good,150,0.127,0.427,3,less250
39385,2015,17,1085.268456375839,6.989582660601173,0,NoWC,0,NoSA,manufacturing,4,good,149,0.255,0.423,3,less250
39385,2016,18,852.2297297297297,6.7478561263171235,0,NoWC,0,NoSA,manufacturing,4,good,148,0.216,0.419,3,less250
39428,2015,17,446.29545454545456,6.100981186831969,0,NoWC,0,NoSA,manufacturing,4,good,44,0.091,0.614,1,less50
39428,2016,18,478.9512195121951,6.171598754045922,0,NoWC,0,NoSA,manufacturing,4,good,41,0.293,0.707,1,less50
39428,2017,19,3898.5588235294117,8.268362231395448,0,NoWC,0,NoSA,manufacturing,4,good,34,0.147,0.529,1,less50
39428,2018,20,6545.714285714285,8.786565806952174,0,NoWC,0,NoSA,manufacturing,2,sufficient,21,0.571,0.714,1,less50
39428,2019,21,6919.761904761905,8.842136641193472,0,NoWC,0,NoSA,manufacturing,3,satisfactory,21,0.381,0.524,1,less50
39447,2008,10,896.4484412470024,6.798440780233524,0,NoWC,0,NoSA,resthotels,1,unsatisfactory,417,0.007,0.796,4,more250
39447,2009,11,856.0794044665013,6.7523631340668135,0,NoWC,0,NoSA,resthotels,3,satisfactory,403,0.01,0.784,4,more250
39447,2010,12,660.9058524173028,6.493611397660838,0,NoWC,0,NoSA,resthotels,4,good,393,0.008,0.705,4,more250
39447,2011,13,703.6496350364963,6.556280554770512,0,NoWC,0,NoSA,resthotels,3,satisfactory,411,0.002,0.74,4,more250
39459,2001,3,877.7626096491229,6.777376180823021,1,WC,1,SA,manufacturing,2,sufficient,57,0.246,0.649,2,less100
39459,2002,4,2680.38,7.893713854498278,1,WC,0,NoSA,manufacturing,3,satisfactory,50,0.28,0.58,1,less50
39459,2003,5,1877.0196078431372,7.537440482905487,1,WC,1,SA,manufacturing,3,satisfactory,51,0.196,0.706,2,less100
39459,2004,6,1871.2222222222222,7.534347091119835,1,WC,1,SA,manufacturing,2,sufficient,54,0.296,0.5,2,less100
39459,2005,7,2592.625,7.860426154949042,1,WC,0,NoSA,manufacturing,2,sufficient,48,0.125,0.479,1,less50
39496,2012,14,646.8443396226415,6.472105677645623,1,WC,0,NoSA,public,5,very good,212,0.005,0.052,3,less250
39496,2013,15,1165.254716981132,7.0606949832868215,1,WC,0,NoSA,public,4,good,212,0.024,0.052,3,less250
39496,2015,17,1626.7477064220184,7.394338028459865,1,WC,0,NoSA,public,5,very good,218,0.014,0.064,3,less250
39496,2016,18,2479.1935483870966,7.815688604173886,1,WC,0,NoSA,public,4,good,217,0.065,0.06,3,less250
39496,2017,19,2921.0963302752293,7.97971428037023,1,WC,0,NoSA,public,4,good,218,0.106,0.06,3,less250
39513,2002,4,1840.2413793103449,7.517652026406905,1,WC,0,NoSA,wholesretail,4,good,29,0.241,0.172,1,less50
39513,2003,5,1503.3589743589744,7.315457199797778,1,WC,0,NoSA,wholesretail,3,satisfactory,39,0.256,0.487,1,less50
39513,2004,6,1304.4722222222222,7.173553810538048,1,WC,0,NoSA,wholesretail,3,satisfactory,36,0.333,0.472,1,less50
39513,2005,7,275.54545454545456,5.6187526042594325,1,WC,0,NoSA,wholesretail,2,sufficient,33,0.152,0.455,1,less50
39549,2012,14,898.7241379310345,6.800976133022939,0,NoWC,0,NoSA,buservices,3,satisfactory,116,0.19,0.698,3,less250
39549,2013,15,1003.025,6.910775712875634,0,NoWC,1,SA,buservices,3,satisfactory,120,0.2,0.658,3,less250
39549,2014,16,1368.962962962963,7.221808770841372,0,NoWC,1,SA,buservices,4,good,108,0.259,0.778,3,less250
39549,2015,17,2190.883116883117,7.692059991245548,0,NoWC,0,NoSA,buservices,2,sufficient,77,0.39,0.701,2,less100
39549,2016,18,3230.939393939394,8.080528207969646,0,NoWC,1,SA,buservices,3,satisfactory,66,0.47,0.773,2,less100
39549,2017,19,1749.0181818181818,7.466809870515273,0,NoWC,1,SA,buservices,3,satisfactory,110,0.309,0.636,3,less250
39575,2018,20,1591.762312633833,7.3725970541484065,0,NoWC,0,NoSA,health,4,good,467,0.33,0.439,4,more250
39575,2019,21,1689.9665970772442,7.432464042678737,0,NoWC,0,NoSA,health,4,good,479,0.288,0.426,4,more250
39575,2020,22,1726.5637860082304,7.453888461417342,0,NoWC,0,NoSA,edu,3,satisfactory,486,0.284,0.414,4,more250
39575,2021,23,1310.5976331360946,7.178238520664573,0,NoWC,0,NoSA,edu,4,good,507,0.276,0.416,4,more250
39585,2010,12,4478.206896551724,8.406977998983681,0,NoWC,0,NoSA,public,2,sufficient,58,0.466,0.19,2,less100
39585,2011,13,3076.595744680851,8.031578986996744,0,NoWC,0,NoSA,public,4,good,94,0.266,0.309,2,less100
39585,2013,15,3265.3061224489797,8.091108796105338,1,WC,0,NoSA,public,2,sufficient,98,0.469,0.429,2,less100
39585,2014,16,3160,8.058327306580958,0,NoWC,0,NoSA,public,3,satisfactory,100,0.45,0.46,2,less100
39585,2015,17,4224.277227722772,8.348603454795597,0,NoWC,0,NoSA,public,4,good,101,0.584,0.465,3,less250
39585,2016,18,3916.029702970297,8.272833588649801,0,NoWC,0,NoSA,public,3,satisfactory,101,0.535,0.554,3,less250
39585,2017,19,3342.72131147541,8.114540518145603,0,NoWC,1,SA,public,3,satisfactory,122,0.467,0.516,3,less250
39642,2015,17,2829.036842105263,7.947691594230294,0,NoWC,1,SA,resthotels,4,good,190,0.568,0.784,3,less250
39642,2016,18,3181.6119402985073,8.065143246809027,0,NoWC,0,NoSA,resthotels,4,good,201,0.597,0.791,3,less250
39642,2017,19,2980.934673366834,7.999992179102771,0,NoWC,0,NoSA,resthotels,4,good,199,0.678,0.799,3,less250
39642,2018,20,3095.757731958763,8.03778797969647,0,NoWC,0,NoSA,resthotels,4,good,194,0.515,0.83,3,less250
39656,1998,0,953.0137465051258,6.859629328004657,0,NoWC,1,SA,health,3,satisfactory,1073,0.012,0.738,4,more250
39656,1999,1,816.1466549295775,6.7045940629940555,0,NoWC,0,NoSA,health,4,good,1065,0.012,0.692,4,more250
39656,2003,5,623.4511691884456,6.435270444793224,0,NoWC,1,SA,health,2,sufficient,727,0.019,0.557,4,more250
39656,2004,6,562.429696287964,6.3322661418904245,0,NoWC,1,SA,health,3,satisfactory,889,0.017,0.541,4,more250
39656,2005,7,505.1782566111655,6.224911350379826,0,NoWC,1,SA,health,3,satisfactory,1021,0.011,0.481,4,more250
39661,2008,10,1817.0833333333333,7.504987930488866,1,WC,0,NoSA,public,3,satisfactory,24,0.208,0.167,1,less50
39661,2014,16,3175.9166666666665,8.063351583567712,1,WC,0,NoSA,public,2,sufficient,24,0.292,0.208,1,less50
39661,2016,18,3357.590909090909,8.118979004454037,1,WC,0,NoSA,public,3,satisfactory,22,0.364,0.318,1,less50
39661,2017,19,3560.3333333333335,8.177609452421585,1,WC,0,NoSA,public,2,sufficient,21,0.333,0.238,1,less50
39661,2019,21,3160.681818181818,8.058543048554395,1,WC,0,NoSA,public,2,sufficient,22,0.364,0.227,1,less50
39661,2020,22,3341.0476190476193,8.114039695187726,1,WC,0,NoSA,public,3,satisfactory,21,0.381,0.333,1,less50
39661,2021,23,3233.090909090909,8.08119389644266,1,WC,0,NoSA,public,3,satisfactory,22,0.409,0.318,1,less50
39680,2007,9,714.8181818181819,6.572028219193146,1,WC,0,NoSA,construction,4,good,22,0.5,0.045,1,less50
39680,2008,10,1914.4347826086957,7.557177705363866,1,WC,0,NoSA,construction,3,satisfactory,23,0.087,0.13,1,less50
39680,2009,11,1747.3333333333333,7.465846095215242,1,WC,0,NoSA,construction,3,satisfactory,24,0.292,0.167,1,less50
39689,1998,0,2142.870043103448,7.669901351125856,0,NoWC,0,NoSA,transcom,3,satisfactory,145,0.048,0.697,3,less250
39689,1999,1,2176.6435344827587,7.6855393062026005,0,NoWC,0,NoSA,transcom,2,sufficient,145,0.041,0.621,3,less250
39689,2000,2,2257.9009683098593,7.722190885603373,0,NoWC,0,NoSA,transcom,3,satisfactory,142,0.042,0.739,3,less250
39689,2001,3,2298.533564814815,7.740026618061051,0,NoWC,0,NoSA,transcom,2,sufficient,135,0.052,0.719,3,less250
39695,1998,0,1867.8848852040817,7.53256199226683,0,NoWC,0,NoSA,manufacturing,3,satisfactory,98,0.02,0.061,2,less100
39695,1999,1,2489.3316532258063,7.8197695410705945,0,NoWC,0,NoSA,manufacturing,3,satisfactory,93,0.022,0.065,2,less100
39695,2000,2,1890.09375,7.5443817099980945,0,NoWC,0,NoSA,manufacturing,4,good,94,0.043,0.064,2,less100
39695,2001,3,1852.525873655914,7.524305323958489,0,NoWC,1,SA,manufacturing,1,unsatisfactory,93,0.043,0.065,2,less100
39695,2002,4,1662.6315789473683,7.41615691462969,0,NoWC,0,NoSA,manufacturing,2,sufficient,95,0.053,0.063,2,less100
39715,2007,9,1805.0857142857142,7.498363356778403,1,WC,0,NoSA,construction,3,satisfactory,70,0.057,0.8,2,less100
39715,2008,10,1662.578947368421,7.416125258541431,1,WC,0,NoSA,construction,3,satisfactory,76,0.013,0.829,2,less100
39715,2009,11,1453.380281690141,7.281647351068445,1,WC,0,NoSA,construction,2,sufficient,71,0.028,0.845,2,less100
39715,2010,12,2797.8714285714286,7.936614202980013,1,WC,0,NoSA,construction,3,satisfactory,70,0.1,0.843,2,less100
39715,2011,13,3008.4761904761904,8.009188980544394,1,WC,0,NoSA,construction,3,satisfactory,63,0.127,0.841,2,less100
39715,2012,14,2669.492957746479,7.88964382989461,1,WC,0,NoSA,construction,3,satisfactory,71,0.113,0.831,2,less100
39715,2013,15,2063.8133333333335,7.632310683235089,1,WC,0,NoSA,construction,2,sufficient,75,0.147,0.84,2,less100
39715,2015,17,5335.022222222222,8.582048329092169,1,WC,0,NoSA,construction,3,satisfactory,45,0.244,0.867,1,less50
39715,2016,18,4211.866666666667,8.345661217165606,1,WC,0,NoSA,construction,3,satisfactory,45,0.311,0.844,1,less50
39715,2017,19,4727.591836734694,8.461171226411553,1,WC,0,NoSA,construction,3,satisfactory,49,0.347,0.796,1,less50
39715,2018,20,3509.8888888888887,8.163339660371651,1,WC,0,NoSA,construction,3,satisfactory,54,0.611,0.815,2,less100
39715,2019,21,1531.581818181818,7.334056348405632,1,WC,0,NoSA,construction,4,good,55,0.455,0.818,2,less100
39715,2020,22,1244.418181818182,7.126423375828172,1,WC,0,NoSA,construction,4,good,55,0.509,0.855,2,less100
39715,2021,23,1832.4285714285713,7.513397454244537,1,WC,0,NoSA,construction,3,satisfactory,77,0.377,0.844,2,less100
39717,2005,7,2281.4871794871797,7.732582781016661,1,WC,0,NoSA,public,4,good,39,0.359,0.333,1,less50
39717,2006,8,1460.4920634920634,7.286528687709685,1,WC,0,NoSA,public,4,good,63,0.349,0.333,2,less100
39717,2007,9,945.0147058823529,6.8512004891529275,1,WC,0,NoSA,public,4,good,68,0.309,0.412,2,less100
39738,2014,16,2053.6666666666665,7.627382092346461,1,WC,0,NoSA,manufacturing,4,good,54,0.037,0.852,2,less100
39738,2015,17,2034.6545454545455,7.618081326933031,1,WC,0,NoSA,manufacturing,4,good,55,0.2,0.945,2,less100
39738,2016,18,1581.967741935484,7.366424757434172,1,WC,0,NoSA,manufacturing,5,very good,62,0.081,0.855,2,less100
39738,2017,19,1972.9166666666667,7.587268268266278,1,WC,0,NoSA,manufacturing,4,good,60,0.267,0.883,2,less100
39738,2018,20,2228.1403508771928,7.708922593173179,1,WC,0,NoSA,manufacturing,4,good,57,0.105,0.947,2,less100
39738,2019,21,2165.0819672131147,7.680213499864538,1,WC,0,NoSA,manufacturing,4,good,61,0.066,0.869,2,less100
39738,2020,22,1985.7727272727273,7.59376340063104,1,WC,0,NoSA,manufacturing,4,good,66,0.076,0.788,2,less100
39747,1998,0,793.9314829192547,6.676997163971057,0,NoWC,0,NoSA,manufacturing,4,good,1288,0.108,0.641,4,more250
39747,1999,1,617.765591684435,6.426109084023192,0,NoWC,0,NoSA,manufacturing,5,very good,1407,0.097,0.524,4,more250
39747,2000,2,539.5010775862069,6.290644782075633,0,NoWC,0,NoSA,manufacturing,5,very good,1160,0.16,0.489,4,more250
39747,2001,3,556.3107914462081,6.321327115502135,0,NoWC,0,NoSA,manufacturing,5,very good,1134,0.094,0.492,4,more250
39753,2005,7,344.35930735930737,5.841685610402283,0,NoWC,0,NoSA,finance,2,sufficient,231,0.043,0.074,3,less250
39753,2006,8,1325.7777777777778,7.18975456829842,0,NoWC,0,NoSA,finance,2,sufficient,225,0.009,0.062,3,less250
39753,2007,9,1885.4093023255814,7.541900212823635,0,NoWC,0,NoSA,finance,2,sufficient,215,0.019,0.074,3,less250
39753,2008,10,2748.669117647059,7.918872116296273,0,NoWC,0,NoSA,finance,3,satisfactory,136,0.007,0.044,3,less250
39753,2009,11,2175.1015625,7.684830637834887,0,NoWC,0,NoSA,buservices,4,good,128,0.031,0.039,3,less250
39762,2007,9,859.5405405405405,6.756397991296983,1,WC,0,NoSA,construction,4,good,37,0.73,0.676,1,less50
39762,2011,13,1547.2619047619048,7.344242134732321,1,WC,0,NoSA,construction,4,good,42,0.881,0.595,1,less50
39762,2012,14,1766.857142857143,7.47695762177189,1,WC,0,NoSA,construction,4,good,42,0.667,0.595,1,less50
39762,2013,15,1902.7692307692307,7.551065593925612,1,WC,0,NoSA,construction,5,very good,39,0.949,0.897,1,less50
39775,2009,11,2095.4634146341464,7.647530008197753,1,WC,0,NoSA,manufacturing,4,good,41,0.024,0.146,1,less50
39775,2010,12,1634.2391304347825,7.398932611367635,1,WC,0,NoSA,manufacturing,3,satisfactory,46,0.022,0.13,1,less50
39775,2012,14,1444.2413793103449,7.2753394656702834,1,WC,0,NoSA,manufacturing,4,good,58,0.069,0.155,2,less100
39775,2013,15,1125.063492063492,7.025594750435761,1,WC,0,NoSA,manufacturing,3,satisfactory,63,0.079,0.127,2,less100
39775,2014,16,1212.5,7.100439622811638,1,WC,0,NoSA,manufacturing,3,satisfactory,62,0.081,0.129,2,less100
39775,2015,17,1760.5245901639344,7.473367106213512,1,WC,0,NoSA,manufacturing,3,satisfactory,61,0.066,0.131,2,less100
39775,2016,18,1448.952380952381,7.278596078393769,1,WC,0,NoSA,manufacturing,3,satisfactory,63,0.111,0.159,2,less100
39775,2017,19,2216.031746031746,7.703473373591161,1,WC,0,NoSA,manufacturing,4,good,63,0.111,0.159,2,less100
39775,2018,20,1159.1587301587301,7.055449788370231,1,WC,0,NoSA,manufacturing,2,sufficient,63,0.111,0.175,2,less100
39775,2019,21,1971.5373134328358,7.586568879556452,1,WC,0,NoSA,manufacturing,3,satisfactory,67,0.104,0.164,2,less100
39775,2021,23,1212.5,7.100439622811638,1,WC,0,NoSA,manufacturing,4,good,62,0.048,0.177,2,less100
39780,2005,7,1022,6.92951677076365,1,WC,0,NoSA,wholesretail,3,satisfactory,28,0.964,0.393,1,less50
39780,2006,8,1059.851851851852,6.965884414934525,1,WC,0,NoSA,wholesretail,2,sufficient,27,0.926,0.296,1,less50
39780,2007,9,1336.3703703703704,7.197712539008419,1,WC,0,NoSA,wholesretail,3,satisfactory,27,0.815,0.296,1,less50
39780,2008,10,1408.037037037037,7.24995184108583,1,WC,0,NoSA,wholesretail,3,satisfactory,27,0.704,0.296,1,less50
39825,2003,5,3092.710144927536,8.036803055046873,1,WC,0,NoSA,public,1,unsatisfactory,69,0.333,0.507,2,less100
39825,2004,6,2533.7115384615386,7.837440517961422,1,WC,0,NoSA,public,3,satisfactory,52,0.923,0.385,2,less100
39825,2005,7,2240.6984126984125,7.714542887635473,1,WC,0,NoSA,public,2,sufficient,63,0.762,0.317,2,less100
39833,2008,10,3337.6696428571427,8.11302813073723,1,WC,0,NoSA,health,4,good,112,0.036,0.25,3,less250
39833,2009,11,3194.4444444444443,8.069168468889277,1,WC,0,NoSA,health,4,good,108,0.037,0.241,3,less250
39833,2010,12,2677.6907216494847,7.892710031026717,1,WC,0,NoSA,health,4,good,97,0.052,0.206,2,less100
39833,2011,13,2981.443298969072,8.000162790763364,1,WC,0,NoSA,health,4,good,97,0.041,0.196,2,less100
39833,2012,14,3373.469387755102,8.123696985698489,1,WC,0,NoSA,health,3,satisfactory,98,0.071,0.194,2,less100
39833,2013,15,3265.3061224489797,8.091108796105338,1,WC,0,NoSA,health,3,satisfactory,98,0.031,0.194,2,less100
39848,2009,11,1342.5862068965516,7.202353038024612,1,WC,0,NoSA,wholesretail,4,good,29,0.241,0.172,1,less50
39848,2010,12,2696.3,7.899635741805879,1,WC,0,NoSA,wholesretail,3,satisfactory,20,0.35,0.1,1,less50
39848,2011,13,1990,7.595889917718538,1,WC,0,NoSA,wholesretail,4,good,26,0.192,0.077,1,less50
39850,2011,13,2974.483333333333,7.997825633429654,0,NoWC,0,NoSA,buservices,4,good,60,0.883,0.733,2,less100
39850,2012,14,2435.714285714286,7.79799533365635,0,NoWC,0,NoSA,buservices,4,good,77,0.558,0.636,2,less100
39850,2013,15,1885.7051282051282,7.542057103252501,0,NoWC,0,NoSA,buservices,4,good,78,0.538,0.667,2,less100
39850,2014,16,1246.6043956043957,7.1281786504429725,0,NoWC,0,NoSA,buservices,4,good,91,0.604,0.637,2,less100
39850,2015,17,1086.7386363636363,6.990936413282036,0,NoWC,0,NoSA,buservices,4,good,88,0.489,0.705,2,less100
39850,2016,18,627.4659090909091,6.441689341388135,0,NoWC,0,NoSA,buservices,3,satisfactory,88,0.443,0.705,2,less100
39850,2017,19,813.1162790697674,6.700874124006816,0,NoWC,0,NoSA,buservices,3,satisfactory,86,0.593,0.698,2,less100
39850,2019,21,1114.1777777777777,7.01587199283368,0,NoWC,0,NoSA,buservices,4,good,90,0.133,0.8,2,less100
39850,2020,22,756.0777777777778,6.628144251546117,0,NoWC,0,NoSA,buservices,4,good,90,0.511,0.8,2,less100
39850,2021,23,509.94444444444446,6.234301787322926,0,NoWC,0,NoSA,buservices,1,unsatisfactory,90,0.556,0.8,2,less100
39856,2016,18,1618.5217391304348,7.389268504929129,0,NoWC,0,NoSA,public,3,satisfactory,23,0.174,0.087,1,less50
39856,2017,19,1618.5217391304348,7.389268504929129,0,NoWC,0,NoSA,public,3,satisfactory,23,0.217,0.13,1,less50
39856,2019,21,1595.4166666666667,7.374890214123394,0,NoWC,0,NoSA,public,3,satisfactory,24,0.292,0.125,1,less50
39867,2010,12,1379.4285714285713,7.229424613722054,1,WC,0,NoSA,manufacturing,3,satisfactory,35,0.086,1,1,less50
39867,2011,13,1174.3055555555557,7.068432235310671,1,WC,0,NoSA,manufacturing,2,sufficient,36,0.056,1,1,less50
39867,2012,14,1999.5135135135135,7.600659186710403,1,WC,0,NoSA,manufacturing,2,sufficient,37,0.108,0.946,1,less50
39867,2014,16,3361.7,8.120202077387452,1,WC,0,NoSA,manufacturing,3,satisfactory,30,0.1,1,1,less50
39867,2015,17,2066.8055555555557,7.63375948440804,1,WC,0,NoSA,manufacturing,1,unsatisfactory,36,0.139,1,1,less50
39867,2016,18,2868.6857142857143,7.961609264594185,1,WC,0,NoSA,manufacturing,2,sufficient,35,0.114,1,1,less50
39867,2017,19,3427.7297297297296,8.139653434640321,1,WC,0,NoSA,manufacturing,1,unsatisfactory,37,0.054,1,1,less50
39912,2004,6,1407.8954248366013,7.2498512618265805,0,NoWC,0,NoSA,buservices,3,satisfactory,306,0.013,0.35,4,more250
39912,2006,8,1639.3689655172413,7.402066669648899,0,NoWC,0,NoSA,buservices,3,satisfactory,290,0.034,0.414,4,more250
39912,2007,9,1337.8316831683169,7.198805435441929,0,NoWC,0,NoSA,buservices,3,satisfactory,303,0.003,0.413,4,more250
39934,2012,14,643.1906614785992,6.466441198913896,1,WC,0,NoSA,public,4,good,514,0.366,0.63,4,more250
39934,2013,15,626.2230919765167,6.439706684572205,1,WC,0,NoSA,public,4,good,511,0.399,0.55,4,more250
39934,2015,17,951.8982035928144,6.858458100074908,1,WC,0,NoSA,public,3,satisfactory,501,0.421,0.533,4,more250
39945,2014,16,1013.3066666666666,6.920974189596418,1,WC,0,NoSA,wholesretail,2,sufficient,75,0.747,0.293,2,less100
39945,2015,17,1085.68,6.989961797773115,0,NoWC,0,NoSA,wholesretail,4,good,75,0.773,0.293,2,less100
39945,2017,19,1206.3194444444443,7.095329221519968,0,NoWC,0,NoSA,wholesretail,4,good,72,0.861,0.292,2,less100
39945,2018,20,1596.6029411764705,7.375633489359864,0,NoWC,0,NoSA,wholesretail,4,good,68,0.985,0.309,2,less100
39945,2019,21,1903.6060606060605,7.551505293002163,0,NoWC,0,NoSA,wholesretail,3,satisfactory,66,0.47,0.258,2,less100
39963,1998,0,1369.449814618644,7.222164342992362,0,NoWC,0,NoSA,public,3,satisfactory,236,0.288,0.534,3,less250
39963,2000,2,1051.1004396024464,6.957592932060071,0,NoWC,0,NoSA,public,3,satisfactory,327,0.171,0.486,4,more250
39963,2001,3,1095.9541666666667,6.99938064789874,0,NoWC,0,NoSA,public,3,satisfactory,330,0.164,0.497,4,more250
39963,2002,4,1339.7715133531158,7.200254365983013,0,NoWC,0,NoSA,public,3,satisfactory,337,0.134,0.487,4,more250
39963,2004,6,1391.7322580645161,7.238304479049555,0,NoWC,0,NoSA,public,3,satisfactory,310,0.19,0.494,4,more250
39963,2005,7,1349.3206896551724,7.207356551940448,0,NoWC,0,NoSA,public,3,satisfactory,290,0.207,0.472,4,more250
39963,2006,8,1487.7137931034483,7.304995853548227,0,NoWC,0,NoSA,public,3,satisfactory,290,0.228,0.469,4,more250
39967,2005,7,1240.1666666666667,7.123001058169207,1,WC,0,NoSA,manufacturing,3,satisfactory,48,0.021,0.688,1,less50
39967,2006,8,1278.9375,7.153784934083048,1,WC,1,SA,manufacturing,2,sufficient,48,0.042,0.875,1,less50
39967,2007,9,2092.785714285714,7.646251335114636,1,WC,0,NoSA,manufacturing,4,good,28,0.036,0.643,1,less50
39967,2008,10,892.7121212121212,6.794264156240464,1,WC,0,NoSA,manufacturing,4,good,66,0.015,0.894,2,less100
39967,2009,11,1306.1489361702127,7.17483834328088,1,WC,0,NoSA,manufacturing,4,good,47,0.021,0.915,1,less50
39967,2011,13,1549.3428571428572,7.345586156881873,1,WC,0,NoSA,manufacturing,1,unsatisfactory,35,0.086,0.686,1,less50
39967,2013,15,1712.741935483871,7.4458508363527995,1,WC,0,NoSA,manufacturing,4,good,31,0.194,0.71,1,less50
39967,2014,16,2232.32,7.710796682400451,1,WC,0,NoSA,manufacturing,4,good,25,0.44,0.64,1,less50
39967,2015,17,1775.6818181818182,7.481939751072529,1,WC,0,NoSA,manufacturing,5,very good,22,0.5,0.591,1,less50
39967,2016,18,2959.5,7.99277561413078,1,WC,0,NoSA,manufacturing,4,good,22,0.773,0.636,1,less50
39967,2017,19,1588.0243902439024,7.370246000784788,1,WC,0,NoSA,manufacturing,5,very good,41,0.293,0.39,1,less50
39967,2018,20,1095.904761904762,6.999335567659981,1,WC,0,NoSA,manufacturing,4,good,42,0.333,0.31,1,less50
39967,2020,22,2067.6176470588234,7.634152328330355,1,WC,0,NoSA,manufacturing,5,very good,34,0.647,0.5,1,less50
40015,1998,0,1631.9060997596155,7.397503996956741,1,WC,0,NoSA,edu,4,good,26,0.308,0.654,1,less50
40015,1999,1,3524.183449074074,8.167404042759626,1,WC,0,NoSA,edu,4,good,27,0.556,0.667,1,less50
40015,2000,2,2450.195833333333,7.803923232317172,1,WC,0,NoSA,edu,4,good,30,0.233,0.7,1,less50
40035,2016,18,1187.4242424242425,7.079541738020485,1,WC,0,NoSA,manufacturing,3,satisfactory,33,0.182,0.667,1,less50
40035,2018,20,1236.878787878788,7.120346378810989,1,WC,0,NoSA,manufacturing,3,satisfactory,33,0.121,0.727,1,less50
40035,2019,21,1302.8484848484848,7.1723082885896,1,WC,0,NoSA,manufacturing,3,satisfactory,33,0.273,0.758,1,less50
40035,2020,22,1733.4814814814815,7.457887082334519,1,WC,0,NoSA,manufacturing,3,satisfactory,27,0.333,0.741,1,less50
40035,2021,23,1828.6,7.511305925730326,1,WC,0,NoSA,manufacturing,2,sufficient,25,0.24,0.76,1,less50
40038,2014,16,5218.68085106383,8.559999938415828,0,NoWC,0,NoSA,resthotels,3,satisfactory,47,0.064,0.915,1,less50
40038,2015,17,4616.285714285715,8.437345702781462,0,NoWC,0,NoSA,resthotels,4,good,49,0.061,0.878,1,less50
40038,2016,18,4546.836734693878,8.422187047021117,0,NoWC,0,NoSA,resthotels,3,satisfactory,49,0.102,0.878,1,less50
40038,2017,19,2909.875,7.975865403916472,0,NoWC,0,NoSA,resthotels,3,satisfactory,80,0.112,0.863,2,less100
40038,2018,20,3213.734939759036,8.075189072379787,0,NoWC,0,NoSA,resthotels,4,good,83,0.012,0.892,2,less100
40118,2011,13,2013.659793814433,7.607709138361562,0,NoWC,0,NoSA,public,5,very good,97,0.031,0.619,2,less100
40118,2012,14,2040.5051546391753,7.620952681007421,0,NoWC,0,NoSA,public,5,very good,97,0.041,0.567,2,less100
40118,2013,15,2579.7551020408164,7.855449751720708,0,NoWC,0,NoSA,public,3,satisfactory,98,0.061,0.571,2,less100
40118,2014,16,3040.1632653061224,8.019666498650972,0,NoWC,0,NoSA,public,3,satisfactory,98,0.051,0.571,2,less100
40118,2015,17,2941.6767676767677,7.986735026898631,0,NoWC,0,NoSA,public,5,very good,99,0.061,0.576,2,less100
40118,2017,19,3064.969696969697,8.027792961525254,0,NoWC,0,NoSA,public,5,very good,99,0.071,0.576,2,less100
40118,2018,20,3229.37,8.080042350753043,0,NoWC,0,NoSA,public,5,very good,100,0.06,0.58,2,less100
40118,2019,21,3836.6138613861385,8.252345449630637,0,NoWC,0,NoSA,public,5,very good,101,0.079,0.564,3,less250
40118,2020,22,3520.450980392157,8.16634437981514,0,NoWC,0,NoSA,public,5,very good,102,0.118,0.569,3,less250
40118,2021,23,3717.106796116505,8.220700901688781,0,NoWC,0,NoSA,public,4,good,103,0.117,0.544,3,less250
40135,2013,15,1434.9775784753363,7.268904503315791,0,NoWC,0,NoSA,buservices,4,good,223,0.094,0.735,3,less250
40135,2014,16,1131.3425925925926,7.03116034147023,0,NoWC,0,NoSA,buservices,4,good,216,0.088,0.75,3,less250
40135,2015,17,2188.3880597014927,7.690920505997438,0,NoWC,0,NoSA,buservices,4,good,201,0.07,0.746,3,less250
40167,2001,3,515.1342921401515,6.244427628108569,1,WC,0,NoSA,edu,3,satisfactory,66,0.03,0.045,2,less100
40167,2003,5,816.5094339622641,6.705038466492288,1,WC,0,NoSA,edu,4,good,53,0.057,0.019,2,less100
40167,2004,6,983.0588235294117,6.890668959180186,1,WC,0,NoSA,edu,2,sufficient,51,0.059,0.02,2,less100
40167,2005,7,1174.9811320754718,7.0690073686412225,1,WC,0,NoSA,edu,4,good,53,0.019,0.019,2,less100
40167,2007,9,1641.888888888889,7.4036026195674145,1,WC,0,NoSA,edu,5,very good,36,0.083,0.028,1,less50
40167,2008,10,1993.7222222222222,7.597758634008372,1,WC,0,NoSA,edu,3,satisfactory,36,0.139,0.028,1,less50
40198,2000,2,2029.8065557065217,7.615695774739782,1,WC,0,NoSA,manufacturing,4,good,23,0.043,0.087,1,less50
40198,2001,3,1517.124720982143,7.324572191514268,1,WC,0,NoSA,manufacturing,3,satisfactory,21,0.571,0.19,1,less50
40198,2002,4,1667.4545454545455,7.419053518320519,1,WC,0,NoSA,manufacturing,3,satisfactory,22,0.773,0.091,1,less50
40198,2016,18,1051.5,6.957972995142755,1,WC,0,NoSA,manufacturing,4,good,20,0.3,0.1,1,less50
40198,2017,19,1283.5,7.157346000311195,1,WC,0,NoSA,manufacturing,4,good,20,0.25,0,1,less50
40198,2018,20,1917.8,7.558933974719581,1,WC,0,NoSA,manufacturing,5,very good,20,0.25,0,1,less50
40198,2019,21,2029.3,7.615446184982923,1,WC,0,NoSA,manufacturing,5,very good,20,0.3,0,1,less50
40198,2020,22,2213.55,7.702352840577568,1,WC,0,NoSA,manufacturing,4,good,20,0.2,0,1,less50
40198,2021,23,1885.5,7.541948316698412,1,WC,0,NoSA,manufacturing,4,good,22,0.273,0,1,less50
40202,2004,6,2080.8227848101264,7.640518664098581,0,NoWC,0,NoSA,manufacturing,3,satisfactory,79,0.063,0.544,2,less100
40202,2006,8,1411.6989247311828,7.252549169206208,0,NoWC,0,NoSA,manufacturing,3,satisfactory,93,0.054,0.656,2,less100
40202,2007,9,1715.79797979798,7.44763354572704,0,NoWC,0,NoSA,manufacturing,3,satisfactory,99,0.01,0.667,2,less100
40202,2008,10,1716.2169811320755,7.447877717935464,0,NoWC,0,NoSA,manufacturing,4,good,106,0.123,0.651,3,less250
40208,2017,19,3547.4691358024693,8.173989708729252,0,NoWC,0,NoSA,buservices,4,good,162,0.012,0.605,3,less250
40208,2019,21,3613.928961748634,8.19255081455296,0,NoWC,0,NoSA,buservices,5,very good,183,0.202,0.541,3,less250
40208,2021,23,4336.7213114754095,8.374873883406726,1,WC,0,NoSA,buservices,4,good,122,0.172,0.5,3,less250
40222,2004,6,1865.1904761904761,7.531118458868415,1,WC,0,NoSA,construction,2,sufficient,21,0.381,0.095,1,less50
40222,2005,7,2456.5,7.806492851608703,1,WC,0,NoSA,construction,2,sufficient,20,0.5,0.05,1,less50
40222,2006,8,2332.7619047619046,7.754808211417755,1,WC,0,NoSA,construction,1,unsatisfactory,21,0.524,0.048,1,less50
40222,2007,9,2591.9523809523807,7.860166685757257,1,WC,0,NoSA,construction,1,unsatisfactory,21,0.571,0.048,1,less50
40222,2008,10,1931.4193548387098,7.566010428627221,1,WC,0,NoSA,construction,1,unsatisfactory,31,0.516,0.032,1,less50
40222,2009,11,1715.4242424242425,7.4474157006846555,1,WC,0,NoSA,construction,2,sufficient,33,0.636,0.061,1,less50
40222,2010,12,1696.9705882352941,7.436599933460752,1,WC,0,NoSA,construction,3,satisfactory,34,0.853,0.059,1,less50
40222,2011,13,1555.1714285714286,7.349341061991266,1,WC,0,NoSA,construction,3,satisfactory,35,0.486,0.057,1,less50
40222,2012,14,1648.4857142857143,7.4076123965875,1,WC,0,NoSA,construction,2,sufficient,35,0.457,0.057,1,less50
40222,2013,15,1618.6052631578948,7.389320108729301,1,WC,0,NoSA,construction,3,satisfactory,38,0.421,0.053,1,less50
40222,2014,16,1765.3513513513512,7.4761050154778514,1,WC,0,NoSA,construction,3,satisfactory,37,0.297,0.054,1,less50
40222,2015,17,2231.7,7.710518905865405,1,WC,0,NoSA,construction,1,unsatisfactory,30,0.267,0.033,1,less50
40222,2016,18,2440.0344827586205,7.799767450465511,1,WC,0,NoSA,construction,3,satisfactory,29,0.276,0.069,1,less50
40222,2017,19,2817.1111111111113,7.943467210162453,1,WC,0,NoSA,construction,4,good,27,0.222,0.074,1,less50
40222,2018,20,1861.9259259259259,7.529366675051018,1,WC,0,NoSA,construction,3,satisfactory,27,0.185,0.074,1,less50
40222,2019,21,2776.7096774193546,7.929021936439804,1,WC,0,NoSA,construction,3,satisfactory,31,0.161,0.065,1,less50
40222,2020,22,2333.176470588235,7.754985910218756,1,WC,0,NoSA,construction,3,satisfactory,34,0.088,0.059,1,less50
40279,2015,17,2813.9473684210525,7.9423435340243165,1,WC,0,NoSA,buservices,4,good,38,0.132,0.053,1,less50
40279,2016,18,3416.9473684210525,8.136502849134814,1,WC,0,NoSA,buservices,4,good,38,0.053,0.105,1,less50
40279,2017,19,3532.891891891892,8.169872047369854,1,WC,0,NoSA,buservices,4,good,37,0.054,0.162,1,less50
40279,2018,20,2350.102564102564,7.762214250484783,1,WC,0,NoSA,buservices,4,good,39,0.103,0.128,1,less50
40279,2019,21,1578.6382978723404,7.364317917636511,1,WC,0,NoSA,buservices,4,good,47,0.085,0.17,1,less50
40279,2020,22,2291.36,7.736900806730392,1,WC,0,NoSA,buservices,4,good,50,0.04,0.18,1,less50
40279,2021,23,2914.8571428571427,7.977576089987504,1,WC,0,NoSA,buservices,2,sufficient,49,0.041,0.102,1,less50
40329,2013,15,864.3804713804714,6.762013032267936,0,NoWC,0,NoSA,manufacturing,4,good,297,0.01,0.215,4,more250
40329,2014,16,1049.8338870431894,6.956387227820174,0,NoWC,0,NoSA,manufacturing,4,good,301,0.01,0.229,4,more250
40329,2015,17,1799.553264604811,7.495293726750272,0,NoWC,0,NoSA,manufacturing,3,satisfactory,291,0.007,0.241,4,more250
40337,2004,6,884.9090909090909,6.785484917595029,1,WC,0,NoSA,public,4,good,33,0.364,0.939,1,less50
40337,2005,7,988.59375,6.896283478781258,1,WC,0,NoSA,public,4,good,32,0.25,0.938,1,less50
40337,2006,8,1155.90625,7.0526399473277355,1,WC,0,NoSA,public,4,good,32,0.406,0.781,1,less50
40337,2008,10,1095.0625,6.998566718247306,1,WC,0,NoSA,public,4,good,32,0.594,0.906,1,less50
40350,2006,8,370.98387096774195,5.916158587181912,0,NoWC,0,NoSA,transcom,2,sufficient,62,0.032,0.952,2,less100
40350,2008,10,522.5438596491229,6.258708922228238,0,NoWC,0,NoSA,transcom,3,satisfactory,57,0.035,0.614,2,less100
40350,2009,11,754.6046511627907,6.626193971257292,0,NoWC,0,NoSA,transcom,3,satisfactory,43,0.047,0.953,1,less50
40353,2008,10,902.9444444444445,6.805661028207012,1,WC,0,NoSA,mining,3,satisfactory,414,0.017,0.454,4,more250
40353,2009,11,623.1966019417475,6.4348620419449905,1,WC,0,NoSA,manufacturing,3,satisfactory,412,0.024,0.485,4,more250
40353,2010,12,606.8598130841121,6.408297813948303,1,WC,0,NoSA,manufacturing,2,sufficient,428,0.023,0.502,4,more250
40442,2016,18,1162.02,7.0579151489676955,1,WC,0,NoSA,health,4,good,50,0.58,0.72,1,less50
40442,2017,19,1388.3859649122808,7.235897175115074,1,WC,0,NoSA,health,4,good,57,0.526,0.737,2,less100
40442,2018,20,1486.96875,7.304494930771943,1,WC,0,NoSA,health,4,good,64,0.5,0.828,2,less100
40442,2019,21,1769.75,7.478593572654298,1,WC,0,NoSA,health,3,satisfactory,60,0.533,0.833,2,less100
40456,2010,12,851.2111111111111,6.746660171969185,1,WC,0,NoSA,public,3,satisfactory,90,0.222,0.144,2,less100
40456,2011,13,996.5365853658536,6.904285852843291,0,NoWC,0,NoSA,public,3,satisfactory,82,0.744,0.159,2,less100
40456,2012,14,1284.4074074074074,7.158052729410974,1,WC,0,NoSA,public,3,satisfactory,81,0.593,0.185,2,less100
40456,2013,15,1489.945205479452,7.306494623417288,1,WC,0,NoSA,public,2,sufficient,73,0.863,0.178,2,less100
40456,2019,21,2752.6716417910447,7.920327225159816,1,WC,0,NoSA,public,3,satisfactory,67,0.806,0.194,2,less100
40456,2020,22,2918.442857142857,7.978805484922562,1,WC,0,NoSA,public,2,sufficient,70,0.229,0.2,2,less100
40459,2000,2,2071.689494680851,7.636119734370062,0,NoWC,0,NoSA,buservices,3,satisfactory,47,0.404,0.553,1,less50
40459,2001,3,1261.938671875,7.14040444594173,0,NoWC,0,NoSA,buservices,4,good,80,0.825,0.625,2,less100
40459,2002,4,1271.9342105263158,7.148294021278133,0,NoWC,0,NoSA,buservices,2,sufficient,76,0.934,0.632,2,less100
40463,2005,7,1452.076923076923,7.280750171307197,1,WC,0,NoSA,buservices,2,sufficient,26,0.038,0.654,1,less50
40463,2006,8,1655.1923076923076,7.4116724790620925,1,WC,0,NoSA,buservices,2,sufficient,26,0.038,0.846,1,less50
40463,2007,9,1744,7.463936604468925,1,WC,0,NoSA,buservices,2,sufficient,27,0.037,0.852,1,less50
40463,2008,10,1725.892857142857,7.453499793901328,1,WC,0,NoSA,buservices,2,sufficient,28,0.036,0.75,1,less50
40463,2021,23,1448.5882352941176,7.278344730296601,1,WC,0,NoSA,manufacturing,3,satisfactory,51,0.137,0.902,2,less100
40499,2014,16,2277.793103448276,7.730962316110791,1,WC,0,NoSA,manufacturing,4,good,29,0.345,0.034,1,less50
40499,2015,17,3145.8709677419356,8.053846068073327,1,WC,0,NoSA,manufacturing,4,good,31,0.097,0.065,1,less50
40499,2016,18,3017.733333333333,8.012261276687461,1,WC,0,NoSA,manufacturing,4,good,30,0.4,0.033,1,less50
40499,2018,20,3448.3333333333335,8.145646301511533,1,WC,0,NoSA,manufacturing,4,good,27,0.296,0.037,1,less50
40499,2019,21,2675.3571428571427,7.891838161766724,1,WC,0,NoSA,manufacturing,4,good,28,0.107,0.036,1,less50
40533,2006,8,3007.8695652173915,8.008987321502348,1,WC,1,SA,wholesretail,4,good,23,0.217,0.391,1,less50
40533,2008,10,2860.72,7.958828620382373,1,WC,1,SA,wholesretail,4,good,25,0.32,0.48,1,less50
40533,2011,13,3720.0416666666665,8.22149014792131,0,NoWC,1,SA,wholesretail,4,good,24,0.5,0.5,1,less50
40533,2013,15,4038.68,8.30367318489318,0,NoWC,1,SA,wholesretail,3,satisfactory,25,0.44,0.4,1,less50
40533,2014,16,4155.037037037037,8.332076621097483,1,WC,1,SA,wholesretail,3,satisfactory,27,0.407,0.407,1,less50
40533,2015,17,3895.3333333333335,8.267534534446273,0,NoWC,1,SA,wholesretail,3,satisfactory,27,0.407,0.519,1,less50
40533,2018,20,1656.0857142857142,7.412212093440079,0,NoWC,1,SA,wholesretail,3,satisfactory,35,0.343,0.486,1,less50
40548,2017,19,1575.1304347826087,7.362093363565689,0,NoWC,0,NoSA,construction,4,good,46,0.913,0.978,1,less50
40548,2018,20,1557.1555555555556,7.350616074072605,0,NoWC,0,NoSA,construction,4,good,45,0.511,0.889,1,less50
40548,2019,21,1767.219512195122,7.4771626933504765,0,NoWC,0,NoSA,construction,4,good,41,0.902,0.902,1,less50
40551,2015,17,3498.7586206896553,8.160163504760792,1,WC,0,NoSA,public,2,sufficient,29,0.034,0.586,1,less50
40551,2016,18,3425.483870967742,8.138998016912746,1,WC,0,NoSA,public,3,satisfactory,31,0.032,0.645,1,less50
40551,2018,20,4093.6071428571427,8.31718180237336,1,WC,0,NoSA,public,4,good,28,0.036,0.643,1,less50
40551,2019,21,3859.5666666666666,8.25831019363538,1,WC,0,NoSA,public,4,good,30,0.033,0.633,1,less50
40551,2020,22,4074.5,8.312503318760275,1,WC,0,NoSA,public,4,good,30,0.033,0.5,1,less50
40553,2005,7,1754.9714285714285,7.470207855751165,1,WC,0,NoSA,health,4,good,35,0.8,0.943,1,less50
40553,2006,8,1602.8648648648648,7.379547847661645,1,WC,0,NoSA,health,4,good,37,0.73,0.865,1,less50
40553,2008,10,1615.0294117647059,7.387108447109941,1,WC,0,NoSA,health,4,good,34,0.441,0.941,1,less50
40573,2001,3,3891.6799665178573,8.266596211383797,1,WC,0,NoSA,construction,4,good,56,0.143,0.429,2,less100
40573,2002,4,3276.3283582089553,8.09447867139364,1,WC,0,NoSA,construction,4,good,67,0.149,0.418,2,less100
40573,2003,5,3699.875,8.216054314277848,1,WC,0,NoSA,construction,2,sufficient,64,0.219,0.625,2,less100
40573,2005,7,3542.5522388059703,8.1726027177669,1,WC,0,NoSA,construction,3,satisfactory,67,0.254,0.478,2,less100
40573,2006,8,3560.7846153846153,8.177736197142046,1,WC,0,NoSA,construction,3,satisfactory,65,0.292,0.508,2,less100
40573,2007,9,5146.8,8.546130441310835,1,WC,0,NoSA,construction,4,good,60,0.333,0.4,2,less100
40573,2008,10,5492.517241379311,8.611141943330637,1,WC,0,NoSA,construction,4,good,58,0.328,0.328,2,less100
40573,2009,11,5008.153846153846,8.518822632386726,0,NoWC,0,NoSA,construction,3,satisfactory,52,0.385,0.423,2,less100
40573,2010,12,5411.166666666667,8.596219998622209,0,NoWC,0,NoSA,construction,5,very good,48,0.354,0.396,1,less50
40573,2011,13,6025,8.703672758358856,0,NoWC,0,NoSA,construction,1,unsatisfactory,48,0.375,0.458,1,less50
40573,2012,14,7186.95652173913,8.880023067879966,0,NoWC,0,NoSA,construction,3,satisfactory,46,0.609,0.413,1,less50
40573,2013,15,5332.818181818182,8.581635116979516,0,NoWC,0,NoSA,construction,5,very good,44,0.614,0.523,1,less50
40573,2014,16,7181.818181818182,8.879307858650789,0,NoWC,0,NoSA,construction,1,unsatisfactory,44,0.636,0.432,1,less50
40573,2015,17,7521.04347826087,8.925460167724582,0,NoWC,0,NoSA,construction,3,satisfactory,46,0.5,0.478,1,less50
40573,2016,18,9479.461538461539,9.156882793895557,0,NoWC,0,NoSA,construction,2,sufficient,39,0.59,0.436,1,less50
40573,2018,20,8531.425531914894,9.051511746325216,0,NoWC,0,NoSA,construction,4,good,47,0.83,0.511,1,less50
40573,2020,22,9885,9.198773735604718,0,NoWC,0,NoSA,wholesretail,5,very good,44,0.386,0.545,1,less50
40603,2011,13,756.125,6.628206706427078,1,WC,0,NoSA,buservices,4,good,24,0.042,0.083,1,less50
40603,2012,14,810.6,6.6977747141942086,1,WC,0,NoSA,buservices,4,good,25,0.16,0.08,1,less50
40603,2013,15,800.925925925926,6.685768465795751,1,WC,0,NoSA,buservices,4,good,27,0.111,0.111,1,less50
40603,2015,17,609,6.411818267709897,1,WC,0,NoSA,buservices,4,good,23,0.087,0.087,1,less50
40609,2017,19,926.825,6.831764766730453,1,WC,0,NoSA,wholesretail,5,very good,40,0.75,0.875,1,less50
40609,2019,21,840.7916666666666,6.734343908317938,1,WC,0,NoSA,wholesretail,5,very good,48,0.688,0.771,1,less50
40609,2020,22,612.5438596491229,6.417620547445585,1,WC,0,NoSA,wholesretail,4,good,57,0.544,0.842,2,less100
40612,2002,4,650.6285714285714,6.477938928581559,1,WC,0,NoSA,buservices,4,good,35,0.057,0.143,1,less50
40612,2005,7,2355.689655172414,7.7645888107861145,1,WC,0,NoSA,buservices,2,sufficient,29,0.103,0,1,less50
40612,2006,8,728.7906976744187,6.5913865819707915,1,WC,0,NoSA,buservices,1,unsatisfactory,43,0.07,0.093,1,less50
40612,2007,9,727.2093023255813,6.589214334758324,1,WC,0,NoSA,buservices,3,satisfactory,43,0.023,0.233,1,less50
40612,2008,10,717.0930232558139,6.575205571732031,1,WC,0,NoSA,buservices,3,satisfactory,43,0.047,0.093,1,less50
40614,2002,4,438.1,6.082447194819853,1,WC,0,NoSA,edu,3,satisfactory,20,0.55,0.9,1,less50
40614,2004,6,647.3,6.472809865551464,1,WC,0,NoSA,edu,3,satisfactory,20,0.1,0.9,1,less50
40614,2006,8,912.6666666666666,6.816370717180284,1,WC,0,NoSA,edu,2,sufficient,21,0.286,0.857,1,less50
40674,2016,18,997.1877729257642,6.9049390901680585,1,WC,0,NoSA,public,3,satisfactory,229,0.061,0.175,3,less250
40674,2017,19,947.88679245283015,6.854235077880365,1,WC,0,NoSA,public,5,very good,106,0.104,0.217,3,less250
40674,2018,20,1835.4622641509434,7.515051643832032,1,WC,0,NoSA,public,4,good,106,0.142,0.113,3,less250
40705,2010,12,1895.9324324324325,7.547466045277232,1,WC,0,NoSA,public,4,good,74,0.081,0.365,2,less100
40705,2011,13,1316.2769230769231,7.182562517618426,1,WC,0,NoSA,public,4,good,65,0.015,0.477,2,less100
40705,2012,14,2683.983870967742,7.8950574887470415,1,WC,0,NoSA,public,5,very good,62,0.016,0.5,2,less100
40705,2013,15,1986.7121212121212,7.594236350934306,1,WC,0,NoSA,public,4,good,66,0.015,0.485,2,less100
40712,2005,7,897.96875,6.800135268142116,0,NoWC,0,NoSA,transcom,4,good,96,0.01,0.396,2,less100
40712,2008,10,1107.1739130434783,7.009566023389556,0,NoWC,0,NoSA,transcom,4,good,69,0.058,0.348,2,less100
40712,2009,11,1106.8985507246377,7.00931728508061,0,NoWC,0,NoSA,transcom,4,good,69,0.058,0.348,2,less100
40759,2019,21,1439.525,7.272068477042792,0,NoWC,1,SA,construction,1,unsatisfactory,40,0.175,0.2,1,less50
40759,2020,22,916.0555555555555,6.820077013004804,0,NoWC,0,NoSA,construction,1,unsatisfactory,36,0.167,0.25,1,less50
40759,2021,23,2479.5789473684213,7.8158440454579665,0,NoWC,0,NoSA,construction,2,sufficient,38,0.105,0.184,1,less50
40801,2013,15,2355.1724137931033,7.764369215572407,1,WC,1,SA,health,4,good,29,0.517,0.207,1,less50
40801,2014,16,2472.2758620689656,7.81289440703945,1,WC,1,SA,health,3,satisfactory,29,0.276,0.207,1,less50
40801,2015,17,2779.1153846153848,7.929887949073218,1,WC,1,SA,health,4,good,26,0.462,0.231,1,less50
40801,2016,18,2078.0882352941176,7.639203632400685,1,WC,0,NoSA,health,3,satisfactory,34,0.353,0.206,1,less50
40801,2018,20,2799.285714285714,7.9371195615784185,1,WC,0,NoSA,health,3,satisfactory,35,0.343,0.229,1,less50
40801,2020,22,2735.032258064516,7.913898509325655,1,WC,0,NoSA,edu,4,good,31,0.323,0.258,1,less50
40801,2021,23,3482.3333333333335,8.155457846169398,1,WC,1,SA,edu,3,satisfactory,33,0.303,0.242,1,less50
40834,2008,10,2035.3177570093458,7.618407231637724,0,NoWC,0,NoSA,manufacturing,4,good,107,0.028,0.486,3,less250
40834,2013,15,1982.6304347826087,7.592179744425494,0,NoWC,0,NoSA,construction,4,good,92,0.141,0.391,2,less100
40834,2015,17,1177.0173410404625,7.070738840406172,0,NoWC,0,NoSA,construction,4,good,173,0.185,0.434,3,less250
40834,2016,18,602.5233333333333,6.4011263921391235,0,NoWC,0,NoSA,construction,4,good,300,0.143,0.287,4,more250
40834,2017,19,673.7211538461538,6.512816306978118,0,NoWC,0,NoSA,construction,4,good,312,0.087,0.298,4,more250
40848,2000,2,5490.07666015625,8.610697498004674,1,WC,0,NoSA,manufacturing,3,satisfactory,32,0.094,0.406,1,less50
40848,2001,3,4794.734375,8.47527358953702,1,WC,0,NoSA,manufacturing,1,unsatisfactory,35,0.029,0.4,1,less50
40848,2002,4,3979.657142857143,8.288950949557021,1,WC,0,NoSA,manufacturing,1,unsatisfactory,35,0.143,0.343,1,less50
40848,2003,5,4568.969696969697,8.427043009229983,1,WC,0,NoSA,manufacturing,4,good,33,0.273,0.515,1,less50
40852,2018,20,1336.7096774193549,7.197966408735281,1,WC,0,NoSA,edu,4,good,31,0.129,0.29,1,less50
40852,2020,22,1992.9655172413793,7.597379018127028,1,WC,0,NoSA,health,4,good,29,0.103,0.276,1,less50
40852,2021,23,1883.5757575757575,7.5409272480252465,1,WC,0,NoSA,health,4,good,33,0.121,0.333,1,less50
40866,2013,15,1251.2413793103449,7.131891440943635,0,NoWC,0,NoSA,art,3,satisfactory,29,0.103,0.517,1,less50
40866,2014,16,1576.4827586206898,7.362951542433519,0,NoWC,0,NoSA,art,3,satisfactory,29,0.103,0.483,1,less50
40866,2015,17,2017.896551724138,7.609810936826599,0,NoWC,0,NoSA,art,3,satisfactory,29,0.103,0.517,1,less50
40866,2016,18,2207.0689655172414,7.6994206543037365,0,NoWC,0,NoSA,art,4,good,29,0.138,0.517,1,less50
40866,2017,19,1639.551724137931,7.402178144514061,0,NoWC,0,NoSA,art,4,good,29,0.138,0.586,1,less50
40866,2018,20,2711.551724137931,7.905276341938352,0,NoWC,1,SA,art,4,good,29,0.138,0.517,1,less50
40866,2019,21,2810.814814814815,7.9412296899796955,0,NoWC,1,SA,art,3,satisfactory,27,0.222,0.63,1,less50
40866,2020,22,2225.4074074074074,7.7076952822915334,0,NoWC,1,SA,buservices,4,good,27,0.148,0.556,1,less50
40866,2021,23,2493.785714285714,7.821557202053702,0,NoWC,0,NoSA,buservices,2,sufficient,28,0.107,0.536,1,less50
40874,2009,11,753.6818181818181,6.624970287143057,1,WC,0,NoSA,manufacturing,4,good,22,0.045,0.364,1,less50
40874,2013,15,228.48,5.431448679151219,1,WC,0,NoSA,manufacturing,4,good,25,0.04,0.52,1,less50
40874,2014,16,209.85185185185185,5.346401814386133,1,WC,0,NoSA,manufacturing,4,good,27,0.074,0.481,1,less50
40874,2016,18,136.60526315789474,4.917095476100843,1,WC,0,NoSA,manufacturing,4,good,38,0.026,0.474,1,less50
40874,2017,19,139.71052631578948,4.939572612857286,1,WC,1,SA,manufacturing,4,good,38,0.079,0.474,1,less50
40874,2018,20,117.96969696969697,4.7704277861439754,1,WC,1,SA,manufacturing,4,good,33,0.121,0.485,1,less50
40874,2019,21,75.5,4.324132656254979,1,WC,1,SA,manufacturing,3,satisfactory,38,0.105,0.605,1,less50
40896,2009,11,389.2125,5.964125466959517,1,WC,0,NoSA,resthotels,5,very good,80,0.05,0.2,2,less100
40896,2010,12,969.9677419354839,6.87726281520783,1,WC,0,NoSA,resthotels,5,very good,62,0.339,0.21,2,less100
40896,2011,13,775.5873015873016,6.653620550861211,1,WC,0,NoSA,resthotels,5,very good,63,0.333,0.206,2,less100
40896,2012,14,1355.2692307692307,7.2117554078713395,1,WC,0,NoSA,resthotels,5,very good,52,0.462,0.231,2,less100
40901,2001,3,3729.5636867088606,8.22404653172317,1,WC,0,NoSA,wholesretail,1,unsatisfactory,79,0.013,0.456,2,less100
40901,2003,5,4727.16,8.461079878327023,1,WC,0,NoSA,wholesretail,3,satisfactory,50,0.06,0.48,1,less50
40901,2004,6,2773.409090909091,7.927832561207624,1,WC,0,NoSA,wholesretail,2,sufficient,22,0.182,0.773,1,less50
40902,2004,6,2058.6,7.629781419092459,0,NoWC,0,NoSA,wholesretail,3,satisfactory,120,0.417,0.117,3,less250
40902,2005,7,1908.327868852459,7.553982676266803,0,NoWC,0,NoSA,wholesretail,2,sufficient,122,0.459,0.107,3,less250
40902,2008,10,1840.2752293577983,7.5176704205895994,0,NoWC,0,NoSA,wholesretail,3,satisfactory,109,0.312,0.138,3,less250
40902,2009,11,1722.9017857142858,7.451765232996286,0,NoWC,0,NoSA,wholesretail,3,satisfactory,112,0.268,0.143,3,less250
40914,1998,0,166.90988641036185,5.117454064445861,1,WC,0,NoSA,public,3,satisfactory,38,0.079,0.684,1,less50
40914,1999,1,208.47926161024304,5.339839571592841,1,WC,0,NoSA,public,2,sufficient,36,0.111,0.778,1,less50
40914,2001,3,229.83345170454547,5.437354923595769,1,WC,0,NoSA,public,1,unsatisfactory,33,0.061,0.697,1,less50
40914,2002,4,251.96875,5.529305071885296,1,WC,0,NoSA,public,4,good,32,0.094,0.656,1,less50
40914,2003,5,265.0967741935484,5.580094944958209,1,WC,0,NoSA,public,4,good,31,0.097,0.71,1,less50
40918,1998,0,782.0190319548872,6.661879077787377,0,NoWC,0,NoSA,health,3,satisfactory,266,0.015,0.09,4,more250
40918,1999,1,826.7334134615385,6.717482289322022,0,NoWC,0,NoSA,health,2,sufficient,260,0.012,0.088,4,more250
40918,2000,2,941.6405671296296,6.84762363820581,0,NoWC,0,NoSA,health,3,satisfactory,270,0.007,0.1,4,more250
40918,2001,3,916.1142045454545,6.820141034353912,0,NoWC,0,NoSA,health,2,sufficient,275,0.011,0.098,4,more250
40932,2009,11,1982.7586206896551,7.592244396798968,0,NoWC,1,SA,manufacturing,3,satisfactory,174,0.103,0.075,3,less250
40932,2010,12,1435.0055248618785,7.268923978264274,0,NoWC,1,SA,manufacturing,2,sufficient,181,0.105,0.138,3,less250
40932,2012,14,1730.890052356021,7.456391036322431,0,NoWC,1,SA,manufacturing,4,good,191,0.099,0.188,3,less250
40932,2015,17,2604.629268292683,7.865045628624994,0,NoWC,1,SA,manufacturing,3,satisfactory,205,0.107,0.156,3,less250
40932,2017,19,3458.9723502304146,8.148726815332052,0,NoWC,1,SA,manufacturing,4,good,217,0.097,0.124,3,less250
40932,2018,20,2293.7607655502393,7.737948005219764,0,NoWC,1,SA,manufacturing,4,good,209,0.167,0.148,3,less250
40932,2019,21,2847.09,7.954052699001775,0,NoWC,1,SA,manufacturing,4,good,200,0.215,0.11,3,less250
40932,2020,22,3915.542288557214,8.272709114428217,0,NoWC,1,SA,manufacturing,4,good,201,0.299,0.139,3,less250
40932,2021,23,1459.0867579908677,7.285566010765062,0,NoWC,1,SA,manufacturing,4,good,219,0.151,0.142,3,less250
40939,2004,6,1909.7016129032259,7.55470228522562,0,NoWC,0,NoSA,public,4,good,248,0.31,0.145,3,less250
40939,2005,7,2158.10460251046,7.676985616612981,0,NoWC,0,NoSA,public,4,good,239,0.515,0.155,3,less250
40939,2006,8,1271.3178294573643,7.147809302444664,0,NoWC,0,NoSA,public,4,good,387,0.313,0.096,4,more250
40939,2007,9,1171.5693641618498,7.066099465893574,0,NoWC,0,NoSA,public,4,good,346,0.237,0.101,4,more250
40977,2019,21,1257.0384615384614,7.136513806004769,1,WC,0,NoSA,wholesretail,4,good,26,0.115,0.115,1,less50
40977,2020,22,2461.818181818182,7.808655454227841,1,WC,0,NoSA,wholesretail,3,satisfactory,22,0.682,0.091,1,less50
40977,2021,23,1867.6,7.532409463096782,1,WC,0,NoSA,wholesretail,3,satisfactory,20,0.65,0.05,1,less50
40992,2014,16,2507.936507936508,7.827215585617571,1,WC,0,NoSA,transcom,5,very good,126,0.04,0.349,3,less250
40992,2015,17,2353.9435483870966,7.7638473063887,1,WC,0,NoSA,transcom,5,very good,124,0.056,0.347,3,less250
40992,2017,19,1988.54375,7.59515786591439,0,NoWC,0,NoSA,transcom,5,very good,160,0.062,0.444,3,less250
41011,2005,7,1983.7961538461539,7.592767537528965,1,WC,0,NoSA,transcom,4,good,260,0.142,0.735,4,more250
41011,2006,8,1696.551724137931,7.436353072493925,1,WC,0,NoSA,transcom,4,good,290,0.241,0.697,4,more250
41011,2007,9,1447.725,7.277748637782048,1,WC,0,NoSA,transcom,5,very good,280,0.25,0.718,4,more250
41011,2008,10,1237.8112582781457,7.121099984657456,1,WC,0,NoSA,transcom,4,good,302,0.103,0.758,4,more250
41011,2009,11,1169.4915254237287,7.064324339673677,1,WC,0,NoSA,transcom,2,sufficient,295,0.298,0.715,4,more250
41031,1999,1,882.0807291666666,6.782283581485629,1,WC,0,NoSA,manufacturing,3,satisfactory,30,0.2,0.9,1,less50
41031,2000,2,678.5236378205128,6.519919317018139,1,WC,0,NoSA,manufacturing,4,good,39,0.231,0.897,1,less50
41031,2002,4,462.48936170212767,6.1366235549628065,1,WC,1,SA,manufacturing,3,satisfactory,47,0.277,0.894,1,less50
41031,2003,5,1458.5454545454545,7.285194954091573,1,WC,0,NoSA,manufacturing,3,satisfactory,22,0.591,0.773,1,less50
41042,2012,14,3617.6,8.193566101523706,1,WC,0,NoSA,edu,5,very good,30,0.833,0.267,1,less50
41042,2013,15,1734.1025641025642,7.458245304439339,1,WC,0,NoSA,edu,3,satisfactory,39,0.256,0.231,1,less50
41042,2014,16,1734.1025641025642,7.458245304439339,1,WC,0,NoSA,edu,4,good,39,0.59,0.179,1,less50
41042,2015,17,2331.2258064516127,7.754149505408671,1,WC,0,NoSA,edu,4,good,31,0.387,0.194,1,less50
41060,2015,17,4983.551020408163,8.513897972221697,1,WC,0,NoSA,health,5,very good,49,0.571,0.184,1,less50
41060,2016,18,2226.266666666667,7.708081321006692,1,WC,0,NoSA,health,5,very good,60,0.3,0.217,2,less100
41060,2017,19,2261.05,7.723584586142258,1,WC,0,NoSA,health,5,very good,60,0.733,0.183,2,less100
41060,2019,21,2953.813559322034,7.99085234644888,1,WC,1,SA,health,4,good,59,0.458,0.186,2,less100
41060,2020,22,3594.488888888889,8.187157087276818,1,WC,0,NoSA,edu,5,very good,45,0.511,0.2,1,less50
41060,2021,23,7752.2,8.955731953031394,1,WC,0,NoSA,edu,5,very good,35,0.371,0.171,1,less50
41085,2007,9,3347.4144144144143,8.115943510222628,0,NoWC,0,NoSA,wholesretail,4,good,111,0.243,0.333,3,less250
41085,2008,10,3279.1140350877195,8.095328553637831,0,NoWC,0,NoSA,wholesretail,3,satisfactory,114,0.211,0.351,3,less250
41085,2010,12,2258.573913043478,7.72248888116685,0,NoWC,0,NoSA,wholesretail,3,satisfactory,115,0.226,0.339,3,less250
41085,2011,13,2514.782608695652,7.829941640903496,0,NoWC,0,NoSA,wholesretail,4,good,115,0.157,0.339,3,less250
41085,2012,14,2825.641025641026,7.946490529571305,0,NoWC,0,NoSA,wholesretail,3,satisfactory,117,0.154,0.333,3,less250
41085,2014,16,2507.936507936508,7.827215585617571,0,NoWC,0,NoSA,wholesretail,5,very good,126,0.143,0.349,3,less250
41085,2020,22,2725.0955414012737,7.910258767547408,0,NoWC,0,NoSA,transcom,2,sufficient,157,0.268,0.478,3,less250
41085,2021,23,3316.5891472868216,8.106692168534043,0,NoWC,0,NoSA,transcom,4,good,129,0.078,0.341,3,less250
41145,2016,18,1351.3846153846155,7.20888498684772,1,WC,0,NoSA,manufacturing,4,good,39,0.231,0.846,1,less50
41145,2017,19,1102.108695652174,7.004980619741838,1,WC,0,NoSA,manufacturing,4,good,46,0.152,0.848,1,less50
41145,2018,20,1088.3260869565217,6.992396094787351,1,WC,0,NoSA,manufacturing,4,good,46,0.043,0.891,1,less50
41151,2009,11,7398.884615384615,8.909084540180979,1,WC,0,NoSA,public,5,very good,26,0.462,0.231,1,less50
41151,2011,13,4595.311111111111,8.432791738942012,1,WC,0,NoSA,public,4,good,45,0.311,0.467,1,less50
41151,2012,14,4521.777777777777,8.416660509166382,1,WC,0,NoSA,public,4,good,45,0.933,0.467,1,less50
41151,2013,15,4522.264150943396,8.41676806575887,1,WC,0,NoSA,public,4,good,53,0.736,0.491,2,less100
41151,2016,18,3610.133333333333,8.191499985086233,1,WC,0,NoSA,public,4,good,60,0.6,0.483,2,less100
41151,2018,20,3350.890410958904,8.116981383818151,1,WC,1,SA,public,2,sufficient,73,0.658,0.534,2,less100
41151,2019,21,2903.75,7.973758284084619,1,WC,1,SA,public,4,good,76,0.539,0.474,2,less100
41151,2020,22,2919.102564102564,7.9790315069626185,1,WC,1,SA,public,4,good,78,0.333,0.449,2,less100
41151,2021,23,2517.3255813953488,7.830952339727968,1,WC,1,SA,public,3,satisfactory,86,0.465,0.558,2,less100
41152,2003,5,1816.125,7.504460389391503,1,WC,0,NoSA,health,3,satisfactory,24,0.083,0.417,1,less50
41152,2004,6,2132,7.664815785285735,1,WC,0,NoSA,health,4,good,23,0.087,0.435,1,less50
41152,2005,7,1342.3478260869565,7.202175468812637,1,WC,0,NoSA,health,4,good,23,0.043,0.348,1,less50
41152,2006,8,1342.3478260869565,7.202175468812637,1,WC,1,SA,health,4,good,23,0.087,0.304,1,less50
41152,2007,9,955.7407407407408,6.862486684578498,1,WC,1,SA,health,4,good,27,0.111,0.481,1,less50
41152,2008,10,1647.962962962963,7.407295236286633,1,WC,1,SA,health,4,good,27,0.407,0.481,1,less50
41152,2009,11,1459.392857142857,7.285775776940247,1,WC,0,NoSA,health,4,good,28,0.214,0.464,1,less50
41152,2010,12,1653.9642857142858,7.410930282674747,1,WC,0,NoSA,health,4,good,28,0.214,0.464,1,less50
41152,2011,13,1408.7142857142858,7.250432713277016,1,WC,1,SA,health,4,good,28,0.286,0.464,1,less50
41179,2015,17,1712.076923076923,7.445462487396099,1,WC,0,NoSA,transcom,4,good,26,0.269,0.038,1,less50
41179,2017,19,1704,7.440733707389261,1,WC,0,NoSA,transcom,5,very good,27,0.148,0.037,1,less50
41179,2018,20,1713.4615384615386,7.446270894877474,1,WC,1,SA,transcom,4,good,26,0.308,0.038,1,less50
41179,2019,21,1776.5416666666667,7.482423869543853,1,WC,1,SA,transcom,4,good,24,0.208,0.042,1,less50
41179,2020,22,1878.9333333333334,7.538459518918864,1,WC,0,NoSA,wholesretail,4,good,30,0.1,0.033,1,less50
41179,2021,23,1453.551724137931,7.281765305287975,1,WC,0,NoSA,wholesretail,4,good,29,0.276,0.034,1,less50
41199,2008,10,1550.7586206896551,7.346499522883176,1,WC,0,NoSA,health,4,good,29,0.034,0.103,1,less50
41199,2009,11,1658.28,7.413536199603394,1,WC,0,NoSA,health,5,very good,25,0.12,0.04,1,less50
41199,2010,12,992.0357142857143,6.899759108940953,1,WC,0,NoSA,health,2,sufficient,28,0.036,0.036,1,less50
41199,2011,13,948.34375,6.854717042014773,1,WC,0,NoSA,health,3,satisfactory,32,0.031,0.094,1,less50
41199,2014,16,2010.2727272727273,7.606025677059028,1,WC,0,NoSA,health,4,good,33,0.121,0.091,1,less50
41303,2009,11,1063.3636363636363,6.969192404852336,0,NoWC,1,SA,wholesretail,1,unsatisfactory,44,0.659,0.5,1,less50
41303,2011,13,1341.2571428571428,7.2013626194532945,0,NoWC,0,NoSA,wholesretail,3,satisfactory,35,0.914,0.371,1,less50
41303,2012,14,1490.2857142857142,7.306723135111121,0,NoWC,0,NoSA,wholesretail,3,satisfactory,35,0.571,0.371,1,less50
41303,2013,15,1537.342105263158,7.337810298643302,0,NoWC,0,NoSA,wholesretail,3,satisfactory,38,0.763,0.421,1,less50
41303,2014,16,1788.3428571428572,7.489044691905075,0,NoWC,0,NoSA,wholesretail,3,satisfactory,35,0.829,0.429,1,less50
41303,2015,17,2028.4444444444443,7.615024494765637,0,NoWC,0,NoSA,wholesretail,3,satisfactory,36,0.806,0.444,1,less50
41303,2016,18,2481.108108108108,7.816460557151213,0,NoWC,0,NoSA,wholesretail,3,satisfactory,37,0.73,0.432,1,less50
41303,2017,19,2434.1111111111113,7.79733692209928,0,NoWC,0,NoSA,wholesretail,4,good,36,0.722,0.444,1,less50
41303,2018,20,3003.121212121212,8.007407430845467,0,NoWC,0,NoSA,wholesretail,2,sufficient,33,0.788,0.485,1,less50
41303,2019,21,2897.75,7.971689852768854,0,NoWC,0,NoSA,wholesretail,1,unsatisfactory,36,0.722,0.5,1,less50
41303,2021,23,2923.128205128205,7.980409624952744,0,NoWC,0,NoSA,wholesretail,4,good,39,0.538,0.487,1,less50
41359,2013,15,2727.846153846154,7.911267622155397,1,WC,0,NoSA,edu,4,good,26,0.038,0.346,1,less50
41359,2014,16,2699.8846153846152,7.900964316036517,1,WC,0,NoSA,edu,4,good,26,0.038,0.5,1,less50
41359,2015,17,3220.9615384615386,8.077435208391089,1,WC,0,NoSA,edu,4,good,26,0.038,0.5,1,less50
41359,2016,18,2764.6923076923076,7.924684626640292,1,WC,0,NoSA,edu,4,good,26,0.077,0.5,1,less50
41359,2017,19,2807.5555555555557,7.940069474682372,1,WC,0,NoSA,edu,4,good,27,0.037,0.481,1,less50
41359,2018,20,2983.4074074074074,8.000821351591123,1,WC,0,NoSA,edu,4,good,27,0.037,0.444,1,less50
41359,2019,21,2927.703703703704,7.98197367587047,1,WC,0,NoSA,edu,4,good,27,0.037,0.481,1,less50
41376,2000,2,2857.6312785388127,7.9577483363595425,0,NoWC,0,NoSA,manufacturing,4,good,219,0.146,0.297,3,less250
41376,2001,3,2828.952634529148,7.947661828329714,0,NoWC,0,NoSA,manufacturing,3,satisfactory,223,0.166,0.305,3,less250
41376,2002,4,2772.2772277227723,7.927424365310127,0,NoWC,0,NoSA,manufacturing,3,satisfactory,202,0.129,0.322,3,less250
41376,2004,6,2293.577981651376,7.737868314615239,0,NoWC,0,NoSA,manufacturing,3,satisfactory,218,0.073,0.353,3,less250
41376,2006,8,2120.689655172414,7.659496623808136,0,NoWC,0,NoSA,manufacturing,3,satisfactory,232,0.047,0.332,3,less250
41376,2007,9,1762.4478260869564,7.474458932028103,0,NoWC,0,NoSA,manufacturing,4,good,230,0.052,0.335,3,less250
41376,2008,10,1551.1161825726142,7.346730068541671,0,NoWC,0,NoSA,manufacturing,5,very good,241,0.05,0.631,3,less250
41376,2009,11,1374.5019920318725,7.225846756881713,0,NoWC,0,NoSA,manufacturing,4,good,251,0.048,0.474,4,more250
41376,2010,12,1068.8724279835392,6.974359566189551,0,NoWC,0,NoSA,manufacturing,4,good,243,0.029,0.514,3,less250
41376,2011,13,1268.421052631579,7.145528140312306,0,NoWC,0,NoSA,manufacturing,3,satisfactory,228,0.057,0.496,3,less250
41376,2012,14,1475.892857142857,7.297018412514021,0,NoWC,0,NoSA,manufacturing,4,good,224,0.04,0.406,3,less250
41376,2013,15,1495.3271028037384,7.310100259754058,0,NoWC,0,NoSA,manufacturing,4,good,214,0.028,0.402,3,less250
41376,2018,20,6849.738219895288,8.831965714452338,0,NoWC,0,NoSA,manufacturing,4,good,191,0.037,0.471,3,less250
41384,2019,21,3648.5555555555557,8.202086630047551,0,NoWC,0,NoSA,transcom,4,good,45,0.311,0.467,1,less50
41384,2020,22,3704.782608695652,8.217379860892851,0,NoWC,0,NoSA,wholesretail,4,good,46,0.891,0.304,1,less50
41384,2021,23,1245.5056179775281,7.127296845312317,1,WC,0,NoSA,wholesretail,3,satisfactory,89,0.393,0.596,2,less100
41404,2007,9,2219.970588235294,7.705249226235902,1,WC,0,NoSA,wholesretail,5,very good,34,0.029,0.794,1,less50
41404,2008,10,2472.6969696969695,7.813064724508665,1,WC,0,NoSA,wholesretail,3,satisfactory,33,0.03,0.758,1,less50
41404,2009,11,2124.972222222222,7.661514009377655,1,WC,0,NoSA,wholesretail,4,good,36,0.028,0.806,1,less50
41419,1998,0,2553.712,7.845303265942806,0,NoWC,0,NoSA,finance,1,unsatisfactory,375,0.192,0.323,4,more250
41419,1999,1,1670.968515037594,7.4211586864296075,0,NoWC,0,NoSA,finance,3,satisfactory,399,0.063,0.338,4,more250
41419,2000,2,1432.0852402745995,7.266886871080453,0,NoWC,0,NoSA,finance,2,sufficient,437,0.032,0.352,4,more250
41422,1998,0,867.3314249363867,6.7654211700979845,0,NoWC,0,NoSA,manufacturing,3,satisfactory,1179,0.026,0.469,4,more250
41422,2000,2,539.5010775862069,6.290644782075633,0,NoWC,0,NoSA,manufacturing,3,satisfactory,1160,0.018,0.489,4,more250
41422,2003,5,623.4511691884456,6.435270444793224,0,NoWC,0,NoSA,manufacturing,1,unsatisfactory,727,0.117,0.557,4,more250
41422,2004,6,562.429696287964,6.3322661418904245,0,NoWC,0,NoSA,manufacturing,2,sufficient,889,0.096,0.531,4,more250
41422,2005,7,505.1782566111655,6.224911350379826,0,NoWC,0,NoSA,manufacturing,3,satisfactory,1021,0.306,0.454,4,more250
41446,2016,18,785.6410256410256,6.6664999777248815,1,WC,0,NoSA,transcom,5,very good,39,0.359,0.564,1,less50
41446,2017,19,897.8717948717949,6.800027290706617,1,WC,0,NoSA,transcom,4,good,39,0.41,0.462,1,less50
41446,2018,20,947.7692307692307,6.8541110451631315,1,WC,0,NoSA,transcom,3,satisfactory,39,0.154,0.538,1,less50
41448,2003,5,977.952380952381,6.8854609786166705,1,WC,0,NoSA,finance,1,unsatisfactory,21,0.095,0.19,1,less50
41448,2007,9,353.5238095238095,5.867950836742613,0,NoWC,0,NoSA,finance,4,good,21,0.048,0.238,1,less50
41448,2008,10,792.65,6.675381762289237,1,WC,0,NoSA,finance,4,good,20,0.15,0.25,1,less50
41448,2009,11,603.05,6.402000112029252,1,WC,0,NoSA,finance,3,satisfactory,20,0.1,0.25,1,less50
41496,2011,13,102.79937304075236,4.632779254177101,0,NoWC,0,NoSA,public,5,very good,319,0.292,0.495,4,more250
41496,2016,18,1783.140625,7.486131484635296,1,WC,0,NoSA,public,3,satisfactory,320,0.472,0.575,4,more250
41496,2017,19,2089.950354609929,7.6448955909015774,1,WC,0,NoSA,public,4,good,282,0.514,0.599,4,more250
41501,2015,17,1571.1951219512196,7.359591832930934,1,WC,0,NoSA,public,3,satisfactory,41,0.463,0.829,1,less50
41501,2016,18,2949.825,7.989501125540346,1,WC,0,NoSA,public,4,good,40,0.425,0.55,1,less50
41501,2017,19,2605.108108108108,7.865229453559795,1,WC,0,NoSA,public,3,satisfactory,37,0.541,0.784,1,less50
41501,2018,20,2975.2972972972975,7.998099244851511,1,WC,0,NoSA,public,4,good,37,0.432,0.703,1,less50
41501,2019,21,4357.131578947368,8.37956922509853,1,WC,0,NoSA,public,2,sufficient,38,0.5,0.605,1,less50
41501,2020,22,2676.25,7.8921718399038925,1,WC,0,NoSA,public,3,satisfactory,32,0.375,0.5,1,less50
41501,2021,23,2141,7.669028288589683,1,WC,0,NoSA,public,3,satisfactory,40,0.45,0.75,1,less50
41508,2009,11,1874.047619047619,7.535855872853127,1,WC,0,NoSA,health,4,good,21,0.524,0.571,1,less50
41508,2012,14,1048.764705882353,6.955368279978554,1,WC,0,NoSA,health,3,satisfactory,34,0.441,0.559,1,less50
41508,2013,15,1010.3125,6.918014967919752,1,WC,0,NoSA,health,3,satisfactory,32,0.719,0.594,1,less50
41508,2014,16,1223.264705882353,7.109278552073142,1,WC,0,NoSA,health,4,good,34,0.824,0.618,1,less50
41513,2001,3,2345.535984848485,7.760269219730758,0,NoWC,1,SA,finance,3,satisfactory,66,0.015,0.712,2,less100
41513,2002,4,1471,7.293697720601438,0,NoWC,0,NoSA,finance,3,satisfactory,60,0.017,0.817,2,less100
41513,2003,5,1501.3793103448277,7.314139504802064,0,NoWC,0,NoSA,finance,3,satisfactory,58,0.017,0.931,2,less100
41513,2004,6,984.8448275862069,6.892484093316602,0,NoWC,1,SA,finance,4,good,58,0.034,0.862,2,less100
41522,2000,2,2802.891581632653,7.938406871013457,0,NoWC,0,NoSA,construction,3,satisfactory,49,0.061,0.041,1,less50
41522,2001,3,2638.328762755102,7.877900951272199,0,NoWC,0,NoSA,construction,3,satisfactory,49,0.061,0.041,1,less50
41522,2002,4,2517.088888888889,7.830858309922504,0,NoWC,0,NoSA,construction,1,unsatisfactory,45,0.067,0.044,1,less50
41522,2003,5,2406.311111111111,7.785850194538997,0,NoWC,0,NoSA,construction,5,very good,45,0.089,0.044,1,less50
41524,2003,5,2299.9,7.740620922711164,1,WC,0,NoSA,wholesretail,2,sufficient,20,0.1,0.25,1,less50
41524,2005,7,2520.590909090909,7.832248640752005,1,WC,0,NoSA,wholesretail,3,satisfactory,22,0.227,0.318,1,less50
41524,2006,8,844.5454545454545,6.738798559009513,1,WC,0,NoSA,wholesretail,3,satisfactory,22,0.227,0.318,1,less50
41524,2007,9,1061.2758620689656,6.967227106769348,1,WC,0,NoSA,wholesretail,4,good,29,0.207,0.241,1,less50
41524,2008,10,1087.3235294117646,6.991474477990072,1,WC,0,NoSA,wholesretail,4,good,34,0.118,0.294,1,less50
41524,2009,11,1899.7777777777778,7.5494921992499595,1,WC,0,NoSA,wholesretail,5,very good,27,0.222,0.407,1,less50
41533,2014,16,2221.5049504950493,7.705940150820497,1,WC,0,NoSA,health,3,satisfactory,101,0.05,0.069,3,less250
41533,2015,17,2108.271028037383,7.653623472571917,0,NoWC,0,NoSA,health,4,good,107,0.075,0.103,3,less250
41533,2016,18,2321,7.749753406274437,0,NoWC,0,NoSA,health,4,good,97,0.258,0.052,2,less100
41533,2017,19,2479,7.8156105320351905,0,NoWC,0,NoSA,health,4,good,97,0.021,0.165,2,less100
41565,2000,2,8951.038068181819,9.099524789814842,0,NoWC,0,NoSA,wholesretail,4,good,55,0.418,0.782,2,less100
41565,2001,3,9277.300551470587,9.135325894613725,0,NoWC,0,NoSA,wholesretail,3,satisfactory,68,0.074,0.926,2,less100
41565,2006,8,7028.571428571428,8.857738753425085,0,NoWC,0,NoSA,wholesretail,2,sufficient,70,0.129,0.914,2,less100
41565,2007,9,5790.9,8.66404299890194,0,NoWC,0,NoSA,wholesretail,4,good,70,0.243,0.914,2,less100
41565,2008,10,5340.271428571428,8.583031759982967,0,NoWC,0,NoSA,wholesretail,3,satisfactory,70,0.257,0.886,2,less100
41565,2009,11,4367.088607594937,8.381851843546475,0,NoWC,0,NoSA,wholesretail,2,sufficient,79,0.203,0.924,2,less100
41591,2017,19,1396.7619047619048,7.241911911490267,1,WC,0,NoSA,health,3,satisfactory,21,0.857,0.857,1,less50
41591,2018,20,1145.7916666666667,7.0438510890091806,1,WC,0,NoSA,health,3,satisfactory,24,0.833,0.833,1,less50
41591,2019,21,763.8333333333334,6.6383496152810695,1,WC,0,NoSA,health,2,sufficient,24,0.833,0.792,1,less50
41591,2020,22,561.0333333333333,6.3297803214640105,1,WC,0,NoSA,health,4,good,30,0.767,0.833,1,less50
41591,2021,23,666.6363636363636,6.502244715295429,1,WC,0,NoSA,health,2,sufficient,33,0.545,0.848,1,less50
41622,2016,18,4846.742857142857,8.486062182476623,0,NoWC,0,NoSA,manufacturing,4,good,35,0.714,0.286,1,less50
41622,2017,19,5579.064516129032,8.626776391881377,0,NoWC,0,NoSA,manufacturing,4,good,31,0.548,0.129,1,less50
41622,2018,20,5718.631578947368,8.651484821302956,0,NoWC,0,NoSA,manufacturing,4,good,38,0.553,0.158,1,less50
41629,2000,2,2031.8871753246754,7.6167202832024685,0,NoWC,0,NoSA,transcom,2,sufficient,308,0.023,0.156,4,more250
41629,2001,3,3042.162972383721,8.020324045474835,0,NoWC,0,NoSA,transcom,3,satisfactory,172,0.041,0.238,3,less250
41629,2002,4,3115.75,8.044225172706486,0,NoWC,0,NoSA,transcom,4,good,168,0.048,0.167,3,less250
41629,2003,5,2504.1381215469614,7.825699891060918,0,NoWC,0,NoSA,transcom,2,sufficient,181,0.088,0.149,3,less250
41629,2004,6,2901.98125,7.9731489723619235,0,NoWC,0,NoSA,transcom,3,satisfactory,160,0.075,0.162,3,less250
41629,2005,7,2831.862068965517,7.9486897491661805,0,NoWC,0,NoSA,transcom,2,sufficient,174,0.075,0.155,3,less250
41629,2007,9,2370.5438596491226,7.770874684448638,0,NoWC,0,NoSA,transcom,3,satisfactory,171,0.064,0.152,3,less250
41629,2008,10,2307.5246913580245,7.743930666799941,0,NoWC,0,NoSA,transcom,3,satisfactory,162,0.068,0.154,3,less250
41629,2009,11,2142.8571428571427,7.669895331029034,0,NoWC,0,NoSA,transcom,2,sufficient,161,0.068,0.143,3,less250
41692,2000,2,1894.1380597014925,7.54651916427925,0,NoWC,0,NoSA,transcom,3,satisfactory,134,0.007,0.052,3,less250
41692,2001,3,1619.7654033687943,7.390036605004741,0,NoWC,0,NoSA,transcom,4,good,141,0.007,0.043,3,less250
41692,2002,4,1229.4820143884892,7.114348233154367,0,NoWC,0,NoSA,transcom,3,satisfactory,139,0.007,0.043,3,less250
41692,2003,5,828.2977099236641,6.719372642809456,0,NoWC,0,NoSA,transcom,1,unsatisfactory,131,0.008,0.061,3,less250
41692,2004,6,2203.1428571428573,7.697640191337593,0,NoWC,0,NoSA,transcom,3,satisfactory,126,0.008,0.095,3,less250
41715,1999,1,1985.5860995850621,7.593669413813964,0,NoWC,0,NoSA,manufacturing,1,unsatisfactory,241,0.004,0.834,3,less250
41715,2000,2,1986.0872448979592,7.5939217735989155,0,NoWC,0,NoSA,manufacturing,3,satisfactory,245,0.004,0.816,3,less250
41715,2002,4,2162.5443548387098,7.679040749503763,0,NoWC,0,NoSA,construction,3,satisfactory,248,0.004,0.81,3,less250
41720,2010,12,1233.878787878788,7.117917972638142,0,NoWC,0,NoSA,health,2,sufficient,33,0.364,0.667,1,less50
41720,2013,15,1262.5,7.140849161149515,0,NoWC,0,NoSA,health,2,sufficient,34,0.588,0.676,1,less50
41720,2015,17,2470.3478260869565,7.812114239985898,0,NoWC,0,NoSA,health,4,good,23,0.609,0.565,1,less50
41744,2014,16,2271.0416666666665,7.727993889214513,1,WC,0,NoSA,buservices,4,good,24,0.042,0.167,1,less50
41744,2017,19,2171.6060606060605,7.683222292875652,1,WC,0,NoSA,buservices,4,good,33,0.03,0.061,1,less50
41744,2018,20,1223.4545454545455,7.109433730949893,1,WC,0,NoSA,buservices,4,good,33,0.091,0.152,1,less50
41744,2019,21,1171.4545454545455,7.066001456900217,1,WC,0,NoSA,buservices,4,good,33,0.121,0.061,1,less50
41744,2020,22,1465.1935483870968,7.289742627664755,1,WC,0,NoSA,buservices,4,good,31,0.097,0.097,1,less50
41744,2021,23,1336.7027027027027,7.197961190897058,1,WC,0,NoSA,buservices,3,satisfactory,37,0.108,0.135,1,less50
41753,2012,14,639.458413926499,6.460621589860632,0,NoWC,0,NoSA,public,1,unsatisfactory,517,0.041,0.455,4,more250
41753,2015,17,7394.71875,8.908521341967287,0,NoWC,0,NoSA,public,1,unsatisfactory,64,0.344,0.797,2,less100
41753,2016,18,8418.448275862069,9.03818079997517,0,NoWC,0,NoSA,public,3,satisfactory,58,0.345,0.862,2,less100
41753,2017,19,11558.120689655172,9.355143558911385,0,NoWC,0,NoSA,public,4,good,58,0.259,0.793,2,less100
41753,2018,20,11673.133333333333,9.365045183958141,0,NoWC,0,NoSA,public,4,good,60,0.417,0.817,2,less100
41758,2017,19,2897.2285714285713,7.971509894010971,1,WC,0,NoSA,buservices,4,good,35,0.086,0,1,less50
41758,2018,20,2923.342857142857,7.980483054552399,1,WC,0,NoSA,buservices,4,good,35,0.029,0.057,1,less50
41758,2019,21,2871.1428571428573,7.962465437553591,1,WC,0,NoSA,buservices,4,good,35,0.086,0.029,1,less50
41761,2013,15,4324.324324324324,8.37201118157174,1,WC,0,NoSA,art,3,satisfactory,74,0.959,0.122,2,less100
41761,2015,17,3777.9125,8.236926887390918,1,WC,0,NoSA,art,4,good,80,0.838,0.062,2,less100
41761,2016,18,6182.4625,8.729471933869695,1,WC,0,NoSA,art,3,satisfactory,80,0.8,0.1,2,less100
41779,1998,0,857.8492689220184,6.754428406807842,0,NoWC,0,NoSA,buservices,3,satisfactory,109,0.018,0.165,3,less250
41779,1999,1,778.6647075688073,6.657580539312126,0,NoWC,0,NoSA,buservices,3,satisfactory,109,0.018,0.165,3,less250
41779,2000,2,829.7235521788991,6.721092575646646,0,NoWC,0,NoSA,buservices,2,sufficient,109,0.009,0.138,3,less250
41779,2002,4,655.1296296296297,6.4848331238855765,0,NoWC,0,NoSA,buservices,2,sufficient,108,0.019,0.13,3,less250
41827,2004,6,1735.3548387096773,7.458967189458294,1,WC,0,NoSA,manufacturing,2,sufficient,62,0.242,0.516,2,less100
41827,2005,7,1724.5230769230768,7.452705814092566,1,WC,0,NoSA,manufacturing,2,sufficient,65,0.369,0.538,2,less100
41827,2006,8,1201.921875,7.091677117142566,1,WC,0,NoSA,manufacturing,2,sufficient,64,0.266,0.531,2,less100
41827,2007,9,2013.857142857143,7.6078071387156125,1,WC,0,NoSA,manufacturing,3,satisfactory,63,0.635,0.556,2,less100
41827,2008,10,2014.9322033898304,7.608340827854364,1,WC,0,NoSA,manufacturing,3,satisfactory,59,0.203,0.542,2,less100
41827,2009,11,1811.7457627118645,7.50204616920474,1,WC,0,NoSA,manufacturing,3,satisfactory,59,0.407,0.542,2,less100
41827,2010,12,1707.65625,7.442877095311047,1,WC,0,NoSA,manufacturing,3,satisfactory,64,0.812,0.562,2,less100
41839,1999,1,3241.73375,8.083863573691822,0,NoWC,0,NoSA,public,3,satisfactory,50,0.82,0.36,1,less50
41839,2000,2,4903.169791666666,8.49763717121003,0,NoWC,0,NoSA,public,1,unsatisfactory,60,0.6,0.433,2,less100
41839,2001,3,5239.653977272727,8.564010740263074,0,NoWC,0,NoSA,public,4,good,55,0.655,0.473,2,less100
41850,2014,16,1005.2647058823529,6.913006174750064,1,WC,0,NoSA,buservices,2,sufficient,102,0.078,0.608,3,less250
41850,2015,17,1137.6078431372548,7.036682953484822,1,WC,0,NoSA,buservices,4,good,102,0.039,0.824,3,less250
41850,2016,18,887.1284403669724,6.787989774946093,1,WC,0,NoSA,buservices,4,good,109,0.055,0.606,3,less250
41850,2018,20,1521.169642857143,7.327234819805245,1,WC,0,NoSA,buservices,4,good,112,0.036,0.786,3,less250
41850,2020,22,2582.0280373831774,7.856330430132751,1,WC,0,NoSA,edu,4,good,107,0.037,0.804,3,less250
41855,2013,15,1394.810606060606,7.240513918773594,1,WC,1,SA,manufacturing,4,good,132,0.258,0.083,3,less250
41855,2016,18,1736.7226890756303,7.459755104143822,1,WC,0,NoSA,manufacturing,2,sufficient,119,0.303,0.118,3,less250
41855,2017,19,2462.045045045045,7.808747602696054,0,NoWC,0,NoSA,manufacturing,3,satisfactory,111,0.856,0.135,3,less250
41879,2014,16,2376.4857142857145,7.773378084794976,1,WC,0,NoSA,wholesretail,3,satisfactory,35,0.086,0.857,1,less50
41879,2015,17,2034.75,7.618128240207151,1,WC,0,NoSA,wholesretail,3,satisfactory,40,0.05,0.95,1,less50
41879,2016,18,1401.2682926829268,7.245133028847405,1,WC,0,NoSA,wholesretail,4,good,41,0.098,0.951,1,less50
41879,2017,19,1511.8947368421052,7.321118935825328,1,WC,1,SA,wholesretail,2,sufficient,38,0.132,0.947,1,less50
41887,2005,7,4191.949152542373,8.340921096285705,0,NoWC,0,NoSA,health,3,satisfactory,59,0.034,0.644,2,less100
41887,2006,8,3297.6666666666665,8.100970426655113,0,NoWC,0,NoSA,public,2,sufficient,57,0.053,0.877,2,less100
41887,2007,9,3789.5254237288136,8.239996072222537,0,NoWC,0,NoSA,public,4,good,59,0.017,0.898,2,less100
41957,2007,9,2301.178082191781,7.741176480431257,0,NoWC,0,NoSA,wholesretail,5,very good,146,0.151,0.082,3,less250
41957,2008,10,236.42944785276075,5.465649845679085,0,NoWC,1,SA,wholesretail,5,very good,163,0.368,0.086,3,less250
41957,2009,11,277.52517985611513,5.625911667290261,0,NoWC,1,SA,wholesretail,4,good,139,0.432,0.129,3,less250
41957,2010,12,415.75,6.030084118073037,0,NoWC,1,SA,wholesretail,3,satisfactory,128,0.57,0.141,3,less250
41957,2011,13,270.8346456692913,5.601508471072195,0,NoWC,1,SA,wholesretail,5,very good,127,0.472,0.094,3,less250
41964,2008,10,1374.3345588235295,7.225724935736328,0,NoWC,0,NoSA,public,3,satisfactory,272,0.037,0.651,4,more250
41964,2009,11,1316.793893129771,7.1829551922524,0,NoWC,0,NoSA,public,1,unsatisfactory,262,0.08,0.347,4,more250
41964,2010,12,972.7940074906367,6.8801723511298505,0,NoWC,0,NoSA,public,1,unsatisfactory,267,0.06,0.603,4,more250
41964,2011,13,1075.092936802974,6.980162389664907,0,NoWC,0,NoSA,public,4,good,269,0.048,0.572,4,more250
41964,2012,14,1215.4411764705883,7.102862398073063,0,NoWC,0,NoSA,public,1,unsatisfactory,272,0.074,0.412,4,more250
41964,2013,15,1185.1851851851852,7.077654315777535,0,NoWC,0,NoSA,public,2,sufficient,270,0.107,0.663,4,more250
41964,2014,16,1187.96992481203,7.08000118378735,0,NoWC,0,NoSA,public,2,sufficient,266,0.12,0.635,4,more250
41964,2016,18,3472.355212355212,8.152588378253158,1,WC,0,NoSA,public,4,good,259,0.151,0.51,4,more250
41964,2017,19,3556.223938223938,8.176454569404607,1,WC,0,NoSA,public,4,good,259,0.127,0.405,4,more250
41964,2018,20,2908,7.97522083865341,1,WC,0,NoSA,public,4,good,254,0.126,0.421,4,more250
41964,2019,21,3342.1929133858266,8.114382431422898,0,NoWC,0,NoSA,public,4,good,254,0.421,0.421,4,more250
41964,2020,22,4708.741758241758,8.457176008697687,0,NoWC,0,NoSA,art,3,satisfactory,182,0.17,0.566,3,less250
41964,2021,23,5546.783625730995,8.620973511854546,0,NoWC,0,NoSA,art,2,sufficient,171,0.216,0.526,3,less250
41969,1999,1,984.9068561422414,6.892547074408653,1,WC,1,SA,buservices,2,sufficient,29,0.241,0.172,1,less50
41969,2000,2,629.5982232862904,6.445081875126991,1,WC,0,NoSA,buservices,3,satisfactory,31,0.065,0.194,1,less50
41969,2001,3,854.0679572610294,6.750010765869735,1,WC,0,NoSA,buservices,4,good,34,0.265,0.176,1,less50
41970,2018,20,3211.25,8.074415548424094,0,NoWC,0,NoSA,health,4,good,64,0.516,0.703,2,less100
41970,2019,21,1932.4851485148515,7.566562095316834,0,NoWC,0,NoSA,health,3,satisfactory,101,0.317,0.772,3,less250
41970,2020,22,1786.8240740740741,7.488195062676921,0,NoWC,0,NoSA,edu,1,unsatisfactory,108,0.241,0.843,3,less250
41972,2017,19,2873.448275862069,7.963268077389778,0,NoWC,1,SA,wholesretail,4,good,87,0.954,0.471,2,less100
41972,2019,21,2727.745283018868,7.911230643276585,0,NoWC,1,SA,wholesretail,4,good,106,0.821,0.858,3,less250
41972,2020,22,2264.056603773585,7.724913440677315,0,NoWC,1,SA,wholesretail,4,good,106,0.877,0.66,3,less250
41972,2021,23,2306.1949152542375,7.743354222518974,0,NoWC,1,SA,wholesretail,1,unsatisfactory,118,0.873,0.746,3,less250
41973,2001,3,4903.391517857143,8.497682391177257,0,NoWC,0,NoSA,health,1,unsatisfactory,35,0.371,0.057,1,less50
41973,2002,4,3030.0638297872342,8.016338964217912,0,NoWC,1,SA,health,1,unsatisfactory,47,0.34,0.064,1,less50
41973,2005,7,1476.3194444444443,7.297307407519107,0,NoWC,1,SA,health,1,unsatisfactory,144,0.042,0.076,3,less250
41973,2006,8,786.8350515463917,6.66801863502234,0,NoWC,0,NoSA,health,2,sufficient,291,0.024,0.069,4,more250
41973,2007,9,647.9646017699115,6.473836067961886,0,NoWC,0,NoSA,health,1,unsatisfactory,339,0.021,0.086,4,more250
41973,2008,10,541.9098360655738,6.295099633478707,0,NoWC,0,NoSA,health,2,sufficient,366,0.038,0.117,4,more250
41973,2009,11,392.37808219178083,5.972225870350841,0,NoWC,0,NoSA,health,4,good,365,0.011,0.118,4,more250
41973,2010,12,524.7378917378917,6.262898884090346,0,NoWC,0,NoSA,health,4,good,351,0.04,0.097,4,more250
41973,2011,13,588.7952127659574,6.378078436889014,0,NoWC,0,NoSA,health,1,unsatisfactory,376,0.037,0.101,4,more250
42020,2000,2,1948.910355839416,7.575025703498204,1,WC,0,NoSA,manufacturing,3,satisfactory,137,0.088,0.307,3,less250
42020,2001,3,2023.6528776978416,7.612659512585301,1,WC,0,NoSA,manufacturing,4,good,139,0.144,0.309,3,less250
42020,2002,4,2240.698529411765,7.714542939723406,1,WC,0,NoSA,manufacturing,4,good,136,0.11,0.287,3,less250
42020,2003,5,2239.301470588235,7.713919252728399,1,WC,0,NoSA,manufacturing,4,good,136,0.103,0.294,3,less250
42020,2004,6,2632.9924812030076,7.8758763038914,1,WC,0,NoSA,manufacturing,4,good,133,0.105,0.293,3,less250
42020,2006,8,2612.208695652174,7.867951385999443,1,WC,0,NoSA,manufacturing,4,good,115,0.122,0.33,3,less250
42020,2007,9,2782.407079646018,7.931071688035402,1,WC,0,NoSA,manufacturing,4,good,113,0.08,0.345,3,less250
42020,2008,10,2995.890909090909,8.004996931788225,1,WC,0,NoSA,manufacturing,4,good,110,0.109,0.355,3,less250
42020,2009,11,3053.097345132743,8.023911877301156,1,WC,0,NoSA,manufacturing,4,good,113,0.027,0.354,3,less250
42020,2010,12,2382.8990825688074,7.776073127300956,1,WC,0,NoSA,manufacturing,4,good,109,0.11,0.349,3,less250
42020,2011,13,2605.4054054054054,7.865343567954413,1,WC,0,NoSA,manufacturing,5,very good,111,0.081,0.378,3,less250
42020,2012,14,3045.548076923077,8.021436156368678,1,WC,0,NoSA,manufacturing,5,very good,104,0.173,0.375,3,less250
42020,2014,16,3717.6470588235293,8.220846236078733,1,WC,0,NoSA,manufacturing,3,satisfactory,85,0.318,0.365,2,less100
42020,2015,17,3608.5844155844156,8.191070845777409,1,WC,0,NoSA,manufacturing,3,satisfactory,77,0.325,0.338,2,less100
42020,2016,18,3493.95,8.158788180345473,1,WC,0,NoSA,manufacturing,4,good,80,0.312,0.338,2,less100
42020,2017,19,3469.3658536585367,8.151727105132837,1,WC,0,NoSA,manufacturing,4,good,82,0.329,0.329,2,less100
42020,2018,20,3487.1279069767443,8.15683372709748,1,WC,0,NoSA,manufacturing,4,good,86,0.337,0.326,2,less100
42020,2020,22,3162.9684210526316,8.059266239396383,1,WC,0,NoSA,manufacturing,5,very good,95,0.158,0.316,2,less100
42025,1998,0,832.0365466101695,6.723876366070627,0,NoWC,0,NoSA,construction,3,satisfactory,59,0.051,0.441,2,less100
42025,1999,1,756.1357886904761,6.6282209747206915,0,NoWC,0,NoSA,construction,3,satisfactory,63,0.032,0.365,2,less100
42025,2000,2,778.1618923611111,6.656934590398866,0,NoWC,0,NoSA,construction,3,satisfactory,63,0.063,0.444,2,less100
42025,2001,3,738.9671415441177,6.605253456555234,0,NoWC,0,NoSA,construction,3,satisfactory,68,0.059,0.412,2,less100
42025,2002,4,923.9428571428572,6.828650226810346,0,NoWC,0,NoSA,construction,3,satisfactory,70,0.114,0.429,2,less100
42025,2003,5,814.8589743589744,6.70301506067178,0,NoWC,0,NoSA,construction,3,satisfactory,78,0.128,0.654,2,less100
42035,2016,18,1786.3461538461538,7.487927557800139,0,NoWC,0,NoSA,edu,4,good,26,0.077,0.885,1,less50
42035,2017,19,1894.2,7.546551864792001,0,NoWC,0,NoSA,edu,4,good,25,0.04,0.88,1,less50
42035,2019,21,1099.103448275862,7.002250079433105,0,NoWC,0,NoSA,edu,4,good,29,0.655,0.897,1,less50
42037,2001,3,4743.2814849624065,8.46448447156808,0,NoWC,0,NoSA,buservices,3,satisfactory,133,0.158,0.098,3,less250
42037,2002,4,4341.085271317829,8.37587965834966,0,NoWC,0,NoSA,buservices,2,sufficient,129,0.225,0.093,3,less250
42037,2003,5,3459.916030534351,8.148999599125592,1,WC,0,NoSA,buservices,4,good,131,0.374,0.053,3,less250
42037,2004,6,3875.968992248062,8.262550973042657,0,NoWC,0,NoSA,buservices,4,good,129,0.155,0.054,3,less250
42037,2005,7,7163.708333333333,8.876783049528436,0,NoWC,0,NoSA,buservices,4,good,72,0.889,0.153,2,less100
42037,2006,8,7130.434782608696,8.872127490877185,0,NoWC,0,NoSA,buservices,4,good,69,0.058,0.101,2,less100
42037,2007,9,5709.338028169014,8.649858363909983,0,NoWC,0,NoSA,buservices,4,good,71,0.028,0.056,2,less100
42037,2008,10,5340.271428571428,8.583031759982967,0,NoWC,0,NoSA,buservices,3,satisfactory,70,0.029,0.086,2,less100
42050,2002,4,2686.5405405405404,7.896009600522368,0,NoWC,0,NoSA,finance,3,satisfactory,74,0.689,0.608,2,less100
42050,2003,5,2427.4102564102564,7.7945802299291564,0,NoWC,0,NoSA,finance,4,good,78,0.654,0.641,2,less100
42050,2005,7,2254.0238095238096,7.720472257775435,0,NoWC,0,NoSA,finance,4,good,84,0.655,0.583,2,less100
42050,2006,8,2020.3658536585365,7.61103388966833,0,NoWC,0,NoSA,finance,4,good,82,0.671,0.598,2,less100
42050,2007,9,2028.6190476190477,7.615110568436928,0,NoWC,0,NoSA,finance,4,good,84,0.536,0.583,2,less100
42077,2000,2,885.94097900390625,6.786650333266451,1,WC,0,NoSA,manufacturing,4,good,32,0.062,0.156,1,less50
42077,2001,3,1077.6053427419354,6.982496583084917,1,WC,0,NoSA,manufacturing,3,satisfactory,31,0.065,0.226,1,less50
42077,2002,4,953.9354838709677,6.860596042191844,1,WC,0,NoSA,manufacturing,3,satisfactory,31,0.065,0.258,1,less50
42077,2006,8,679.5,6.521357233591198,1,WC,0,NoSA,manufacturing,3,satisfactory,34,0.029,0.029,1,less50
42084,2012,14,881.6,6.78173843839865,0,NoWC,1,SA,public,4,good,375,0.211,0.88,4,more250
42084,2013,15,839.8950131233596,6.7332768996492085,0,NoWC,1,SA,public,4,good,381,0.289,0.866,4,more250
42084,2014,16,810.2564102564103,6.697350753445357,0,NoWC,1,SA,public,4,good,390,0.279,0.746,4,more250
42084,2015,17,2435.8929503916447,7.798068683033169,0,NoWC,1,SA,public,4,good,383,0.287,0.697,4,more250
42084,2016,18,6180.006578947368,8.72907461500576,0,NoWC,1,SA,public,4,good,152,0.77,0.75,3,less250
42084,2018,20,6697.5125,8.80949146778507,0,NoWC,1,SA,public,4,good,160,0.7,0.787,3,less250
42084,2019,21,7161.89375,8.876529715206782,0,NoWC,1,SA,public,4,good,160,0.85,0.75,3,less250
42084,2020,22,7809.861842105263,8.963142552805978,0,NoWC,1,SA,public,4,good,152,0.888,0.757,3,less250
42084,2021,23,7006.513157894737,8.854595446563941,0,NoWC,1,SA,public,4,good,152,0.875,0.809,3,less250
42102,2002,4,3008.6190476190477,8.009236464301,1,WC,0,NoSA,manufacturing,4,good,21,0.095,0.095,1,less50
42102,2003,5,2614.4,7.868789904665684,1,WC,0,NoSA,manufacturing,2,sufficient,20,0.05,0.1,1,less50
42102,2004,6,2614.4,7.868789904665684,1,WC,0,NoSA,manufacturing,3,satisfactory,20,0.1,0.1,1,less50
42114,2016,18,3362.184210526316,8.120346104414686,1,WC,0,NoSA,manufacturing,4,good,38,0.632,0.211,1,less50
42114,2017,19,2688.089285714286,7.896585917502952,1,WC,0,NoSA,manufacturing,4,good,56,0.696,0.214,2,less100
42114,2018,20,2440.4761904761904,7.799948459277232,1,WC,0,NoSA,manufacturing,4,good,63,0.619,0.27,2,less100
42114,2019,21,3549.516666666667,8.174566722965436,1,WC,0,NoSA,manufacturing,5,very good,60,0.7,0.233,2,less100
42130,2013,15,1988.8857142857144,7.595329818322159,1,WC,0,NoSA,manufacturing,4,good,35,0.086,0.743,1,less50
42130,2014,16,2115.8709677419356,7.657221811790867,1,WC,0,NoSA,manufacturing,4,good,31,0.161,0.806,1,less50
42130,2015,17,1987.6363636363637,7.594701454809534,1,WC,0,NoSA,manufacturing,4,good,33,0.212,0.727,1,less50
42135,2012,14,937.1034482758621,6.842793679853946,0,NoWC,1,SA,manufacturing,4,good,29,0.069,0.034,1,less50
42135,2013,15,1521.88,7.327701691686502,0,NoWC,1,SA,manufacturing,4,good,25,0.08,0,1,less50
42135,2014,16,1460,7.286191714702382,0,NoWC,0,NoSA,manufacturing,4,good,27,0.037,0,1,less50
42135,2016,18,1821.5675675675675,7.5074527102254,0,NoWC,0,NoSA,manufacturing,3,satisfactory,37,0.027,0.027,1,less50
42135,2017,19,1509.8055555555557,7.319736150361992,0,NoWC,0,NoSA,manufacturing,3,satisfactory,36,0.028,0.028,1,less50
42135,2019,21,1278.8823529411766,7.153741813721175,0,NoWC,0,NoSA,manufacturing,5,very good,34,0.059,0.029,1,less50
42135,2020,22,679.40625,6.521219254977664,0,NoWC,0,NoSA,manufacturing,4,good,32,0.062,0.062,1,less50
42136,2009,11,4259.259259259259,8.356850541341059,0,NoWC,0,NoSA,transcom,4,good,81,0.173,0.333,2,less100
42136,2010,12,2677.6907216494847,7.892710031026717,0,NoWC,0,NoSA,transcom,4,good,97,0.155,0.258,2,less100
42136,2011,13,3143.478260869565,8.053085192217706,0,NoWC,0,NoSA,transcom,4,good,92,0.152,0.38,2,less100
42136,2013,15,3298.9690721649486,8.101365296272526,0,NoWC,0,NoSA,transcom,4,good,97,0.175,0.175,2,less100
42136,2014,16,1258.9641434262949,7.138044553437266,0,NoWC,0,NoSA,transcom,4,good,251,0.068,0.135,4,more250
42136,2015,17,2560.1788617886177,7.84783240291914,0,NoWC,0,NoSA,transcom,4,good,246,0.061,0.142,3,less250
42136,2016,18,3808.423387096774,8.244970573317158,0,NoWC,0,NoSA,transcom,5,very good,248,0.069,0.129,3,less250
42136,2017,19,3072.008583690987,8.030086888433901,0,NoWC,0,NoSA,transcom,4,good,233,0.034,0.146,3,less250
42136,2018,20,3685.151785714286,8.212066993928277,0,NoWC,0,NoSA,transcom,4,good,224,0.112,0.152,3,less250
42136,2019,21,4146.175115207373,8.329941529249776,0,NoWC,0,NoSA,transcom,4,good,217,0.124,0.147,3,less250
42136,2020,22,3663.246575342466,8.206105075649061,0,NoWC,0,NoSA,resthotels,5,very good,219,0.128,0.146,3,less250
42226,2019,21,2676.75,7.892358651038379,0,NoWC,0,NoSA,health,5,very good,48,0.062,0.833,1,less50
42226,2020,22,2123.740740740741,7.660934313113537,0,NoWC,0,NoSA,art,5,very good,54,0.056,0.889,2,less100
42226,2021,23,2158.8627450980393,7.677336855125727,0,NoWC,0,NoSA,art,4,good,51,0.059,0.725,2,less100
42238,2011,13,1878.1764705882354,7.538056622652938,1,WC,0,NoSA,construction,4,good,34,0.029,0.588,1,less50
42238,2012,14,1879.2285714285715,7.538616637267316,1,WC,0,NoSA,construction,4,good,35,0.029,0.514,1,less50
42238,2013,15,1548.060606060606,7.344758204585226,1,WC,0,NoSA,construction,4,good,33,0.03,0.485,1,less50
42252,2001,3,2975.737912735849,7.998247325117821,0,NoWC,0,NoSA,wholesretail,1,unsatisfactory,212,0.368,0.33,3,less250
42252,2002,4,2814.070351758794,7.942387237986839,1,WC,0,NoSA,wholesretail,1,unsatisfactory,199,0.387,0.533,3,less250
42252,2003,5,2277.6331658291456,7.730892097602251,1,WC,0,NoSA,wholesretail,3,satisfactory,199,0.472,0.623,3,less250
42252,2004,6,2777.777777777778,7.929406526514119,1,WC,1,SA,wholesretail,3,satisfactory,180,0.533,0.511,3,less250
42253,2009,11,990.8863636363636,6.898599859376019,1,WC,0,NoSA,manufacturing,1,unsatisfactory,44,0.045,0.955,1,less50
42253,2010,12,2126.756097560976,7.662353138931219,1,WC,0,NoSA,manufacturing,2,sufficient,41,0.073,0.927,1,less50
42253,2011,13,2930.7804878048782,7.983024044629171,1,WC,0,NoSA,manufacturing,3,satisfactory,41,0.073,0.951,1,less50
42253,2012,14,2904.8536585365855,7.974138292298209,1,WC,0,NoSA,manufacturing,3,satisfactory,41,0.024,0.951,1,less50
42253,2014,16,2154.025641025641,7.675093761557108,1,WC,0,NoSA,manufacturing,4,good,39,0.026,0.974,1,less50
42253,2015,17,2021.7727272727273,7.611729993299035,1,WC,0,NoSA,manufacturing,4,good,44,0.045,0.977,1,less50
42253,2016,18,2528.488888888889,7.835377126161515,1,WC,0,NoSA,manufacturing,4,good,45,0.089,0.978,1,less50
42253,2017,19,2268.5555555555557,7.726898588799981,1,WC,0,NoSA,manufacturing,4,good,45,0.022,0.978,1,less50
42253,2018,20,2171.0625,7.682971958040602,1,WC,0,NoSA,manufacturing,4,good,48,0.062,0.958,1,less50
42253,2019,21,1949.5416666666667,7.575349581195877,1,WC,0,NoSA,manufacturing,4,good,48,0.062,0.958,1,less50
42253,2020,22,2087.8536585365855,7.643891859638562,1,WC,0,NoSA,construction,2,sufficient,41,0.049,0.976,1,less50
42253,2021,23,2545.054054054054,7.8419071680730426,1,WC,0,NoSA,construction,3,satisfactory,37,0.108,0.973,1,less50
42285,2007,9,1203,7.0925737159746784,0,NoWC,0,NoSA,finance,4,good,98,0.122,0.133,2,less100
42285,2008,10,1180.6605504587155,7.0738293493608975,0,NoWC,0,NoSA,finance,2,sufficient,109,0.11,0.138,3,less250
42285,2009,11,1242.1818181818182,7.12462464322998,0,NoWC,0,NoSA,finance,1,unsatisfactory,110,0.1,0.145,3,less250
42334,2014,16,4579.710144927536,8.42939098797179,1,WC,0,NoSA,buservices,5,very good,69,0.014,0.725,2,less100
42334,2015,17,5701.2972972972975,8.648449023943668,1,WC,0,NoSA,buservices,4,good,74,0.014,0.676,2,less100
42334,2016,18,5758.310810810811,8.658399448668213,1,WC,0,NoSA,buservices,4,good,74,0.027,0.676,2,less100
42334,2017,19,6027.081081081081,8.704018106367679,1,WC,0,NoSA,buservices,5,very good,74,0.054,0.676,2,less100
42334,2018,20,4834.558823529412,8.483545157298005,1,WC,0,NoSA,buservices,4,good,68,0.044,0.662,2,less100
42334,2020,22,7897.551724137931,8.97430808208663,1,WC,0,NoSA,buservices,4,good,58,0.034,0.672,2,less100
42334,2021,23,8703.442307692309,9.071473893937751,1,WC,0,NoSA,buservices,3,satisfactory,52,0.038,0.558,2,less100
42338,2012,14,1056.1527777777778,6.9623881297275805,0,NoWC,0,NoSA,construction,4,good,72,0.056,0.083,2,less100
42338,2014,16,525.3134328358209,6.263995099374485,0,NoWC,0,NoSA,construction,4,good,67,0.373,0.075,2,less100
42338,2015,17,546.1343283582089,6.302864968120382,0,NoWC,0,NoSA,construction,4,good,67,0.299,0.075,2,less100
42338,2016,18,1245.7936507936508,7.127528076317775,0,NoWC,0,NoSA,construction,3,satisfactory,63,0.413,0.095,2,less100
42338,2017,19,1392.046875,7.238530514896355,0,NoWC,0,NoSA,construction,5,very good,64,0.766,0.094,2,less100
42338,2019,21,691.6779661016949,6.5391204803958205,0,NoWC,0,NoSA,construction,4,good,59,0.153,0.102,2,less100
42338,2021,23,1082.1509433962265,6.986705953739696,0,NoWC,0,NoSA,construction,4,good,53,0.472,0.113,2,less100
42342,2008,10,4008.8571428571427,8.296261477898629,0,NoWC,0,NoSA,manufacturing,4,good,35,0.257,0.029,1,less50
42342,2009,11,5457.028571428571,8.60465970291168,0,NoWC,0,NoSA,manufacturing,3,satisfactory,35,0.229,0.029,1,less50
42342,2010,12,3023.6153846153848,8.014208541583203,0,NoWC,0,NoSA,manufacturing,3,satisfactory,39,0.538,0.026,1,less50
42342,2011,13,2105.7818181818184,7.652442087223459,0,NoWC,0,NoSA,manufacturing,4,good,55,0.218,0.018,2,less100
42342,2012,14,1730.55,7.4561945560414085,0,NoWC,0,NoSA,manufacturing,2,sufficient,60,0.417,0.017,2,less100
42363,2014,16,4580.611111111111,8.429587698580795,0,NoWC,0,NoSA,buservices,3,satisfactory,36,0.861,0.139,1,less50
42363,2016,18,3162.6769230769232,8.05917407552691,0,NoWC,0,NoSA,buservices,3,satisfactory,65,0.385,0.123,2,less100
42363,2017,19,2777.1803278688526,7.929191421413462,1,WC,0,NoSA,buservices,3,satisfactory,61,0.426,0.131,2,less100
42386,2002,4,1643.4285714285713,7.404539930905514,1,WC,0,NoSA,wholesretail,3,satisfactory,70,0.1,0.229,2,less100
42386,2003,5,2309.4615384615386,7.744769676110657,0,NoWC,0,NoSA,wholesretail,4,good,65,0.2,0.277,2,less100
42386,2004,6,2993.153846153846,8.00408290852092,0,NoWC,0,NoSA,wholesretail,5,very good,65,0.154,0.277,2,less100
42408,2013,15,2119.8727272727274,7.65911133155861,0,NoWC,0,NoSA,transcom,4,good,110,0.391,0.809,3,less250
42408,2014,16,2100.774774774775,7.650061496038692,0,NoWC,0,NoSA,transcom,2,sufficient,111,0.423,0.793,3,less250
42408,2015,17,1801.4435483870968,7.496343593803245,0,NoWC,0,NoSA,transcom,3,satisfactory,124,0.379,0.806,3,less250
42408,2016,18,1693.01652892562,7.4342671451838935,0,NoWC,0,NoSA,transcom,4,good,121,0.521,0.818,3,less250
42408,2017,19,1834.7179487179487,7.514646042253892,0,NoWC,0,NoSA,transcom,3,satisfactory,117,0.538,0.829,3,less250
42408,2018,20,2052.8050847457625,7.6269624708388974,0,NoWC,0,NoSA,transcom,3,satisfactory,118,0.525,0.805,3,less250
42408,2019,21,2233.7916666666665,7.711455719536005,0,NoWC,0,NoSA,transcom,4,good,120,0.517,0.8,3,less250
42408,2020,22,1819.099173553719,7.506096697952042,0,NoWC,0,NoSA,transcom,3,satisfactory,121,0.099,0.769,3,less250
42409,1999,1,1844.571567357513,7.520002316694701,0,NoWC,0,NoSA,wholesretail,5,very good,386,0.505,0.627,4,more250
42409,2000,2,1508.0030120481927,7.318541545945345,0,NoWC,0,NoSA,wholesretail,5,very good,415,0.207,0.602,4,more250
42409,2001,3,1398.7947616407982,7.2433662602871545,0,NoWC,0,NoSA,wholesretail,5,very good,451,0.202,0.605,4,more250
42409,2002,4,1220.0435729847495,7.106641852650787,0,NoWC,0,NoSA,wholesretail,2,sufficient,459,0.2,0.59,4,more250
42409,2003,5,974.7290322580645,6.882159516739387,1,WC,0,NoSA,wholesretail,1,unsatisfactory,465,0.202,0.585,4,more250
42409,2004,6,1066.0980810234541,6.971760608958049,1,WC,0,NoSA,wholesretail,1,unsatisfactory,469,0.209,0.586,4,more250
42409,2005,7,1210.7676056338028,7.0990098222751215,1,WC,0,NoSA,wholesretail,4,good,426,0.209,0.577,4,more250
42412,2004,6,1524.3902439024391,7.329349769020185,0,NoWC,0,NoSA,transcom,3,satisfactory,328,0.009,0.049,4,more250
42412,2005,7,1637.4190476190477,7.400876529718859,0,NoWC,0,NoSA,transcom,2,sufficient,315,0.016,0.051,4,more250
42412,2006,8,1552.7,7.347750629987124,0,NoWC,0,NoSA,transcom,1,unsatisfactory,310,0.039,0.048,4,more250
42412,2007,9,1346.7209302325582,7.205427976202422,0,NoWC,0,NoSA,transcom,2,sufficient,301,0.043,0.047,4,more250
42427,2002,4,2227.8,7.708769830411089,0,NoWC,0,NoSA,wholesretail,3,satisfactory,25,0.16,0.2,1,less50
42427,2003,5,2146.5454545454545,7.67161506356221,0,NoWC,0,NoSA,wholesretail,2,sufficient,22,0.182,0.227,1,less50
42427,2004,6,2368.8333333333335,7.770152848510957,0,NoWC,0,NoSA,wholesretail,3,satisfactory,24,0.125,0.25,1,less50
42439,2000,2,11807.948113207547,9.376528152623921,1,WC,0,NoSA,manufacturing,3,satisfactory,53,0.189,0.491,2,less100
42439,2001,3,12131.854567307691,9.403589881208406,1,WC,0,NoSA,manufacturing,4,good,52,0.25,0.5,2,less100
42439,2002,4,11914.893617021276,9.385544461001274,1,WC,0,NoSA,manufacturing,4,good,47,0.234,0.532,1,less50
42439,2003,5,10301.113636363636,9.240007288408481,1,WC,0,NoSA,manufacturing,3,satisfactory,44,0.273,0.591,1,less50
42444,2002,4,4667.6274509803925,8.448406181091364,1,WC,0,NoSA,wholesretail,5,very good,102,0.471,0.069,3,less250
42444,2003,5,3332.7132352941176,8.111542036590691,1,WC,0,NoSA,wholesretail,3,satisfactory,136,0.426,0.103,3,less250
42444,2005,7,3344.9645390070923,8.11521137131244,1,WC,0,NoSA,wholesretail,4,good,141,0.404,0.113,3,less250
42456,1998,0,891.5289886660854,6.7929379535059855,0,NoWC,0,NoSA,manufacturing,3,satisfactory,1147,0.062,0.63,4,more250
42456,1999,1,717.750774153592,6.576122397584489,0,NoWC,0,NoSA,manufacturing,3,satisfactory,1211,0.05,0.609,4,more250
42456,2000,2,539.5010775862069,6.290644782075633,0,NoWC,0,NoSA,manufacturing,4,good,1160,0.099,0.489,4,more250
42456,2001,3,556.3107914462081,6.321327115502135,0,NoWC,0,NoSA,manufacturing,3,satisfactory,1134,0.105,0.492,4,more250
42456,2002,4,606.060606060606,6.406979991069647,0,NoWC,0,NoSA,manufacturing,2,sufficient,924,0.092,0.527,4,more250
42462,2008,10,991.4252873563219,6.899143591975245,0,NoWC,0,NoSA,wholesretail,4,good,174,0.023,0.914,3,less250
42462,2009,11,1303.0114942528735,7.172433398461895,0,NoWC,0,NoSA,wholesretail,5,very good,174,0.006,0.92,3,less250
42462,2010,12,1211.5474860335196,7.099653735554072,0,NoWC,0,NoSA,wholesretail,4,good,179,0.017,0.911,3,less250
42462,2011,13,1491.9567567567567,7.307843796936679,0,NoWC,0,NoSA,wholesretail,3,satisfactory,185,0.005,0.93,3,less250
42462,2012,14,1462.39010989011,7.2878274377462935,0,NoWC,0,NoSA,wholesretail,3,satisfactory,182,0.016,0.956,3,less250
42462,2014,16,1271.9462365591398,7.148303476150777,0,NoWC,0,NoSA,wholesretail,2,sufficient,186,0.022,0.887,3,less250
42462,2015,17,1292.7978142076502,7.164563997022557,0,NoWC,0,NoSA,wholesretail,3,satisfactory,183,0.022,0.902,3,less250
42462,2016,18,1652.1117318435754,7.409809586081707,0,NoWC,0,NoSA,wholesretail,3,satisfactory,179,0.078,0.911,3,less250
42462,2017,19,1597.0391061452515,7.3759066351695886,0,NoWC,0,NoSA,wholesretail,3,satisfactory,179,0.022,0.922,3,less250
42462,2018,20,1541.9664804469273,7.34081381617425,0,NoWC,0,NoSA,wholesretail,4,good,179,0.061,0.899,3,less250
42462,2021,23,1624.8791208791208,7.393188704845667,0,NoWC,0,NoSA,wholesretail,4,good,182,0.038,0.896,3,less250
42480,1998,0,1642.038594470046,7.403693794285504,0,NoWC,1,SA,transcom,2,sufficient,434,0.051,0.742,4,more250
42480,1999,1,2010.7432742782153,7.606259720896434,0,NoWC,1,SA,transcom,1,unsatisfactory,381,0.084,0.661,4,more250
42480,2000,2,1748.1040502793296,7.466287079775343,0,NoWC,1,SA,transcom,2,sufficient,358,0.081,0.726,4,more250
42481,2008,10,1761.0892857142858,7.473687808922608,1,WC,0,NoSA,buservices,1,unsatisfactory,56,0.429,0.482,2,less100
42481,2009,11,1308.3866666666668,7.176550105048767,1,WC,0,NoSA,buservices,1,unsatisfactory,75,0.387,0.667,2,less100
42481,2010,12,1172.104347826087,7.066556000154971,1,WC,0,NoSA,buservices,1,unsatisfactory,115,0.409,0.504,3,less250
42484,2012,14,1101.1486486486488,7.0041091400059194,1,WC,0,NoSA,public,4,good,74,0.027,0.514,2,less100
42484,2014,16,750.6056338028169,6.6208803924052555,1,WC,0,NoSA,public,5,very good,71,0.07,0.549,2,less100
42484,2015,17,1053.4225352112676,6.959799699654401,1,WC,0,NoSA,public,4,good,71,0.141,0.634,2,less100
42484,2016,18,1153.75,7.050772785817062,1,WC,0,NoSA,public,4,good,68,0.162,0.588,2,less100
42484,2018,20,2994.7580645161293,8.004618727492407,1,WC,0,NoSA,public,3,satisfactory,62,0.113,0.629,2,less100
42484,2019,21,2284.2,7.733771132616506,1,WC,0,NoSA,public,3,satisfactory,55,0.091,0.655,2,less100
42497,2002,4,680.0754716981132,6.5222037798028065,1,WC,0,NoSA,construction,3,satisfactory,53,0.019,0.34,2,less100
42497,2003,5,248.58620689655172,5.515789694418104,1,WC,0,NoSA,construction,3,satisfactory,58,0.017,0.397,2,less100
42497,2004,6,186.43103448275863,5.228061382399118,1,WC,0,NoSA,construction,2,sufficient,58,0.017,0.293,2,less100
42497,2005,7,221.31578947368422,5.399590593240608,1,WC,0,NoSA,construction,1,unsatisfactory,57,0.035,0.404,2,less100
42497,2006,8,316.17543859649123,5.756297244960432,1,WC,0,NoSA,construction,1,unsatisfactory,57,0.018,0.14,2,less100
42501,1998,0,8334.85606060606,9.028201525762361,0,NoWC,1,SA,manufacturing,4,good,66,0.091,0.424,2,less100
42501,2000,2,7631.966463414634,8.94010081891179,1,WC,1,SA,manufacturing,3,satisfactory,82,0.061,0.463,2,less100
42501,2001,3,7693.37118902439,8.948114352525579,1,WC,1,SA,manufacturing,3,satisfactory,82,0.061,0.5,2,less100
42501,2002,4,7567.5675675675675,8.931626969507162,1,WC,1,SA,manufacturing,3,satisfactory,74,0.068,0.5,2,less100
42504,2003,5,818.0555555555555,6.706930250623623,1,WC,0,NoSA,manufacturing,3,satisfactory,36,0.139,0.111,1,less50
42504,2004,6,1015.4,6.923037902513294,1,WC,0,NoSA,manufacturing,3,satisfactory,35,0.114,0.114,1,less50
42504,2005,7,1538.4857142857143,7.338553909236838,1,WC,0,NoSA,manufacturing,3,satisfactory,35,0.114,0.143,1,less50
42504,2006,8,1520.078947368421,7.326517551549708,1,WC,0,NoSA,manufacturing,3,satisfactory,38,0.079,0.132,1,less50
42504,2008,10,1506.2051282051282,7.317348606391988,1,WC,0,NoSA,manufacturing,2,sufficient,39,0.077,0.128,1,less50
42504,2009,11,1590.925,7.372070887063235,1,WC,0,NoSA,manufacturing,3,satisfactory,40,0.075,0.125,1,less50
42504,2010,12,1719.918918918919,7.450032428532947,1,WC,0,NoSA,manufacturing,4,good,37,0.108,0.135,1,less50
42504,2011,13,1767.6944444444443,7.477431402721061,1,WC,0,NoSA,manufacturing,4,good,36,0.139,0.139,1,less50
42504,2012,14,1719.918918918919,7.450032428532947,1,WC,0,NoSA,manufacturing,3,satisfactory,37,0.189,0.135,1,less50
42504,2013,15,1903.6666666666667,7.5515371299967535,1,WC,0,NoSA,manufacturing,3,satisfactory,36,0.194,0.194,1,less50
42504,2014,16,2294.59375,7.738311091575052,1,WC,0,NoSA,manufacturing,2,sufficient,32,0.219,0.25,1,less50
42504,2015,17,2294.59375,7.738311091575052,1,WC,0,NoSA,manufacturing,4,good,32,0.219,0.125,1,less50
42504,2016,18,2237.8,7.713248519373621,1,WC,0,NoSA,manufacturing,3,satisfactory,35,0.2,0.171,1,less50
42504,2017,19,2017.3157894736842,7.60952308964268,1,WC,0,NoSA,manufacturing,3,satisfactory,38,0.211,0.132,1,less50
42504,2019,21,2447.5833333333335,7.802856422173689,1,WC,0,NoSA,manufacturing,4,good,36,0.222,0.083,1,less50
42504,2021,23,2447.575,7.802853017448952,1,WC,0,NoSA,manufacturing,3,satisfactory,40,0.2,0.15,1,less50
42514,1999,1,3031.270703125,8.016737184559377,1,WC,1,SA,manufacturing,4,good,20,0.15,0.2,1,less50
42514,2006,8,1894.2,7.546551864792001,1,WC,1,SA,manufacturing,1,unsatisfactory,20,0.15,0.2,1,less50
42514,2010,12,1200.6666666666667,7.0906322370677914,1,WC,1,SA,manufacturing,4,good,24,0.042,0.083,1,less50
42514,2012,14,1816.8846153846155,7.504878563564491,1,WC,1,SA,manufacturing,4,good,26,0.154,0.154,1,less50
42514,2013,15,1154.7407407407406,7.051631130868297,1,WC,1,SA,manufacturing,4,good,27,0.148,0.148,1,less50
42514,2014,16,2624.4074074074074,7.872610399981374,0,NoWC,0,NoSA,manufacturing,5,very good,27,0.148,0.148,1,less50
42514,2015,17,2558.7916666666665,7.847290420835751,1,WC,0,NoSA,manufacturing,2,sufficient,24,0.167,0.083,1,less50
42514,2019,21,1749.5925925925926,7.467138235581643,1,WC,0,NoSA,manufacturing,4,good,27,0.111,0.148,1,less50
42514,2020,22,1687.107142857143,7.430770591410769,1,WC,0,NoSA,manufacturing,4,good,28,0.25,0.143,1,less50
42514,2021,23,2361.967741935484,7.767250339566455,1,WC,0,NoSA,manufacturing,5,very good,31,0.226,0.161,1,less50
42540,2019,21,1784.5714285714287,7.486933569347656,1,WC,0,NoSA,buservices,3,satisfactory,28,0.321,0.929,1,less50
42540,2020,22,1556.75,7.350355593752561,1,WC,0,NoSA,buservices,4,good,28,0.286,0.929,1,less50
42540,2021,23,1518.7857142857142,7.325666422391443,1,WC,0,NoSA,buservices,3,satisfactory,28,0.286,0.929,1,less50
42557,2004,6,1736.111111111111,7.459402897268383,0,NoWC,0,NoSA,health,4,good,288,0.198,0.792,4,more250
42557,2006,8,1640,7.402451520818244,0,NoWC,0,NoSA,health,4,good,300,0.157,0.77,4,more250
42557,2007,9,1512.5485074626865,7.321551260440441,0,NoWC,0,NoSA,health,4,good,268,0.179,0.716,4,more250
42567,2000,2,837.8444323144105,6.730832441618961,0,NoWC,0,NoSA,edu,3,satisfactory,229,0.114,0.205,3,less250
42567,2001,3,936.714507918552,6.842378548424972,0,NoWC,0,NoSA,edu,2,sufficient,221,0.113,0.367,3,less250
42567,2002,4,1015.2102803738318,6.922851042800671,0,NoWC,0,NoSA,edu,3,satisfactory,214,0.098,0.271,3,less250
42567,2004,6,1120.9052132701422,7.021891863984333,0,NoWC,0,NoSA,edu,2,sufficient,211,0.104,0.251,3,less250
42567,2005,7,1596.845744680851,7.3757855528678355,1,WC,0,NoSA,edu,3,satisfactory,188,0.138,0.213,3,less250
42580,2002,4,2596.3846153846152,7.861875223777645,0,NoWC,0,NoSA,construction,3,satisfactory,39,0.051,0.436,1,less50
42580,2003,5,1967.6829268292684,7.584611950215855,0,NoWC,0,NoSA,construction,4,good,41,0.049,0.439,1,less50
42580,2004,6,2029.4285714285713,7.615509540502442,0,NoWC,0,NoSA,construction,4,good,35,0.057,0.486,1,less50
42580,2005,7,1356.857142857143,7.212926380053754,0,NoWC,0,NoSA,construction,4,good,35,0.057,0.657,1,less50
42580,2006,8,2739.7419354838707,7.915619010816538,0,NoWC,0,NoSA,construction,4,good,31,0.065,0.516,1,less50
42580,2007,9,2207.2631578947367,7.699508636980251,0,NoWC,0,NoSA,construction,4,good,38,0.079,0.553,1,less50
42580,2008,10,2176.390243902439,7.685422931925027,0,NoWC,0,NoSA,construction,4,good,41,0.073,0.463,1,less50
42587,2001,3,1179.1709112149533,7.072566852893826,0,NoWC,0,NoSA,manufacturing,5,very good,535,0.099,0.578,4,more250
42587,2002,4,1044.7761194029852,6.9515579016405304,0,NoWC,0,NoSA,manufacturing,5,very good,536,0.101,0.694,4,more250
42587,2003,5,880.0951456310679,6.7800300216630065,0,NoWC,0,NoSA,manufacturing,4,good,515,0.105,0.742,4,more250
42587,2004,6,1086.9565217391305,6.991136887921188,0,NoWC,0,NoSA,manufacturing,4,good,460,0.093,0.767,4,more250
42587,2005,7,1261.0929095354522,7.13973401250169,0,NoWC,0,NoSA,manufacturing,4,good,409,0.105,0.834,4,more250
42587,2006,8,1248.7309644670052,7.129883086176512,0,NoWC,0,NoSA,manufacturing,1,unsatisfactory,394,0.112,0.695,4,more250
42587,2007,9,1168.193083573487,7.063213461004439,0,NoWC,0,NoSA,manufacturing,3,satisfactory,347,0.124,0.755,4,more250
42587,2008,10,1112.5565476190477,7.014415842069122,0,NoWC,0,NoSA,manufacturing,2,sufficient,336,0.125,0.735,4,more250
42598,2013,15,537.8151260504202,6.28751486923028,0,NoWC,0,NoSA,manufacturing,3,satisfactory,595,0.027,0.55,4,more250
42598,2015,17,2707.3333333333335,7.903719419578134,0,NoWC,1,SA,manufacturing,3,satisfactory,510,0.035,0.516,4,more250
42598,2016,18,1737.4779116465863,7.46018986463675,0,NoWC,1,SA,manufacturing,4,good,498,0.034,0.518,4,more250
42627,2011,13,903.75,6.8065527734729745,0,NoWC,0,NoSA,construction,3,satisfactory,320,0.013,0.269,4,more250
42627,2013,15,1454.5454545454545,7.282448728423548,0,NoWC,0,NoSA,construction,3,satisfactory,220,0.127,0.232,3,less250
42627,2014,16,1620.5128205128206,7.390497934005302,0,NoWC,0,NoSA,construction,4,good,195,0.159,0.159,3,less250
42644,2004,6,1270.3548387096773,7.147051540986371,1,WC,0,NoSA,construction,4,good,31,0.258,0.032,1,less50
42644,2005,7,1957.5555555555557,7.579451808333522,1,WC,0,NoSA,construction,3,satisfactory,27,0.333,0,1,less50
42644,2006,8,1772.1851851851852,7.479968632016804,1,WC,0,NoSA,construction,3,satisfactory,27,0.296,0,1,less50
42644,2007,9,1948.896551724138,7.575018620481726,1,WC,0,NoSA,construction,2,sufficient,29,0.207,0,1,less50
42644,2008,10,1455,7.282761179605593,1,WC,0,NoSA,construction,2,sufficient,26,0.462,0,1,less50
42650,2014,16,1377.2037037037037,7.227810420760567,1,WC,0,NoSA,construction,4,good,54,0.019,0.148,2,less100
42650,2015,17,1809.2363636363636,7.500660136692195,1,WC,0,NoSA,construction,2,sufficient,55,0.036,0.145,2,less100
42650,2016,18,1804.982142857143,7.498305977564106,1,WC,0,NoSA,construction,4,good,56,0.018,0.161,2,less100
42650,2018,20,1474.1612903225807,7.295844490319665,1,WC,0,NoSA,construction,3,satisfactory,62,0.016,0.161,2,less100
42667,2017,19,3117.912,8.044918825999426,1,WC,0,NoSA,construction,4,good,125,0.056,0.136,3,less250
42667,2018,20,3057.753968253968,8.025435928135895,1,WC,0,NoSA,construction,5,very good,126,0.063,0.135,3,less250
42667,2020,22,559.1323529411765,6.326386212466767,1,WC,0,NoSA,construction,4,good,136,0.059,0.147,3,less250
42671,2003,5,2084.3924050632913,7.642232679324378,1,WC,0,NoSA,manufacturing,2,sufficient,79,0.152,0.975,2,less100
42671,2004,6,1937.2588235294118,7.569029275301083,1,WC,1,SA,manufacturing,1,unsatisfactory,85,0.141,0.906,2,less100
42671,2006,8,2107.9277108433735,7.653460616304445,1,WC,1,SA,manufacturing,2,sufficient,83,0.181,0.759,2,less100
42671,2008,10,1883.8983050847457,7.541098475486623,1,WC,1,SA,manufacturing,2,sufficient,59,0.271,0.831,2,less100
42671,2009,11,2686.3050847457625,7.895921953933819,1,WC,1,SA,manufacturing,3,satisfactory,59,0.271,0.661,2,less100
42671,2010,12,3495.2830188679245,8.159169629606211,1,WC,1,SA,manufacturing,2,sufficient,53,0.302,0.906,2,less100
42673,2007,9,1937.032894736842,7.568912645574023,0,NoWC,0,NoSA,manufacturing,4,good,152,0.033,0.724,3,less250
42673,2008,10,1987.1045751633987,7.594433870841509,0,NoWC,0,NoSA,manufacturing,4,good,153,0.033,0.739,3,less250
42673,2009,11,1551.6490066225165,7.347073519639418,0,NoWC,0,NoSA,wholesretail,5,very good,151,0.053,0.742,3,less250
42673,2010,12,1686.5974025974026,7.430468407116471,0,NoWC,0,NoSA,manufacturing,5,very good,154,0.084,0.753,3,less250
42673,2011,13,1818.867924528302,7.505969567046515,0,NoWC,0,NoSA,manufacturing,5,very good,159,0.088,0.755,3,less250
42673,2012,14,1992.1987577639752,7.5969942111610145,0,NoWC,0,NoSA,manufacturing,5,very good,161,0.081,0.795,3,less250
42673,2013,15,1997.4102564102564,7.599606748676323,0,NoWC,0,NoSA,manufacturing,5,very good,156,0.077,0.782,3,less250
42673,2014,16,2090.5850340136053,7.645199226369073,0,NoWC,0,NoSA,manufacturing,4,good,147,0.048,0.776,3,less250
42673,2015,17,2070.8310810810813,7.635705294129462,0,NoWC,0,NoSA,manufacturing,4,good,148,0.095,0.757,3,less250
42673,2016,18,1975.3422818791946,7.588496969599856,0,NoWC,0,NoSA,manufacturing,4,good,149,0.114,0.799,3,less250
42673,2017,19,2199.189189189189,7.6958440210464785,0,NoWC,0,NoSA,manufacturing,4,good,148,0.095,0.75,3,less250
42673,2018,20,1947.4529411764706,7.574277613743827,0,NoWC,0,NoSA,manufacturing,4,good,170,0.088,0.741,3,less250
42673,2019,21,1897.4855491329479,7.548284893500573,0,NoWC,0,NoSA,manufacturing,4,good,173,0.075,0.757,3,less250
42673,2020,22,1554.6024096385543,7.34897510680042,0,NoWC,0,NoSA,manufacturing,4,good,166,0.078,0.795,3,less250
42673,2021,23,1792.4147727272727,7.491319024747736,0,NoWC,0,NoSA,manufacturing,4,good,176,0.08,0.767,3,less250
42711,2002,4,3293.541935483871,8.099718840801833,0,NoWC,0,NoSA,resthotels,3,satisfactory,155,0.026,0.116,3,less250
42711,2003,5,2924.1870967741934,7.980771805407496,0,NoWC,0,NoSA,resthotels,1,unsatisfactory,155,0.026,0.09,3,less250
42711,2004,6,1908.3969465648854,7.554018873643232,0,NoWC,0,NoSA,resthotels,2,sufficient,262,0.015,0.103,4,more250
42729,2001,3,1705.0173986486486,7.441330594151562,0,NoWC,0,NoSA,manufacturing,1,unsatisfactory,370,0.797,0.157,4,more250
42729,2002,4,1266.9683257918552,7.144382180633634,0,NoWC,0,NoSA,manufacturing,4,good,442,0.656,0.371,4,more250
42729,2003,5,1081.7398568019094,6.986326002404605,0,NoWC,0,NoSA,manufacturing,1,unsatisfactory,419,0.601,0.363,4,more250
42729,2004,6,1165.5011655011656,7.060906458476312,0,NoWC,0,NoSA,manufacturing,4,good,429,0.657,0.415,4,more250
42729,2005,7,1332.7829457364342,7.19502447551471,0,NoWC,0,NoSA,manufacturing,4,good,387,0.806,0.346,4,more250
42729,2006,8,1133.6405529953918,7.03318946137404,0,NoWC,0,NoSA,manufacturing,4,good,434,0.795,0.332,4,more250
42750,2015,17,1228.137254901961,7.113253873553966,1,WC,0,NoSA,buservices,4,good,51,0.02,0.843,2,less100
42750,2016,18,1850.5681818181818,7.523247996226173,1,WC,0,NoSA,buservices,4,good,44,0.068,0.886,1,less50
42750,2017,19,1384.7755102040817,7.233293318988755,1,WC,0,NoSA,buservices,4,good,49,0.02,0.735,1,less50
42750,2018,20,3231.1428571428573,8.08059117937596,1,WC,0,NoSA,buservices,4,good,21,0.048,0.571,1,less50
42758,2002,4,549.9680511182108,6.309860187663312,0,NoWC,0,NoSA,buservices,2,sufficient,313,0.045,0.112,4,more250
42758,2003,5,263.4501607717042,5.573864206910201,1,WC,0,NoSA,buservices,3,satisfactory,311,0.045,0.113,4,more250
42758,2004,6,280.3771043771044,5.636135498392605,1,WC,0,NoSA,buservices,2,sufficient,297,0.054,0.101,4,more250
42758,2005,7,610.9016949152542,6.41493605410801,1,WC,0,NoSA,buservices,2,sufficient,295,0.071,0.112,4,more250
42758,2009,11,345.0846681922197,5.8437898019719245,1,WC,0,NoSA,buservices,3,satisfactory,437,0.048,0.16,4,more250
42774,2003,5,789.6324041811847,6.671567526007177,0,NoWC,0,NoSA,public,4,good,574,0.439,0.411,4,more250
42774,2004,6,871.0801393728223,6.769733981084762,0,NoWC,0,NoSA,public,2,sufficient,574,0.193,0.423,4,more250
42774,2005,7,927.6744604316547,6.83268087429391,0,NoWC,0,NoSA,public,4,good,556,0.004,0.363,4,more250
42779,2001,3,816.1144081500647,6.704554551202411,0,NoWC,1,SA,finance,3,satisfactory,773,0.278,0.071,4,more250
42779,2005,7,949.8839779005525,6.856339848610556,0,NoWC,1,SA,finance,2,sufficient,543,0.425,0.063,4,more250
42779,2008,10,600.9951768488746,6.398586909293146,0,NoWC,1,SA,finance,1,unsatisfactory,622,0.268,0.072,4,more250
42841,1998,0,1342.520539314516,7.202304125569165,1,WC,0,NoSA,construction,2,sufficient,31,0.065,0.129,1,less50
42841,1999,1,1073.0418701171875,6.978252763413821,1,WC,0,NoSA,construction,3,satisfactory,32,0.156,0.125,1,less50
42841,2000,2,1919.8820891203704,7.560019051219564,1,WC,0,NoSA,construction,3,satisfactory,27,0.074,0.148,1,less50
42841,2001,3,1306.82421875,7.175355212421728,1,WC,0,NoSA,construction,2,sufficient,27,0.111,0.148,1,less50
42848,2003,5,1823.4347826086957,7.508477244656423,1,WC,0,NoSA,manufacturing,4,good,23,0.087,0.87,1,less50
42848,2004,6,1073.32,6.978511927432938,1,WC,0,NoSA,manufacturing,3,satisfactory,25,0.04,0.92,1,less50
42848,2005,7,1085,6.98933526597456,1,WC,0,NoSA,manufacturing,4,good,23,0.043,0.957,1,less50
42856,2004,6,2873.5632183908046,7.9633080781898,0,NoWC,0,NoSA,edu,3,satisfactory,174,0.908,0.431,3,less250
42856,2005,7,2566.10447761194,7.850144260485417,0,NoWC,0,NoSA,edu,4,good,201,0.891,0.284,3,less250
42856,2006,8,2617.021276595745,7.869792032644496,0,NoWC,0,NoSA,edu,3,satisfactory,188,0.824,0.585,3,less250
42856,2008,10,1143.177370030581,7.041566831135072,0,NoWC,0,NoSA,edu,4,good,327,0.535,0.511,4,more250
42856,2009,11,768.3741648106904,6.6442768082712425,0,NoWC,0,NoSA,edu,3,satisfactory,449,0.459,0.494,4,more250
42856,2010,12,494.7352380952381,6.204022746938476,0,NoWC,0,NoSA,edu,3,satisfactory,525,0.379,0.528,4,more250
42856,2011,13,486.0504201680672,6.186312363721117,0,NoWC,0,NoSA,edu,3,satisfactory,595,0.329,0.511,4,more250
42856,2012,14,511.7647058823529,6.237864960586459,0,NoWC,0,NoSA,edu,4,good,646,0.314,0.511,4,more250
42856,2013,15,537.8151260504202,6.28751486923028,0,NoWC,0,NoSA,edu,4,good,595,0.341,0.555,4,more250
42856,2014,16,592.8705440900563,6.384976068403205,0,NoWC,0,NoSA,edu,3,satisfactory,533,0.377,0.546,4,more250
42856,2017,19,2333.032608695652,7.754924249075766,0,NoWC,0,NoSA,edu,4,good,552,0.424,0.525,4,more250
42856,2018,20,2256.9446308724832,7.7217672443378325,0,NoWC,0,NoSA,edu,4,good,596,0.394,0.545,4,more250
42856,2019,21,2537.1712,7.838805038599622,0,NoWC,0,NoSA,edu,4,good,625,0.36,0.555,4,more250
42856,2021,23,946.7191679049034,6.853002500003821,0,NoWC,0,NoSA,buservices,4,good,673,0.367,0.473,4,more250
42896,2000,2,820.6270143728223,6.7100686997353245,0,NoWC,0,NoSA,wholesretail,2,sufficient,287,0.07,0.47,4,more250
42896,2001,3,910.8656027580071,6.814395359217599,0,NoWC,0,NoSA,wholesretail,2,sufficient,281,0.025,0.402,4,more250
42896,2002,4,1142.2251655629138,7.040733538524308,0,NoWC,0,NoSA,wholesretail,2,sufficient,302,0.053,0.361,4,more250
42896,2003,5,1532.9627118644069,7.334957554938943,0,NoWC,0,NoSA,wholesretail,2,sufficient,295,0.041,0.373,4,more250
42896,2004,6,1798.5611510791366,7.494742263713691,0,NoWC,0,NoSA,wholesretail,3,satisfactory,278,0.058,0.381,4,more250
42896,2007,9,2227.753246753247,7.708748843905412,0,NoWC,0,NoSA,wholesretail,1,unsatisfactory,154,0.071,0.338,3,less250
42906,2002,4,1690.8917197452229,7.433011313581197,0,NoWC,0,NoSA,wholesretail,1,unsatisfactory,314,0.255,0.064,4,more250
42906,2003,5,1595.9471830985915,7.375222684165537,0,NoWC,0,NoSA,wholesretail,2,sufficient,284,0.271,0.06,4,more250
42906,2004,6,2100.840336134454,7.650092703732854,0,NoWC,0,NoSA,wholesretail,4,good,238,0.307,0.067,3,less250
42912,2018,20,1291.9302325581396,7.163892683316514,1,WC,0,NoSA,manufacturing,2,sufficient,43,0.07,0.116,1,less50
42912,2019,21,1346.1136363636363,7.204976931874077,1,WC,0,NoSA,manufacturing,5,very good,44,0.136,0.136,1,less50
42912,2020,22,1555.2380952380952,7.349383928801033,1,WC,1,SA,manufacturing,5,very good,42,0.095,0.119,1,less50
42937,2015,17,3229.050156739812,8.079943303849099,0,NoWC,0,NoSA,public,4,good,319,0.094,0.389,4,more250
42937,2016,18,3343.5851393188855,8.114798905299896,0,NoWC,0,NoSA,public,4,good,323,0.146,0.393,4,more250
42937,2017,19,3037.1057142857144,8.018660273226804,0,NoWC,0,NoSA,public,4,good,350,0.18,0.491,4,more250
42937,2018,20,2902.8426395939086,7.973445756421738,0,NoWC,0,NoSA,public,4,good,394,0.165,0.416,4,more250
42937,2019,21,3139.381313131313,8.05178102545393,0,NoWC,0,NoSA,public,4,good,396,0.174,0.404,4,more250
42937,2021,23,2962.213157894737,7.993691956416279,0,NoWC,0,NoSA,buservices,5,very good,380,0.179,0.413,4,more250
42959,2003,5,1009.6627906976744,6.917371683491747,1,WC,0,NoSA,buservices,3,satisfactory,86,0.047,0.174,2,less100
42959,2004,6,1970.4415584415585,7.586012937957009,1,WC,0,NoSA,buservices,3,satisfactory,77,0.039,0.156,2,less100
42959,2005,7,3990.1805555555557,8.291591760879003,1,WC,0,NoSA,buservices,4,good,72,0.139,0.167,2,less100
42959,2006,8,6150,8.724207360800564,1,WC,0,NoSA,buservices,4,good,80,0.125,0.1,2,less100
42959,2007,9,4606.397727272727,8.435201426473093,1,WC,0,NoSA,buservices,4,good,88,0.159,0.136,2,less100
42964,2015,17,1635.3,7.399581552738345,1,WC,0,NoSA,health,4,good,70,0.014,0.471,2,less100
42964,2017,19,1968.4126984126983,7.5849827601052855,1,WC,0,NoSA,health,4,good,63,0.032,0.508,2,less100
42964,2018,20,1665.5873015873017,7.41793307390471,1,WC,0,NoSA,health,5,very good,63,0.032,0.508,2,less100
42986,1998,0,107.97887073863636,4.6819355666750395,0,NoWC,0,NoSA,manufacturing,2,sufficient,154,0.091,0.143,3,less250
42986,1999,1,134.97441913555195,4.905085272598532,0,NoWC,0,NoSA,manufacturing,3,satisfactory,154,0.091,0.097,3,less250
42986,2000,2,124.84158572635135,4.827045619391368,0,NoWC,0,NoSA,manufacturing,2,sufficient,148,0.081,0.142,3,less250
42986,2001,3,65.52151207890071,4.182378517405819,0,NoWC,0,NoSA,manufacturing,3,satisfactory,141,0.064,0.135,3,less250
43009,2002,4,2851.266666666667,7.955518618970963,0,NoWC,0,NoSA,transcom,1,unsatisfactory,30,0.4,0.7,1,less50
43009,2003,5,2949.6,7.989424846919935,0,NoWC,0,NoSA,transcom,1,unsatisfactory,30,0.2,0.667,1,less50
43009,2004,6,2826.6875,7.946860810373698,0,NoWC,0,NoSA,transcom,1,unsatisfactory,32,0.219,0.656,1,less50
43033,2016,18,260.0902612826603,5.561028729549324,0,NoWC,1,SA,manufacturing,3,satisfactory,421,0.416,0.508,4,more250
43033,2017,19,285.1277641277641,5.652937374999523,0,NoWC,1,SA,manufacturing,4,good,407,0.467,0.494,4,more250
43033,2020,22,290.31414868105514,5.6709636079795205,0,NoWC,1,SA,manufacturing,5,very good,417,0.436,0.487,4,more250
43033,2021,23,265.4255319148936,5.5813343189096605,0,NoWC,1,SA,manufacturing,3,satisfactory,423,0.428,0.605,4,more250
43076,1998,0,2550.374761450382,7.843995592628794,0,NoWC,1,SA,edu,2,sufficient,131,0.771,0.771,3,less250
43076,1999,1,2297.230665467626,7.739459617964088,0,NoWC,1,SA,edu,2,sufficient,139,0.633,0.719,3,less250
43076,2000,2,1956.65675,7.578992555998089,0,NoWC,1,SA,edu,4,good,125,0.888,0.752,3,less250
43076,2001,3,2619.746031746032,7.870832657608616,0,NoWC,0,NoSA,edu,4,good,126,0.27,0.754,3,less250
43076,2002,4,775.3739837398374,6.653345472623182,0,NoWC,0,NoSA,edu,3,satisfactory,123,0.39,0.748,3,less250
43076,2004,6,1953.734375,7.577497884262888,0,NoWC,1,SA,edu,1,unsatisfactory,128,0.375,0.734,3,less250
43076,2005,7,1700.970802919708,7.438954427592291,0,NoWC,0,NoSA,edu,1,unsatisfactory,137,0.467,0.745,3,less250
43076,2006,8,2226.039603960396,7.707979323213789,0,NoWC,0,NoSA,edu,2,sufficient,101,0.545,0.772,3,less250
43076,2007,9,2117.450980392157,7.65796827650248,0,NoWC,0,NoSA,edu,5,very good,102,0.549,0.775,3,less250
43076,2008,10,2730.864864864865,7.912373638325181,0,NoWC,0,NoSA,edu,4,good,111,0.459,0.766,3,less250
43076,2009,11,1929.9396551724137,7.565244014660071,0,NoWC,0,NoSA,edu,4,good,116,0.405,0.724,3,less250
43076,2011,13,1663.92,7.416931543302344,0,NoWC,0,NoSA,edu,5,very good,125,0.664,0.712,3,less250
43076,2012,14,1745.064,7.464546510181736,0,NoWC,0,NoSA,edu,5,very good,125,0.864,0.712,3,less250
43076,2013,15,1719.8085106382978,7.449968232585495,0,NoWC,0,NoSA,edu,5,very good,141,0.816,0.709,3,less250
43076,2014,16,1948.8814814814814,7.575010887746547,0,NoWC,0,NoSA,edu,5,very good,135,0.511,0.696,3,less250
43076,2015,17,1954.5,7.57788968523301,0,NoWC,0,NoSA,edu,4,good,138,0.406,0.667,3,less250
43076,2016,18,1963.2262773722628,7.582344458836641,0,NoWC,0,NoSA,edu,5,very good,137,0.365,0.664,3,less250
43076,2017,19,1955.3430656934306,7.578320938197557,0,NoWC,0,NoSA,edu,5,very good,137,0.365,0.628,3,less250
43076,2019,21,1628.958041958042,7.395695851338496,0,NoWC,0,NoSA,edu,4,good,143,0.385,0.657,3,less250
43076,2020,22,1553.6438356164383,7.348358312649077,0,NoWC,0,NoSA,health,5,very good,146,0.356,0.651,3,less250
43076,2021,23,2014.635761589404,7.608193694561892,0,NoWC,0,NoSA,health,5,very good,151,0.351,0.662,3,less250
43099,2009,11,1687.310975609756,7.430891402019119,0,NoWC,0,NoSA,manufacturing,3,satisfactory,164,0.159,0.512,3,less250
43099,2010,12,1583.7560975609756,7.367554581705901,0,NoWC,0,NoSA,manufacturing,1,unsatisfactory,164,0.226,0.5,3,less250
43099,2011,13,1652.5714285714287,7.410087795343233,0,NoWC,0,NoSA,manufacturing,5,very good,175,0.246,0.571,3,less250
43143,2012,14,1453.732142857143,7.281889420254176,1,WC,0,NoSA,construction,3,satisfactory,56,0.054,0.839,2,less100
43143,2013,15,1582.9642857142858,7.367054498485815,1,WC,0,NoSA,construction,3,satisfactory,56,0.018,0.821,2,less100
43143,2014,16,1372.982142857143,7.2247403997526884,1,WC,0,NoSA,construction,3,satisfactory,56,0.107,0.839,2,less100
43143,2015,17,1486.0357142857142,7.303867258828543,1,WC,0,NoSA,construction,4,good,56,0.125,0.804,2,less100
43143,2016,18,1545.9454545454546,7.34339094685966,0,NoWC,0,NoSA,construction,5,very good,55,0.109,0.818,2,less100
43172,2000,2,3502.2087912087914,8.161149131630753,0,NoWC,1,SA,manufacturing,3,satisfactory,91,0.297,0.066,2,less100
43172,2001,3,2398.5452586206898,7.782617690316181,0,NoWC,1,SA,manufacturing,2,sufficient,116,0.362,0.086,3,less250
43172,2002,4,2351.8606557377047,7.762962062253983,0,NoWC,1,SA,manufacturing,3,satisfactory,122,0.115,0.082,3,less250
43172,2003,5,2612.0333333333333,7.867884251927961,0,NoWC,1,SA,manufacturing,2,sufficient,90,0.156,0.133,2,less100
43180,2003,5,2030.4347826086957,7.616005227727839,1,WC,0,NoSA,construction,3,satisfactory,23,0.087,0.174,1,less50
43180,2005,7,2043.9166666666667,7.622623180759937,1,WC,0,NoSA,construction,3,satisfactory,24,0.042,0.208,1,less50
43180,2006,8,2132,7.664815785285735,1,WC,0,NoSA,construction,4,good,26,0.038,0.192,1,less50
43180,2011,13,4316.8,8.370269666013437,1,WC,0,NoSA,construction,4,good,25,0.04,0.2,1,less50
43183,2002,4,2043.7956204379561,7.622563956323262,0,NoWC,0,NoSA,manufacturing,4,good,274,0.182,0.201,4,more250
43183,2004,6,1773.049645390071,7.480456306466215,0,NoWC,0,NoSA,manufacturing,3,satisfactory,282,0.135,0.184,4,more250
43183,2005,7,1601.8229813664595,7.378897623000084,0,NoWC,0,NoSA,manufacturing,3,satisfactory,322,0.115,0.189,4,more250
43183,2006,8,1438.5964912280701,7.27142325841184,0,NoWC,0,NoSA,manufacturing,3,satisfactory,342,0.108,0.272,4,more250
43190,2001,3,356.7554096638655,5.877050419980914,0,NoWC,1,SA,public,4,good,595,0.103,0.815,4,more250
43190,2002,4,327.2799352750809,5.790815875854932,0,NoWC,0,NoSA,public,1,unsatisfactory,618,0.136,0.788,4,more250
43190,2003,5,330.48856209150324,5.800572050800297,0,NoWC,0,NoSA,public,1,unsatisfactory,612,0.175,0.662,4,more250
43200,2000,2,3189.3365234375,8.067568187763493,0,NoWC,0,NoSA,edu,3,satisfactory,40,0.475,0.125,1,less50
43200,2001,3,3197.412574404762,8.070097191219864,0,NoWC,0,NoSA,edu,3,satisfactory,42,0.857,0.119,1,less50
43200,2002,4,2409.8809523809523,7.787332627912309,0,NoWC,0,NoSA,edu,3,satisfactory,42,0.714,0.143,1,less50
43200,2003,5,2356,7.764720544771477,0,NoWC,0,NoSA,edu,4,good,43,0.326,0.14,1,less50
43200,2004,6,2220.717391304348,7.705585571901049,0,NoWC,0,NoSA,edu,3,satisfactory,46,0.413,0.109,1,less50
43200,2005,7,2220.717391304348,7.705585571901049,0,NoWC,0,NoSA,edu,3,satisfactory,46,0.848,0.13,1,less50
43200,2006,8,2428.777777777778,7.795143437693783,0,NoWC,0,NoSA,edu,4,good,45,0.911,0.111,1,less50
43208,2009,11,1702.3067484662577,7.4397395211352055,0,NoWC,0,NoSA,art,5,very good,163,0.411,0.098,3,less250
43208,2010,12,1697.6209150326797,7.436983088137664,0,NoWC,0,NoSA,art,5,very good,153,0.477,0.105,3,less250
43208,2011,13,1796.2732919254659,7.493469404282283,0,NoWC,0,NoSA,art,3,satisfactory,161,0.596,0.099,3,less250
43214,2006,8,6742.820512820513,8.816233590082891,0,NoWC,0,NoSA,public,4,good,39,0.103,0.128,1,less50
43214,2007,9,3687.2195121951218,8.212627933265567,0,NoWC,0,NoSA,public,3,satisfactory,41,0.122,0.171,1,less50
43214,2008,10,4549.820512820513,8.422843063435158,0,NoWC,0,NoSA,public,3,satisfactory,39,0.077,0.179,1,less50
43214,2009,11,7834.142857142857,8.966246749589619,0,NoWC,0,NoSA,public,3,satisfactory,28,0.071,0.036,1,less50
43214,2010,12,1210.9701492537313,7.099177093582671,0,NoWC,0,NoSA,public,4,good,201,0.01,0.129,3,less250
43216,2012,14,1167.8035714285713,7.062879974098376,1,WC,0,NoSA,health,4,good,56,0.071,0.482,2,less100
43216,2013,15,1167.8035714285713,7.062879974098376,1,WC,0,NoSA,health,4,good,56,0.071,0.554,2,less100
43216,2014,16,934.2413793103449,6.839734840932435,1,WC,0,NoSA,health,5,very good,58,0.069,0.586,2,less100
43216,2015,17,918.4067796610169,6.822640407573134,1,WC,0,NoSA,health,4,good,59,0.068,0.576,2,less100
43216,2016,18,1251.2142857142858,7.131869787336389,1,WC,0,NoSA,health,5,very good,56,0.107,0.375,2,less100
43216,2017,19,1141.857142857143,7.040411288570706,1,WC,0,NoSA,health,3,satisfactory,63,0.095,0.444,2,less100
43216,2018,20,891.123076923077,6.792482551402727,1,WC,0,NoSA,health,3,satisfactory,65,0.169,0.492,2,less100
43216,2019,21,1541.5,7.340511247326205,1,WC,0,NoSA,health,5,very good,50,0.22,0.56,1,less50
43216,2020,22,1064.3291139240507,6.970099939670556,1,WC,0,NoSA,buservices,5,very good,79,0.215,0.329,2,less100
43216,2021,23,1568.1964285714287,7.357681466387921,1,WC,0,NoSA,buservices,5,very good,56,0.161,0.464,2,less100
43217,2018,20,1002.7643312101911,6.9105157964554795,0,NoWC,1,SA,finance,3,satisfactory,157,0.013,0.191,3,less250
43217,2019,21,1946.4336283185842,7.573754068507992,0,NoWC,0,NoSA,finance,4,good,113,0.735,0.186,3,less250
43217,2020,22,1888.9285714285713,7.5437650538848215,0,NoWC,0,NoSA,buservices,4,good,112,0.741,0.188,3,less250
43271,2000,2,2160.065,7.67789359281803,0,NoWC,0,NoSA,construction,3,satisfactory,25,0.16,0.72,1,less50
43271,2002,4,5280.892857142857,8.571850464135823,0,NoWC,0,NoSA,construction,1,unsatisfactory,28,0.071,0.393,1,less50
43271,2003,5,658.7857142857143,6.49039831362046,0,NoWC,0,NoSA,construction,2,sufficient,28,0.071,0.393,1,less50
43271,2004,6,764.8275862068965,6.639650430917884,0,NoWC,0,NoSA,construction,2,sufficient,29,0.069,0.483,1,less50
43271,2005,7,1200.9565217391305,7.0908736197087245,0,NoWC,0,NoSA,construction,1,unsatisfactory,23,0.087,0.435,1,less50
43271,2006,8,1226.0869565217392,7.111583040997055,1,WC,0,NoSA,construction,1,unsatisfactory,23,0.174,0.435,1,less50
43271,2007,9,1229,7.113956109566034,1,WC,0,NoSA,construction,1,unsatisfactory,22,0.182,0.455,1,less50
43271,2008,10,1269.095238095238,7.146059514618738,1,WC,0,NoSA,construction,3,satisfactory,21,0.19,0.476,1,less50
43271,2009,11,649.6666666666666,6.476459410839451,1,WC,0,NoSA,construction,3,satisfactory,21,0.286,0.476,1,less50
43271,2010,12,1064.5714285714287,6.970327582666166,1,WC,0,NoSA,construction,2,sufficient,21,0.238,0.476,1,less50
43271,2011,13,1199.7619047619048,7.089878403391276,1,WC,0,NoSA,construction,2,sufficient,21,0.238,0.476,1,less50
43271,2012,14,1286.4761904761904,7.15966212434198,1,WC,0,NoSA,construction,1,unsatisfactory,21,0.19,0.714,1,less50
43271,2013,15,1264.590909090909,7.142503956836147,1,WC,0,NoSA,construction,1,unsatisfactory,22,0.045,0.455,1,less50
43271,2014,16,860.6,6.7576298204044996,1,WC,0,NoSA,construction,4,good,30,0.167,0.7,1,less50
43271,2015,17,1002.1923076923077,6.9099451870744035,1,WC,0,NoSA,construction,2,sufficient,26,0.385,0.731,1,less50
43271,2016,18,1013.92,6.9215792855752065,1,WC,0,NoSA,construction,3,satisfactory,25,0.24,0.72,1,less50
43271,2017,19,852,6.747586526829315,1,WC,1,SA,construction,4,good,25,0.04,0.68,1,less50
43271,2018,20,4630.923076923077,8.44051149587488,1,WC,0,NoSA,construction,4,good,26,0.192,0.654,1,less50
43271,2019,21,3530.448275862069,8.16918013219395,1,WC,0,NoSA,construction,4,good,29,0.207,0.655,1,less50
43271,2021,23,3020.1666666666665,8.013067296484103,1,WC,1,SA,construction,4,good,30,0.4,0.5,1,less50
43280,1998,0,1332.8978247549019,7.195110666644429,0,NoWC,0,NoSA,wholesretail,5,very good,102,0.529,0.363,3,less250
43280,1999,1,1239.418975515464,7.12239798065404,0,NoWC,0,NoSA,wholesretail,5,very good,97,0.443,0.361,2,less100
43280,2001,3,1911.887558411215,7.555846283519732,0,NoWC,0,NoSA,wholesretail,5,very good,107,0.607,0.402,3,less250
43280,2002,4,1562.4017857142858,7.353979522492106,0,NoWC,0,NoSA,wholesretail,5,very good,112,0.482,0.366,3,less250
43288,1998,0,1251.8867381840796,7.132407082858664,0,NoWC,0,NoSA,manufacturing,3,satisfactory,201,0.01,0.577,3,less250
43288,1999,1,844.8961854982207,6.73921376241103,0,NoWC,0,NoSA,manufacturing,3,satisfactory,281,0.004,0.52,4,more250
43288,2000,2,1608.4682937956204,7.383037634825258,0,NoWC,0,NoSA,mining,3,satisfactory,137,0.015,0.394,3,less250
43291,1998,0,6593.765070921986,8.793879795293323,1,WC,1,SA,transcom,4,good,141,0.468,0.34,3,less250
43291,1999,1,6589.869364754099,8.79328880404576,1,WC,0,NoSA,transcom,4,good,122,0.689,0.393,3,less250
43291,2000,2,4966.835317460317,8.510538159224565,0,NoWC,0,NoSA,transcom,4,good,126,0.651,0.357,3,less250
43291,2001,3,4320.934503424657,8.371226978081497,0,NoWC,0,NoSA,transcom,4,good,146,0.575,0.288,3,less250
43308,2017,19,1323.9285714285713,7.188358785969574,1,WC,1,SA,buservices,4,good,42,0.048,0.81,1,less50
43308,2018,20,1413.6181818181817,7.2539077829899625,1,WC,0,NoSA,buservices,5,very good,55,0.036,0.836,2,less100
43308,2021,23,1653.4237288135594,7.410603404241878,1,WC,0,NoSA,buservices,2,sufficient,59,0.017,0.763,2,less100
43314,2006,8,2061.7763157894738,7.631323179444048,1,WC,0,NoSA,buservices,2,sufficient,76,0.237,0.895,2,less100
43314,2007,9,1629.6842105263158,7.3961415391581635,1,WC,0,NoSA,buservices,3,satisfactory,76,0.171,0.882,2,less100
43314,2008,10,1515.2894736842106,7.323361771430343,1,WC,0,NoSA,buservices,3,satisfactory,76,0.171,0.882,2,less100
43314,2009,11,1427.154761904762,7.263438064227502,1,WC,0,NoSA,buservices,2,sufficient,84,0.202,0.821,2,less100
43314,2010,12,2248.896551724138,7.718194953446593,1,WC,0,NoSA,buservices,3,satisfactory,87,0.241,0.828,2,less100
43345,2016,18,1291.7714285714285,7.163769755821208,1,WC,0,NoSA,manufacturing,3,satisfactory,35,0.057,0.086,1,less50
43345,2017,19,1180.5277777777778,7.073716886767812,1,WC,0,NoSA,manufacturing,4,good,36,0.056,0.083,1,less50
43345,2018,20,1006.5526315789474,6.914286535395692,1,WC,0,NoSA,manufacturing,4,good,38,0.053,0.079,1,less50
43345,2019,21,1114.5348837209303,7.016192452220283,1,WC,0,NoSA,manufacturing,3,satisfactory,43,0.047,0.093,1,less50
43345,2020,22,2065.3636363636365,7.633061584983562,1,WC,0,NoSA,manufacturing,2,sufficient,44,0.068,0.023,1,less50
43345,2021,23,2782.2820512820513,7.931026751701657,1,WC,0,NoSA,manufacturing,1,unsatisfactory,39,0.051,0.077,1,less50
43352,2002,4,535.65,6.283480962708567,1,WC,0,NoSA,manufacturing,4,good,20,0.1,0.2,1,less50
43352,2005,7,340.4,5.830121396699219,0,NoWC,0,NoSA,manufacturing,3,satisfactory,25,0.08,0.12,1,less50
43352,2006,8,386.8181818181818,5.957954768209104,0,NoWC,0,NoSA,manufacturing,2,sufficient,22,0.091,0.136,1,less50
43352,2007,9,433.375,6.071603404005187,0,NoWC,0,NoSA,manufacturing,2,sufficient,24,0.083,0.125,1,less50
43352,2008,10,300.57142857142856,5.7056854248022875,0,NoWC,0,NoSA,manufacturing,1,unsatisfactory,28,0.071,0.143,1,less50
43352,2010,12,594.3571428571429,6.387480389285171,0,NoWC,0,NoSA,manufacturing,2,sufficient,28,0.036,0.071,1,less50
43352,2011,13,567.3333333333334,6.34094702046521,0,NoWC,0,NoSA,manufacturing,2,sufficient,30,0.133,0.1,1,less50
43373,2000,2,2791.5920557228915,7.934367341359786,0,NoWC,0,NoSA,health,4,good,83,0.084,0.349,2,less100
43373,2001,3,1709.679969879518,7.444061479864322,0,NoWC,0,NoSA,health,3,satisfactory,83,0.048,0.373,2,less100
43373,2002,4,2155.2168674698796,7.675646632031319,0,NoWC,0,NoSA,health,4,good,83,0.048,0.301,2,less100
43373,2003,5,1734.6235294117646,7.458545682906288,0,NoWC,0,NoSA,health,3,satisfactory,85,0.024,0.306,2,less100
43373,2004,6,1676.8,7.424642494126723,0,NoWC,0,NoSA,health,3,satisfactory,75,0.027,0.387,2,less100
43373,2005,7,1405.3703703703704,7.248056155833684,0,NoWC,0,NoSA,health,3,satisfactory,81,0.025,0.358,2,less100
43373,2006,8,1082.8024691358025,6.987307838062447,0,NoWC,0,NoSA,health,2,sufficient,81,0.012,0.407,2,less100
43420,2014,16,2677.9661016949153,7.892812868103384,1,WC,0,NoSA,buservices,3,satisfactory,118,0.458,0.153,3,less250
43420,2015,17,6339.40157480315,8.754539654144054,1,WC,0,NoSA,buservices,3,satisfactory,127,0.598,0.181,3,less250
43420,2016,18,6055.895522388059,8.708787543051042,1,WC,0,NoSA,buservices,3,satisfactory,134,0.567,0.276,3,less250
43420,2017,19,5912.142857142857,8.684763626264182,1,WC,0,NoSA,buservices,3,satisfactory,140,0.557,0.171,3,less250
43420,2018,20,6482.721088435374,8.77689562225899,1,WC,0,NoSA,buservices,3,satisfactory,147,0.544,0.286,3,less250
43442,1998,0,2358.944581280788,7.765969586669149,1,WC,0,NoSA,health,2,sufficient,203,0.005,0.744,3,less250
43442,1999,1,2178.056461352657,7.686188226642966,1,WC,1,SA,health,1,unsatisfactory,207,0.014,0.691,3,less250
43442,2000,2,1884.4259114583333,7.5413784972399105,0,NoWC,0,NoSA,health,1,unsatisfactory,240,0.004,0.754,3,less250
43442,2001,3,1538.6433069029852,7.338656337582431,0,NoWC,0,NoSA,health,1,unsatisfactory,268,0.09,0.646,4,more250
43444,2007,9,1938.08,7.569453071268492,0,NoWC,0,NoSA,health,3,satisfactory,75,0.493,0.627,2,less100
43444,2008,10,2096.671232876712,7.648106238866634,0,NoWC,0,NoSA,health,1,unsatisfactory,73,0.603,0.575,2,less100
43444,2009,11,2180.3898305084745,7.687258961130668,0,NoWC,1,SA,health,1,unsatisfactory,59,0.949,0.627,2,less100
43467,2015,17,495.90909090909093,6.2063926254688,1,WC,0,NoSA,wholesretail,5,very good,22,0.182,0.136,1,less50
43467,2016,18,1136.45,7.035664647604168,1,WC,0,NoSA,wholesretail,4,good,20,0.2,0.25,1,less50
43467,2017,19,995.7619047619048,6.903508177563377,1,WC,0,NoSA,wholesretail,4,good,21,0.19,0.238,1,less50
43467,2018,20,1074.4545454545455,6.97956841221387,1,WC,0,NoSA,wholesretail,4,good,22,0.136,0.182,1,less50
43467,2019,21,988.2173913043479,6.89590270522901,1,WC,0,NoSA,wholesretail,4,good,23,0.13,0.13,1,less50
43467,2020,22,826.5,6.717199917261079,1,WC,0,NoSA,transcom,4,good,22,0.136,0.273,1,less50
43468,2013,15,1297.9655172413793,7.168553330841335,0,NoWC,0,NoSA,public,3,satisfactory,87,0.023,0.46,2,less100
43468,2017,19,1842.906976744186,7.519099482572964,0,NoWC,0,NoSA,public,1,unsatisfactory,86,0.07,0.395,2,less100
43468,2018,20,1945.9529411764706,7.573507080118748,0,NoWC,0,NoSA,public,2,sufficient,85,0.071,0.365,2,less100
43468,2019,21,2046.0357142857142,7.623659402021841,0,NoWC,0,NoSA,public,3,satisfactory,84,0.048,0.357,2,less100
43468,2020,22,2259.2911392405063,7.722806387862934,0,NoWC,0,NoSA,public,3,satisfactory,79,0.051,0.342,2,less100
43483,2003,5,2312.4948979591836,7.746082263096226,0,NoWC,1,SA,transcom,1,unsatisfactory,196,0.291,0.301,3,less250
43483,2004,6,2747.252747252747,7.918356690327533,0,NoWC,1,SA,transcom,4,good,182,0.313,0.467,3,less250
43483,2005,7,2930.6079545454545,7.98296517350634,0,NoWC,1,SA,transcom,3,satisfactory,176,0.432,0.426,3,less250
43483,2006,8,2811.4285714285716,7.941448021550931,0,NoWC,1,SA,transcom,3,satisfactory,175,0.417,0.4,3,less250
43486,2009,11,2899.159663865546,7.972176202901967,0,NoWC,0,NoSA,edu,5,very good,119,0.034,0.571,3,less250
43486,2010,12,2182.655462184874,7.6882975164185705,0,NoWC,0,NoSA,edu,3,satisfactory,119,0.034,0.613,3,less250
43486,2011,13,2430.252100840336,7.795750276155217,0,NoWC,0,NoSA,edu,4,good,119,0.034,0.613,3,less250
43486,2012,14,2778.1512605042017,7.9295409712575315,0,NoWC,0,NoSA,health,5,very good,119,0.034,0.63,3,less250
43486,2013,15,2735.042735042735,7.913902339978153,0,NoWC,0,NoSA,health,3,satisfactory,117,0.034,0.615,3,less250
43486,2014,16,2611.5702479338843,7.867706946972308,0,NoWC,0,NoSA,health,4,good,121,0.033,0.636,3,less250
43486,2016,18,4669.9747899159665,8.448908952343439,0,NoWC,1,SA,health,5,very good,119,0.101,0.639,3,less250
43486,2018,20,4497.615384615385,8.41130262077417,0,NoWC,1,SA,health,4,good,117,0.094,0.632,3,less250
43515,2002,4,1372.0182926829268,7.224038141056225,0,NoWC,0,NoSA,finance,3,satisfactory,164,0.037,0.567,3,less250
43515,2003,5,2173.119205298013,7.68391883622904,0,NoWC,0,NoSA,finance,3,satisfactory,151,0.066,0.55,3,less250
43515,2004,6,2688.1721854304637,7.896616756671259,0,NoWC,0,NoSA,finance,1,unsatisfactory,151,0.046,0.596,3,less250
43515,2005,7,3047.1447368421054,8.021960279282595,0,NoWC,0,NoSA,finance,1,unsatisfactory,152,0.046,0.572,3,less250
43537,2014,16,1419.6,7.258130420772341,0,NoWC,0,NoSA,manufacturing,4,good,20,0.2,0.85,1,less50
43537,2015,17,1637.9545454545455,7.401203514000225,0,NoWC,0,NoSA,manufacturing,4,good,22,0.227,0.818,1,less50
43537,2019,21,2136.478260869565,7.666914079918606,0,NoWC,0,NoSA,manufacturing,3,satisfactory,23,0.087,0.87,1,less50
43544,2019,21,2258.655462184874,7.722524986989526,0,NoWC,0,NoSA,finance,4,good,119,0.58,0.21,3,less250
43544,2020,22,2960.619834710744,7.993153929014723,0,NoWC,0,NoSA,buservices,4,good,121,0.537,0.256,3,less250
43544,2021,23,3360.8260869565215,8.119942081952077,0,NoWC,0,NoSA,buservices,1,unsatisfactory,115,0.583,0.278,3,less250
43553,2000,2,2313.2335069444443,7.746401611283964,0,NoWC,0,NoSA,manufacturing,4,good,72,0.194,0.819,2,less100
43553,2001,3,2572.025390625,7.852448957246963,0,NoWC,0,NoSA,manufacturing,4,good,72,0.764,0.903,2,less100
43553,2003,5,1685.4305555555557,7.429776332731026,0,NoWC,0,NoSA,manufacturing,4,good,72,0.514,0.917,2,less100
43570,2010,12,291.2857142857143,5.674304621519142,0,NoWC,0,NoSA,public,3,satisfactory,28,0.214,0.036,1,less50
43570,2011,13,362.48,5.8929693003588826,0,NoWC,0,NoSA,public,3,satisfactory,25,0.4,0.04,1,less50
43570,2012,14,1391.642857142857,7.2382402398306285,0,NoWC,0,NoSA,public,3,satisfactory,28,0.5,0.036,1,less50
43570,2013,15,1456.392857142857,7.283718011828154,0,NoWC,0,NoSA,public,4,good,28,0.536,0.036,1,less50
43570,2014,16,1286.4827586206898,7.15966722986028,0,NoWC,0,NoSA,public,4,good,29,0.448,0.034,1,less50
43570,2015,17,1554.6296296296296,7.3489926159414125,0,NoWC,0,NoSA,public,4,good,27,0.481,0.037,1,less50
43570,2017,19,1664.962962962963,7.4175581577004435,0,NoWC,0,NoSA,public,4,good,27,0.593,0.037,1,less50
43570,2020,22,2492.035714285714,7.820855211379975,0,NoWC,0,NoSA,public,4,good,28,0.643,0.107,1,less50
43570,2021,23,1941.857142857143,7.571400084279935,0,NoWC,0,NoSA,public,4,good,28,0.536,0.071,1,less50
43586,2001,3,2519.704133064516,7.831896766098587,0,NoWC,0,NoSA,manufacturing,2,sufficient,62,0.016,0.403,2,less100
43586,2002,4,3142.1,8.052646645170974,0,NoWC,0,NoSA,manufacturing,3,satisfactory,60,0.05,0.367,2,less100
43586,2005,7,3611.621212121212,8.191912039746791,0,NoWC,0,NoSA,manufacturing,4,good,66,0.045,0.333,2,less100
43592,2011,13,1055.4878048780488,6.961758313340102,1,WC,0,NoSA,manufacturing,3,satisfactory,41,0.171,0.073,1,less50
43592,2012,14,1352.6875,7.209848633274748,1,WC,0,NoSA,manufacturing,4,good,32,0.344,0.062,1,less50
43592,2013,15,1611,7.384610383176974,1,WC,0,NoSA,manufacturing,3,satisfactory,22,0.318,0.045,1,less50
43604,2000,2,751.8246527777778,6.622503122262804,0,NoWC,0,NoSA,edu,4,good,612,0.268,0.719,4,more250
43604,2001,3,663.1198551829268,6.4969557508958165,0,NoWC,0,NoSA,edu,4,good,656,0.183,0.72,4,more250
43604,2002,4,672.8087774294671,6.511461154693536,0,NoWC,0,NoSA,edu,4,good,638,0.157,0.712,4,more250
43604,2005,7,662.5457227138643,6.496089570896077,0,NoWC,0,NoSA,health,4,good,678,0.111,0.724,4,more250
43604,2006,8,651.4745269286753,6.479238296688729,0,NoWC,0,NoSA,health,4,good,687,0.096,0.716,4,more250
43604,2007,9,594.3739002932551,6.387508583107836,0,NoWC,0,NoSA,health,4,good,682,0.088,0.57,4,more250
43604,2008,10,600.9951768488746,6.398586909293146,0,NoWC,0,NoSA,health,4,good,622,0.127,0.545,4,more250
43604,2009,11,549.3630573248407,6.308759529545298,0,NoWC,0,NoSA,health,4,good,628,0.135,0.503,4,more250
43604,2010,12,494.7352380952381,6.204022746938476,0,NoWC,0,NoSA,health,4,good,525,0.19,0.528,4,more250
43604,2011,13,486.0504201680672,6.186312363721117,0,NoWC,0,NoSA,health,4,good,595,0.143,0.511,4,more250
43604,2012,14,511.7647058823529,6.237864960586459,0,NoWC,0,NoSA,health,4,good,646,0.152,0.511,4,more250
43604,2013,15,537.8151260504202,6.28751486923028,0,NoWC,0,NoSA,health,4,good,595,0.155,0.555,4,more250
43604,2014,16,592.8705440900563,6.384976068403205,0,NoWC,0,NoSA,health,4,good,533,0.158,0.546,4,more250
43604,2015,17,1069.3,6.974759507762611,0,NoWC,0,NoSA,health,4,good,510,0.165,0.524,4,more250
43604,2016,18,905.9618573797678,6.808997205134417,0,NoWC,0,NoSA,health,4,good,603,0.133,0.491,4,more250
43604,2017,19,995.1449275362319,6.902888382367123,0,NoWC,0,NoSA,health,4,good,552,0.116,0.525,4,more250
43604,2019,21,921.152,6.825625060640205,0,NoWC,0,NoSA,health,4,good,625,0.09,0.555,4,more250
43604,2020,22,822.522962962963,6.712376400745817,0,NoWC,0,NoSA,art,4,good,675,0.095,0.526,4,more250
43604,2021,23,841.925705794948,6.735691774951431,0,NoWC,0,NoSA,art,4,good,673,0.104,0.473,4,more250
43609,2013,15,819.25,6.708389287578924,1,WC,0,NoSA,transcom,1,unsatisfactory,24,0.167,0.083,1,less50
43609,2014,16,390.10714285714283,5.966421426668339,1,WC,0,NoSA,transcom,3,satisfactory,28,0.143,0.143,1,less50
43609,2015,17,546.1428571428571,6.302880584641099,1,WC,0,NoSA,transcom,3,satisfactory,28,0.214,0.143,1,less50
43609,2016,18,624.1785714285714,6.436436499591157,1,WC,0,NoSA,transcom,1,unsatisfactory,28,0.179,0.143,1,less50
43609,2017,19,786.48,6.667567293058669,1,WC,0,NoSA,transcom,1,unsatisfactory,25,0.16,0.16,1,less50
43652,2016,18,3663.0365853658536,8.206047750543803,0,NoWC,0,NoSA,wholesretail,4,good,82,0.146,0.159,2,less100
43652,2017,19,5162.243902439024,8.549126628763073,0,NoWC,0,NoSA,wholesretail,4,good,82,0.159,0.171,2,less100
43652,2018,20,3936.6018518518517,8.278073155997882,0,NoWC,0,NoSA,wholesretail,4,good,108,0.167,0.12,3,less250
43663,2002,4,1525.8855585831063,7.330330214656762,0,NoWC,0,NoSA,manufacturing,1,unsatisfactory,367,0.033,0.038,4,more250
43663,2003,5,1141.6851385390428,7.040260641639553,0,NoWC,0,NoSA,manufacturing,3,satisfactory,397,0.033,0.033,4,more250
43663,2004,6,1515.1515151515152,7.3232707229438025,0,NoWC,0,NoSA,manufacturing,3,satisfactory,330,0.039,0.033,4,more250
43710,1998,0,1543.3726728723404,7.341725348069384,1,WC,0,NoSA,buservices,3,satisfactory,141,0.007,0.489,3,less250
43710,1999,1,1616.382340604027,7.387945808004838,1,WC,1,SA,buservices,1,unsatisfactory,149,0.034,0.456,3,less250
43710,2000,2,1484.8141705974842,7.30304490576164,0,NoWC,1,SA,buservices,1,unsatisfactory,159,0.031,0.491,3,less250
43710,2001,3,1354.8673780487804,7.211458852544875,0,NoWC,1,SA,buservices,1,unsatisfactory,164,0.03,0.457,3,less250
43710,2002,4,1323.6629834254143,7.188158159854446,0,NoWC,1,SA,buservices,1,unsatisfactory,181,0.028,0.464,3,less250
43710,2003,5,1080.284090909091,6.98497933266548,0,NoWC,1,SA,buservices,3,satisfactory,176,0.028,0.46,3,less250
43710,2005,7,1054.9217877094973,6.961221908289527,0,NoWC,1,SA,buservices,1,unsatisfactory,179,0.028,0.486,3,less250
43718,2016,18,864.3793103448276,6.762011689067272,0,NoWC,0,NoSA,manufacturing,4,good,29,0.138,0.276,1,less50
43718,2018,20,1577.8125,7.363794673053235,0,NoWC,0,NoSA,manufacturing,4,good,32,0.188,0.438,1,less50
43718,2019,21,1623.0588235294117,7.3920678105604605,0,NoWC,0,NoSA,manufacturing,4,good,34,0.147,0.235,1,less50
43718,2020,22,557.0851063829788,6.322718022479814,0,NoWC,0,NoSA,manufacturing,5,very good,47,0.128,0.447,1,less50
43718,2021,23,1861.9333333333334,7.529370653400839,0,NoWC,0,NoSA,manufacturing,5,very good,45,0.133,0.489,1,less50
43734,2009,11,4022.089285714286,8.29955676941844,1,WC,0,NoSA,resthotels,4,good,56,0.036,0.089,2,less100
43734,2010,12,3719.3548387096776,8.221305501772004,1,WC,0,NoSA,resthotels,5,very good,62,0.032,0.081,2,less100
43734,2011,13,4837.019607843137,8.484054026534663,1,WC,0,NoSA,resthotels,5,very good,51,0.039,0.118,2,less100
43738,2002,4,3548.809523809524,8.174367480822848,1,WC,0,NoSA,transcom,3,satisfactory,21,0.143,0.143,1,less50
43738,2005,7,5569.925925925926,8.625137034076333,1,WC,0,NoSA,transcom,2,sufficient,27,0.037,0.074,1,less50
43738,2006,8,3882.96875,8.264355281798176,1,WC,0,NoSA,transcom,2,sufficient,32,0.062,0.125,1,less50
43738,2007,9,4039,8.303752415563412,1,WC,0,NoSA,transcom,3,satisfactory,34,0.059,0.059,1,less50
43738,2008,10,3391.4117647058824,8.129001563449107,1,WC,0,NoSA,transcom,3,satisfactory,34,0.088,0.059,1,less50
43750,2019,21,3499.0625,8.160250354454517,1,WC,1,SA,health,1,unsatisfactory,64,0.875,0.141,2,less100
43750,2020,22,3498.7704918032787,8.160166897705196,1,WC,0,NoSA,buservices,4,good,61,0.967,0.115,2,less100
43750,2021,23,4229.677419354839,8.349881008932565,1,WC,1,SA,buservices,4,good,62,0.984,0.161,2,less100
43800,2009,11,755.9642857142857,6.627994133944966,0,NoWC,0,NoSA,manufacturing,4,good,28,0.571,0.571,1,less50
43800,2012,14,481.2258064516129,6.176336612029963,0,NoWC,0,NoSA,manufacturing,5,very good,31,0.258,0.581,1,less50
43800,2013,15,552.4193548387096,6.314307458645279,0,NoWC,0,NoSA,manufacturing,4,good,31,0.258,0.613,1,less50
43800,2014,16,875.3225806451613,6.774592482012359,0,NoWC,0,NoSA,manufacturing,4,good,31,0.065,0.613,1,less50
43813,2016,18,5254.751111111111,8.566887919888968,0,NoWC,0,NoSA,wholesretail,5,very good,225,0.018,0.671,3,less250
43813,2017,19,5041.793248945148,8.52551710114454,0,NoWC,0,NoSA,wholesretail,5,very good,237,0.021,0.675,3,less250
43813,2018,20,5657.190082644628,8.640682596094647,0,NoWC,0,NoSA,wholesretail,4,good,242,0.025,0.69,3,less250
43820,2017,19,1719.391304347826,7.4497256143516255,1,WC,0,NoSA,manufacturing,4,good,23,0.087,0.043,1,less50
43820,2018,20,2059.6666666666665,7.63029943639287,1,WC,0,NoSA,manufacturing,4,good,24,0.083,0.042,1,less50
43820,2019,21,1754.032258064516,7.469672563905839,1,WC,0,NoSA,manufacturing,5,very good,31,0.097,0.032,1,less50
43868,1999,1,953.0659950657895,6.85968415106325,0,NoWC,0,NoSA,manufacturing,3,satisfactory,912,0.273,0.485,4,more250
43868,2000,2,691.5151933701658,6.538885122476117,0,NoWC,0,NoSA,manufacturing,3,satisfactory,905,0.312,0.512,4,more250
43868,2001,3,706.4461786114222,6.5602470189133335,0,NoWC,0,NoSA,manufacturing,3,satisfactory,893,0.345,0.531,4,more250
43868,2002,4,606.060606060606,6.406979991069647,0,NoWC,0,NoSA,manufacturing,3,satisfactory,924,0.314,0.527,4,more250
43868,2003,5,623.4511691884456,6.435270444793224,0,NoWC,0,NoSA,manufacturing,3,satisfactory,727,0.347,0.557,4,more250
43868,2004,6,562.429696287964,6.3322661418904245,0,NoWC,0,NoSA,manufacturing,2,sufficient,889,0.317,0.541,4,more250
43893,2000,2,1254.4939903846155,7.134487575348303,1,WC,0,NoSA,manufacturing,4,good,26,0.308,0.308,1,less50
43893,2001,3,1372.091045673077,7.224091165904142,1,WC,0,NoSA,manufacturing,4,good,26,0.231,0.462,1,less50
43893,2002,4,1147.7878787878788,7.045591785231569,1,WC,1,SA,manufacturing,3,satisfactory,33,0.242,0.394,1,less50
43893,2004,6,1481.6756756756756,7.300928939582451,1,WC,0,NoSA,manufacturing,2,sufficient,37,0.027,0.324,1,less50
43893,2005,7,1515.0857142857142,7.323227293429326,1,WC,1,SA,manufacturing,3,satisfactory,35,0.143,0.429,1,less50
43918,1999,1,1408.9597098214285,7.250606916615054,0,NoWC,0,NoSA,manufacturing,3,satisfactory,35,0.343,0.571,1,less50
43918,2000,2,1990.7449448529412,7.596264191816456,0,NoWC,0,NoSA,manufacturing,4,good,34,0.353,0.294,1,less50
43918,2001,3,1787.3680160984848,7.488499434694366,0,NoWC,0,NoSA,manufacturing,4,good,33,0.424,0.242,1,less50
43918,2002,4,2063.090909090909,7.631960578552564,0,NoWC,0,NoSA,manufacturing,4,good,33,0.394,0.273,1,less50
43918,2004,6,2052.259259259259,7.6266965429781,1,WC,0,NoSA,manufacturing,4,good,27,0.333,0.333,1,less50
43918,2005,7,1681.037037037037,7.427166165906551,1,WC,0,NoSA,manufacturing,4,good,27,0.444,0.37,1,less50
43918,2006,8,1369.448275862069,7.222163219360504,1,WC,0,NoSA,manufacturing,4,good,29,0.724,0.31,1,less50
43918,2007,9,1174.3548387096773,7.0684742023436655,1,WC,0,NoSA,manufacturing,4,good,31,0.258,0.387,1,less50
43918,2008,10,1479.3870967741937,7.299383157183998,1,WC,0,NoSA,manufacturing,4,good,31,0.323,0.323,1,less50
43918,2009,11,1464.1290322580646,7.289015827425734,1,WC,0,NoSA,transcom,4,good,31,0.097,0.387,1,less50
43918,2010,12,1437.28,7.270507717480896,1,WC,0,NoSA,transcom,4,good,25,0.04,0.52,1,less50
43918,2011,13,2127.5416666666665,7.662722445057943,1,WC,0,NoSA,transcom,4,good,24,0.125,0.5,1,less50
43918,2012,14,2707.7083333333335,7.9038579226677435,1,WC,0,NoSA,transcom,4,good,24,0.375,0.417,1,less50
43918,2013,15,2560.9583333333335,7.848136816380852,1,WC,0,NoSA,transcom,4,good,24,0.5,0.333,1,less50
43918,2014,16,1706,7.441906728051625,1,WC,0,NoSA,transcom,4,good,24,0.375,0.333,1,less50
43918,2015,17,2413.923076923077,7.7890085357492165,1,WC,0,NoSA,transcom,4,good,26,0.231,0.308,1,less50
43918,2016,18,1309.2692307692307,7.177224421437617,1,WC,0,NoSA,transcom,4,good,26,0.385,0.385,1,less50
43918,2017,19,1080.6785714285713,6.985344429694446,1,WC,0,NoSA,transcom,4,good,28,0.464,0.357,1,less50
43918,2020,22,1722.3214285714287,7.451428327598726,1,WC,0,NoSA,transcom,4,good,28,0.786,0.429,1,less50
43918,2021,23,2060,7.630461261783627,1,WC,0,NoSA,transcom,5,very good,28,0.536,0.321,1,less50
43947,2014,16,1610.9354838709678,7.3845703351192995,1,WC,0,NoSA,manufacturing,3,satisfactory,31,0.129,0.065,1,less50
43947,2016,18,1452.7714285714285,7.2812283411967504,1,WC,0,NoSA,manufacturing,5,very good,35,0.229,0.114,1,less50
43947,2017,19,1261.0833333333333,7.139726418899026,1,WC,0,NoSA,manufacturing,2,sufficient,36,0.361,0.111,1,less50
43949,2012,14,1162.1319796954315,7.058011510734479,0,NoWC,0,NoSA,finance,5,very good,197,0.025,0.503,3,less250
43949,2013,15,1039.8151658767772,6.946798251221955,0,NoWC,0,NoSA,finance,5,very good,211,0.038,0.521,3,less250
43949,2014,16,865.2787610619469,6.763051722138622,0,NoWC,0,NoSA,finance,5,very good,226,0.035,0.553,3,less250
43949,2015,17,934.4489795918367,6.83995702892774,0,NoWC,0,NoSA,finance,4,good,245,0.033,0.42,3,less250
43961,2016,18,3335.5833333333335,8.112402855598036,1,WC,0,NoSA,wholesretail,4,good,24,0.583,0.542,1,less50
43961,2017,19,3735.875,8.225737340544882,1,WC,0,NoSA,wholesretail,3,satisfactory,24,0.583,0.625,1,less50
43961,2018,20,3602.4166666666665,8.189360195521926,1,WC,0,NoSA,wholesretail,3,satisfactory,24,0.542,0.625,1,less50
43961,2020,22,4402.958333333333,8.39003194246622,1,WC,0,NoSA,wholesretail,4,good,24,0.458,0.625,1,less50
43961,2021,23,4543.791666666667,8.42151711134524,1,WC,0,NoSA,wholesretail,4,good,24,0.25,0.625,1,less50
43962,2018,20,3643.309090909091,8.200647638567004,0,NoWC,0,NoSA,health,4,good,55,0.527,0.582,2,less100
43962,2019,21,3143.4,8.05306029564223,0,NoWC,0,NoSA,health,5,very good,55,0.6,0.727,2,less100
43962,2020,22,2416.101694915254,7.789910650435099,0,NoWC,0,NoSA,buservices,4,good,59,0.508,0.729,2,less100
43970,2014,16,1619.25,7.389718358063027,1,WC,0,NoSA,health,4,good,20,0.1,0.85,1,less50
43970,2015,17,1684.1904761904761,7.429040297782656,1,WC,0,NoSA,health,4,good,21,0.095,0.857,1,less50
43970,2016,18,2351.15,7.762659849141944,1,WC,0,NoSA,health,4,good,20,0.15,0.9,1,less50
43970,2017,19,2204.5,7.698256004797992,1,WC,0,NoSA,health,4,good,24,0.167,0.833,1,less50
43970,2018,20,2639.714285714286,7.878425965175377,1,WC,0,NoSA,health,4,good,21,0.095,0.81,1,less50
43970,2020,22,2424.896551724138,7.7935441433788295,1,WC,0,NoSA,edu,4,good,29,0.069,0.862,1,less50
43988,2015,17,823.0529411764705,6.7130205256755735,0,NoWC,0,NoSA,public,3,satisfactory,510,0.055,0.3,4,more250
43988,2016,18,843.4842454394693,6.737541224205748,0,NoWC,0,NoSA,public,3,satisfactory,603,0.043,0.259,4,more250
43988,2017,19,952.8605072463768,6.859468520691396,0,NoWC,0,NoSA,public,3,satisfactory,552,0.042,0.284,4,more250
43988,2018,20,955.2298657718121,6.8619520086610795,0,NoWC,0,NoSA,public,3,satisfactory,596,0.037,0.27,4,more250
43988,2019,21,959.2832,6.866186338900824,0,NoWC,0,NoSA,public,3,satisfactory,625,0.034,0.251,4,more250
43988,2020,22,959.7915407854985,6.8667161158673835,0,NoWC,0,NoSA,public,4,good,662,0.041,0.243,4,more250
43988,2021,23,1019.1322436849925,6.926706802707102,0,NoWC,0,NoSA,public,1,unsatisfactory,673,0.042,0.251,4,more250
44000,2002,4,2686.5,7.895994510168876,1,WC,0,NoSA,mining,3,satisfactory,24,0.042,0.458,1,less50
44000,2003,5,2958.576923076923,7.9924636624807555,1,WC,0,NoSA,mining,4,good,26,0.038,0.462,1,less50
44000,2005,7,3408.8846153846152,8.134140424508644,1,WC,0,NoSA,mining,4,good,26,0.038,0.423,1,less50
44000,2006,8,3048.1785714285716,8.022299501517116,1,WC,0,NoSA,mining,1,unsatisfactory,28,0.107,0.536,1,less50
44009,2013,15,569.3950177935943,6.344574424882218,0,NoWC,0,NoSA,health,2,sufficient,562,0.116,0.03,4,more250
44009,2014,16,643.5845213849287,6.467053364774529,0,NoWC,0,NoSA,health,4,good,491,0.134,0.09,4,more250
44009,2015,17,2805.0150214592277,7.939164173186389,0,NoWC,0,NoSA,health,4,good,466,0.135,0.097,4,more250
44009,2016,18,2162.3112745098038,7.678932963094639,0,NoWC,0,NoSA,health,5,very good,408,0.145,0.132,4,more250
44023,2001,3,641.9838689271255,6.464563177092555,0,NoWC,0,NoSA,construction,3,satisfactory,247,0.368,0.506,3,less250
44023,2002,4,384.07142857142856,5.950828547194419,0,NoWC,0,NoSA,construction,2,sufficient,266,0.372,0.526,4,more250
44023,2003,5,485.56273764258555,6.18530850212761,0,NoWC,0,NoSA,construction,2,sufficient,263,0.365,0.51,4,more250
44023,2005,7,571.6125827814569,6.3484614590769946,0,NoWC,0,NoSA,construction,1,unsatisfactory,302,0.348,0.546,4,more250
44023,2006,8,936.8384879725086,6.842510895953342,0,NoWC,0,NoSA,construction,4,good,291,0.381,0.55,4,more250
44023,2007,9,400.61486486486484,5.993000529045697,0,NoWC,0,NoSA,construction,3,satisfactory,296,0.409,0.527,4,more250
44023,2008,10,512.0912280701755,6.23850278899193,0,NoWC,0,NoSA,construction,2,sufficient,285,0.46,0.533,4,more250
44023,2009,11,507.66896551724136,6.229829592484511,0,NoWC,0,NoSA,construction,4,good,290,0.59,0.548,4,more250
44040,2014,16,731.6417910447761,6.595291037691138,1,WC,0,NoSA,wholesretail,2,sufficient,67,0.015,0.94,2,less100
44040,2015,17,807.943661971831,6.694492330807788,1,WC,0,NoSA,wholesretail,3,satisfactory,71,0.042,0.887,2,less100
44040,2016,18,928.6849315068494,6.83376953328891,0,NoWC,0,NoSA,wholesretail,3,satisfactory,73,0.096,0.959,2,less100
44040,2017,19,1073.6617647058824,6.978830295026354,0,NoWC,0,NoSA,wholesretail,3,satisfactory,68,0.044,0.926,2,less100
44040,2018,20,1322.0985915492959,7.186975595202191,0,NoWC,0,NoSA,wholesretail,3,satisfactory,71,0.113,0.93,2,less100
44040,2019,21,1469,7.292337176173877,0,NoWC,0,NoSA,wholesretail,3,satisfactory,71,0.169,0.944,2,less100
44063,2002,4,1433.4347826086957,7.267828789073066,1,WC,0,NoSA,edu,3,satisfactory,23,0.261,0.565,1,less50
44063,2003,5,1404.909090909091,7.247727875695158,1,WC,0,NoSA,edu,1,unsatisfactory,22,0.318,0.682,1,less50
44063,2004,6,1498.590909090909,7.3122805516439,1,WC,0,NoSA,edu,3,satisfactory,22,0.318,0.591,1,less50
44063,2006,8,1287.8333333333333,7.160716498705529,1,WC,0,NoSA,edu,3,satisfactory,24,0.458,0.625,1,less50
44063,2007,9,1966.8636363636363,7.584195490293821,1,WC,0,NoSA,edu,3,satisfactory,22,0.455,0.682,1,less50
44063,2008,10,2302.5238095238096,7.74176110880295,1,WC,0,NoSA,edu,3,satisfactory,21,0.524,0.619,1,less50
44063,2010,12,2116.7272727272725,7.657626435593255,1,WC,0,NoSA,edu,3,satisfactory,22,0.5,0.636,1,less50
44063,2011,13,1776.3103448275863,7.482293651995438,1,WC,0,NoSA,edu,2,sufficient,29,0.276,0.69,1,less50
44063,2012,14,2580.5714285714284,7.85576613733413,1,WC,0,NoSA,edu,3,satisfactory,21,0.333,0.667,1,less50
44063,2013,15,2443.190476190476,7.801060036368393,1,WC,0,NoSA,edu,3,satisfactory,21,0.476,0.19,1,less50
44071,2013,15,431.7038626609442,6.0677398500797635,0,NoWC,0,NoSA,manufacturing,4,good,233,0.073,0.798,3,less250
44071,2014,16,457.0701754385965,6.124836935863989,0,NoWC,0,NoSA,manufacturing,3,satisfactory,228,0.044,0.82,3,less250
44071,2015,17,481.0094786729858,6.175886976092441,0,NoWC,0,NoSA,manufacturing,4,good,211,0.047,0.791,3,less250
44071,2016,18,599.3333333333334,6.395817926363456,0,NoWC,0,NoSA,manufacturing,3,satisfactory,189,0.09,0.82,3,less250
44142,2014,16,325.3671497584541,5.784954236272862,0,NoWC,1,SA,wholesretail,4,good,207,0.019,0.43,3,less250
44142,2015,17,402.18410041841,5.996909945026603,0,NoWC,1,SA,wholesretail,5,very good,239,0.017,0.46,3,less250
44142,2016,18,302.39043824701196,5.711719024251938,0,NoWC,0,NoSA,wholesretail,5,very good,251,0.016,0.47,4,more250
44142,2017,19,256.05762711864406,5.545402525079227,0,NoWC,0,NoSA,wholesretail,4,good,295,0.014,0.38,4,more250
44142,2018,20,447.67832167832165,6.104074942538534,0,NoWC,1,SA,wholesretail,4,good,286,0.01,0.493,4,more250
44142,2019,21,648.3478260869565,6.474427320996223,0,NoWC,1,SA,wholesretail,5,very good,184,0.027,0.5,3,less250
44154,2016,18,1405.2592592592594,7.247977090908162,1,WC,0,NoSA,manufacturing,4,good,27,0.444,0.593,1,less50
44154,2017,19,1478.6176470588234,7.298862908030017,1,WC,0,NoSA,manufacturing,4,good,34,0.324,0.618,1,less50
44154,2018,20,2246.5526315789475,7.717152156492598,1,WC,0,NoSA,manufacturing,5,very good,38,0.316,0.658,1,less50
44154,2019,21,2371.35,7.7712146922103065,1,WC,0,NoSA,manufacturing,4,good,40,0.3,0.55,1,less50
44154,2021,23,2107.866666666667,7.653431656553923,1,WC,0,NoSA,manufacturing,3,satisfactory,45,0.244,0.578,1,less50
44193,2016,18,2199.9166666666665,7.696174759841109,0,NoWC,0,NoSA,construction,4,good,84,0.845,0.774,2,less100
44193,2017,19,2203.1157894736843,7.697627905327468,0,NoWC,0,NoSA,construction,4,good,95,0.547,0.768,2,less100
44193,2018,20,1491.6373626373627,7.307629696688568,0,NoWC,0,NoSA,construction,4,good,91,0.923,0.791,2,less100
44193,2019,21,2430.2285714285713,7.795740594227296,0,NoWC,0,NoSA,construction,4,good,105,0.6,0.771,3,less250
44193,2020,22,3250.387755102041,8.086529577469166,0,NoWC,0,NoSA,construction,4,good,98,0.571,0.816,2,less100
44212,2009,11,5948.275862068966,8.690856685467077,1,WC,0,NoSA,wholesretail,5,very good,58,0.017,0.603,2,less100
44212,2010,12,4556.771929824561,8.42436974169555,1,WC,0,NoSA,wholesretail,4,good,57,0.018,0.649,2,less100
44212,2011,13,4901.6949152542375,8.497336325361028,1,WC,0,NoSA,wholesretail,4,good,59,0.017,0.661,2,less100
44212,2013,15,5333.333333333333,8.58173171255381,1,WC,0,NoSA,wholesretail,4,good,60,0.033,0.65,2,less100
44212,2014,16,5180.327868852459,8.552623628395738,1,WC,0,NoSA,wholesretail,4,good,61,0.033,0.721,2,less100
44212,2015,17,4254.5,8.355732525289612,1,WC,0,NoSA,wholesretail,4,good,62,0.048,0.677,2,less100
44212,2017,19,3421.476923076923,8.137827585689674,1,WC,0,NoSA,wholesretail,4,good,65,0.046,0.662,2,less100
44212,2019,21,1958.9,7.5801383701893545,1,WC,0,NoSA,manufacturing,3,satisfactory,70,0.057,0.657,2,less100
44212,2021,23,1932.6857142857143,7.566665876380162,1,WC,0,NoSA,manufacturing,4,good,70,0.071,0.629,2,less100
44266,2000,2,212.28351314484127,5.3579227074027465,1,WC,0,NoSA,transcom,1,unsatisfactory,63,0.016,0.095,2,less100
44266,2001,3,346.68063256048384,5.8484039888880055,1,WC,0,NoSA,transcom,2,sufficient,62,0.016,0.097,2,less100
44266,2003,5,442.03333333333336,6.091385294015444,1,WC,0,NoSA,transcom,1,unsatisfactory,60,0.017,0.1,2,less100
44355,2017,19,1915.3636363636363,7.55766277202876,1,WC,0,NoSA,buservices,2,sufficient,22,0.136,0.545,1,less50
44355,2018,20,1560.6666666666667,7.352868359382747,1,WC,0,NoSA,buservices,4,good,21,0.143,0.571,1,less50
44355,2019,21,1465.695652173913,7.290085256646862,1,WC,0,NoSA,buservices,3,satisfactory,23,0.13,0.609,1,less50
44355,2020,22,1170.5,7.065186286930966,1,WC,0,NoSA,buservices,3,satisfactory,24,0.125,0.542,1,less50
44355,2021,23,1779.15,7.483891001143395,0,NoWC,0,NoSA,buservices,3,satisfactory,20,0.1,0.6,1,less50
44372,2014,16,2128.95,7.663384179413376,1,WC,0,NoSA,buservices,4,good,20,0.2,0.15,1,less50
44372,2015,17,2499.1739130434785,7.823715521468081,1,WC,0,NoSA,buservices,4,good,23,0.13,0.13,1,less50
44372,2016,18,2915.695652173913,7.977863715998974,1,WC,0,NoSA,buservices,4,good,23,0.13,0.174,1,less50
44372,2017,19,2794.2083333333335,7.935304101580178,1,WC,0,NoSA,buservices,4,good,24,0.042,0.25,1,less50
44401,2015,17,2335.3809523809523,7.75593030556697,0,NoWC,1,SA,transcom,2,sufficient,84,0.56,0.06,2,less100
44401,2016,18,2855.421686746988,7.95697481232067,0,NoWC,0,NoSA,transcom,2,sufficient,83,0.53,0.06,2,less100
44401,2017,19,2946.809523809524,7.988478346719251,0,NoWC,0,NoSA,transcom,4,good,84,0.476,0.048,2,less100
44432,2003,5,2149.48,7.672981231403633,1,WC,0,NoSA,manufacturing,2,sufficient,25,0.04,0.4,1,less50
44432,2004,6,1574.4,7.361629526297989,1,WC,0,NoSA,manufacturing,2,sufficient,35,0.171,0.4,1,less50
44432,2005,7,2732.4285714285716,7.912946079335221,1,WC,0,NoSA,manufacturing,3,satisfactory,21,0.143,0.333,1,less50
44432,2006,8,3170.4761904761904,8.061637073405594,1,WC,0,NoSA,manufacturing,3,satisfactory,21,0.143,0.333,1,less50
44432,2007,9,1683,7.428333194190806,0,NoWC,0,NoSA,manufacturing,3,satisfactory,23,0.174,0.565,1,less50
44432,2008,10,1314.96875,7.1815681800709354,1,WC,0,NoSA,manufacturing,3,satisfactory,32,0.094,0.438,1,less50
44432,2009,11,1310.5555555555557,7.178206414505556,1,WC,0,NoSA,manufacturing,3,satisfactory,36,0.028,0.417,1,less50
44432,2010,12,978.2777777777778,6.885793656064614,1,WC,0,NoSA,manufacturing,1,unsatisfactory,54,0.185,0.352,2,less100
44432,2011,13,1000.3934426229508,6.908148644226834,1,WC,0,NoSA,manufacturing,2,sufficient,61,0.164,0.475,2,less100
44432,2012,14,1244.7666666666667,7.126703375002178,1,WC,0,NoSA,manufacturing,3,satisfactory,60,0.217,0.517,2,less100
44432,2013,15,1328.8852459016393,7.1920957087862805,1,WC,0,NoSA,manufacturing,2,sufficient,61,0.23,0.492,2,less100
44432,2014,16,1280.6515151515152,7.155124223631152,1,WC,0,NoSA,manufacturing,3,satisfactory,66,0.212,0.485,2,less100
44432,2015,17,1502.0350877192982,7.314576192716536,1,WC,0,NoSA,manufacturing,2,sufficient,57,0.246,0.368,2,less100
44432,2016,18,1716.7735849056603,7.448201985519517,1,WC,0,NoSA,manufacturing,3,satisfactory,53,0.283,0.453,2,less100
44432,2017,19,1679.7307692307693,7.426388803144618,1,WC,0,NoSA,manufacturing,3,satisfactory,52,0.269,0.231,2,less100
44432,2018,20,1710.0384615384614,7.444271141371517,1,WC,0,NoSA,manufacturing,3,satisfactory,52,0.231,0.462,2,less100
44432,2019,21,1808.9807692307693,7.500518854731144,1,WC,0,NoSA,manufacturing,3,satisfactory,52,0.308,0.442,2,less100
44432,2020,22,1800.909090909091,7.496046866894226,1,WC,0,NoSA,manufacturing,2,sufficient,44,0.318,0.432,1,less50
44445,2016,18,2855.5666666666666,7.957025584590105,1,WC,0,NoSA,resthotels,5,very good,30,0.133,0.767,1,less50
44445,2017,19,2231.076923076923,7.710239673029946,1,WC,0,NoSA,resthotels,4,good,26,0.115,0.808,1,less50
44445,2018,20,2063.8,7.632304222681614,1,WC,0,NoSA,resthotels,4,good,25,0.16,0.8,1,less50
44445,2019,21,4110.259259259259,8.321241385612556,1,WC,0,NoSA,resthotels,3,satisfactory,27,0.148,0.778,1,less50
44445,2020,22,1573.2903225806451,7.360924452195009,1,WC,0,NoSA,finance,4,good,31,0.097,0.806,1,less50
44461,2000,2,1830.777633101852,7.512496091696913,0,NoWC,0,NoSA,finance,3,satisfactory,216,0.005,0.667,3,less250
44461,2002,4,1784.4151785714287,7.48684600947854,0,NoWC,0,NoSA,finance,4,good,224,0.009,0.371,3,less250
44461,2003,5,1716.9905213270142,7.448328340397097,0,NoWC,0,NoSA,finance,4,good,211,0.014,0.573,3,less250
44461,2005,7,1872.3978494623657,7.534975160879201,0,NoWC,0,NoSA,finance,4,good,186,0.022,0.478,3,less250
44462,2016,18,1092.4545454545455,6.996182320112929,0,NoWC,0,NoSA,manufacturing,3,satisfactory,22,0.045,0.5,1,less50
44462,2017,19,1241.409090909091,7.12400237706301,0,NoWC,0,NoSA,manufacturing,2,sufficient,22,0.045,0.591,1,less50
44462,2018,20,1183.5,7.0762314289540384,0,NoWC,0,NoSA,manufacturing,2,sufficient,24,0.125,0.542,1,less50
44466,2017,19,1287.4102564102564,7.160387926349447,1,WC,0,NoSA,health,2,sufficient,39,0.487,0.923,1,less50
44466,2018,20,1106.5777777777778,7.009027448731357,1,WC,0,NoSA,health,2,sufficient,45,0.533,0.756,1,less50
44466,2019,21,1426.5813953488373,7.263036228506158,1,WC,0,NoSA,health,2,sufficient,43,0.465,0.744,1,less50
44479,2000,2,539.5010775862069,6.290644782075633,0,NoWC,0,NoSA,buservices,2,sufficient,1160,0.034,0.449,4,more250
44479,2001,3,2707.5383583690987,7.903795146224132,0,NoWC,0,NoSA,buservices,3,satisfactory,233,0.129,0.403,3,less250
44479,2002,4,2393.162393162393,7.780370947353631,0,NoWC,0,NoSA,buservices,3,satisfactory,234,0.132,0.162,3,less250
44520,2000,2,2679.3002485795455,7.89331093813574,0,NoWC,0,NoSA,manufacturing,2,sufficient,176,0.011,0.415,3,less250
44520,2001,3,3048.201236263736,8.022306937023393,0,NoWC,0,NoSA,manufacturing,2,sufficient,182,0.022,0.566,3,less250
44520,2002,4,2457.828729281768,7.807033608805603,0,NoWC,0,NoSA,manufacturing,2,sufficient,181,0.033,0.762,3,less250
44520,2003,5,2560.728813559322,7.848047189752914,0,NoWC,0,NoSA,manufacturing,3,satisfactory,177,0.028,0.627,3,less250
44520,2004,6,2558.4772727272725,7.8471675451598735,0,NoWC,0,NoSA,manufacturing,3,satisfactory,176,0.045,0.71,3,less250
44520,2005,7,2753.3699421965316,7.920580873955808,0,NoWC,0,NoSA,manufacturing,2,sufficient,173,0.04,0.723,3,less250
44535,2011,13,373.76,5.923613880199808,1,WC,0,NoSA,buservices,5,very good,50,0.56,0.12,1,less50
44535,2012,14,619.66,6.429170940523164,0,NoWC,0,NoSA,buservices,4,good,50,0.52,0.12,1,less50
44535,2013,15,848.741935483871,6.743755177188732,0,NoWC,0,NoSA,buservices,4,good,62,0.29,0.065,2,less100
44535,2014,16,622.4931506849315,6.433732625362557,0,NoWC,1,SA,buservices,3,satisfactory,73,0.247,0.192,2,less100
44535,2015,17,606.3150684931506,6.407399765965535,0,NoWC,1,SA,buservices,4,good,73,0.534,0.205,2,less100
44535,2017,19,379.0133333333333,5.937571384762647,0,NoWC,1,SA,buservices,4,good,75,0.56,0.227,2,less100
44535,2018,20,263.2037037037037,5.572928271174737,0,NoWC,1,SA,buservices,4,good,108,0.361,0.259,3,less250
44535,2019,21,273.22222222222223,5.610285464879973,0,NoWC,1,SA,buservices,3,satisfactory,108,0.37,0.222,3,less250
44556,2018,20,1202.9444444444443,7.092527534064125,1,WC,0,NoSA,transcom,3,satisfactory,36,0.333,0.139,1,less50
44556,2019,21,1443.53125,7.2748476476390085,1,WC,0,NoSA,transcom,4,good,32,0.312,0.125,1,less50
44556,2020,22,1229.6666666666667,7.114498408928566,1,WC,0,NoSA,transcom,4,good,36,0.278,0.139,1,less50
44556,2021,23,879.8571428571429,6.77975955663173,1,WC,0,NoSA,transcom,3,satisfactory,35,0.343,0.114,1,less50
44566,2013,15,1904.7619047619048,7.55211229537265,1,WC,1,SA,health,4,good,168,0.006,0.125,3,less250
44566,2014,16,1880.952380952381,7.53953351316579,1,WC,1,SA,health,4,good,168,0.006,0.131,3,less250
44566,2015,17,3828.7423312883434,8.250291655216698,1,WC,1,SA,health,4,good,163,0.012,0.123,3,less250
44566,2016,18,3813.188311688312,8.246220945390847,1,WC,1,SA,health,4,good,154,0.013,0.13,3,less250
44566,2018,20,4217.6,8.347021524868133,0,NoWC,1,SA,health,4,good,150,0.02,0.127,3,less250
44566,2019,21,4172.673469387755,8.33631222912063,0,NoWC,1,SA,health,3,satisfactory,147,0.027,0.136,3,less250
44566,2020,22,4375.580419580419,8.38379445732485,0,NoWC,1,SA,buservices,4,good,143,0.007,0.154,3,less250
44587,2019,21,2705.3728813559323,7.902995030710396,0,NoWC,0,NoSA,resthotels,4,good,59,0.542,0.085,2,less100
44587,2020,22,2975.315789473684,7.9981054600687065,0,NoWC,0,NoSA,transcom,5,very good,57,0.614,0.088,2,less100
44587,2021,23,2536.2881355932204,7.838456927239193,0,NoWC,0,NoSA,transcom,3,satisfactory,59,0.78,0.119,2,less100
44620,2018,20,3651.1190476190477,8.202788987976701,0,NoWC,0,NoSA,wholesretail,3,satisfactory,42,0.333,0.071,1,less50
44620,2020,22,2377.4651162790697,7.773790121874079,1,WC,0,NoSA,wholesretail,3,satisfactory,43,0.256,0.116,1,less50
44620,2021,23,2555.775,7.846110783453705,1,WC,0,NoSA,wholesretail,3,satisfactory,40,0.3,0.15,1,less50
44722,2007,9,5011.827586206897,8.519555915226114,1,WC,0,NoSA,wholesretail,3,satisfactory,58,0.638,0.914,2,less100
44722,2008,10,6215.943396226415,8.734872785864841,1,WC,0,NoSA,wholesretail,3,satisfactory,53,0.849,0.849,2,less100
44722,2009,11,5011.827586206897,8.519555915226114,1,WC,0,NoSA,wholesretail,3,satisfactory,58,0.828,0.828,2,less100
44722,2010,12,4328.933333333333,8.373076447308,1,WC,0,NoSA,wholesretail,4,good,60,0.65,0.75,2,less100
44722,2012,14,5419.672131147541,8.597790600195749,1,WC,0,NoSA,wholesretail,4,good,61,0.148,0.934,2,less100
44729,2013,15,4525,8.417372856134026,0,NoWC,1,SA,public,5,very good,50,0.8,0.54,1,less50
44729,2014,16,4999.423076923077,8.517077800143536,0,NoWC,1,SA,public,4,good,52,0.615,0.615,2,less100
44729,2015,17,4782.293103448276,8.47267543920732,0,NoWC,1,SA,public,4,good,58,0.655,0.621,2,less100
44729,2016,18,4575.412698412699,8.42845218094451,0,NoWC,0,NoSA,public,4,good,63,0.429,0.46,2,less100
44729,2018,20,5827.166666666667,8.670286169216727,0,NoWC,0,NoSA,public,4,good,84,0.655,0.405,2,less100
44729,2019,21,6021.4047619047615,8.703075860234803,0,NoWC,0,NoSA,public,4,good,84,0.607,0.571,2,less100
44729,2020,22,5919.325581395349,8.685977799326844,0,NoWC,1,SA,art,4,good,86,0.756,0.512,2,less100
44729,2021,23,3337.375,8.112939848823597,0,NoWC,0,NoSA,art,4,good,88,0.614,0.534,2,less100
44748,2000,2,2502.575573979592,7.8250757101258275,1,WC,0,NoSA,manufacturing,1,unsatisfactory,98,0.01,0.092,2,less100
44748,2001,3,3041.3651685393256,8.020061762197603,1,WC,0,NoSA,manufacturing,1,unsatisfactory,89,0.011,0.124,2,less100
44748,2002,4,2596.8295454545455,7.862046574335214,1,WC,0,NoSA,manufacturing,1,unsatisfactory,88,0.011,0.114,2,less100
44814,2001,3,2302.9428401898736,7.741943079794857,1,WC,0,NoSA,manufacturing,3,satisfactory,79,0.063,0.127,2,less100
44814,2002,4,1704.0379746835442,7.440755992753349,1,WC,0,NoSA,manufacturing,3,satisfactory,79,0.127,0.139,2,less100
44814,2003,5,2310,7.745002803515839,1,WC,0,NoSA,manufacturing,3,satisfactory,75,0.2,0.133,2,less100
44820,2004,6,2057.8285714285716,7.629406614298899,1,WC,0,NoSA,wholesretail,1,unsatisfactory,35,0.943,0.571,1,less50
44820,2007,9,5050.555555555556,8.52725352721974,1,WC,0,NoSA,wholesretail,2,sufficient,27,0.63,0.074,1,less50
44820,2008,10,5800.32,8.665668367426361,1,WC,0,NoSA,wholesretail,3,satisfactory,25,0.72,0.16,1,less50
44847,2001,3,2015.5157747603835,7.608630409249679,0,NoWC,0,NoSA,manufacturing,3,satisfactory,313,0.019,0.125,4,more250
44847,2002,4,1568.6274509803923,7.357956280931693,0,NoWC,0,NoSA,manufacturing,3,satisfactory,357,0.008,0.165,4,more250
44847,2004,6,1381.2154696132598,7.230719165578558,0,NoWC,0,NoSA,manufacturing,5,very good,362,0.011,0.221,4,more250
44847,2005,7,1424.8259668508288,7.261804956718721,0,NoWC,0,NoSA,manufacturing,5,very good,362,0.017,0.163,4,more250
44847,2006,8,1366.6666666666667,7.22012996402429,0,NoWC,0,NoSA,manufacturing,5,very good,360,0.017,0.189,4,more250
44847,2008,10,766.0225409836065,6.641211596179178,0,NoWC,0,NoSA,manufacturing,5,very good,488,0.033,0.268,4,more250
44857,2015,17,601.9473684210526,6.400170013614776,1,WC,1,SA,public,4,good,152,0.263,0.237,3,less250
44857,2016,18,1613.8413793103448,7.386372566001748,1,WC,1,SA,public,4,good,145,0.241,0.283,3,less250
44857,2017,19,1819.9481481481482,7.506563289636502,1,WC,1,SA,public,4,good,135,0.415,0.281,3,less250
44862,2010,12,2642.76,7.8795791045788,1,WC,1,SA,health,4,good,25,0.28,0.2,1,less50
44862,2011,13,2728.04,7.911338681612453,1,WC,1,SA,health,4,good,25,0.2,0.2,1,less50
44862,2012,14,1918.16,7.559121672193515,1,WC,1,SA,health,4,good,25,0.16,0.2,1,less50
44862,2013,15,2131.28,7.664478017179092,1,WC,1,SA,health,4,good,25,0.16,0.2,1,less50
44862,2015,17,3196.92,8.069943125287256,1,WC,1,SA,health,4,good,25,0.16,0.2,1,less50
44862,2016,18,3301.32,8.102077667475898,1,WC,1,SA,health,4,good,25,0.16,0.24,1,less50
44862,2017,19,2797.28125,7.936403242311905,1,WC,1,SA,health,4,good,32,0.125,0.469,1,less50
44862,2018,20,2714.34375,7.9063054904436285,1,WC,1,SA,health,4,good,32,0.094,0.469,1,less50
44862,2019,21,3689,8.213110697596676,1,WC,1,SA,health,4,good,22,0.136,0.227,1,less50
44863,2014,16,1244.0944881889764,7.1261632255505125,1,WC,0,NoSA,health,3,satisfactory,254,0.012,0.846,4,more250
44863,2015,17,2747.408560311284,7.918413404672552,1,WC,0,NoSA,health,1,unsatisfactory,257,0.019,0.642,4,more250
44863,2016,18,2196.0249110320283,7.694404146386587,1,WC,0,NoSA,health,2,sufficient,281,0.018,0.779,4,more250
44863,2017,19,2422.0836120401336,7.792383445416482,1,WC,0,NoSA,health,3,satisfactory,299,0.017,0.739,4,more250
44863,2018,20,2670.8675496688743,7.890158623587225,1,WC,0,NoSA,health,2,sufficient,302,0.02,0.752,4,more250
44887,2008,10,640.1010273972603,6.461626019204099,0,NoWC,0,NoSA,public,4,good,584,0.053,0.089,4,more250
44887,2009,11,630.7129798903107,6.446850893591516,0,NoWC,0,NoSA,public,5,very good,547,0.059,0.08,4,more250
44887,2010,12,494.7352380952381,6.204022746938476,0,NoWC,0,NoSA,public,4,good,525,0.067,0.099,4,more250
44887,2011,13,496.9072164948454,6.208403321535309,0,NoWC,0,NoSA,public,5,very good,582,0.007,0.096,4,more250
44887,2012,14,551,6.311734809152915,0,NoWC,0,NoSA,public,3,satisfactory,600,0.047,0.102,4,more250
44888,2004,6,2909.4166666666665,7.975707881880961,1,WC,0,NoSA,finance,2,sufficient,48,0.271,0.229,1,less50
44888,2005,7,526.5882352941177,6.266418905935545,1,WC,0,NoSA,finance,3,satisfactory,51,0.118,0.216,2,less100
44888,2006,8,479.57142857142856,6.172892847924722,1,WC,0,NoSA,finance,2,sufficient,56,0.125,0.25,2,less100
44903,2004,6,1503.8260869565217,7.315767864151171,0,NoWC,0,NoSA,wholesretail,1,unsatisfactory,23,0.087,0.087,1,less50
44903,2005,7,323.0769230769231,5.777890446809923,1,WC,0,NoSA,wholesretail,1,unsatisfactory,26,0.038,0.077,1,less50
44903,2007,9,735.24,6.600196976525564,1,WC,0,NoSA,wholesretail,1,unsatisfactory,25,0.08,0.08,1,less50
44903,2008,10,687.4782608695652,6.5330302084874265,1,WC,0,NoSA,wholesretail,1,unsatisfactory,23,0.087,0.087,1,less50
44903,2009,11,592.92,6.385059482645659,1,WC,0,NoSA,wholesretail,1,unsatisfactory,25,0.08,0.08,1,less50
44906,1998,0,402.1783329909614,5.9968956046566175,0,NoWC,0,NoSA,edu,4,good,1217,0.047,0.353,4,more250
44906,1999,1,394.87492571315374,5.978569070994732,0,NoWC,0,NoSA,edu,1,unsatisfactory,1262,0.05,0.238,4,more250
44906,2000,2,450.8637931034483,6.1111652830311165,0,NoWC,0,NoSA,health,1,unsatisfactory,1160,0.069,0.391,4,more250
44906,2001,3,480.7803130511464,6.175410436149622,0,NoWC,0,NoSA,health,2,sufficient,1134,0.06,0.312,4,more250
44906,2002,4,606.060606060606,6.406979991069647,0,NoWC,0,NoSA,health,3,satisfactory,924,0.071,0.395,4,more250
44906,2003,5,623.4511691884456,6.435270444793224,0,NoWC,0,NoSA,health,3,satisfactory,727,0.096,0.508,4,more250
44906,2005,7,505.1782566111655,6.224911350379826,0,NoWC,0,NoSA,edu,5,very good,1021,0.053,0.295,4,more250
44933,2015,17,1602.1330798479087,7.379091195244205,0,NoWC,1,SA,manufacturing,2,sufficient,263,0.468,0.03,4,more250
44933,2016,18,2436.973880597015,7.79851233571673,0,NoWC,1,SA,manufacturing,2,sufficient,268,0.493,0.041,4,more250
44933,2017,19,2614.8297872340427,7.868954283456633,0,NoWC,1,SA,manufacturing,3,satisfactory,282,0.507,0.043,4,more250
44933,2018,20,1936.9,7.568844035848193,0,NoWC,1,SA,manufacturing,3,satisfactory,310,0.458,0.039,4,more250
44933,2019,21,1926.3146417445482,7.563363944407168,0,NoWC,1,SA,manufacturing,3,satisfactory,321,0.445,0.04,4,more250
44933,2021,23,1889.8358208955224,7.544245237029464,0,NoWC,1,SA,manufacturing,3,satisfactory,335,0.54,0.039,4,more250
44935,2012,14,589.8695652173913,6.379901436556159,1,WC,0,NoSA,manufacturing,1,unsatisfactory,23,0.13,0.609,1,less50
44935,2015,17,569.7083333333334,6.345124533961136,1,WC,0,NoSA,manufacturing,1,unsatisfactory,24,0.042,0.375,1,less50
44935,2016,18,417.72,6.0348113516113475,1,WC,0,NoSA,manufacturing,3,satisfactory,25,0.12,0.36,1,less50
44935,2017,19,627.48,6.44171179798804,1,WC,0,NoSA,manufacturing,2,sufficient,25,0.12,0.4,1,less50
44935,2018,20,647.7407407407408,6.473490524844863,1,WC,0,NoSA,manufacturing,3,satisfactory,27,0.111,0.444,1,less50
44935,2019,21,618.3,6.426973776564523,1,WC,0,NoSA,manufacturing,4,good,30,0.1,0.2,1,less50
44935,2020,22,565.3,6.3373565636812454,1,WC,0,NoSA,manufacturing,3,satisfactory,30,0.133,0.2,1,less50
44944,2016,18,1251,7.1316985104669115,1,WC,0,NoSA,buservices,2,sufficient,29,0.103,0.31,1,less50
44944,2017,19,2287.866666666667,7.735375075743356,1,WC,0,NoSA,buservices,3,satisfactory,30,0.1,0.3,1,less50
44944,2018,20,1838.46875,7.516688303044514,1,WC,0,NoSA,buservices,4,good,32,0.094,0.281,1,less50
44944,2019,21,2083.8333333333335,7.641964425266945,1,WC,0,NoSA,buservices,3,satisfactory,30,0.167,0.367,1,less50
44944,2020,22,3183.655172413793,8.065785240978096,1,WC,0,NoSA,resthotels,4,good,29,0.034,0.31,1,less50
44944,2021,23,2679.625,7.8934321383413,1,WC,0,NoSA,resthotels,3,satisfactory,32,0.156,0.281,1,less50
44945,2001,3,1120.5265319715809,7.0215539716501425,0,NoWC,0,NoSA,health,4,good,563,0.002,0.194,4,more250
44945,2002,4,924.0924092409241,6.828812076642017,0,NoWC,0,NoSA,health,4,good,606,0.008,0.119,4,more250
44945,2003,5,868.2931034482758,6.766529334444105,0,NoWC,0,NoSA,health,1,unsatisfactory,522,0.01,0.105,4,more250
44965,2000,2,2105.0738932291665,7.652105849172175,1,WC,0,NoSA,manufacturing,3,satisfactory,24,0.083,0.75,1,less50
44965,2001,3,2886.9730282738096,7.967963837143994,1,WC,0,NoSA,manufacturing,4,good,21,0.095,0.667,1,less50
44965,2002,4,2648.904761904762,7.88190153615493,1,WC,0,NoSA,manufacturing,4,good,21,0.095,0.667,1,less50
44971,2013,15,1418.62,7.257439847075485,1,WC,0,NoSA,buservices,4,good,50,0.12,0.7,1,less50
44971,2014,16,1647.4,7.406953566507148,1,WC,1,SA,buservices,4,good,45,0.156,0.667,1,less50
44971,2015,17,2173.268292682927,7.683987439125142,1,WC,1,SA,buservices,4,good,41,0.22,0.659,1,less50
44971,2016,18,2577.3720930232557,7.854525590226515,1,WC,0,NoSA,buservices,4,good,43,0.256,0.628,1,less50
44971,2017,19,2042.3191489361702,7.621841278841409,1,WC,0,NoSA,buservices,4,good,47,0.319,0.66,1,less50
44971,2018,20,1939.98,7.5704329427258825,1,WC,0,NoSA,buservices,4,good,50,0.24,0.58,1,less50
44971,2019,21,2014.2448979591836,7.607999663681122,1,WC,0,NoSA,buservices,4,good,49,0.061,0.633,1,less50
44998,2004,6,4544.166666666667,8.421599638132108,1,WC,0,NoSA,public,3,satisfactory,24,0.125,0.583,1,less50
44998,2005,7,5098.708333333333,8.53674251866081,1,WC,0,NoSA,public,3,satisfactory,24,0.167,0.75,1,less50
44998,2006,8,4760.523809523809,8.468112985188673,1,WC,0,NoSA,public,4,good,21,0.143,0.762,1,less50
44998,2008,10,3029.4545454545455,8.016137864296429,1,WC,1,SA,public,3,satisfactory,22,0.227,0.727,1,less50
44998,2009,11,4544.136363636364,8.421592969553782,1,WC,0,NoSA,public,3,satisfactory,22,0.182,0.773,1,less50
45024,2009,11,2249.4754098360654,7.718452316830533,1,WC,0,NoSA,manufacturing,4,good,61,0.033,0.672,2,less100
45024,2010,12,2510.9166666666665,7.828403171297701,1,WC,0,NoSA,manufacturing,3,satisfactory,60,0.033,0.733,2,less100
45024,2011,13,2018.9,7.610308087616178,1,WC,0,NoSA,manufacturing,5,very good,60,0.117,0.75,2,less100
45024,2012,14,1643.7833333333333,7.404755774554429,1,WC,0,NoSA,manufacturing,4,good,60,0.05,0.767,2,less100
45024,2013,15,2205.5333333333333,7.698724633161608,1,WC,0,NoSA,manufacturing,3,satisfactory,60,0.133,0.733,2,less100
45039,2011,13,1539.6666666666667,7.3393212217624955,1,WC,0,NoSA,health,3,satisfactory,27,0.037,0.519,1,less50
45039,2012,14,1598.8846153846155,7.377061549745343,1,WC,0,NoSA,health,5,very good,26,0.077,0.538,1,less50
45039,2013,15,1683.0384615384614,7.42835604689371,1,WC,0,NoSA,health,4,good,26,0.077,0.5,1,less50
45039,2016,18,2187.96,7.690724881839113,1,WC,0,NoSA,health,4,good,25,0.04,0.48,1,less50
45039,2017,19,3786.8076923076924,8.239278645600432,1,WC,0,NoSA,health,3,satisfactory,26,0.038,0.462,1,less50
45039,2018,20,2904.689655172414,7.974081832313195,1,WC,0,NoSA,health,3,satisfactory,29,0.069,0.414,1,less50
45039,2019,21,7032.678571428572,8.858322932352841,1,WC,0,NoSA,health,2,sufficient,28,0.071,0.429,1,less50
45056,2000,2,2200.6178609913795,7.69649344582175,0,NoWC,1,SA,finance,4,good,58,0.362,0.776,2,less100
45056,2001,3,531.828125,6.27632036383395,0,NoWC,0,NoSA,finance,4,good,127,0.11,0.693,3,less250
45056,2002,4,1391.0806451612902,7.23783616663489,0,NoWC,0,NoSA,finance,4,good,124,0.089,0.968,3,less250
45056,2003,5,1053.909090909091,6.9602614738720305,1,WC,0,NoSA,finance,3,satisfactory,121,0.174,0.628,3,less250
45061,2009,11,2742.8125,7.916739132786437,1,WC,0,NoSA,health,4,good,64,0.094,0.422,2,less100
45061,2010,12,2866.2923076923075,7.960774594705936,1,WC,0,NoSA,health,1,unsatisfactory,65,0.169,0.462,2,less100
45061,2011,13,2842.753846153846,7.952528525473347,1,WC,0,NoSA,health,3,satisfactory,65,0.215,0.477,2,less100
45076,2017,19,1258.5535714285713,7.137718381352007,0,NoWC,0,NoSA,manufacturing,3,satisfactory,56,0.161,0.089,2,less100
45076,2018,20,2696.910714285714,7.899862217024697,1,WC,0,NoSA,manufacturing,3,satisfactory,56,0.036,0.304,2,less100
45076,2019,21,2337.3214285714284,7.756760864050616,1,WC,0,NoSA,manufacturing,4,good,56,0.214,0.196,2,less100
45085,2015,17,1025.5714285714287,6.9330052275211695,1,WC,0,NoSA,health,4,good,28,0.25,0.071,1,less50
45085,2016,18,691.2413793103449,6.538489081598337,1,WC,0,NoSA,health,4,good,29,0.207,0.069,1,less50
45085,2017,19,1281.9583333333333,7.156144135652385,1,WC,0,NoSA,health,4,good,24,0.5,0.083,1,less50
45085,2019,21,2100,7.649692623711514,1,WC,0,NoSA,health,4,good,21,0.524,0.095,1,less50
45085,2020,22,2820.35,7.944616269705897,1,WC,0,NoSA,edu,4,good,20,0.35,0.1,1,less50
45094,2012,14,796.2790697674419,6.679949714562116,1,WC,0,NoSA,transcom,3,satisfactory,43,0.116,0.163,1,less50
45094,2013,15,482.5813953488372,6.179149601575132,1,WC,0,NoSA,transcom,4,good,43,0.279,0.163,1,less50
45094,2014,16,1210.5,7.098788776378113,1,WC,0,NoSA,transcom,4,good,30,0.133,0.333,1,less50
45204,2013,15,598.32,6.394125727883412,0,NoWC,0,NoSA,wholesretail,3,satisfactory,25,0.16,0.6,1,less50
45204,2014,16,593.76,6.386475197312287,0,NoWC,0,NoSA,wholesretail,3,satisfactory,25,0.16,0.64,1,less50
45204,2015,17,639.0769230769231,6.4600248275344665,0,NoWC,0,NoSA,wholesretail,3,satisfactory,26,0.154,0.5,1,less50
45204,2017,19,1142.3333333333333,7.040828233206499,0,NoWC,0,NoSA,wholesretail,4,good,27,0.222,0.63,1,less50
45204,2018,20,920.4333333333333,6.824844573643333,0,NoWC,0,NoSA,wholesretail,4,good,30,0.4,0.6,1,less50
45233,2002,4,644.8691983122363,6.469047502916066,0,NoWC,0,NoSA,manufacturing,2,sufficient,237,0.055,0.903,3,less250
45233,2003,5,647.9737991266376,6.473850262088274,0,NoWC,0,NoSA,manufacturing,3,satisfactory,229,0.07,0.895,3,less250
45233,2004,6,906.2363636363636,6.809300159033733,0,NoWC,0,NoSA,manufacturing,1,unsatisfactory,165,0.091,0.806,3,less250
45233,2005,7,680.9516908212561,6.523491365044788,0,NoWC,0,NoSA,manufacturing,1,unsatisfactory,207,0.082,0.884,3,less250
45233,2006,8,692.0424528301887,6.53964730175646,0,NoWC,0,NoSA,manufacturing,3,satisfactory,212,0.373,0.83,3,less250
45233,2007,9,416.86913580246915,6.032772349530393,0,NoWC,0,NoSA,manufacturing,3,satisfactory,405,0.158,0.775,4,more250
45233,2008,10,470.5,6.153795959025435,0,NoWC,0,NoSA,manufacturing,2,sufficient,376,0.354,0.774,4,more250
45238,1999,1,6844.064468503937,8.83113705467899,0,NoWC,0,NoSA,manufacturing,3,satisfactory,127,0.378,0.52,3,less250
45238,2001,3,3846.685594512195,8.254967171965635,0,NoWC,0,NoSA,manufacturing,1,unsatisfactory,164,0.384,0.61,3,less250
45238,2002,4,3146.067415730337,8.053908512419246,0,NoWC,0,NoSA,manufacturing,3,satisfactory,178,0.287,0.517,3,less250
45238,2003,5,2697.910714285714,7.900232942923484,0,NoWC,0,NoSA,manufacturing,4,good,168,0.327,0.542,3,less250
45246,2006,8,1985.037037037037,7.593392851404169,1,WC,0,NoSA,wholesretail,5,very good,27,0.37,0.259,1,less50
45246,2007,9,1649.103448275862,7.407987054537245,1,WC,1,SA,wholesretail,4,good,29,0.345,0.345,1,less50
45246,2008,10,1649.103448275862,7.407987054537245,1,WC,1,SA,wholesretail,3,satisfactory,29,0.414,0.241,1,less50
45246,2011,13,1281,7.155396301896734,1,WC,1,SA,construction,2,sufficient,42,0.286,0.381,1,less50
45246,2014,16,1309.1914893617022,7.1771650419655835,1,WC,1,SA,construction,4,good,47,0.426,0.34,1,less50
45246,2015,17,1271.9148936170213,7.14827883412787,1,WC,0,NoSA,construction,4,good,47,0.532,0.298,1,less50
45246,2016,18,1339.1702127659576,7.199805456929566,1,WC,0,NoSA,construction,4,good,47,0.532,0.255,1,less50
45246,2017,19,1206.0851063829787,7.095134943937361,1,WC,0,NoSA,construction,5,very good,47,0.596,0.255,1,less50
45246,2018,20,1256.9512195121952,7.136444400766585,1,WC,0,NoSA,construction,5,very good,41,0.317,0.366,1,less50
45246,2019,21,1307.219512195122,7.175657650704191,1,WC,0,NoSA,construction,5,very good,41,0.976,0.366,1,less50
45246,2021,23,1346.7777777777778,7.205470187134293,1,WC,0,NoSA,construction,5,very good,45,0.644,0.4,1,less50
45257,2006,8,1601.857142857143,7.378918949405567,1,WC,0,NoSA,construction,3,satisfactory,35,0.286,0.2,1,less50
45257,2007,9,1498.9722222222222,7.312534967058466,1,WC,0,NoSA,construction,4,good,36,0.333,0.222,1,less50
45257,2009,11,1368.888888888889,7.221754659751292,1,WC,0,NoSA,construction,3,satisfactory,36,0.111,0.194,1,less50
45263,2014,16,685.4663774403471,6.5300994495724005,0,NoWC,0,NoSA,manufacturing,5,very good,461,0.119,0.043,4,more250
45263,2015,17,1383.5863013698631,7.232434176298377,0,NoWC,0,NoSA,manufacturing,4,good,365,0.2,0.044,4,more250
45263,2019,21,2748.964980544747,7.918979749104383,0,NoWC,0,NoSA,manufacturing,4,good,257,0.572,0,4,more250
45263,2020,22,1485.6605504587155,7.303614767459594,0,NoWC,0,NoSA,manufacturing,4,good,327,0.483,0,4,more250
45263,2021,23,1564.983498349835,7.355630558733254,0,NoWC,0,NoSA,manufacturing,5,very good,303,0.706,0,4,more250
45269,2010,12,59.5,4.085976312551584,1,WC,0,NoSA,manufacturing,3,satisfactory,32,0.25,0.469,1,less50
45269,2011,13,245.94444444444446,5.505105674835977,1,WC,0,NoSA,manufacturing,4,good,36,0.083,0.444,1,less50
45269,2012,14,504.02941176470586,6.222634623044688,1,WC,0,NoSA,manufacturing,4,good,34,0.088,0.471,1,less50
45269,2013,15,740.4814814814815,6.607300625267504,1,WC,0,NoSA,manufacturing,5,very good,27,0.259,0.519,1,less50
45269,2014,16,620.9130434782609,6.431191045523783,1,WC,0,NoSA,manufacturing,4,good,23,0.304,0.565,1,less50
45269,2015,17,620.9130434782609,6.431191045523783,1,WC,0,NoSA,manufacturing,3,satisfactory,23,0.826,0.478,1,less50
45294,2018,20,2176.171171171171,7.685322268104089,0,NoWC,0,NoSA,buservices,4,good,111,0.577,0.162,3,less250
45294,2019,21,2220.5850340136053,7.705525968983658,0,NoWC,0,NoSA,buservices,4,good,147,0.469,0.109,3,less250
45294,2021,23,2413.0967741935483,7.788666170164203,0,NoWC,0,NoSA,buservices,2,sufficient,124,0.597,0.137,3,less250
45311,2013,15,965.622641509434,6.872773117633351,1,WC,0,NoSA,public,4,good,53,0.057,0.17,2,less100
45311,2014,16,1493.9811320754718,7.309199736480131,0,NoWC,0,NoSA,public,4,good,53,0.075,0.057,2,less100
45311,2015,17,1316.1020408163265,7.18242964749353,0,NoWC,0,NoSA,public,4,good,49,0.245,0.102,1,less50
45311,2018,20,1731.3125,7.456635070367053,0,NoWC,0,NoSA,public,3,satisfactory,64,0.078,0.094,2,less100
45323,2003,5,4322.123076923077,8.37150201350614,0,NoWC,0,NoSA,finance,2,sufficient,65,0.092,0.723,2,less100
45323,2004,6,3330.030303030303,8.110736682942184,0,NoWC,0,NoSA,finance,3,satisfactory,66,0.061,0.606,2,less100
45323,2005,7,3665.328125,8.206673139644755,0,NoWC,0,NoSA,finance,3,satisfactory,64,0.094,0.594,2,less100
45323,2006,8,3633.5409836065573,8.197962929367389,0,NoWC,0,NoSA,finance,4,good,61,0.115,0.574,2,less100
45325,1999,1,1562.0880301339287,7.353778686131674,1,WC,0,NoSA,manufacturing,1,unsatisfactory,28,0.143,0.071,1,less50
45325,2001,3,2063.873787715517,7.632339975369118,1,WC,0,NoSA,manufacturing,3,satisfactory,29,0.103,0.069,1,less50
45325,2002,4,1212.1538461538462,7.100154094344097,1,WC,0,NoSA,manufacturing,3,satisfactory,26,0.115,0.077,1,less50
45337,2001,3,2083.74453125,7.641921809586455,1,WC,0,NoSA,wholesretail,4,good,40,0.075,0.475,1,less50
45337,2002,4,1643.439024390244,7.404546291345276,1,WC,0,NoSA,wholesretail,4,good,41,0.098,0.439,1,less50
45337,2004,6,3145.9473684210525,8.053870353796478,1,WC,0,NoSA,wholesretail,4,good,38,0.026,0.474,1,less50
45350,2006,8,59.56781193490054,4.0871153599755745,1,WC,0,NoSA,manufacturing,3,satisfactory,553,0.08,0.04,4,more250
45350,2007,9,42.100934579439254,3.7400699394785026,1,WC,0,NoSA,manufacturing,3,satisfactory,535,0.084,0.022,4,more250
45350,2008,10,61.321969696969695,4.116138175095189,1,WC,0,NoSA,manufacturing,2,sufficient,528,0.104,0.055,4,more250
45350,2009,11,101.912109375,4.624110769036755,1,WC,0,NoSA,manufacturing,3,satisfactory,512,0.105,0.041,4,more250
45350,2010,12,106.55625,4.668673014731405,1,WC,0,NoSA,manufacturing,5,very good,480,0.144,0.027,4,more250
45357,2001,3,578.8030605065666,6.360962282418827,0,NoWC,1,SA,mining,3,satisfactory,1066,0.008,0.523,4,more250
45357,2002,4,606.060606060606,6.406979991069647,0,NoWC,1,SA,mining,4,good,924,0.006,0.527,4,more250
45357,2003,5,623.4511691884456,6.435270444793224,0,NoWC,1,SA,mining,4,good,727,0.011,0.557,4,more250
45357,2005,7,505.1782566111655,6.224911350379826,0,NoWC,1,SA,mining,1,unsatisfactory,1021,0.011,0.481,4,more250
45367,2015,17,3172.950980392157,8.062417342485654,0,NoWC,0,NoSA,health,3,satisfactory,510,0.061,0.524,4,more250
45367,2018,20,3187.9194630872485,8.06712377707132,0,NoWC,0,NoSA,health,3,satisfactory,596,0.072,0.545,4,more250
45367,2019,21,2937.464,7.9853019030581684,0,NoWC,0,NoSA,health,3,satisfactory,625,0.085,0.555,4,more250
45374,1998,0,437.4534855769231,6.080970381464119,0,NoWC,1,SA,manufacturing,3,satisfactory,195,0.174,0.195,3,less250
45374,1999,1,412.354248046875,6.02188280526795,0,NoWC,1,SA,manufacturing,3,satisfactory,192,0.161,0.208,3,less250
45374,2000,2,439.8465234375,6.086425855694502,0,NoWC,0,NoSA,manufacturing,3,satisfactory,200,0.185,0.2,3,less250
45374,2001,3,467.4492002369668,6.147290680229811,0,NoWC,0,NoSA,manufacturing,3,satisfactory,211,0.185,0.194,3,less250
45374,2002,4,601.5833333333334,6.399565068351161,0,NoWC,1,SA,manufacturing,3,satisfactory,156,0.141,0.186,3,less250
45404,2014,16,2633.769230769231,7.876171266760173,0,NoWC,1,SA,health,4,good,52,0.635,0.75,2,less100
45404,2015,17,3631.574074074074,8.197421462490423,0,NoWC,0,NoSA,health,3,satisfactory,54,0.648,0.537,2,less100
45404,2016,18,3275.04,8.094085361735223,0,NoWC,0,NoSA,health,4,good,50,0.94,0.56,1,less50
45404,2018,20,2545.0545454545454,7.841907361153595,0,NoWC,0,NoSA,health,4,good,55,0.618,0.509,2,less100
45419,2015,17,2208.1140350877195,7.69989405238932,0,NoWC,0,NoSA,buservices,3,satisfactory,114,0.044,0.465,3,less250
45419,2016,18,1350.1159420289855,7.207945750729176,0,NoWC,0,NoSA,buservices,4,good,138,0.014,0.391,3,less250
45419,2017,19,1238.8092105263158,7.1219058831104105,0,NoWC,1,SA,buservices,4,good,152,0.026,0.612,3,less250
45419,2018,20,1263.0980392156862,7.141322743419993,0,NoWC,1,SA,buservices,5,very good,153,0.013,0.641,3,less250
45419,2019,21,960.4845814977973,6.867437929500691,0,NoWC,1,SA,buservices,5,very good,227,0.009,0.485,3,less250
45419,2021,23,2827.395721925134,7.947111327354449,0,NoWC,1,SA,art,4,good,187,0.005,0.578,3,less250
45433,2000,2,5292.427083333333,8.574032225556214,0,NoWC,0,NoSA,buservices,3,satisfactory,57,0.228,0.649,2,less100
45433,2001,3,5226.014508928572,8.56140422237379,0,NoWC,1,SA,buservices,3,satisfactory,56,0.375,0.661,2,less100
45433,2002,4,4329.6140350877195,8.373233679630426,0,NoWC,1,SA,buservices,3,satisfactory,57,0.386,0.684,2,less100
45433,2003,5,4225.0847457627115,8.3487945977588,0,NoWC,1,SA,buservices,4,good,59,0.407,0.695,2,less100
45433,2004,6,4149.426229508197,8.3307253457164,0,NoWC,0,NoSA,buservices,2,sufficient,61,0.377,0.639,2,less100
45433,2005,7,4268.88524590164,8.359108005605297,0,NoWC,1,SA,buservices,3,satisfactory,61,0.377,0.639,2,less100
45433,2006,8,3813.597014925373,8.246328121145757,0,NoWC,0,NoSA,buservices,1,unsatisfactory,67,0.343,0.537,2,less100
45433,2007,9,4016.3846153846152,8.298137427548939,0,NoWC,0,NoSA,manufacturing,4,good,65,0.292,0.631,2,less100
45433,2008,10,5742.836734693878,8.655708571885215,0,NoWC,1,SA,manufacturing,4,good,49,0.449,0.612,1,less50
45433,2009,11,6234.708333333333,8.737887078083855,0,NoWC,0,NoSA,manufacturing,5,very good,48,0.521,0.604,1,less50
45433,2010,12,5771.9111111111115,8.66075851975978,0,NoWC,0,NoSA,manufacturing,4,good,45,0.556,0.622,1,less50
45433,2011,13,5951.340909090909,8.6913718360217,0,NoWC,0,NoSA,manufacturing,3,satisfactory,44,0.545,0.614,1,less50
45433,2012,14,5997.883720930233,8.699161972813974,0,NoWC,0,NoSA,manufacturing,2,sufficient,43,0.605,0.605,1,less50
45433,2013,15,5509.733333333334,8.61427150412159,0,NoWC,0,NoSA,manufacturing,2,sufficient,45,0.578,0.667,1,less50
45433,2014,16,6340.954545454545,8.754784595318329,0,NoWC,0,NoSA,manufacturing,4,good,44,0.682,0.659,1,less50
45433,2015,17,3465.4337349397592,8.150593079818929,0,NoWC,0,NoSA,manufacturing,4,good,83,0.41,0.566,2,less100
45433,2017,19,2745.1157894736843,7.917578535011623,0,NoWC,0,NoSA,manufacturing,4,good,95,0.379,0.653,2,less100
45433,2018,20,3101.326530612245,8.03958521204526,0,NoWC,0,NoSA,manufacturing,4,good,98,0.378,0.663,2,less100
45433,2019,21,3503.201923076923,8.161432664435692,0,NoWC,0,NoSA,manufacturing,4,good,104,0.356,0.663,3,less250
45433,2020,22,2914.2871287128714,7.977380516119529,0,NoWC,0,NoSA,manufacturing,4,good,101,0.386,0.614,3,less250
45433,2021,23,2361.4166666666665,7.767017000408069,0,NoWC,0,NoSA,manufacturing,4,good,108,0.389,0.593,3,less250
45444,2014,16,2284.7021276595747,7.733990934944316,0,NoWC,0,NoSA,manufacturing,4,good,47,0.128,0.468,1,less50
45444,2016,18,5166.433962264151,8.54993797366314,0,NoWC,0,NoSA,manufacturing,4,good,53,0.189,0.453,2,less100
45444,2017,19,5166.433962264151,8.54993797366314,0,NoWC,0,NoSA,manufacturing,4,good,53,0.189,0.453,2,less100
45444,2019,21,5369.0392156862745,8.588404254490936,0,NoWC,0,NoSA,manufacturing,4,good,51,0.294,0.471,2,less100
45444,2020,22,3646.8867924528304,8.201629149047161,0,NoWC,0,NoSA,manufacturing,4,good,53,0.264,0.491,2,less100
45447,2006,8,770.5633802816901,6.647121910016556,1,WC,0,NoSA,resthotels,4,good,71,0.099,0.056,2,less100
45447,2007,9,1185.111111111111,7.077591813824328,1,WC,0,NoSA,resthotels,4,good,45,0.356,0.111,1,less50
45447,2008,10,2076.5172413793102,7.638447366132562,1,WC,0,NoSA,resthotels,3,satisfactory,29,0.793,0.207,1,less50
45475,2018,20,575.6285714285714,6.355462611426495,1,WC,0,NoSA,wholesretail,5,very good,35,0.086,0.371,1,less50
45475,2019,21,1151.2571428571428,7.048609791986441,1,WC,0,NoSA,wholesretail,5,very good,35,0.143,0.343,1,less50
45475,2020,22,437.9782608695652,6.082169276426814,1,WC,0,NoSA,wholesretail,3,satisfactory,46,0.022,0.457,1,less50
45475,2021,23,544.5135135135135,6.299892760271685,1,WC,0,NoSA,wholesretail,3,satisfactory,37,0.027,0.351,1,less50
45476,2008,10,2043.5166666666667,7.622427458912676,0,NoWC,1,SA,public,5,very good,120,0.567,0.775,3,less250
45476,2009,11,2760,7.9229859587111955,0,NoWC,0,NoSA,public,4,good,125,0.336,0.712,3,less250
45476,2011,13,2174.436090225564,7.684524641044993,0,NoWC,1,SA,public,4,good,133,0.564,0.549,3,less250
45476,2012,14,1686.4558823529412,7.430384494866892,0,NoWC,0,NoSA,public,4,good,136,0.654,0.603,3,less250
45476,2013,15,2013.9323308270677,7.607844473323304,0,NoWC,0,NoSA,public,4,good,133,0.391,0.669,3,less250
45476,2014,16,1594.986301369863,7.374620426699219,0,NoWC,0,NoSA,public,4,good,146,0.651,0.774,3,less250
45476,2016,18,1323.0764331210191,7.18771493502443,0,NoWC,0,NoSA,public,3,satisfactory,157,0.605,0.586,3,less250
45476,2017,19,1309.5283018867924,7.177422276457087,0,NoWC,0,NoSA,public,3,satisfactory,159,0.579,0.805,3,less250
45476,2018,20,1729.301886792453,7.4554730724042315,0,NoWC,0,NoSA,public,3,satisfactory,159,0.484,0.824,3,less250
45476,2019,21,1670.6666666666667,7.420978027347849,0,NoWC,0,NoSA,public,3,satisfactory,159,0.358,0.824,3,less250
45476,2020,22,1375.6289308176101,7.226666309754234,0,NoWC,0,NoSA,public,3,satisfactory,159,0.484,0.673,3,less250
45476,2021,23,1602.0258064516129,7.379024236394695,0,NoWC,0,NoSA,public,4,good,155,0.258,0.677,3,less250
45509,2005,7,1118.8438177874186,7.020051125547844,1,WC,0,NoSA,resthotels,4,good,461,0.226,0.236,4,more250
45509,2007,9,594.3739002932551,6.387508583107836,1,WC,0,NoSA,buservices,4,good,682,0.157,0.523,4,more250
45509,2008,10,600.9951768488746,6.398586909293146,1,WC,0,NoSA,buservices,2,sufficient,622,0.196,0.267,4,more250
45559,2019,21,1175.5125786163521,7.06945956857481,0,NoWC,0,NoSA,health,2,sufficient,318,0.352,0.711,4,more250
45559,2020,22,277.2274247491639,5.624838197303559,0,NoWC,0,NoSA,buservices,2,sufficient,299,0.11,0.676,4,more250
45559,2021,23,794.2147887323944,6.677353939440926,0,NoWC,0,NoSA,buservices,2,sufficient,284,0.141,0.669,4,more250
45587,2011,13,315.03370786516854,5.752679642196341,0,NoWC,0,NoSA,manufacturing,4,good,178,0.236,0.371,3,less250
45587,2014,16,425.69101123595505,6.0537137573561965,0,NoWC,0,NoSA,manufacturing,5,very good,178,0.225,0.472,3,less250
45587,2015,17,421.6388888888889,6.0441492341707495,0,NoWC,0,NoSA,manufacturing,4,good,180,0.228,0.467,3,less250
45587,2016,18,406.94086021505376,6.008667868287649,0,NoWC,0,NoSA,manufacturing,5,very good,186,0.215,0.446,3,less250
45587,2017,19,398.9684210526316,5.988882268526215,0,NoWC,0,NoSA,manufacturing,4,good,190,0.153,0.405,3,less250
45587,2018,20,474.03414634146344,6.161279357795485,0,NoWC,1,SA,manufacturing,5,very good,205,0.18,0.356,3,less250
45587,2019,21,477.4901960784314,6.168543627937087,0,NoWC,1,SA,manufacturing,4,good,204,0.191,0.353,3,less250
45593,2005,7,4817.75,8.48006229307803,1,WC,0,NoSA,manufacturing,3,satisfactory,28,0.964,0.036,1,less50
45593,2006,8,3424.4848484848485,8.138706330182224,1,WC,0,NoSA,manufacturing,3,satisfactory,33,0.909,0.061,1,less50
45593,2008,10,2655.891304347826,7.884535585191055,1,WC,0,NoSA,manufacturing,2,sufficient,46,0.435,0.065,1,less50
45593,2009,11,2714.911111111111,7.90651449190983,1,WC,0,NoSA,manufacturing,3,satisfactory,45,0.533,0.067,1,less50
45597,2009,11,22.718592964824122,3.123183662570113,1,WC,0,NoSA,buservices,3,satisfactory,199,0.05,0.07,3,less250
45597,2010,12,20.584158415841586,3.0245217710167536,1,WC,0,NoSA,buservices,1,unsatisfactory,202,0.054,0.089,3,less250
45597,2011,13,572.9897435897436,6.350867817060203,1,WC,0,NoSA,buservices,3,satisfactory,195,0.082,0.067,3,less250
45597,2012,14,1721.875,7.45116909234128,1,WC,0,NoSA,buservices,4,good,192,0.083,0.073,3,less250
45641,2013,15,1042.3452768729642,6.949228527188712,1,WC,0,NoSA,public,4,good,307,0.267,0.208,4,more250
45641,2014,16,1071.1864406779662,6.97652213622923,1,WC,0,NoSA,public,3,satisfactory,295,0.271,0.193,4,more250
45641,2015,17,5412.056856187291,8.59638449481334,1,WC,0,NoSA,public,4,good,299,0.281,0.211,4,more250
45641,2016,18,4870.7774193548385,8.49100883770087,1,WC,0,NoSA,public,4,good,310,0.268,0.187,4,more250
45641,2017,19,4673.0215384615385,8.449561151819173,1,WC,0,NoSA,public,4,good,325,0.262,0.132,4,more250
45641,2018,20,4828.459807073955,8.482282815270423,1,WC,0,NoSA,public,4,good,311,0.299,0.119,4,more250
45641,2019,21,5543.4555160142345,8.62037332464954,1,WC,0,NoSA,public,3,satisfactory,281,0.331,0.157,4,more250
45641,2020,22,4371.145110410094,8.38278029275886,1,WC,0,NoSA,buservices,4,good,317,0.322,0.158,4,more250
45641,2021,23,3703.866666666667,8.217132597997928,1,WC,0,NoSA,buservices,3,satisfactory,345,0.325,0.154,4,more250
45667,2005,7,3485.0472972972975,8.156236894780378,0,NoWC,0,NoSA,manufacturing,3,satisfactory,148,0.568,0.439,3,less250
45667,2006,8,1393.7677053824364,7.239765938541148,0,NoWC,0,NoSA,manufacturing,3,satisfactory,353,0.711,0.771,4,more250
45667,2007,9,1270.730407523511,7.147347138166453,0,NoWC,0,NoSA,manufacturing,4,good,319,0.752,0.774,4,more250
45680,1998,0,1386.1272977941176,7.234269020982615,1,WC,0,NoSA,wholesretail,3,satisfactory,34,0.088,0.5,1,less50
45680,1999,1,1834.8461626838234,7.514715921924629,1,WC,0,NoSA,wholesretail,3,satisfactory,34,0.088,0.588,1,less50
45680,2002,4,1179.7837837837837,7.073086466588756,1,WC,0,NoSA,construction,4,good,37,0.027,0.595,1,less50
45705,2016,18,1842.6129032258063,7.518939899377875,1,WC,0,NoSA,resthotels,3,satisfactory,31,0.194,0.129,1,less50
45705,2017,19,3171.7419354838707,8.062036222409725,1,WC,0,NoSA,resthotels,4,good,31,0.194,0.129,1,less50
45705,2018,20,2156.6060606060605,7.676290996703719,1,WC,0,NoSA,resthotels,4,good,33,0.273,0.091,1,less50
45705,2020,22,1040.4722222222222,6.947429948910508,1,WC,0,NoSA,finance,4,good,36,0.306,0.111,1,less50
45732,1999,1,2712.884650735294,7.905767794517781,0,NoWC,0,NoSA,health,3,satisfactory,272,0.04,0.456,4,more250
45732,2000,2,2309.303505535055,7.744701245296342,0,NoWC,1,SA,health,3,satisfactory,271,0.089,0.469,4,more250
45732,2001,3,2398.6936787072245,7.782679567612068,0,NoWC,0,NoSA,health,3,satisfactory,263,0.087,0.452,4,more250
45745,2008,10,3076.981818181818,8.031704466361399,1,WC,0,NoSA,buservices,3,satisfactory,55,0.855,0.327,2,less100
45745,2009,11,3133.962962962963,8.050053605029595,1,WC,0,NoSA,buservices,3,satisfactory,54,0.889,0.315,2,less100
45745,2010,12,3238.425925925926,8.082842665403508,1,WC,0,NoSA,buservices,3,satisfactory,54,0.963,0.5,2,less100
45748,2006,8,246.96688741721854,5.50925426860166,1,WC,0,NoSA,edu,3,satisfactory,151,0.119,0.258,3,less250
45748,2007,9,319.2808219178082,5.766071035022458,1,WC,0,NoSA,edu,4,good,146,0.089,0.329,3,less250
45748,2008,10,361.66379310344826,5.890715031938798,1,WC,0,NoSA,edu,4,good,116,0.034,0.31,3,less250
45748,2009,11,543.1565217391304,6.297397532060054,1,WC,0,NoSA,edu,5,very good,115,0.043,0.27,3,less250
45748,2011,13,2250.344827586207,7.718838740160837,1,WC,0,NoSA,edu,5,very good,29,0.241,0.345,1,less50
45748,2012,14,2732.5862068965516,7.913003768280052,1,WC,0,NoSA,edu,4,good,29,0.138,0.379,1,less50
45748,2013,15,3054.0689655172414,8.024230067552828,1,WC,0,NoSA,edu,4,good,29,0.103,0.379,1,less50
45748,2016,18,3007.3870967741937,8.008826906586961,1,WC,0,NoSA,edu,4,good,31,0.613,0.581,1,less50
45748,2017,19,2913.40625,7.97707820827238,1,WC,0,NoSA,edu,4,good,32,0.719,0.562,1,less50
45748,2018,20,4428.375,8.395787978589555,1,WC,0,NoSA,edu,4,good,32,0.719,0.562,1,less50
45748,2019,21,2193.627450980392,7.693311822852831,1,WC,0,NoSA,edu,4,good,51,0.373,0.51,2,less100
45779,2013,15,1939.3939393939395,7.5701308008753285,0,NoWC,0,NoSA,construction,3,satisfactory,165,0.327,0.139,3,less250
45779,2014,16,1844.5411764705882,7.519985840707636,0,NoWC,0,NoSA,construction,3,satisfactory,170,0.382,0.112,3,less250
45779,2015,17,1958.708108108108,7.580040406387591,0,NoWC,0,NoSA,construction,4,good,185,0.357,0.119,3,less250
45779,2016,18,1941.8877551020407,7.5714158485722365,0,NoWC,0,NoSA,construction,4,good,196,0.311,0.148,3,less250
45779,2017,19,2223.3056994818653,7.706750421145667,0,NoWC,0,NoSA,construction,4,good,193,0.316,0.093,3,less250
45779,2018,20,2168.6341463414633,7.6818528227139256,0,NoWC,0,NoSA,construction,2,sufficient,205,0.302,0.107,3,less250
45779,2019,21,2222.054726368159,7.706187599224883,0,NoWC,0,NoSA,construction,4,good,201,0.328,0.129,3,less250
45779,2020,22,2495.52688172043,7.822255160929558,0,NoWC,0,NoSA,construction,1,unsatisfactory,186,0.36,0.091,3,less250
45779,2021,23,2507.343434343434,7.8269790789409095,0,NoWC,0,NoSA,construction,2,sufficient,198,0.333,0.096,3,less250
45782,2007,9,1002.9922178988327,6.9107430291071426,0,NoWC,1,SA,manufacturing,3,satisfactory,257,0.008,0.21,4,more250
45782,2008,10,1002.2701612903226,6.910022867349548,0,NoWC,1,SA,manufacturing,3,satisfactory,248,0.004,0.234,3,less250
45782,2009,11,1437.5,7.270660772671506,0,NoWC,1,SA,manufacturing,3,satisfactory,240,0.004,0.217,3,less250
45783,2007,9,4527.943396226415,8.418023118971494,1,WC,0,NoSA,manufacturing,4,good,53,0.038,0.17,2,less100
45783,2008,10,3946.867924528302,8.280677612860334,1,WC,0,NoSA,manufacturing,5,very good,53,0.038,0.17,2,less100
45783,2009,11,4597.11320754717,8.433183821900037,1,WC,0,NoSA,manufacturing,5,very good,53,0.038,0.189,2,less100
45783,2010,12,3464.867924528302,8.150429793878283,1,WC,0,NoSA,manufacturing,4,good,53,0.019,0.189,2,less100
45783,2011,13,4563.551020408163,8.425856331999215,1,WC,0,NoSA,manufacturing,4,good,49,0.02,0.204,1,less50
45783,2013,15,5072,8.531490496117062,1,WC,0,NoSA,manufacturing,5,very good,49,0.02,0.204,1,less50
45783,2015,17,5770.869565217391,8.660578052691099,1,WC,0,NoSA,manufacturing,5,very good,46,0.022,0.217,1,less50
45812,2006,8,964.7058823529412,6.8718232697560735,0,NoWC,0,NoSA,public,4,good,510,0.035,0.771,4,more250
45812,2007,9,793.2739726027397,6.676168650747594,0,NoWC,1,SA,public,3,satisfactory,511,0.01,0.761,4,more250
45812,2008,10,724.4554263565891,6.585420236550763,0,NoWC,0,NoSA,public,3,satisfactory,516,0.008,0.657,4,more250
45812,2009,11,748.3731019522777,6.617901653016848,0,NoWC,0,NoSA,public,4,good,461,0.009,0.685,4,more250
45819,2001,3,1623.7608072916667,7.392500223723501,1,WC,0,NoSA,health,1,unsatisfactory,30,0.433,0.067,1,less50
45819,2002,4,1148.8064516129032,7.046478814236497,1,WC,1,SA,health,1,unsatisfactory,31,0.419,0.097,1,less50
45819,2003,5,1168.5483870967741,7.063517562703737,1,WC,0,NoSA,health,2,sufficient,31,0.323,0.065,1,less50
45819,2005,7,1042.525,6.949400934200769,1,WC,1,SA,health,2,sufficient,40,0.45,0.1,1,less50
45819,2006,8,748.5714285714286,6.618166628259774,1,WC,0,NoSA,health,1,unsatisfactory,56,0.286,0.054,2,less100
45833,1999,1,1470.9478837025317,7.293662290811697,0,NoWC,0,NoSA,public,4,good,158,0.006,0.532,3,less250
45833,2001,3,1014.5713709677419,6.9222215076713445,0,NoWC,0,NoSA,public,4,good,155,0.006,0.723,3,less250
45833,2003,5,2154.554347826087,7.675339181999327,0,NoWC,0,NoSA,public,2,sufficient,92,0.011,0.717,2,less100
45842,1998,0,630.4462083847102,6.446427835959997,0,NoWC,0,NoSA,art,2,sufficient,1622,0.259,0.509,4,more250
45842,1999,1,612.5413583509513,6.417616463977538,0,NoWC,0,NoSA,art,2,sufficient,1419,0.29,0.519,4,more250
45842,2000,2,539.5010775862069,6.290644782075633,0,NoWC,0,NoSA,manufacturing,2,sufficient,1160,0.279,0.489,4,more250
45842,2002,4,606.060606060606,6.406979991069647,0,NoWC,0,NoSA,manufacturing,2,sufficient,924,0.314,0.527,4,more250
45860,2000,2,2543.9888211382113,7.84148853024368,0,NoWC,0,NoSA,public,4,good,246,0.045,0.028,3,less250
45860,2001,3,2464.282958984375,7.80965615531027,0,NoWC,0,NoSA,public,4,good,256,0.047,0.035,4,more250
45860,2002,4,2267.2064777327937,7.726303726083355,0,NoWC,0,NoSA,public,3,satisfactory,247,0.053,0.036,3,less250
45860,2003,5,1945.274678111588,7.573158468761043,0,NoWC,0,NoSA,public,4,good,233,0.056,0.047,3,less250
45860,2004,6,2232.1428571428573,7.710717325549289,0,NoWC,0,NoSA,public,3,satisfactory,224,0.045,0.04,3,less250
45894,2008,10,878.5969581749049,6.77832626940833,1,WC,0,NoSA,manufacturing,3,satisfactory,263,0.008,0.388,4,more250
45894,2009,11,1287.313432835821,7.1603127155026405,1,WC,0,NoSA,manufacturing,3,satisfactory,268,0.007,0.433,4,more250
45894,2010,12,3167.512195121951,8.060701762265847,1,WC,0,NoSA,manufacturing,3,satisfactory,82,0.049,0.293,2,less100
45894,2013,15,6001.857142857143,8.699824224127104,1,WC,0,NoSA,manufacturing,3,satisfactory,35,0.771,0.371,1,less50
45894,2014,16,4801.4857142857145,8.476680672812893,1,WC,0,NoSA,manufacturing,3,satisfactory,35,0.543,0.086,1,less50
45894,2015,17,2048.125,7.624680019453079,1,WC,0,NoSA,manufacturing,3,satisfactory,40,0.5,0.375,1,less50
45894,2016,18,3523.6774193548385,8.167260444658144,1,WC,0,NoSA,manufacturing,4,good,31,0.677,0.258,1,less50
45894,2017,19,2404.684210526316,7.78517386852409,1,WC,0,NoSA,manufacturing,1,unsatisfactory,38,0.763,0.211,1,less50
45894,2018,20,3896.3548387096776,8.26779673831266,1,WC,0,NoSA,manufacturing,1,unsatisfactory,31,0.903,0.258,1,less50
45894,2019,21,2710.516129032258,7.904894349257217,1,WC,0,NoSA,manufacturing,1,unsatisfactory,31,0.839,0.258,1,less50
45894,2020,22,2800.866666666667,7.937684172080207,1,WC,0,NoSA,manufacturing,1,unsatisfactory,30,0.133,0.533,1,less50
45896,2019,21,1639.7692307692307,7.402310797971658,1,WC,0,NoSA,resthotels,1,unsatisfactory,26,0.885,0.615,1,less50
45896,2020,22,2255.777777777778,7.721250105008157,1,WC,0,NoSA,transcom,2,sufficient,27,0.778,0.63,1,less50
45896,2021,23,1136.92,7.036078130677048,1,WC,0,NoSA,transcom,4,good,25,0.92,0.68,1,less50
45911,2018,20,3369.4854586129754,8.122515328785024,0,NoWC,0,NoSA,manufacturing,4,good,447,0.043,0.678,4,more250
45911,2019,21,2138.585144927536,7.6678997421315636,0,NoWC,0,NoSA,manufacturing,2,sufficient,552,0.054,0.629,4,more250
45911,2020,22,2014.4288224956063,7.608090971416279,0,NoWC,0,NoSA,manufacturing,4,good,569,0.058,0.624,4,more250
45911,2021,23,2531.965328467153,7.836751089831905,0,NoWC,0,NoSA,manufacturing,3,satisfactory,548,0.053,0.58,4,more250
45920,2010,12,1202.0697674418604,7.091800156207624,1,WC,0,NoSA,manufacturing,4,good,43,0.163,0.907,1,less50
45920,2011,13,1188.4545454545455,7.08040904076349,1,WC,0,NoSA,manufacturing,3,satisfactory,44,0.091,0.818,1,less50
45920,2012,14,776.8936170212766,6.655303425963397,1,WC,0,NoSA,manufacturing,4,good,47,0.149,0.957,1,less50
45920,2013,15,943.5116279069767,6.8496086889583925,1,WC,0,NoSA,manufacturing,4,good,43,0.163,0.907,1,less50
45920,2014,16,1011.5365853658536,6.919225825371254,1,WC,0,NoSA,manufacturing,4,good,41,0.268,0.902,1,less50
45920,2015,17,964.4883720930233,6.871597776382,1,WC,0,NoSA,manufacturing,4,good,43,0.186,0.86,1,less50
45920,2017,19,1179,7.072421900537371,1,WC,0,NoSA,manufacturing,5,very good,39,0.179,0.872,1,less50
45920,2018,20,1225.2307692307693,7.110884488282496,1,WC,0,NoSA,manufacturing,4,good,39,0.179,0.923,1,less50
45920,2019,21,1209.439024390244,7.097911914881156,1,WC,0,NoSA,manufacturing,4,good,41,0.195,0.902,1,less50
45920,2020,22,1437.6486486486488,7.270764175080874,1,WC,0,NoSA,manufacturing,3,satisfactory,37,0.27,0.919,1,less50
45925,2001,3,997.9931419683257,6.9057464045126284,0,NoWC,0,NoSA,health,5,very good,221,0.023,0.394,3,less250
45925,2002,4,694.7717842323651,6.543583423629227,0,NoWC,0,NoSA,health,3,satisfactory,241,0.058,0.394,3,less250
45925,2003,5,748.3230769230769,6.6178348057436,0,NoWC,0,NoSA,health,2,sufficient,260,0.015,0.369,4,more250
45925,2004,6,604.2813688212927,6.40403993188328,0,NoWC,0,NoSA,health,4,good,263,0.11,0.304,4,more250
45930,2002,4,1444.1081081081081,7.275247183761247,0,NoWC,0,NoSA,wholesretail,3,satisfactory,37,0.378,0.162,1,less50
45930,2003,5,1400.7297297297298,7.244748615328537,0,NoWC,0,NoSA,wholesretail,1,unsatisfactory,37,0.432,0.162,1,less50
45930,2004,6,1525.5,7.3300775041567245,0,NoWC,0,NoSA,wholesretail,3,satisfactory,32,0.438,0.188,1,less50
45942,1999,1,983.7952769886364,6.89141782356565,1,WC,0,NoSA,finance,3,satisfactory,22,0.136,0.273,1,less50
45942,2000,2,1117.9397194602273,7.019242734068407,1,WC,0,NoSA,buservices,3,satisfactory,22,0.136,0.182,1,less50
45942,2001,3,1117.9397194602273,7.019242734068407,1,WC,0,NoSA,buservices,2,sufficient,22,0.091,0.182,1,less50
45942,2015,17,1235.3,7.119069134542768,1,WC,0,NoSA,finance,3,satisfactory,20,0.25,0.2,1,less50
45942,2016,18,1548.95,7.345332561006288,1,WC,0,NoSA,finance,4,good,20,0.25,0.3,1,less50
45942,2017,19,1548.95,7.345332561006288,1,WC,0,NoSA,finance,4,good,20,0.3,0.3,1,less50
45979,2006,8,2033.0578512396694,7.617296269317759,0,NoWC,0,NoSA,wholesretail,2,sufficient,242,0.074,0.529,3,less250
45979,2007,9,2133.4894736842107,7.665514168790812,0,NoWC,0,NoSA,wholesretail,2,sufficient,190,0.089,0.505,3,less250
45979,2008,10,1999.0320855614973,7.600418385177739,0,NoWC,0,NoSA,wholesretail,3,satisfactory,187,0.037,0.503,3,less250
45979,2009,11,1835.1063829787233,7.514857733183548,0,NoWC,0,NoSA,wholesretail,2,sufficient,188,0.053,0.649,3,less250
45980,2005,7,1012.7818181818182,6.920456099196602,1,WC,0,NoSA,edu,4,good,55,0.018,0.691,2,less100
45980,2007,9,31.6375,3.4543431258712425,1,WC,1,SA,edu,3,satisfactory,80,0.013,0.738,2,less100
45980,2008,10,589.6056338028169,6.379453896125976,1,WC,1,SA,edu,2,sufficient,71,0.014,0.803,2,less100
46062,2016,18,2071.6506024096384,7.636100960979367,0,NoWC,0,NoSA,buservices,4,good,83,0.12,0.181,2,less100
46062,2017,19,2160.329268292683,7.678015928084953,0,NoWC,0,NoSA,buservices,2,sufficient,82,0.366,0.207,2,less100
46062,2019,21,2074.065934065934,7.637266179058474,0,NoWC,0,NoSA,buservices,2,sufficient,91,0.396,0.209,2,less100
46067,2001,3,1539.04175,7.33891526147612,0,NoWC,0,NoSA,health,4,good,250,0.328,0.836,3,less250
46067,2002,4,1461.784090909091,7.287412948767128,0,NoWC,0,NoSA,health,3,satisfactory,264,0.277,0.83,4,more250
46067,2003,5,1511.234375,7.320682062752311,0,NoWC,0,NoSA,health,2,sufficient,256,0.207,0.82,4,more250
46067,2004,6,1601.6796875,7.378808162255788,0,NoWC,0,NoSA,health,1,unsatisfactory,256,0.25,0.812,4,more250
46075,2018,20,931.7,6.83701087445638,1,WC,0,NoSA,transcom,3,satisfactory,20,0.2,0.2,1,less50
46075,2019,21,816.25,6.704720680590641,0,NoWC,0,NoSA,transcom,3,satisfactory,20,0.2,0.2,1,less50
46075,2020,22,1079.75,6.984484811840811,0,NoWC,0,NoSA,transcom,4,good,20,0.2,0.2,1,less50
46132,2016,18,1297.6218905472638,7.168288553246027,0,NoWC,0,NoSA,health,4,good,603,0.363,0.305,4,more250
46132,2017,19,1776.1829710144928,7.482221942465357,0,NoWC,0,NoSA,health,4,good,552,0.375,0.326,4,more250
46132,2018,20,1564.8338926174497,7.3555349584385334,0,NoWC,0,NoSA,health,4,good,596,0.398,0.331,4,more250
46142,2019,21,418.93548387096774,6.037716931624944,1,WC,0,NoSA,manufacturing,4,good,93,0.774,0.28,2,less100
46142,2020,22,596.1046511627907,6.3904162408506835,0,NoWC,0,NoSA,manufacturing,3,satisfactory,86,0.384,0.267,2,less100
46142,2021,23,644.2361111111111,6.468065291071317,0,NoWC,0,NoSA,manufacturing,4,good,72,0.889,0.222,2,less100
46171,2004,6,2227.6666666666665,7.70870997884296,1,WC,0,NoSA,buservices,2,sufficient,21,0.524,0.19,1,less50
46171,2005,7,2129.769230769231,7.663768910472149,1,WC,0,NoSA,transcom,2,sufficient,26,0.692,0.192,1,less50
46171,2006,8,1821.5,7.507415616448618,1,WC,1,SA,transcom,2,sufficient,38,0.447,0.263,1,less50
46171,2007,9,1861.7,7.5292453277778515,1,WC,0,NoSA,buservices,2,sufficient,40,0.375,0.275,1,less50
46191,2014,16,2925.925925925926,7.981366265444829,0,NoWC,0,NoSA,edu,4,good,108,0.444,0.287,3,less250
46191,2015,17,4406.184466019417,8.390764393489842,0,NoWC,0,NoSA,edu,4,good,103,0.495,0.32,3,less250
46191,2016,18,5133.474226804124,8.54353794613698,1,WC,0,NoSA,edu,4,good,97,0.619,0.32,2,less100
46197,2013,15,904.8965517241379,6.8078206296791866,1,WC,0,NoSA,manufacturing,3,satisfactory,29,0.034,0.172,1,less50
46197,2014,16,1064.59375,6.970348549971847,1,WC,0,NoSA,manufacturing,3,satisfactory,32,0.062,0.156,1,less50
46197,2015,17,1177.71875,7.071334583583465,1,WC,0,NoSA,manufacturing,4,good,32,0.094,0.125,1,less50
46197,2016,18,814.1176470588235,6.702104885115444,1,WC,0,NoSA,manufacturing,4,good,34,0.088,0.176,1,less50
46197,2018,20,1110.2424242424242,7.012333670678924,1,WC,0,NoSA,manufacturing,5,very good,33,0.091,0.182,1,less50
46197,2019,21,716.25,6.57402926802895,1,WC,0,NoSA,manufacturing,4,good,36,0.111,0.167,1,less50
46234,1998,0,1491.1428413120568,7.30729811253149,1,WC,0,NoSA,public,1,unsatisfactory,282,0.035,0.383,4,more250
46234,1999,1,1576.1017571174377,7.3627098350323665,1,WC,0,NoSA,public,3,satisfactory,281,0.014,0.352,4,more250
46234,2000,2,1515.9945934256054,7.323826999854009,1,WC,0,NoSA,public,2,sufficient,289,0.021,0.398,4,more250
46234,2001,3,1767.7568093385214,7.477466682457427,1,WC,0,NoSA,public,2,sufficient,257,0.023,0.409,4,more250
46258,2009,11,1189.655172413793,7.081418773032977,1,WC,1,SA,wholesretail,2,sufficient,290,0.459,0.241,4,more250
46258,2010,12,995.1570881226054,6.902900602207406,1,WC,0,NoSA,wholesretail,2,sufficient,261,0.525,0.092,4,more250
46258,2011,13,1063.235294117647,6.96907170297075,1,WC,0,NoSA,wholesretail,2,sufficient,272,0.478,0.114,4,more250
46286,2016,18,2348.657894736842,7.761599335370937,1,WC,0,NoSA,health,4,good,38,0.053,0,1,less50
46286,2017,19,1970.3783783783783,7.585980873531739,1,WC,0,NoSA,health,3,satisfactory,37,0.108,0,1,less50
46286,2018,20,1892.341463414634,7.545570210819599,1,WC,0,NoSA,health,1,unsatisfactory,41,0.073,0,1,less50
46286,2019,21,2190.6444444444446,7.691951046392153,1,WC,0,NoSA,health,1,unsatisfactory,45,0.067,0,1,less50
46295,2006,8,1299.6756756756756,7.1698700320747735,1,WC,0,NoSA,wholesretail,3,satisfactory,37,0.027,0.784,1,less50
46295,2007,9,1555.6756756756756,7.34966524835708,1,WC,0,NoSA,wholesretail,4,good,37,0.054,0.811,1,less50
46295,2008,10,1035.7435897435898,6.942874891938687,1,WC,0,NoSA,wholesretail,4,good,39,0.051,0.821,1,less50
46295,2009,11,809.6279069767442,6.696574768019092,1,WC,0,NoSA,wholesretail,4,good,43,0.023,0.837,1,less50
46295,2010,12,856.8,6.753204519133539,1,WC,0,NoSA,wholesretail,3,satisfactory,40,0.05,0.9,1,less50
46295,2011,13,1147.6153846153845,7.045441489921312,1,WC,0,NoSA,wholesretail,4,good,39,0.103,0.923,1,less50
46296,2010,12,1163.36,7.059067648901746,1,WC,0,NoSA,manufacturing,5,very good,25,0.12,0.04,1,less50
46296,2011,13,1188.5384615384614,7.080479647688882,1,WC,0,NoSA,manufacturing,4,good,26,0.154,0.077,1,less50
46296,2013,15,1298.392857142857,7.168882514908954,1,WC,0,NoSA,construction,4,good,28,0.143,0.143,1,less50
46296,2014,16,1347.655172413793,7.206121451933415,1,WC,0,NoSA,construction,4,good,29,0.138,0.138,1,less50
46296,2021,23,2371,7.771067086065406,1,WC,0,NoSA,construction,4,good,23,0.13,0.087,1,less50
46300,2012,14,1989.8367346938776,7.59580787148544,0,NoWC,0,NoSA,resthotels,4,good,49,0.082,0.673,1,less50
46300,2014,16,1164.1940298507463,7.059784306711402,0,NoWC,0,NoSA,resthotels,4,good,67,0.075,0.358,2,less100
46300,2015,17,3581.6938775510203,8.183591117648424,0,NoWC,0,NoSA,resthotels,3,satisfactory,49,0.102,0.673,1,less50
46300,2017,19,2938.3972602739727,7.985619562118,0,NoWC,0,NoSA,resthotels,4,good,73,0.027,0.425,2,less100
46300,2018,20,2031.28125,7.61642203057509,0,NoWC,0,NoSA,resthotels,4,good,96,0.021,0.542,2,less100
46300,2021,23,1728.7517730496454,7.455154908603689,0,NoWC,0,NoSA,resthotels,5,very good,141,0.007,0.525,3,less250
46305,2003,5,2189.7445652173915,7.6915401791209,0,NoWC,0,NoSA,buservices,4,good,184,0.049,0.06,3,less250
46305,2004,6,2034.9141414141413,7.61820890603535,0,NoWC,0,NoSA,buservices,2,sufficient,198,0.025,0.071,3,less250
46305,2006,8,1102.8649635036497,7.005666585198152,0,NoWC,0,NoSA,buservices,4,good,274,0.022,0.084,4,more250
46305,2008,10,1121.063122923588,7.022032730963725,0,NoWC,0,NoSA,buservices,3,satisfactory,301,0.063,0.14,4,more250
46329,2004,6,1698.8055555555557,7.43768066871606,1,WC,0,NoSA,health,4,good,72,0.167,0.861,2,less100
46329,2005,7,2007.6478873239437,7.604719110516794,1,WC,0,NoSA,health,3,satisfactory,71,0.155,0.845,2,less100
46329,2006,8,2075.470588235294,7.63794319646293,1,WC,0,NoSA,health,3,satisfactory,68,0.397,0.926,2,less100
46329,2007,9,1990.840579710145,7.5963122303963795,1,WC,0,NoSA,health,4,good,69,0.203,0.884,2,less100
46347,2001,3,922.626171875,6.827224138242506,1,WC,0,NoSA,wholesretail,4,good,30,0.433,0.3,1,less50
46347,2002,4,792.3870967741935,6.675050030964144,1,WC,0,NoSA,wholesretail,3,satisfactory,31,0.419,0.29,1,less50
46347,2003,5,609.1333333333333,6.412037181896411,1,WC,0,NoSA,wholesretail,4,good,30,0.4,0.3,1,less50
46347,2004,6,516.4,6.246881658972487,1,WC,0,NoSA,wholesretail,3,satisfactory,30,0.4,0.267,1,less50
46347,2005,7,1090.9583333333333,6.994811793841927,1,WC,1,SA,wholesretail,4,good,24,0.5,0.25,1,less50
46347,2006,8,627.2916666666666,6.441411610567888,1,WC,0,NoSA,wholesretail,3,satisfactory,24,0.458,0.333,1,less50
46347,2007,9,578.695652173913,6.360776695460007,1,WC,1,SA,wholesretail,3,satisfactory,23,0.087,0.348,1,less50
46353,2012,14,4629.814814814815,8.44027214948013,1,WC,0,NoSA,buservices,4,good,27,0.037,0.148,1,less50
46353,2013,15,3876.1304347826085,8.262592624349143,1,WC,0,NoSA,buservices,4,good,23,0.043,0.174,1,less50
46353,2014,16,3741.95,8.227362144906175,1,WC,0,NoSA,buservices,4,good,20,0.05,0.15,1,less50
46368,2008,10,122.1842105263158,4.805529828293536,1,WC,0,NoSA,public,2,sufficient,228,0.053,0.044,3,less250
46368,2009,11,782.6394849785407,6.662672162092304,1,WC,0,NoSA,public,1,unsatisfactory,233,0.021,0.013,3,less250
46368,2010,12,481.79282868525894,6.177514205647538,1,WC,0,NoSA,public,2,sufficient,251,0.056,0.02,4,more250
46368,2011,13,413.2988929889299,6.024171043045505,1,WC,0,NoSA,public,2,sufficient,271,0.048,0.018,4,more250
46368,2012,14,547.9134948096886,6.306117418300716,1,WC,0,NoSA,public,3,satisfactory,289,0.052,0.021,4,more250
46368,2013,15,443.04682274247494,6.09367545913812,1,WC,0,NoSA,public,3,satisfactory,299,0.05,0.02,4,more250
46368,2015,17,649.2388535031847,6.475800682129305,1,WC,0,NoSA,public,4,good,314,0.073,0.032,4,more250
46368,2016,18,611.4778481012659,6.415878728962099,1,WC,0,NoSA,public,3,satisfactory,316,0.101,0.019,4,more250
46368,2017,19,797.2990654205607,6.681229847327355,1,WC,0,NoSA,public,4,good,321,0.084,0.016,4,more250
46368,2018,20,907.7408536585366,6.810958934406213,1,WC,0,NoSA,public,4,good,328,0.079,0.021,4,more250
46368,2019,21,903.5043478260869,6.806280922224453,1,WC,0,NoSA,public,4,good,345,0.075,0.014,4,more250
46392,2015,17,2607.24358974359,7.8660488463708536,0,NoWC,0,NoSA,health,4,good,78,0.077,0.077,2,less100
46392,2016,18,2413.6987951807228,7.7889156197137615,0,NoWC,0,NoSA,health,3,satisfactory,83,0.096,0.084,2,less100
46392,2017,19,3820.1304347826085,8.248039846248735,0,NoWC,0,NoSA,health,1,unsatisfactory,69,0.101,0.087,2,less100
46392,2018,20,2899.885714285714,7.9724266063310205,0,NoWC,0,NoSA,health,4,good,70,0.2,0.086,2,less100
46392,2019,21,3033.8,8.017571238157572,0,NoWC,0,NoSA,health,2,sufficient,65,0.108,0.154,2,less100
46415,2007,9,1589.85,7.371394951141373,1,WC,1,SA,manufacturing,5,very good,20,0.55,0.15,1,less50
46415,2008,10,3648.85,8.20216732843888,1,WC,1,SA,manufacturing,3,satisfactory,20,0.95,0.15,1,less50
46415,2009,11,1737.5714285714287,7.460243686563123,1,WC,1,SA,manufacturing,1,unsatisfactory,21,0.857,0.095,1,less50
46424,2017,19,3032.952,8.017291681648414,1,WC,0,NoSA,buservices,1,unsatisfactory,250,0.336,0.4,3,less250
46424,2018,20,3174.3388429752067,8.062854651209154,1,WC,0,NoSA,buservices,1,unsatisfactory,242,0.351,0.388,3,less250
46424,2020,22,1218.0371900826447,7.104995981533291,1,WC,0,NoSA,health,3,satisfactory,242,0.326,0.335,3,less250
46424,2021,23,1193.8702928870293,7.084955655628695,1,WC,0,NoSA,health,4,good,239,0.226,0.402,3,less250
46429,2001,3,2090.764960106383,7.645285287613954,1,WC,0,NoSA,buservices,3,satisfactory,94,0.032,0.021,2,less100
46429,2002,4,2278.259259259259,7.7311669475660505,1,WC,0,NoSA,buservices,2,sufficient,81,0.025,0.025,2,less100
46429,2006,8,2402.6666666666665,7.784334510620064,1,WC,0,NoSA,buservices,1,unsatisfactory,63,0.032,0.032,2,less100
46429,2007,9,2488.063492063492,7.819259972851581,1,WC,0,NoSA,buservices,1,unsatisfactory,63,0.032,0.032,2,less100
46429,2008,10,2359.214285714286,7.76608391280415,1,WC,0,NoSA,buservices,1,unsatisfactory,70,0.029,0.029,2,less100
46447,2004,6,5704.816326530612,8.649066066603599,1,WC,0,NoSA,public,4,good,49,0.612,0.776,1,less50
46447,2006,8,7089.673913043478,8.866394625949935,1,WC,0,NoSA,public,3,satisfactory,46,0.457,0.826,1,less50
46447,2007,9,7089.673913043478,8.866394625949935,1,WC,0,NoSA,public,4,good,46,0.261,0.87,1,less50
46447,2008,10,6145.829787234043,8.723529047421472,1,WC,0,NoSA,public,4,good,47,0.511,0.809,1,less50
46447,2009,11,4051.2391304347825,8.306778071436986,1,WC,0,NoSA,transcom,4,good,46,0.457,0.826,1,less50
46447,2010,12,4051.2391304347825,8.306778071436986,1,WC,0,NoSA,transcom,4,good,46,0.283,0.804,1,less50
46447,2011,13,5064.04347826087,8.529920549541671,1,WC,0,NoSA,transcom,4,good,46,0.457,0.804,1,less50
46447,2012,14,4051.2391304347825,8.306778071436986,1,WC,0,NoSA,transcom,4,good,46,0.435,0.804,1,less50
46447,2013,15,3965.0425531914893,8.285271866216021,1,WC,0,NoSA,transcom,4,good,47,0.255,0.809,1,less50
46447,2015,17,1694.1636363636364,7.43494446816401,1,WC,0,NoSA,transcom,4,good,55,0.345,0.8,2,less100
46447,2016,18,3327.8035714285716,8.110067777190931,1,WC,0,NoSA,transcom,4,good,56,0.232,0.768,2,less100
46447,2017,19,2911.839285714286,7.976540217448164,1,WC,0,NoSA,transcom,3,satisfactory,56,0.143,0.768,2,less100
46447,2018,20,2911.839285714286,7.976540217448164,1,WC,0,NoSA,transcom,3,satisfactory,56,0.196,0.75,2,less100
46447,2019,21,2691.8253968253966,7.897974828640833,1,WC,0,NoSA,transcom,4,good,63,0.206,0.73,2,less100
46499,2005,7,567.4516129032259,6.341155482113759,1,WC,0,NoSA,construction,3,satisfactory,31,0.065,0.452,1,less50
46499,2006,8,729.0967741935484,6.59180647243495,1,WC,0,NoSA,construction,3,satisfactory,31,0.129,0.452,1,less50
46499,2007,9,772.6451612903226,6.649819902174263,1,WC,0,NoSA,construction,2,sufficient,31,0.129,0.452,1,less50
46499,2008,10,717.2727272727273,6.575456141041549,1,WC,0,NoSA,construction,3,satisfactory,33,0.03,0.364,1,less50
46499,2009,11,758.969696969697,6.631961851657498,1,WC,0,NoSA,construction,3,satisfactory,33,0.121,0.394,1,less50
46501,2019,21,1232.855421686747,7.117088238938593,1,WC,0,NoSA,wholesretail,1,unsatisfactory,83,0.181,0.964,2,less100
46501,2020,22,884.1829268292682,6.7846639720327575,1,WC,0,NoSA,wholesretail,2,sufficient,82,0.476,0.951,2,less100
46501,2021,23,1186.628205128205,7.078871123243889,1,WC,0,NoSA,wholesretail,4,good,78,0.487,0.974,2,less100
46517,1998,0,5223.47794117647,8.560918731271894,0,NoWC,0,NoSA,public,4,good,51,0.039,0.059,2,less100
46517,2000,2,1223.9732921511627,7.109857642696269,0,NoWC,0,NoSA,public,4,good,43,0.047,0.093,1,less50
46517,2001,3,287.576123046875,5.6614876010056925,0,NoWC,0,NoSA,public,5,very good,40,0.05,0.1,1,less50
46517,2002,4,3748.1111111111113,8.229007288359426,0,NoWC,0,NoSA,public,5,very good,36,0.056,0.111,1,less50
46517,2003,5,3412.0689655172414,8.135074121044237,0,NoWC,0,NoSA,public,2,sufficient,29,0.034,0.138,1,less50
46539,2013,15,566.3333333333334,6.3391828330038225,0,NoWC,0,NoSA,health,5,very good,24,0.292,0.625,1,less50
46539,2016,18,897.304347826087,6.79939509974651,1,WC,0,NoSA,health,2,sufficient,23,0.304,0.783,1,less50
46539,2017,19,1525.7,7.330208600119157,1,WC,0,NoSA,health,4,good,20,0.4,0.75,1,less50
46539,2018,20,1479.45,7.299425676068112,0,NoWC,0,NoSA,health,5,very good,20,0.1,0.75,1,less50
46539,2019,21,1275.5,7.1510935375818665,0,NoWC,0,NoSA,health,2,sufficient,20,0.1,0.75,1,less50
46544,2017,19,6169.857142857143,8.72743096312363,1,WC,0,NoSA,manufacturing,3,satisfactory,28,0.179,0.286,1,less50
46544,2018,20,6648.76,8.80218565009751,1,WC,0,NoSA,manufacturing,2,sufficient,25,0.2,0.2,1,less50
46544,2019,21,6757.16,8.818357962419379,1,WC,0,NoSA,manufacturing,5,very good,25,0.2,0.44,1,less50
46544,2020,22,6046.72,8.707271255248779,1,WC,0,NoSA,manufacturing,4,good,25,0.2,0.44,1,less50
46544,2021,23,5074.12,8.531908389859863,1,WC,0,NoSA,manufacturing,3,satisfactory,25,0.2,0.4,1,less50
46547,2009,11,949.9411764705883,6.856400063172851,1,WC,0,NoSA,health,3,satisfactory,34,0.235,0.441,1,less50
46547,2010,12,1722.56,7.451566835372592,1,WC,0,NoSA,health,3,satisfactory,25,0.08,0.68,1,less50
46547,2011,13,2355.03125,7.764309276001543,1,WC,0,NoSA,health,4,good,32,0.031,0.625,1,less50
46547,2012,14,2093.3611111111113,7.6465262403451595,1,WC,0,NoSA,health,4,good,36,0.417,0.778,1,less50
46547,2013,15,1537.9714285714285,7.338219572891362,1,WC,0,NoSA,health,4,good,35,0.371,0.8,1,less50
46547,2014,16,1163.8918918918919,7.059524747596568,1,WC,0,NoSA,health,2,sufficient,37,0.514,0.595,1,less50
46547,2017,19,2153.175,7.674698775993353,1,WC,0,NoSA,health,5,very good,40,0.75,0.6,1,less50
46547,2018,20,2673.5151515151515,7.891149421668464,1,WC,0,NoSA,health,4,good,33,0.848,0.636,1,less50
46547,2019,21,2859.6875,7.958467632109698,1,WC,0,NoSA,health,4,good,32,0.688,0.719,1,less50
46631,1998,0,1994.9695870535713,7.598384084623088,1,WC,0,NoSA,construction,1,unsatisfactory,28,0.429,0.393,1,less50
46631,2000,2,2006.2110877403845,7.604003191171419,1,WC,0,NoSA,construction,2,sufficient,26,0.808,0.5,1,less50
46631,2001,3,2238.9044596354165,7.713741944690295,1,WC,0,NoSA,construction,4,good,24,0.833,0.5,1,less50
46631,2002,4,1759.5,7.47278495676164,1,WC,0,NoSA,construction,3,satisfactory,24,0.875,0.5,1,less50
46633,2000,2,4316.008620689655,8.37008632375547,0,NoWC,0,NoSA,manufacturing,4,good,145,0.076,0.152,3,less250
46633,2001,3,3009.6768036912754,8.009587977788955,0,NoWC,0,NoSA,manufacturing,3,satisfactory,149,0.027,0.208,3,less250
46633,2002,4,3636.3636363636365,8.198739460297704,0,NoWC,1,SA,manufacturing,2,sufficient,154,0.117,0.305,3,less250
46633,2004,6,2958.579881656805,7.992464662481256,0,NoWC,0,NoSA,manufacturing,2,sufficient,169,0.101,0.201,3,less250
46633,2005,7,3393.3355263157896,8.129568647698216,0,NoWC,0,NoSA,manufacturing,2,sufficient,152,0.138,0.487,3,less250
46633,2006,8,3019.593220338983,8.012877406044703,0,NoWC,0,NoSA,manufacturing,2,sufficient,118,0.136,0.203,3,less250
46633,2007,9,3824.1792452830186,8.249099146839232,0,NoWC,0,NoSA,manufacturing,4,good,106,0.066,0.311,3,less250
46672,2013,15,2474.3883495145633,7.813748512951499,1,WC,0,NoSA,construction,4,good,103,0.427,0.447,3,less250
46672,2014,16,2651.304761904762,7.882807160792315,1,WC,0,NoSA,construction,4,good,105,0.352,0.467,3,less250
46672,2015,17,2182.7391304347825,7.6883358489212315,1,WC,0,NoSA,construction,4,good,138,0.21,0.543,3,less250
46672,2019,21,2355.014492753623,7.764302160467091,1,WC,0,NoSA,construction,5,very good,138,0.217,0.746,3,less250
46672,2021,23,2185.3513513513512,7.689531896136309,1,WC,0,NoSA,wholesretail,5,very good,148,0.236,0.696,3,less250
46691,2015,17,1614.9661016949153,7.38706924577388,1,WC,0,NoSA,wholesretail,3,satisfactory,59,0.102,0.136,2,less100
46691,2016,18,2269.9827586206898,7.727527515125321,1,WC,0,NoSA,wholesretail,3,satisfactory,58,0.155,0.034,2,less100
46691,2017,19,1231.609375,7.11607702807074,1,WC,0,NoSA,wholesretail,3,satisfactory,64,0.125,0.125,2,less100
46705,2013,15,1218.235294117647,7.1051586103334134,1,WC,0,NoSA,buservices,4,good,102,0.108,0.167,3,less250
46705,2014,16,1135.4411764705883,7.034776556126755,1,WC,0,NoSA,buservices,4,good,102,0.147,0.186,3,less250
46705,2016,18,1096.03738317757,6.99945657566493,1,WC,1,SA,buservices,4,good,107,0.037,0.196,3,less250
46705,2017,19,1661.504424778761,7.4154787509140405,1,WC,1,SA,buservices,4,good,113,0.08,0.204,3,less250
46705,2018,20,1974.0672268907563,7.58785127558919,1,WC,0,NoSA,buservices,5,very good,119,0.092,0.261,3,less250
46712,1998,0,2726.89,7.910917044664945,0,NoWC,0,NoSA,health,3,satisfactory,375,0.099,0.797,4,more250
46712,1999,1,2534.099672011662,7.837593693971641,0,NoWC,0,NoSA,health,3,satisfactory,343,0.12,0.927,4,more250
46712,2000,2,2018.7782258064517,7.610247768696851,0,NoWC,0,NoSA,health,3,satisfactory,310,0.239,0.852,4,more250
46712,2001,3,2041.6065938511326,7.621492322892087,0,NoWC,0,NoSA,health,4,good,309,0.288,0.841,4,more250
46721,2015,17,2910.181818181818,7.975970838688566,0,NoWC,0,NoSA,edu,4,good,77,0.74,0.896,2,less100
46721,2016,18,3790.8947368421054,8.240357348536826,0,NoWC,0,NoSA,edu,4,good,76,0.855,0.855,2,less100
46721,2018,20,2478.3440860215055,7.815345908893871,0,NoWC,0,NoSA,edu,4,good,93,0.699,0.839,2,less100
46721,2019,21,2002.1237113402062,7.60196375184223,0,NoWC,0,NoSA,edu,3,satisfactory,97,0.68,0.866,2,less100
46721,2020,22,1867.37,7.532286302803505,0,NoWC,0,NoSA,buservices,4,good,100,0.54,0.9,2,less100
46721,2021,23,2114,7.656337166430183,0,NoWC,0,NoSA,buservices,3,satisfactory,106,0.642,0.755,3,less250
46747,2003,5,1305.1076923076923,7.174040839193115,1,WC,0,NoSA,buservices,1,unsatisfactory,65,0.031,0.138,2,less100
46747,2004,6,1240.2608695652175,7.123077015154218,1,WC,0,NoSA,buservices,4,good,69,0.014,0.116,2,less100
46747,2005,7,979.8955223880597,6.887445956173286,1,WC,0,NoSA,buservices,4,good,67,0.03,0.119,2,less100
46772,2001,3,1355.4846608231708,7.211914352624725,0,NoWC,0,NoSA,buservices,1,unsatisfactory,82,0.085,0.195,2,less100
46772,2002,4,1541.2469135802469,7.340347051933319,0,NoWC,0,NoSA,buservices,3,satisfactory,81,0.062,0.346,2,less100
46772,2003,5,1653.9358974358975,7.410913118747895,0,NoWC,0,NoSA,buservices,3,satisfactory,78,0.115,0.372,2,less100
46808,2006,8,1892.3076923076924,7.545552364458917,1,WC,0,NoSA,health,5,very good,260,0.177,0.723,4,more250
46808,2007,9,1458.1402877697842,7.284917127260661,1,WC,1,SA,health,5,very good,278,0.04,0.719,4,more250
46808,2008,10,1316.2640845070423,7.1825527638711195,1,WC,1,SA,health,5,very good,284,0.335,0.718,4,more250
46808,2009,11,1385.5421686746988,7.23384679954879,1,WC,1,SA,health,5,very good,249,0.373,0.695,3,less250
46808,2010,12,1034.804780876494,6.941968070398316,1,WC,1,SA,health,5,very good,251,0.414,0.685,4,more250
46808,2011,13,1161.44578313253,7.057420872802039,1,WC,1,SA,health,5,very good,249,0.462,0.687,3,less250
46813,2017,19,1733.923076923077,7.458141794720423,1,WC,0,NoSA,health,3,satisfactory,39,0.769,0.821,1,less50
46813,2018,20,2594.4615384615386,7.861134274439498,1,WC,0,NoSA,health,4,good,39,0.692,0.897,1,less50
46813,2019,21,3082.5384615384614,8.033508712345398,1,WC,0,NoSA,health,4,good,39,0.718,0.897,1,less50
46821,2008,10,1740.875,7.462143139373256,0,NoWC,1,SA,wholesretail,1,unsatisfactory,32,0.219,0.188,1,less50
46821,2009,11,2022.7142857142858,7.612195594229657,0,NoWC,1,SA,wholesretail,2,sufficient,28,0.25,0.214,1,less50
46821,2011,13,1821.2307692307693,7.507267798349079,0,NoWC,1,SA,wholesretail,2,sufficient,26,0.269,0.269,1,less50
46821,2012,14,2321.1428571428573,7.749814954204908,0,NoWC,1,SA,wholesretail,3,satisfactory,28,0.536,0.214,1,less50
46850,2018,20,1458.109375,7.284895926901735,1,WC,1,SA,buservices,5,very good,256,0.098,0.508,4,more250
46850,2019,21,1796.89837398374,7.493817332031192,1,WC,1,SA,buservices,5,very good,246,0.106,0.874,3,less250
46850,2020,22,3260.759336099585,8.089715372421816,1,WC,1,SA,finance,5,very good,241,0.116,0.88,3,less250
46850,2021,23,3271.1129032258063,8.092885543367593,1,WC,1,SA,finance,4,good,248,0.113,0.907,3,less250
46857,2014,16,1264,7.142036574706803,0,NoWC,0,NoSA,transcom,4,good,250,0.832,0.908,3,less250
46857,2018,20,2168.018484288355,7.681568888486455,0,NoWC,0,NoSA,transcom,4,good,541,0.377,0.586,4,more250
46857,2019,21,1791.5872,7.4908572098557364,0,NoWC,0,NoSA,transcom,4,good,625,0.334,0.555,4,more250
46857,2021,23,2448.367013372957,7.803176556158236,0,NoWC,0,NoSA,transcom,4,good,673,0.264,0.473,4,more250
46882,2000,2,861.5268020072992,6.7587061663456875,0,NoWC,0,NoSA,manufacturing,3,satisfactory,274,0.018,0.701,4,more250
46882,2001,3,873.552028508772,6.772567691061621,0,NoWC,0,NoSA,manufacturing,2,sufficient,285,0.312,0.782,4,more250
46882,2002,4,928.2756183745583,6.833328691248463,0,NoWC,0,NoSA,manufacturing,3,satisfactory,283,0.325,0.77,4,more250
46882,2003,5,1444.456,7.275488059075455,0,NoWC,0,NoSA,manufacturing,2,sufficient,250,0.336,0.792,3,less250
46883,2004,6,1450.4774774774776,7.2796480760210365,0,NoWC,0,NoSA,manufacturing,3,satisfactory,111,0.333,0.82,3,less250
46883,2005,7,2189.3454545454547,7.6913578989342675,0,NoWC,0,NoSA,manufacturing,2,sufficient,110,0.409,0.945,3,less250
46883,2006,8,1997.4636363636364,7.599633472900825,0,NoWC,0,NoSA,manufacturing,2,sufficient,110,0.318,0.827,3,less250
46883,2007,9,1768.8979591836735,7.47811200972822,0,NoWC,0,NoSA,manufacturing,3,satisfactory,98,0.255,0.837,2,less100
46889,2003,5,7040.260869565217,8.859400503801524,0,NoWC,1,SA,public,1,unsatisfactory,23,0.174,0.087,1,less50
46889,2004,6,6875.434782608696,8.835710161641858,0,NoWC,0,NoSA,public,3,satisfactory,23,0.261,0.087,1,less50
46889,2005,7,6207.076923076923,8.733445359292704,0,NoWC,1,SA,public,2,sufficient,26,0.231,0.115,1,less50
46889,2006,8,5602.310344827586,8.630934353219468,0,NoWC,0,NoSA,public,3,satisfactory,29,0.207,0.103,1,less50
46889,2007,9,5468,8.60666819784384,0,NoWC,0,NoSA,public,3,satisfactory,31,0.194,0.097,1,less50
46889,2008,10,4909.885714285714,8.499005944404784,0,NoWC,0,NoSA,public,4,good,35,0.114,0.086,1,less50
46889,2009,11,4590.74358974359,8.43179729205645,0,NoWC,1,SA,public,3,satisfactory,39,0.103,0.077,1,less50
46889,2011,13,4414.292682926829,8.39260289248584,0,NoWC,0,NoSA,public,3,satisfactory,41,0.098,0.098,1,less50
46889,2012,14,3950.9574468085107,8.281713220120162,0,NoWC,0,NoSA,public,4,good,47,0.191,0.128,1,less50
46889,2013,15,3851.3333333333335,8.2561746876731,0,NoWC,0,NoSA,public,3,satisfactory,48,0.229,0.146,1,less50
46889,2014,16,4173.276595744681,8.336456760624717,0,NoWC,0,NoSA,public,3,satisfactory,47,0.298,0.106,1,less50
46889,2015,17,4186.183673469388,8.339544780081887,0,NoWC,0,NoSA,public,4,good,49,0.306,0.143,1,less50
46889,2016,18,4257.0392156862745,8.356329177833237,0,NoWC,0,NoSA,public,3,satisfactory,51,0.216,0.157,2,less100
46889,2018,20,3280.457142857143,8.095738064489,0,NoWC,0,NoSA,public,4,good,70,0.214,0.129,2,less100
46889,2019,21,3121.382716049383,8.046031360850021,0,NoWC,0,NoSA,public,4,good,81,0.198,0.111,2,less100
46889,2020,22,3214.4444444444443,8.075409820633961,0,NoWC,0,NoSA,public,4,good,81,0.222,0.136,2,less100
46889,2021,23,3314.4,8.106031890763193,0,NoWC,0,NoSA,public,3,satisfactory,85,0.212,0.153,2,less100
46901,1998,0,1580.713785046729,7.365631786694776,0,NoWC,0,NoSA,manufacturing,4,good,107,0.019,0.589,3,less250
46901,1999,1,1716.443023989899,7.448009419215412,0,NoWC,0,NoSA,manufacturing,4,good,99,0.02,0.566,2,less100
46901,2001,3,1956.1929086538462,7.578755469787889,0,NoWC,0,NoSA,manufacturing,4,good,104,0.019,0.558,3,less250
46917,2011,13,342.26153846153846,5.835575177147496,1,WC,0,NoSA,transcom,4,good,65,0.015,0.077,2,less100
46917,2012,14,632.015625,6.448914116942513,1,WC,0,NoSA,transcom,4,good,64,0.016,0.094,2,less100
46917,2015,17,1430.9622641509434,7.26610240894386,1,WC,0,NoSA,transcom,2,sufficient,53,0.019,0.075,2,less100
46922,2009,11,2010.7076923076922,7.606242024810707,1,WC,0,NoSA,manufacturing,4,good,130,0.054,0.515,3,less250
46922,2010,12,1579.968,7.365159872651358,1,WC,0,NoSA,manufacturing,3,satisfactory,125,0.168,0.272,3,less250
46922,2011,13,1263.062015503876,7.141294222889993,1,WC,1,SA,manufacturing,4,good,129,0.202,0.209,3,less250
46930,2008,10,1952.7,7.5769683092464515,1,WC,0,NoSA,manufacturing,3,satisfactory,20,0.05,0.75,1,less50
46930,2009,11,2324.65,7.751324769055121,1,WC,0,NoSA,manufacturing,3,satisfactory,20,0.1,0.75,1,less50
46930,2010,12,1944.2272727272727,7.572619888026094,1,WC,0,NoSA,manufacturing,3,satisfactory,22,0.227,0.727,1,less50
46930,2013,15,2352.05,7.76304256729596,1,WC,0,NoSA,manufacturing,4,good,20,0.2,0.6,1,less50
46930,2014,16,2324.65,7.751324769055121,1,WC,0,NoSA,manufacturing,4,good,20,0.2,0.6,1,less50
46930,2015,17,2213.9523809523807,7.702534604885689,1,WC,0,NoSA,manufacturing,4,good,21,0.19,0.667,1,less50
46930,2016,18,1690.6363636363637,7.432860283571658,1,WC,0,NoSA,manufacturing,4,good,22,0.227,0.682,1,less50
46930,2017,19,2535.9545454545455,7.838325391679823,1,WC,0,NoSA,manufacturing,4,good,22,0.091,0.773,1,less50
46930,2018,20,2197.818181818182,7.695220411714151,1,WC,0,NoSA,manufacturing,4,good,22,0.091,0.773,1,less50
46930,2019,21,3032.1304347826085,8.017020765224359,1,WC,0,NoSA,manufacturing,3,satisfactory,23,0.043,0.739,1,less50
46930,2020,22,2014.6666666666667,7.608209034724521,1,WC,0,NoSA,manufacturing,4,good,24,0.042,0.708,1,less50
46930,2021,23,2157.24,7.676584905846325,1,WC,0,NoSA,manufacturing,3,satisfactory,25,0.04,0.72,1,less50
46949,1999,1,590.5749075215783,6.381096481989332,0,NoWC,0,NoSA,edu,3,satisfactory,811,0.243,0.291,4,more250
46949,2000,2,429.328429136253,6.062222195111662,0,NoWC,0,NoSA,edu,4,good,822,0.033,0.29,4,more250
46949,2001,3,478.2639013788969,6.170162675078049,0,NoWC,0,NoSA,edu,4,good,834,0.249,0.311,4,more250
46954,2009,11,663.8897637795276,6.498116117289527,0,NoWC,0,NoSA,buservices,3,satisfactory,127,0.047,0.441,3,less250
46954,2010,12,584.8604651162791,6.371373297612405,0,NoWC,0,NoSA,buservices,3,satisfactory,129,0.039,0.442,3,less250
46954,2011,13,681.4848484848485,6.524274018292005,1,WC,0,NoSA,buservices,3,satisfactory,132,0.045,0.432,3,less250
46954,2012,14,2504.5454545454545,7.82586254178269,0,NoWC,0,NoSA,buservices,3,satisfactory,132,0.053,0.455,3,less250
46954,2013,15,1083.344,6.987807832761047,0,NoWC,0,NoSA,buservices,4,good,125,0.008,0.496,3,less250
46954,2014,16,2611.5702479338843,7.867706946972308,0,NoWC,0,NoSA,buservices,4,good,121,0.017,0.347,3,less250
46955,2004,6,5208.333333333333,8.558015185936492,0,NoWC,0,NoSA,public,2,sufficient,96,0.01,0.604,2,less100
46955,2005,7,6612.653846153846,8.7967403418549,0,NoWC,0,NoSA,public,2,sufficient,78,0.013,0.538,2,less100
46955,2007,9,962.8574821852732,6.8699054072689165,0,NoWC,0,NoSA,public,4,good,421,0.01,0.532,4,more250
46955,2008,10,907.3276699029126,6.810503652682799,0,NoWC,0,NoSA,public,4,good,412,0.002,0.529,4,more250
46961,1998,0,3527.2841938405795,8.168283503638802,1,WC,0,NoSA,public,4,good,69,0.145,0.101,2,less100
46961,1999,1,2885.9625,7.9676137454864024,1,WC,0,NoSA,public,4,good,115,0.113,0.174,3,less250
46961,2000,2,2788.9553571428573,7.933422380738124,1,WC,0,NoSA,public,2,sufficient,119,0.092,0.092,3,less250
46961,2001,3,3871.998125,8.261525964150483,1,WC,0,NoSA,public,2,sufficient,100,0.06,0.07,2,less100
46961,2003,5,2846.978947368421,7.954013692578558,1,WC,0,NoSA,public,1,unsatisfactory,95,0.063,0.084,2,less100
46961,2004,6,3606.1809523809525,8.190404583419648,1,WC,0,NoSA,public,3,satisfactory,105,0.057,0.124,3,less250
46961,2005,7,4207.211111111111,8.344555263246907,1,WC,0,NoSA,public,4,good,90,0.056,0.133,2,less100
46963,2000,2,1175.6021050347222,7.069535725147721,1,WC,0,NoSA,buservices,3,satisfactory,36,0.056,0.25,1,less50
46963,2001,3,1270.9333826013512,7.147506856441593,1,WC,1,SA,buservices,5,very good,37,0.162,0.297,1,less50
46963,2002,4,1491.4324324324325,7.3074923011736574,1,WC,0,NoSA,buservices,1,unsatisfactory,37,0.054,0.378,1,less50
46993,2009,11,1391.1290322580646,7.2378709498485145,1,WC,0,NoSA,transcom,4,good,248,0.411,0.355,3,less250
46993,2011,13,1011.1888111888112,6.918881958446894,1,WC,0,NoSA,transcom,4,good,286,0.217,0.696,4,more250
46993,2012,14,1147.9166666666667,7.045703984233115,1,WC,0,NoSA,transcom,4,good,288,0.24,0.618,4,more250
47002,2013,15,3323.269230769231,8.10870428546661,1,WC,0,NoSA,manufacturing,4,good,26,0.269,0.231,1,less50
47002,2014,16,2690.076923076923,7.897325068126405,1,WC,0,NoSA,manufacturing,4,good,26,0.269,0.192,1,less50
47002,2015,17,3134.521739130435,8.05023188612798,1,WC,0,NoSA,manufacturing,3,satisfactory,23,0.348,0.174,1,less50
47002,2018,20,1921.4642857142858,7.560842823162524,1,WC,0,NoSA,manufacturing,4,good,28,0.393,0.179,1,less50
47002,2019,21,2113.6071428571427,7.656151313236775,1,WC,0,NoSA,manufacturing,4,good,28,0.286,0.179,1,less50
47002,2020,22,1844.6285714285714,7.520033219908904,1,WC,0,NoSA,manufacturing,4,good,35,0.2,0.343,1,less50
47002,2021,23,1163.2702702702702,7.058990516122275,1,WC,0,NoSA,manufacturing,3,satisfactory,37,0.324,0.324,1,less50
47021,2016,18,4006.7,8.295723238854036,1,WC,0,NoSA,manufacturing,2,sufficient,20,0.05,0.9,1,less50
47021,2018,20,3547.28,8.173936391607281,1,WC,0,NoSA,manufacturing,3,satisfactory,25,0.04,0.88,1,less50
47021,2019,21,3698.5,8.215682611027923,1,WC,0,NoSA,manufacturing,3,satisfactory,26,0.077,0.885,1,less50
47021,2021,23,3561.527777777778,8.177944882848271,1,WC,0,NoSA,manufacturing,4,good,36,0.139,0.861,1,less50
47064,2017,19,4694.689655172414,8.454187288322851,0,NoWC,0,NoSA,wholesretail,3,satisfactory,58,0.224,0.931,2,less100
47064,2018,20,4214.433962264151,8.346270570140293,0,NoWC,0,NoSA,wholesretail,3,satisfactory,53,0.226,0.962,2,less100
47064,2019,21,3785.8474576271187,8.239025039786696,0,NoWC,0,NoSA,wholesretail,3,satisfactory,59,0.305,0.966,2,less100
47077,2001,3,135.31604424838363,4.907613110913425,1,WC,0,NoSA,construction,5,very good,29,0.034,0.241,1,less50
47077,2002,4,115.39285714285714,4.748342455649294,1,WC,0,NoSA,construction,2,sufficient,28,0.107,0.25,1,less50
47077,2003,5,157.46428571428572,5.059198675182734,1,WC,0,NoSA,construction,1,unsatisfactory,28,0.071,0.25,1,less50
47084,2014,16,670.65,6.5082473913481,1,WC,0,NoSA,buservices,4,good,20,0.6,0.4,1,less50
47084,2015,17,786.3,6.667338398997471,1,WC,0,NoSA,buservices,3,satisfactory,20,0.55,0.6,1,less50
47084,2016,18,1387.6,7.235330915095594,1,WC,0,NoSA,buservices,4,good,20,0.6,0.4,1,less50
47100,1998,0,2066.5631009615386,7.633642168671438,0,NoWC,0,NoSA,manufacturing,2,sufficient,26,0.038,0.962,1,less50
47100,2006,8,2719.88,7.908343040669772,0,NoWC,0,NoSA,manufacturing,4,good,25,0.04,0.96,1,less50
47100,2007,9,2904.3478260869565,7.9739641435955875,0,NoWC,0,NoSA,manufacturing,4,good,23,0.043,0.957,1,less50
47138,2009,11,583.271186440678,6.368652235043658,1,WC,0,NoSA,manufacturing,5,very good,118,0.076,0.771,3,less250
47138,2010,12,589.8677685950413,6.3798983907555415,1,WC,0,NoSA,manufacturing,2,sufficient,121,0.041,0.851,3,less250
47138,2011,13,518.801652892562,6.251521638429044,1,WC,0,NoSA,manufacturing,3,satisfactory,121,0.107,0.744,3,less250
47138,2012,14,494.18045112781954,6.202900736171195,1,WC,0,NoSA,manufacturing,3,satisfactory,133,0.083,0.729,3,less250
47138,2013,15,445.3893129770992,6.098948760321435,1,WC,0,NoSA,manufacturing,2,sufficient,131,0.023,0.733,3,less250
47142,2010,12,310.65486725663715,5.738682544362616,0,NoWC,0,NoSA,transcom,1,unsatisfactory,226,0.004,0.142,3,less250
47142,2012,14,429.18930041152265,6.061898081302104,0,NoWC,0,NoSA,transcom,5,very good,243,0.012,0.144,3,less250
47142,2013,15,483.748987854251,6.1815661520508485,0,NoWC,0,NoSA,transcom,4,good,247,0.004,0.142,3,less250
47142,2015,17,673.0445344129555,6.511811500431553,0,NoWC,0,NoSA,transcom,4,good,247,0.012,0.142,3,less250
47142,2016,18,519.504,6.2528745102209005,0,NoWC,0,NoSA,transcom,5,very good,250,0.004,0.144,3,less250
47142,2017,19,787.6370967741935,6.669037446689517,0,NoWC,0,NoSA,transcom,5,very good,248,0.004,0.149,3,less250
47142,2021,23,852.31640625,6.747957826727005,0,NoWC,0,NoSA,resthotels,4,good,256,0.016,0.102,4,more250
47146,2018,20,3093.5581395348836,8.037077208890084,1,WC,0,NoSA,transcom,4,good,172,0.244,0.058,3,less250
47146,2019,21,2870.0466321243525,7.9620835567486195,1,WC,0,NoSA,transcom,4,good,193,0.218,0.088,3,less250
47146,2020,22,1456.8238095238096,7.284013871994702,1,WC,0,NoSA,wholesretail,4,good,210,0.352,0.095,3,less250
47146,2021,23,1564.0625,7.35504188194364,1,WC,0,NoSA,wholesretail,4,good,208,0.462,0.058,3,less250
47154,1998,0,1849.1568716094032,7.522485069113021,0,NoWC,0,NoSA,public,4,good,553,0.033,0.146,4,more250
47154,1999,1,1347.590988372093,7.206073824341808,0,NoWC,0,NoSA,public,4,good,645,0.023,0.144,4,more250
47154,2000,2,929.8978454680534,6.835074736531316,0,NoWC,0,NoSA,public,4,good,673,0.016,0.055,4,more250
47154,2001,3,919.6157981049563,6.823955972063947,0,NoWC,0,NoSA,public,4,good,686,0.012,0.168,4,more250
47157,2005,7,1736.7818181818182,7.4597891499359434,0,NoWC,0,NoSA,resthotels,4,good,55,0.018,0.964,2,less100
47157,2006,8,1932.5,7.5665697804615775,0,NoWC,0,NoSA,resthotels,3,satisfactory,56,0.018,0.964,2,less100
47157,2007,9,2250.3818181818183,7.71885517777126,0,NoWC,0,NoSA,resthotels,5,very good,55,0.073,1,2,less100
47170,2003,5,1697.85,7.437118023746539,1,WC,0,NoSA,construction,2,sufficient,20,0.05,0.3,1,less50
47170,2004,6,1905.5714285714287,7.552537205085731,1,WC,0,NoSA,construction,3,satisfactory,21,0.048,0.286,1,less50
47170,2009,11,1262.6190476190477,7.140943451847807,1,WC,0,NoSA,construction,1,unsatisfactory,21,0.048,0.19,1,less50
47170,2012,14,1881.7272727272727,7.53994539610942,1,WC,0,NoSA,construction,4,good,22,0.136,0.318,1,less50
47170,2013,15,1480.9130434782608,7.300414097809559,1,WC,0,NoSA,construction,3,satisfactory,23,0.087,0.304,1,less50
47170,2014,16,1330.1923076923076,7.193078803013203,1,WC,0,NoSA,construction,3,satisfactory,26,0.115,0.385,1,less50
47170,2019,21,1585.7391304347825,7.368805905964128,1,WC,0,NoSA,construction,3,satisfactory,23,0.043,0.304,1,less50
47170,2021,23,1746.75,7.4655121974325604,1,WC,0,NoSA,construction,4,good,24,0.042,0.417,1,less50
47171,2010,12,939.9565217391304,6.8458336207253145,0,NoWC,0,NoSA,buservices,1,unsatisfactory,23,0.565,0.565,1,less50
47171,2011,13,1494.7391304347825,7.309706975906363,1,WC,0,NoSA,buservices,3,satisfactory,23,0.174,0.696,1,less50
47171,2013,15,911.2307692307693,6.8147961793753735,1,WC,0,NoSA,buservices,4,good,26,0.538,0.731,1,less50
47171,2014,16,1079.4545454545455,6.98421114203225,1,WC,0,NoSA,buservices,4,good,22,0.636,0.864,1,less50
47171,2015,17,957.1428571428571,6.863952656323744,1,WC,0,NoSA,buservices,4,good,21,0.524,0.81,1,less50
47171,2016,18,1359,7.214504414151143,1,WC,0,NoSA,buservices,3,satisfactory,20,0.55,0.85,1,less50
47175,2008,10,4449.1875,8.400476774220087,1,WC,0,NoSA,manufacturing,4,good,32,0.031,0.125,1,less50
47175,2011,13,2609.3333333333335,7.866850039847857,1,WC,0,NoSA,manufacturing,4,good,36,0.028,0.167,1,less50
47175,2013,15,2320.457142857143,7.749519489584646,1,WC,0,NoSA,manufacturing,3,satisfactory,35,0.029,0.171,1,less50
47175,2016,18,3051.810810810811,8.023490401888877,1,WC,0,NoSA,manufacturing,4,good,37,0.027,0.108,1,less50
47175,2017,19,3126.5263157894738,8.047677863984395,1,WC,0,NoSA,manufacturing,4,good,38,0.026,0.158,1,less50
47175,2018,20,4896.846153846154,8.496346634800021,1,WC,0,NoSA,manufacturing,4,good,39,0.026,0.154,1,less50
47175,2020,22,1963.7727272727273,7.582622762907176,1,WC,0,NoSA,manufacturing,3,satisfactory,44,0.023,0.159,1,less50
47200,2011,13,1665.344827586207,7.417787484626922,1,WC,0,NoSA,wholesretail,3,satisfactory,29,0.379,0.931,1,less50
47200,2012,14,1931.8,7.566207489745196,1,WC,0,NoSA,wholesretail,4,good,25,0.56,0.96,1,less50
47200,2014,16,4199.565217391304,8.342736279244193,1,WC,0,NoSA,wholesretail,4,good,23,0.217,0.957,1,less50
47200,2016,18,2535.5,7.838146135235074,1,WC,0,NoSA,wholesretail,4,good,24,0.583,0.958,1,less50
47200,2021,23,9199.047619047618,9.126855238009863,1,WC,0,NoSA,manufacturing,4,good,21,0.667,0.857,1,less50
47240,1998,0,365.9213671875,5.9024184665691415,1,WC,0,NoSA,buservices,3,satisfactory,25,0.16,0.28,1,less50
47240,1999,1,454.6407421875,6.1195075294604795,1,WC,0,NoSA,buservices,4,good,25,0.04,0.04,1,less50
47240,2000,2,473.210859375,6.159541080646914,1,WC,1,SA,buservices,4,good,25,0.04,0.04,1,less50
47243,2012,14,1536.5963302752293,7.337325074219847,1,WC,0,NoSA,manufacturing,5,very good,109,0.486,0.44,3,less250
47243,2013,15,2288.376146788991,7.735597738807882,1,WC,0,NoSA,manufacturing,5,very good,109,0.56,0.789,3,less250
47243,2014,16,2891.4495412844035,7.969513226740285,1,WC,0,NoSA,manufacturing,5,very good,109,0.404,0.789,3,less250
47264,2007,9,1642.4307692307693,7.403932599839254,1,WC,0,NoSA,buservices,4,good,65,0.046,0.923,2,less100
47264,2008,10,1404.719298245614,7.2475927740820785,1,WC,0,NoSA,buservices,3,satisfactory,57,0.281,0.912,2,less100
47264,2009,11,988.5,6.896188642610672,1,WC,0,NoSA,construction,3,satisfactory,54,0.648,0.907,2,less100
47264,2010,12,1529.6716417910447,7.3328083781453035,1,WC,0,NoSA,construction,3,satisfactory,67,0.522,0.881,2,less100
47282,2018,20,1053.1739130434783,6.959563658082082,1,WC,0,NoSA,transcom,4,good,23,0.087,0.826,1,less50
47282,2019,21,2277.346153846154,7.7307660764007355,1,WC,0,NoSA,transcom,2,sufficient,26,0.115,0.808,1,less50
47282,2021,23,1907.057142857143,7.5533165699428535,1,WC,0,NoSA,finance,5,very good,35,0.086,0.771,1,less50
47284,2007,9,7506.722222222223,8.923554194387023,0,NoWC,0,NoSA,manufacturing,4,good,54,0.111,0.944,2,less100
47284,2009,11,5476.190476190476,8.608164969621964,0,NoWC,0,NoSA,manufacturing,4,good,63,0.286,0.857,2,less100
47284,2012,14,3844.186046511628,8.254317168115554,0,NoWC,0,NoSA,manufacturing,4,good,86,0.128,0.721,2,less100
47298,2013,15,1707.4756097560976,7.442771307159088,1,WC,0,NoSA,transcom,4,good,82,0.146,0.829,2,less100
47298,2014,16,1737.5434782608695,7.460227600585359,1,WC,0,NoSA,transcom,4,good,92,0.13,0.783,2,less100
47298,2015,17,2263.112359550562,7.724496295108256,1,WC,0,NoSA,transcom,2,sufficient,89,0.146,0.742,2,less100
47311,2008,10,2810.6691729323306,7.941177873810572,1,WC,0,NoSA,mining,4,good,133,0.195,0.271,3,less250
47311,2009,11,4385.8133333333335,8.386130368412623,1,WC,0,NoSA,mining,4,good,75,0.507,0.44,2,less100
47311,2010,12,2450.3396226415093,7.803981915418032,1,WC,0,NoSA,mining,3,satisfactory,106,0.358,0.443,3,less250
47311,2011,13,2450.8474576271187,7.804189144801082,1,WC,0,NoSA,mining,5,very good,118,0.322,0.534,3,less250
47338,1998,0,775.4874157934132,6.653491755268185,0,NoWC,0,NoSA,health,3,satisfactory,334,0.102,0.82,4,more250
47338,1999,1,839.7592983128834,6.7331153011466505,0,NoWC,0,NoSA,health,3,satisfactory,326,0.144,0.844,4,more250
47338,2000,2,618.24734375,6.426888609991164,0,NoWC,0,NoSA,health,3,satisfactory,300,0.173,0.82,4,more250
47338,2001,3,868.6427190721649,6.766931900415832,0,NoWC,0,NoSA,health,2,sufficient,291,0.179,0.825,4,more250
47338,2002,4,700.0877742946708,6.551205719032033,0,NoWC,0,NoSA,health,3,satisfactory,319,0.16,0.828,4,more250
47338,2003,5,801.2784810126582,6.686208553328772,0,NoWC,0,NoSA,health,4,good,316,0.149,0.722,4,more250
47338,2004,6,843.9814241486068,6.73813048505115,0,NoWC,0,NoSA,health,3,satisfactory,323,0.139,0.836,4,more250
47338,2005,7,908.7857142857143,6.812109328527442,0,NoWC,0,NoSA,health,3,satisfactory,308,0.127,0.867,4,more250
47338,2006,8,486.5903614457831,6.1874226221914315,0,NoWC,0,NoSA,health,1,unsatisfactory,664,0.03,0.753,4,more250
47338,2007,9,552.7267267267267,6.314863714331419,0,NoWC,0,NoSA,health,4,good,666,0.044,0.584,4,more250
47338,2008,10,591.3617363344051,6.382427905180499,0,NoWC,0,NoSA,health,1,unsatisfactory,622,0.034,0.545,4,more250
47361,2018,20,2757.9851851851854,7.922255686759844,1,WC,1,SA,manufacturing,4,good,135,0.193,0.185,3,less250
47361,2019,21,1965.4662162162163,7.583484756322545,1,WC,0,NoSA,manufacturing,4,good,148,0.169,0.169,3,less250
47361,2020,22,2620.3290322580647,7.87105517370135,1,WC,0,NoSA,manufacturing,4,good,155,0.206,0.168,3,less250
47362,2014,16,4750.942857142857,8.466098373571516,1,WC,0,NoSA,transcom,4,good,35,0.371,0.943,1,less50
47362,2015,17,2988.5333333333333,8.002538022069709,1,WC,0,NoSA,transcom,4,good,30,0.5,0.867,1,less50
47362,2017,19,3710.1724137931033,8.218833627242171,1,WC,0,NoSA,transcom,4,good,29,0.586,0.931,1,less50
47386,2017,19,2878.988888888889,7.96519443123998,0,NoWC,0,NoSA,transcom,5,very good,180,0.439,0.75,3,less250
47386,2018,20,2872.135294117647,7.962811037038251,0,NoWC,0,NoSA,transcom,4,good,170,0.482,0.735,3,less250
47386,2019,21,3426.120879120879,8.13918396113405,0,NoWC,0,NoSA,transcom,4,good,182,0.511,0.753,3,less250
47402,2002,4,1657.0645161290322,7.412802952171934,1,WC,1,SA,mining,5,very good,31,0.032,0.548,1,less50
47402,2003,5,1819.1818181818182,7.506142128543193,1,WC,1,SA,mining,2,sufficient,33,0.061,0.606,1,less50
47402,2004,6,1805.4571428571428,7.49856910344168,1,WC,0,NoSA,mining,2,sufficient,35,0.029,0.343,1,less50
47402,2005,7,1751.1714285714286,7.468040230732608,1,WC,0,NoSA,mining,3,satisfactory,35,0.057,0.457,1,less50
47402,2006,8,1953.2,7.577224332187505,1,WC,1,SA,mining,4,good,35,0.057,0.4,1,less50
47402,2007,9,1898,7.5485559791698735,1,WC,1,SA,mining,2,sufficient,35,0.057,0.686,1,less50
47403,2019,21,2974.6666666666665,7.997887266884313,0,NoWC,1,SA,transcom,4,good,90,0.667,0.3,2,less100
47403,2020,22,3052.01,8.023555668938954,1,WC,1,SA,transcom,4,good,100,0.59,0.33,2,less100
47403,2021,23,2862.7425742574255,7.95953538637075,0,NoWC,1,SA,transcom,4,good,101,0.634,0.366,3,less250
47406,2012,14,1020.3376623376623,6.927888893003678,1,WC,0,NoSA,construction,4,good,77,0.143,0.091,2,less100
47406,2013,15,1458.607594936709,7.285237557541039,1,WC,1,SA,construction,4,good,79,0.101,0.089,2,less100
47406,2014,16,1632.5454545454545,7.397895704282384,1,WC,0,NoSA,construction,4,good,77,0.104,0.117,2,less100
47406,2016,18,1585.1052631578948,7.368406096193196,0,NoWC,0,NoSA,construction,4,good,76,0.118,0.118,2,less100
47406,2017,19,1891.4027777777778,7.545074043216147,0,NoWC,0,NoSA,construction,4,good,72,0.222,0.25,2,less100
47406,2018,20,1726.7252747252746,7.453981988900458,0,NoWC,0,NoSA,construction,4,good,91,0.143,0.154,2,less100
47408,2013,15,3587.3888888888887,8.185179887849953,1,WC,0,NoSA,public,4,good,36,0.222,0.639,1,less50
47408,2014,16,3519.975,8.166209166294195,1,WC,0,NoSA,public,5,very good,40,0.1,0.5,1,less50
47408,2015,17,5011.741935483871,8.5195388253615,1,WC,0,NoSA,public,4,good,31,0.226,0.387,1,less50
47408,2017,19,5485.028571428571,8.609777581707354,1,WC,0,NoSA,public,4,good,35,0.114,0.629,1,less50
47408,2018,20,2884.927536231884,7.9672550612027955,1,WC,0,NoSA,public,4,good,69,0.087,0.623,2,less100
47422,2004,6,434.3421052631579,6.073832484560907,1,WC,0,NoSA,health,4,good,76,0.382,0.711,2,less100
47422,2005,7,530.76,6.2743099416682355,1,WC,0,NoSA,health,4,good,75,0.387,0.72,2,less100
47422,2006,8,836.170731707317,6.728832816763995,1,WC,0,NoSA,health,3,satisfactory,41,0.707,0.268,1,less50
47422,2007,9,826.829268292683,6.717598226664234,1,WC,0,NoSA,health,4,good,41,0.707,0.512,1,less50
47422,2008,10,1049.780487804878,6.956336362062192,1,WC,0,NoSA,health,4,good,41,0.951,0.39,1,less50
47422,2009,11,994.5853658536586,6.902325932572612,1,WC,0,NoSA,health,4,good,41,0.049,0.756,1,less50
47429,2016,18,3179.4210526315787,8.064454400278597,1,WC,0,NoSA,buservices,4,good,38,0.053,0.184,1,less50
47429,2017,19,4698.5,8.45499858782312,1,WC,0,NoSA,buservices,3,satisfactory,30,0.067,0.1,1,less50
47429,2020,22,3691.6666666666665,8.213833306245226,1,WC,0,NoSA,art,4,good,27,0.111,0.259,1,less50
47429,2021,23,5076.041666666667,8.532287037363762,1,WC,0,NoSA,art,1,unsatisfactory,24,0.042,0.208,1,less50
47433,2002,4,1154.070652173913,7.0510506689148444,1,WC,0,NoSA,buservices,3,satisfactory,184,0.103,0.217,3,less250
47433,2003,5,1588.3,7.37041954084111,1,WC,0,NoSA,buservices,4,good,190,0.089,0.326,3,less250
47433,2004,6,1498.4444444444443,7.312182811958308,1,WC,0,NoSA,buservices,1,unsatisfactory,189,0.111,0.323,3,less250
47433,2005,7,1836.1016949152543,7.515399959033894,1,WC,0,NoSA,buservices,1,unsatisfactory,177,0.096,0.339,3,less250
47450,2009,11,1769.2307692307693,7.47830013744975,0,NoWC,0,NoSA,buservices,5,very good,195,0.041,0.338,3,less250
47450,2010,12,1318.4568527918782,7.184217280792112,0,NoWC,0,NoSA,buservices,1,unsatisfactory,197,0.041,0.294,3,less250
47450,2011,13,1424.6305418719212,7.261667790224959,0,NoWC,0,NoSA,buservices,4,good,203,0.025,0.305,3,less250
47450,2012,14,1620.5882352941176,7.390544470524844,0,NoWC,0,NoSA,buservices,3,satisfactory,204,0.039,0.304,3,less250
47450,2013,15,1576.3546798029556,7.362870295734122,0,NoWC,0,NoSA,buservices,3,satisfactory,203,0.059,0.305,3,less250
47450,2014,16,1533.9805825242718,7.335621323779468,0,NoWC,0,NoSA,buservices,3,satisfactory,206,0.068,0.311,3,less250
47450,2015,17,5672.317535545024,8.643353049639513,0,NoWC,0,NoSA,buservices,3,satisfactory,211,0.066,0.313,3,less250
47450,2016,18,5920.248908296943,8.686133772314601,0,NoWC,0,NoSA,manufacturing,4,good,229,0.1,0.288,3,less250
47450,2017,19,5023.227467811159,8.52182792797478,0,NoWC,0,NoSA,manufacturing,4,good,233,0.116,0.279,3,less250
47450,2018,20,6172.1652542372885,8.72780498795243,0,NoWC,0,NoSA,manufacturing,4,good,236,0.11,0.284,3,less250
47450,2019,21,5371.38524590164,8.588841114367575,0,NoWC,0,NoSA,manufacturing,3,satisfactory,244,0.086,0.287,3,less250
47450,2020,22,6468.678571428572,8.774727127288816,0,NoWC,0,NoSA,manufacturing,5,very good,252,0.115,0.294,4,more250
47450,2021,23,4801.666666666667,8.476718358850519,0,NoWC,0,NoSA,manufacturing,3,satisfactory,246,0.122,0.341,3,less250
47458,2015,17,1859.3214285714287,7.527966876794324,1,WC,0,NoSA,wholesretail,4,good,28,0.107,0.143,1,less50
47458,2020,22,2642.3548387096776,7.879425782918446,1,WC,0,NoSA,transcom,4,good,31,0.065,0.032,1,less50
47458,2021,23,2049.90625,7.62554933937941,1,WC,0,NoSA,transcom,2,sufficient,32,0.062,0.031,1,less50
47468,2019,21,3217.4363636363637,8.076340161073094,0,NoWC,0,NoSA,public,4,good,165,0.012,0,3,less250
47468,2020,22,3791.2556390977443,8.240452546399705,0,NoWC,0,NoSA,buservices,4,good,133,0.015,0.173,3,less250
47468,2021,23,2989.4383561643835,8.00284080799275,0,NoWC,0,NoSA,buservices,3,satisfactory,146,0.034,0.185,3,less250
47480,2012,14,846.0403225806451,6.740567021095273,1,WC,0,NoSA,wholesretail,2,sufficient,248,0.077,0.242,3,less250
47480,2013,15,899.2204081632653,6.801528174792983,1,WC,0,NoSA,wholesretail,3,satisfactory,245,0.029,0.135,3,less250
47480,2014,16,975.3925619834711,6.882840017640429,1,WC,0,NoSA,wholesretail,1,unsatisfactory,242,0.045,0.194,3,less250
47480,2015,17,842.8589743589744,6.736799653804411,1,WC,1,SA,wholesretail,2,sufficient,234,0.021,0.192,3,less250
47480,2016,18,894.3870967741935,6.796138675613175,1,WC,0,NoSA,wholesretail,2,sufficient,217,0.037,0.235,3,less250
47480,2018,20,805.5491071428571,6.691524165554353,1,WC,1,SA,wholesretail,3,satisfactory,224,0.094,0.281,3,less250
47480,2019,21,1588.4519774011299,7.370515221840021,1,WC,0,NoSA,wholesretail,4,good,177,0.107,0.311,3,less250
47480,2020,22,858.906432748538,6.755659990263911,1,WC,0,NoSA,wholesretail,4,good,171,0.105,0.263,3,less250
47484,2002,4,4143.823529411765,8.329374198431161,1,WC,0,NoSA,manufacturing,3,satisfactory,51,0.039,0.451,2,less100
47484,2004,6,7648.3,8.942238679903342,1,WC,0,NoSA,manufacturing,3,satisfactory,50,0.02,0.5,1,less50
47484,2005,7,7935.828571428571,8.979143047348908,1,WC,0,NoSA,manufacturing,1,unsatisfactory,35,0.029,0.457,1,less50
47501,2013,15,1315.4166666666667,7.181908751204092,0,NoWC,0,NoSA,manufacturing,4,good,24,0.5,0.25,1,less50
47501,2014,16,1421.5,7.259467931091055,0,NoWC,0,NoSA,manufacturing,3,satisfactory,24,0.208,0.25,1,less50
47501,2015,17,1846.5416666666667,7.521069799251494,0,NoWC,0,NoSA,manufacturing,3,satisfactory,24,0.542,0.25,1,less50
47501,2016,18,1576.3333333333333,7.362856753975766,0,NoWC,0,NoSA,manufacturing,4,good,30,0.367,0.333,1,less50
47501,2017,19,1832.8076923076924,7.513604328155627,0,NoWC,0,NoSA,manufacturing,3,satisfactory,26,0.231,0.269,1,less50
47501,2018,20,2028.75,7.615175118828801,0,NoWC,0,NoSA,manufacturing,3,satisfactory,24,0.458,0.292,1,less50
47501,2019,21,1422.0434782608695,7.259850185325352,0,NoWC,0,NoSA,manufacturing,3,satisfactory,23,0.478,0.304,1,less50
47503,2019,21,2513.1509433962265,7.829292600760145,1,WC,0,NoSA,transcom,2,sufficient,53,0.226,0.057,2,less100
47503,2020,22,4069.2244897959185,8.311207717233321,1,WC,0,NoSA,transcom,1,unsatisfactory,49,0.286,0.041,1,less50
47503,2021,23,2589.204081632653,7.859105803076977,1,WC,0,NoSA,transcom,1,unsatisfactory,49,0.347,0.061,1,less50
47507,2006,8,2950.627450980392,7.989773121965029,0,NoWC,0,NoSA,manufacturing,3,satisfactory,51,0.49,0,2,less100
47507,2008,10,2730.25,7.912148459077838,0,NoWC,0,NoSA,manufacturing,3,satisfactory,44,0.818,0,1,less50
47507,2009,11,4223.897435897436,8.34851354381702,0,NoWC,0,NoSA,manufacturing,4,good,39,0.949,0,1,less50
47507,2013,15,6630.911764705882,8.799497594796529,0,NoWC,0,NoSA,manufacturing,4,good,34,0.235,0,1,less50
47517,2004,6,1824.7382550335572,7.509191833831267,1,WC,1,SA,edu,3,satisfactory,149,0.027,0.503,3,less250
47517,2005,7,1698.078947368421,7.437252860118157,0,NoWC,1,SA,edu,4,good,152,0.02,0.428,3,less250
47517,2006,8,1586.532894736842,7.36930634496326,1,WC,1,SA,edu,3,satisfactory,152,0.026,0.428,3,less250
47517,2007,9,1444.0299401197606,7.275193053392781,1,WC,1,SA,edu,3,satisfactory,167,0.06,0.389,3,less250
47526,2012,14,1918.9649122807018,7.559541211463625,0,NoWC,0,NoSA,edu,3,satisfactory,57,0.018,0.018,2,less100
47526,2013,15,1533.452380952381,7.33527693054682,0,NoWC,0,NoSA,edu,3,satisfactory,42,0.071,0,1,less50
47526,2014,16,2713.3611111111113,7.905943407786311,0,NoWC,0,NoSA,edu,3,satisfactory,36,0.056,0,1,less50
47526,2015,17,2966.8055555555557,7.9952410824356654,0,NoWC,0,NoSA,edu,4,good,36,0.083,0,1,less50
47526,2017,19,3012.483870967742,8.010520223748973,0,NoWC,0,NoSA,edu,4,good,31,0.226,0,1,less50
47526,2018,20,3993.08,8.292318141923879,0,NoWC,0,NoSA,edu,4,good,25,0.28,0,1,less50
47526,2020,22,3600.2,8.188744678456604,0,NoWC,0,NoSA,buservices,4,good,30,0.2,0,1,less50
47526,2021,23,4184.428571428572,8.339125431528833,0,NoWC,0,NoSA,buservices,4,good,28,0.214,0,1,less50
47545,2005,7,9494.52,9.158470069045954,1,WC,0,NoSA,edu,3,satisfactory,25,0.16,0.24,1,less50
47545,2006,8,7912.1,8.976148512252,1,WC,0,NoSA,edu,3,satisfactory,30,0.133,0.233,1,less50
47545,2007,9,5900.658536585366,8.682819240035569,1,WC,0,NoSA,edu,4,good,41,0.024,0.317,1,less50
47545,2008,10,6234.658536585366,8.737879091030704,1,WC,0,NoSA,edu,4,good,41,0.024,0.317,1,less50
47545,2009,11,7303.457142857143,8.896103096245598,1,WC,0,NoSA,edu,3,satisfactory,35,0.029,0.314,1,less50
47545,2010,12,5809.568181818182,8.667261523816752,1,WC,0,NoSA,edu,3,satisfactory,44,0.045,0.295,1,less50
47546,2000,2,4253.889790076336,8.355589088061237,1,WC,1,SA,manufacturing,3,satisfactory,131,0.366,0.42,3,less250
47546,2002,4,6363.636363636364,8.758355248233126,1,WC,1,SA,manufacturing,3,satisfactory,88,0.545,0.466,2,less100
47546,2004,6,7042.2535211267605,8.859683500363014,0,NoWC,1,SA,manufacturing,3,satisfactory,71,0.549,0.549,2,less100
47546,2006,8,7235.294117647059,8.886726290298338,0,NoWC,1,SA,manufacturing,3,satisfactory,68,0.574,0.456,2,less100
47546,2007,9,6434.333333333333,8.769403514559766,0,NoWC,1,SA,manufacturing,3,satisfactory,63,0.46,0.587,2,less100
47546,2008,10,5933.6349206349205,8.688392275640792,0,NoWC,1,SA,manufacturing,3,satisfactory,63,0.683,0.508,2,less100
47546,2009,11,5390.625,8.592416612653825,0,NoWC,1,SA,manufacturing,3,satisfactory,64,0.672,0.594,2,less100
47546,2010,12,3995.9384615384615,8.293033739634463,0,NoWC,1,SA,manufacturing,4,good,65,0.369,0.569,2,less100
47546,2011,13,4449.2307692307695,8.400486499371109,0,NoWC,1,SA,manufacturing,3,satisfactory,65,0.446,0.585,2,less100
47558,2011,13,4629.975609756098,8.440306879195152,1,WC,0,NoSA,manufacturing,3,satisfactory,41,0.073,0.024,1,less50
47558,2014,16,5466.7441860465115,8.606438505418001,1,WC,0,NoSA,manufacturing,3,satisfactory,43,0.07,0.07,1,less50
47558,2015,17,5883.74358974359,8.679948503229921,1,WC,0,NoSA,manufacturing,3,satisfactory,39,0.026,0.051,1,less50
47558,2017,19,3639.7903225806454,8.199681355284994,1,WC,0,NoSA,manufacturing,2,sufficient,62,0.016,0.032,2,less100
47558,2019,21,4805.411764705882,8.477498012780833,1,WC,0,NoSA,manufacturing,3,satisfactory,51,0.02,0.059,2,less100
47558,2020,22,4492.890909090909,8.410251628581959,1,WC,0,NoSA,manufacturing,3,satisfactory,55,0.055,0.055,2,less100
47581,2017,19,844.7514792899408,6.739042476749943,1,WC,0,NoSA,manufacturing,4,good,169,0.018,0.911,3,less250
47581,2018,20,974.8427672955975,6.882276193681152,1,WC,0,NoSA,manufacturing,3,satisfactory,159,0.025,0.654,3,less250
47581,2019,21,1144.5986394557824,7.042809321310817,1,WC,0,NoSA,manufacturing,3,satisfactory,147,0.041,0.755,3,less250
47581,2020,22,1222.9932432432433,7.109056610932126,1,WC,0,NoSA,manufacturing,3,satisfactory,148,0.041,0.642,3,less250
47586,2016,18,2978.155172413793,7.999059318136905,0,NoWC,0,NoSA,wholesretail,2,sufficient,58,0.241,0.069,2,less100
47586,2017,19,3033.5438596491226,8.017486805708396,0,NoWC,0,NoSA,wholesretail,3,satisfactory,57,0.333,0.07,2,less100
47586,2018,20,3061.8474576271187,8.026773757088733,0,NoWC,0,NoSA,wholesretail,4,good,59,0.458,0.068,2,less100
47586,2019,21,3121.3050847457625,8.046006489734854,0,NoWC,0,NoSA,wholesretail,3,satisfactory,59,0.373,0.085,2,less100
47586,2020,22,3562.0169491525426,8.178082222162976,0,NoWC,0,NoSA,wholesretail,4,good,59,0.458,0.085,2,less100
47595,2016,18,872.5917159763313,6.771467767149524,0,NoWC,1,SA,public,4,good,338,0.038,0.172,4,more250
47595,2017,19,1354.9391025641025,7.211511789546726,0,NoWC,1,SA,public,4,good,312,0.176,0.131,4,more250
47595,2019,21,3117.2073170731705,8.044692789288982,0,NoWC,1,SA,public,3,satisfactory,164,0.354,0.134,3,less250
47595,2020,22,6798.760563380281,8.824495604459852,0,NoWC,1,SA,public,4,good,71,0.958,0.155,2,less100
47614,2013,15,418.7,6.037154673025098,1,WC,0,NoSA,health,3,satisfactory,110,0.036,0.027,3,less250
47614,2014,16,469.99074074074076,6.15271299395843,1,WC,0,NoSA,health,4,good,108,0.019,0.037,3,less250
47614,2015,17,581.25,6.3651809569015665,1,WC,0,NoSA,health,4,good,104,0.038,0.038,3,less250
47614,2016,18,784.2307692307693,6.664703325547019,0,NoWC,0,NoSA,health,2,sufficient,104,0.058,0.019,3,less250
47631,2019,21,3864.275,8.259529362572218,1,WC,0,NoSA,manufacturing,4,good,160,0.469,0.262,3,less250
47631,2020,22,3741.113475177305,8.227138566734226,1,WC,0,NoSA,manufacturing,4,good,141,0.553,0.291,3,less250
47631,2021,23,3872.365517241379,8.26162084405505,1,WC,0,NoSA,manufacturing,3,satisfactory,145,0.531,0.29,3,less250
47648,2008,10,3934.1309523809523,8.27744528573128,1,WC,0,NoSA,resthotels,4,good,84,0.119,0.429,2,less100
47648,2009,11,4726.027397260274,8.460840254865106,1,WC,0,NoSA,resthotels,4,good,73,0.014,0.411,2,less100
47648,2010,12,3206.617283950617,8.072971854857661,1,WC,0,NoSA,resthotels,4,good,81,0.136,0.543,2,less100
47648,2011,13,1475.5102040816328,7.29675911003623,1,WC,0,NoSA,resthotels,4,good,196,0.061,0.582,3,less250
47662,2009,11,2871.25,7.962502754003308,1,WC,0,NoSA,manufacturing,2,sufficient,44,0.159,0.614,1,less50
47662,2010,12,1778.6052631578948,7.4835847761188665,1,WC,0,NoSA,manufacturing,2,sufficient,38,0.132,0.132,1,less50
47662,2011,13,1417.909090909091,7.256938594253455,0,NoWC,0,NoSA,manufacturing,3,satisfactory,44,0.114,0.182,1,less50
47662,2012,14,3466,8.150756470275551,0,NoWC,0,NoSA,manufacturing,3,satisfactory,39,0.231,0.154,1,less50
47662,2013,15,3119.4,8.0453959546177245,0,NoWC,0,NoSA,manufacturing,3,satisfactory,40,0.225,0.1,1,less50
47662,2014,16,3597.135135135135,8.187893011834841,1,WC,0,NoSA,manufacturing,3,satisfactory,37,0.189,0.108,1,less50
47662,2015,17,4456.285714285715,8.402070898556458,1,WC,0,NoSA,manufacturing,3,satisfactory,35,0.143,0.257,1,less50
47662,2016,18,3557.2105263157896,8.176731956678813,1,WC,0,NoSA,manufacturing,4,good,38,0.053,0.342,1,less50
47662,2017,19,3812.5833333333335,8.246062278600283,1,WC,0,NoSA,manufacturing,2,sufficient,36,0.111,0.306,1,less50
47662,2018,20,3694.0263157894738,8.214472284661658,1,WC,0,NoSA,manufacturing,3,satisfactory,38,0.053,0.316,1,less50
47662,2019,21,4188.083333333333,8.33999846991408,1,WC,0,NoSA,manufacturing,3,satisfactory,36,0.056,0.333,1,less50
47662,2021,23,4587.35294117647,8.43105843542971,1,WC,0,NoSA,manufacturing,3,satisfactory,34,0.147,0.235,1,less50
47663,2011,13,2351.1363636363635,7.762654049255428,1,WC,0,NoSA,resthotels,1,unsatisfactory,22,0.045,0.182,1,less50
47663,2014,16,1803.2,7.497318143285512,1,WC,0,NoSA,resthotels,1,unsatisfactory,25,0.28,0.16,1,less50
47663,2015,17,1622.5652173913043,7.3917636433891,1,WC,0,NoSA,resthotels,1,unsatisfactory,23,0.261,0.217,1,less50
47663,2016,18,2680.909090909091,7.893911229010952,1,WC,0,NoSA,resthotels,1,unsatisfactory,22,0.227,0.227,1,less50
47666,2014,16,1469.7674418604652,7.292859464441387,0,NoWC,0,NoSA,manufacturing,5,very good,215,0.074,0.056,3,less250
47666,2015,17,1656.4292237442921,7.4124194944427835,0,NoWC,0,NoSA,manufacturing,5,very good,219,0.055,0.055,3,less250
47666,2016,18,1671.4170616113745,7.421427085491407,0,NoWC,0,NoSA,manufacturing,4,good,211,0.052,0.057,3,less250
47666,2017,19,1743.5,7.463649866115706,0,NoWC,0,NoSA,manufacturing,3,satisfactory,208,0.062,0.058,3,less250
47666,2018,20,1803.2701421800948,7.497357041253519,0,NoWC,0,NoSA,manufacturing,1,unsatisfactory,211,0.033,0.057,3,less250
47666,2019,21,2391.324074074074,7.779602497409683,0,NoWC,0,NoSA,manufacturing,2,sufficient,216,0.032,0.051,3,less250
47666,2020,22,2363.911214953271,7.768072820694337,0,NoWC,0,NoSA,manufacturing,2,sufficient,214,0.051,0.051,3,less250
47666,2021,23,2399.9767441860463,7.7832143263666085,0,NoWC,0,NoSA,manufacturing,3,satisfactory,215,0.056,0.051,3,less250
47672,1999,1,2206.0816941624366,7.6989732318396475,0,NoWC,1,SA,finance,3,satisfactory,394,0.462,0.239,4,more250
47672,2000,2,1709.89412568306,7.444186732774677,0,NoWC,1,SA,finance,4,good,366,0.519,0.21,4,more250
47672,2001,3,1818.0300792507205,7.505508819842974,0,NoWC,1,SA,finance,4,good,347,0.519,0.311,4,more250
47705,2019,21,1632.2413793103449,7.397709428576517,1,WC,0,NoSA,health,4,good,29,0.103,0.034,1,less50
47705,2020,22,1145.3870967741937,7.04349793463892,1,WC,0,NoSA,art,4,good,31,0.097,0.065,1,less50
47705,2021,23,986.3055555555555,6.893966200667957,1,WC,0,NoSA,art,4,good,36,0.083,0.111,1,less50
47726,2004,6,1059.671755725191,6.9657144747399915,0,NoWC,0,NoSA,wholesretail,4,good,131,0.031,0.534,3,less250
47726,2005,7,967.0140845070423,6.874213060504454,0,NoWC,0,NoSA,wholesretail,4,good,142,0.007,0.549,3,less250
47726,2006,8,663.4654088050314,6.497476717982216,0,NoWC,0,NoSA,wholesretail,4,good,159,0.704,0.566,3,less250
47726,2007,9,504.7736842105263,6.224110178747936,0,NoWC,0,NoSA,wholesretail,4,good,190,0.042,0.537,3,less250
47735,2001,3,1022.311835106383,6.929821846636564,0,NoWC,0,NoSA,manufacturing,5,very good,47,0.106,0.277,1,less50
47735,2002,4,962.1025641025641,6.86912106047391,1,WC,0,NoSA,manufacturing,5,very good,39,0.128,0.256,1,less50
47735,2004,6,2288.086956521739,7.735471357250287,1,WC,0,NoSA,manufacturing,2,sufficient,23,0.13,0.174,1,less50
47752,2009,11,302.24154589371983,5.711226518528763,0,NoWC,0,NoSA,public,4,good,207,0.072,0.097,3,less250
47752,2010,12,308.2878048780488,5.731033778086549,0,NoWC,0,NoSA,public,3,satisfactory,205,0.078,0.107,3,less250
47752,2011,13,328.4166666666667,5.794283127407003,0,NoWC,0,NoSA,public,3,satisfactory,204,0.113,0.108,3,less250
47752,2012,14,302.38317757009344,5.71169501302946,0,NoWC,0,NoSA,public,4,good,214,0.089,0.107,3,less250
47752,2013,15,269.19383259911893,5.595431687400848,0,NoWC,0,NoSA,public,3,satisfactory,227,0.084,0.101,3,less250
47752,2014,16,270.0258620689655,5.5985177398518555,0,NoWC,0,NoSA,public,3,satisfactory,232,0.078,0.112,3,less250
47752,2015,17,210.81304347826088,5.3509716908357925,0,NoWC,0,NoSA,public,3,satisfactory,230,0.096,0.109,3,less250
47752,2016,18,191.70403587443946,5.2559527029047874,0,NoWC,0,NoSA,public,2,sufficient,223,0.072,0.117,3,less250
47787,2002,4,2225.2272727272725,7.707614334429856,0,NoWC,0,NoSA,construction,2,sufficient,44,0.364,0.114,1,less50
47787,2006,8,2164.6521739130435,7.680014968828926,1,WC,0,NoSA,construction,3,satisfactory,46,0.891,0.087,1,less50
47787,2009,11,2489.1020408163267,7.819677298239314,1,WC,0,NoSA,construction,1,unsatisfactory,49,0.306,0.061,1,less50
47787,2011,13,2910.734693877551,7.976160800422685,1,WC,0,NoSA,construction,3,satisfactory,49,0.245,0.122,1,less50
47787,2013,15,3592.3125,8.186551424524321,1,WC,0,NoSA,construction,3,satisfactory,48,0.292,0.104,1,less50
47787,2014,16,3713.021739130435,8.219601309029436,1,WC,0,NoSA,construction,4,good,46,0.587,0.087,1,less50
47787,2015,17,4371.813953488372,8.382933294294082,1,WC,0,NoSA,construction,4,good,43,0.279,0.116,1,less50
47787,2016,18,5108.53488372093,8.538667926572504,1,WC,0,NoSA,construction,1,unsatisfactory,43,0.791,0.116,1,less50
47787,2018,20,11649.119047619048,9.36298583790452,1,WC,0,NoSA,construction,5,very good,42,0.833,0.071,1,less50
47787,2019,21,22023.219512195123,9.999852608135797,1,WC,0,NoSA,construction,3,satisfactory,41,0.829,0.098,1,less50
47787,2020,22,11137.952380952382,9.318113688772579,1,WC,0,NoSA,construction,3,satisfactory,42,0.429,0.095,1,less50
47788,2014,16,3044.5833333333335,8.021119334437318,0,NoWC,0,NoSA,manufacturing,3,satisfactory,36,0.278,0.417,1,less50
47788,2015,17,2777.837837837838,7.929428147901996,0,NoWC,0,NoSA,manufacturing,2,sufficient,37,0.162,0.351,1,less50
47788,2016,18,2423.7105263157896,7.793054920221368,0,NoWC,0,NoSA,manufacturing,3,satisfactory,38,0.105,0.368,1,less50
47788,2019,21,3843.4545454545455,8.25412686237726,0,NoWC,0,NoSA,manufacturing,4,good,33,0.576,0.273,1,less50
47791,2010,12,1484.5531914893618,7.30286912481104,0,NoWC,0,NoSA,buservices,4,good,47,0.234,0.851,1,less50
47791,2011,13,1575.9148936170213,7.362591267447648,0,NoWC,1,SA,buservices,5,very good,47,0.213,0.745,1,less50
47791,2012,14,1252.351851851852,7.1327785440085485,0,NoWC,1,SA,buservices,5,very good,54,0.204,0.759,2,less100
47791,2013,15,1451.1296296296296,7.280097587025842,0,NoWC,0,NoSA,buservices,4,good,54,0.185,0.759,2,less100
47791,2016,18,1734.0192307692307,7.458197247688004,0,NoWC,0,NoSA,buservices,5,very good,52,0.192,0.769,2,less100
47791,2017,19,2525.7450980392155,7.834291386511824,0,NoWC,0,NoSA,buservices,4,good,51,0.235,0.745,2,less100
47791,2021,23,2997.5471698113206,8.005549623161947,0,NoWC,0,NoSA,buservices,5,very good,53,0.132,0.774,2,less100
47818,2014,16,1647.3538461538462,7.406925549940016,0,NoWC,0,NoSA,buservices,3,satisfactory,65,0.292,0.092,2,less100
47818,2015,17,1762.6615384615384,7.474580183514365,0,NoWC,0,NoSA,buservices,3,satisfactory,65,0.215,0.154,2,less100
47818,2017,19,1606.1617647058824,7.381602614655858,0,NoWC,0,NoSA,buservices,3,satisfactory,68,0.176,0.147,2,less100
47818,2018,20,1889.6029411764705,7.544122001949333,0,NoWC,0,NoSA,buservices,4,good,68,0.221,0.118,2,less100
47818,2019,21,1545.4536082474226,7.3430727438116605,0,NoWC,0,NoSA,buservices,4,good,97,0.155,0.144,2,less100
47825,2018,20,786.4230769230769,6.667494913421573,1,WC,0,NoSA,transcom,4,good,26,0.231,0.769,1,less50
47825,2019,21,811.2592592592592,6.698587681523901,1,WC,0,NoSA,transcom,4,good,27,0.222,0.778,1,less50
47825,2020,22,896.44,6.798431363867388,1,WC,0,NoSA,resthotels,4,good,25,0.24,0.76,1,less50
47825,2021,23,1106.72,7.009155964852274,1,WC,0,NoSA,resthotels,4,good,25,0.24,0.76,1,less50
47837,2019,21,2937.464,7.9853019030581684,1,WC,0,NoSA,public,5,very good,625,0.038,0.555,4,more250
47837,2020,22,3155.3244444444445,8.05684660469432,1,WC,0,NoSA,buservices,5,very good,675,0.055,0.526,4,more250
47837,2021,23,3121.5111441307577,8.046072504615804,1,WC,0,NoSA,buservices,2,sufficient,673,0.031,0.473,4,more250
47841,2002,4,4052.535433070866,8.307097997080765,1,WC,0,NoSA,construction,2,sufficient,127,0.315,0.929,3,less250
47841,2003,5,3684.951219512195,8.212012566954325,1,WC,0,NoSA,construction,2,sufficient,123,0.317,0.886,3,less250
47841,2005,7,2917.030534351145,7.978321437537017,1,WC,0,NoSA,construction,2,sufficient,131,0.298,0.924,3,less250
47847,2002,4,311.37931034482756,5.741011816424557,0,NoWC,0,NoSA,buservices,3,satisfactory,116,0.241,0.526,3,less250
47847,2003,5,364.07758620689657,5.897366993843782,0,NoWC,0,NoSA,buservices,2,sufficient,116,0.233,0.534,3,less250
47847,2004,6,458.7857142857143,6.128583247642534,0,NoWC,0,NoSA,buservices,4,good,112,0.223,0.527,3,less250
47847,2005,7,345.6607142857143,5.845457699410397,0,NoWC,0,NoSA,buservices,1,unsatisfactory,112,0.223,0.545,3,less250
47847,2006,8,686.981981981982,6.53230806477795,0,NoWC,0,NoSA,buservices,1,unsatisfactory,111,0.225,0.541,3,less250
47847,2007,9,616.3097345132743,6.423749652932332,0,NoWC,0,NoSA,buservices,1,unsatisfactory,113,0.248,0.531,3,less250
47847,2008,10,684.1698113207547,6.528206148975444,0,NoWC,0,NoSA,buservices,1,unsatisfactory,106,0.236,0.538,3,less250
47847,2009,11,617.6434782608695,6.425911394971146,0,NoWC,0,NoSA,buservices,1,unsatisfactory,115,0.261,0.539,3,less250
47848,2013,15,593.2941176470588,6.385690258580454,0,NoWC,1,SA,construction,4,good,34,0.059,0.206,1,less50
47848,2014,16,792.1142857142858,6.6747056815484616,0,NoWC,1,SA,construction,3,satisfactory,35,0.086,0.171,1,less50
47848,2015,17,833.1621621621622,6.7252282956841976,0,NoWC,1,SA,construction,3,satisfactory,37,0.108,0.216,1,less50
47848,2016,18,906.5263157894736,6.8096200598777585,0,NoWC,1,SA,construction,3,satisfactory,38,0.158,0.263,1,less50
47848,2017,19,1086.1944444444443,6.990435530916743,0,NoWC,1,SA,construction,4,good,36,0.278,0.333,1,less50
47848,2019,21,1773.9782608695652,7.480979908493181,0,NoWC,1,SA,construction,4,good,46,0.13,0.196,1,less50
47850,2007,9,2484.909090909091,7.8179913547263755,1,WC,0,NoSA,manufacturing,5,very good,22,0.091,0.273,1,less50
47850,2008,10,2339.391304347826,7.757646048165937,1,WC,0,NoSA,manufacturing,2,sufficient,23,0.043,0.261,1,less50
47850,2011,13,1531.2083333333333,7.333812463038461,1,WC,0,NoSA,manufacturing,3,satisfactory,24,0.083,0.292,1,less50
47850,2012,14,1357.7931034482758,7.213615942644363,1,WC,1,SA,manufacturing,4,good,29,0.069,0.345,1,less50
47850,2013,15,1240.2903225806451,7.123100762308094,1,WC,1,SA,manufacturing,5,very good,31,0.129,0.355,1,less50
47850,2014,16,1208.375,7.09703176078477,1,WC,1,SA,manufacturing,3,satisfactory,32,0.062,0.344,1,less50
47850,2015,17,2113.212121212121,7.6559644012249315,1,WC,1,SA,manufacturing,4,good,33,0.182,0.424,1,less50
47850,2016,18,1177,7.0707241072602764,1,WC,1,SA,manufacturing,4,good,35,0.143,0.371,1,less50
47850,2021,23,2463.3636363636365,7.809283026834591,1,WC,0,NoSA,manufacturing,4,good,33,0.152,0.364,1,less50
47910,2009,11,1482.2735849056603,7.30133239401809,1,WC,0,NoSA,wholesretail,3,satisfactory,106,0.094,0.085,3,less250
47910,2011,13,1646.968085106383,7.4066913523981395,1,WC,0,NoSA,wholesretail,2,sufficient,94,0.245,0.085,2,less100
47910,2013,15,2400.09900990099,7.783265269610522,1,WC,0,NoSA,wholesretail,3,satisfactory,101,0.208,0.089,3,less250
47910,2015,17,1044.9065420560748,6.95168272696034,1,WC,0,NoSA,wholesretail,2,sufficient,107,0.196,0.084,3,less250
47910,2016,18,1687.51376146789,7.431011577657368,1,WC,0,NoSA,wholesretail,2,sufficient,109,0.239,0.11,3,less250
47910,2017,19,1848.8899082568807,7.522340688379689,1,WC,0,NoSA,wholesretail,3,satisfactory,109,0.284,0.11,3,less250
47910,2018,20,1937.588785046729,7.569199584717837,1,WC,0,NoSA,wholesretail,2,sufficient,107,0.477,0.112,3,less250
47910,2019,21,1488.142857142857,7.305284216929135,1,WC,0,NoSA,wholesretail,4,good,140,0.207,0.086,3,less250
47918,1999,1,1627.228980654762,7.394633835272596,1,WC,0,NoSA,construction,3,satisfactory,84,0.821,0.667,2,less100
47918,2000,2,2981.503264925373,8.000182903623896,1,WC,0,NoSA,construction,3,satisfactory,67,0.851,0.433,2,less100
47918,2002,4,2752.686567164179,7.9203326472858855,1,WC,0,NoSA,construction,2,sufficient,67,0.612,0.627,2,less100
47934,2001,3,2556.655607876712,7.846455280211886,1,WC,0,NoSA,buservices,4,good,73,0.096,0.945,2,less100
47934,2003,5,2299.012048192771,7.740234765372665,1,WC,0,NoSA,buservices,3,satisfactory,83,0.036,0.976,2,less100
47934,2006,8,273.77,5.612288337822736,1,WC,0,NoSA,buservices,3,satisfactory,100,0.03,0.96,2,less100
47948,2006,8,345.45,5.844847914934804,1,WC,0,NoSA,wholesretail,4,good,20,0.1,0.2,1,less50
47948,2007,9,444.15,6.09616234321571,1,WC,0,NoSA,wholesretail,3,satisfactory,20,0.1,0.2,1,less50
47948,2008,10,449.3333333333333,6.107765002804142,1,WC,0,NoSA,wholesretail,4,good,21,0.143,0.19,1,less50
47948,2009,11,470,6.152732694704104,1,WC,0,NoSA,wholesretail,4,good,21,0.143,0.19,1,less50
47948,2010,12,335.56,5.815800777978094,1,WC,0,NoSA,wholesretail,1,unsatisfactory,25,0.12,0.12,1,less50
47948,2011,13,592.2,6.383844415667491,1,WC,0,NoSA,wholesretail,2,sufficient,25,0.16,0.08,1,less50
47948,2012,14,255.88888888888889,5.544743322484466,1,WC,0,NoSA,wholesretail,1,unsatisfactory,27,0.148,0.111,1,less50
47961,1998,0,2124.2659344059407,7.661181579046969,1,WC,0,NoSA,construction,1,unsatisfactory,101,0.287,0.228,3,less250
47961,1999,1,2159.3740131578948,7.67757364995235,1,WC,0,NoSA,construction,1,unsatisfactory,95,0.6,0.232,2,less100
47961,2000,2,2127.735416666667,7.662813508458206,0,NoWC,0,NoSA,construction,1,unsatisfactory,90,0.633,0.233,2,less100
47961,2001,3,2243.953296703297,7.715994453905191,0,NoWC,0,NoSA,construction,1,unsatisfactory,91,0.648,0.121,2,less100
47970,2001,3,1663.3232935855262,7.416572864138713,0,NoWC,0,NoSA,buservices,2,sufficient,152,0.046,0.013,3,less250
47970,2002,4,1610.9770992366412,7.384596167828662,0,NoWC,0,NoSA,buservices,2,sufficient,131,0.092,0.015,3,less250
47970,2003,5,1497.6903225806452,7.311679415456906,0,NoWC,0,NoSA,buservices,1,unsatisfactory,155,0.032,0.032,3,less250
47975,2000,2,2445.8742559523807,7.802157906893129,1,WC,0,NoSA,buservices,2,sufficient,21,0.095,0.429,1,less50
47975,2001,3,1815.2024147727273,7.50395226377145,1,WC,0,NoSA,buservices,2,sufficient,22,0.227,0.455,1,less50
47975,2002,4,1403.2727272727273,7.246562449859139,1,WC,0,NoSA,buservices,1,unsatisfactory,22,0.227,0.5,1,less50
47975,2003,5,1403.2727272727273,7.246562449859139,1,WC,0,NoSA,buservices,3,satisfactory,22,0.227,0.455,1,less50
47975,2004,6,2104.8636363636365,7.652005963193238,1,WC,0,NoSA,buservices,1,unsatisfactory,22,0.227,0.545,1,less50
47991,2019,21,963.8775510204082,6.870964264779536,0,NoWC,0,NoSA,resthotels,3,satisfactory,49,0.306,0.102,1,less50
47991,2020,22,1096.111111111111,6.999523841120497,0,NoWC,0,NoSA,finance,5,very good,45,0.289,0.044,1,less50
47991,2021,23,1000.7708333333334,6.9085258153760405,0,NoWC,0,NoSA,finance,2,sufficient,48,0.292,0.021,1,less50
48009,2014,16,1358.9772727272727,7.2144876904846464,1,WC,0,NoSA,health,4,good,44,0.023,0.682,1,less50
48009,2015,17,1476.4222222222222,7.29737702266965,1,WC,0,NoSA,health,5,very good,45,0.044,0.556,1,less50
48009,2016,18,1560.7777777777778,7.352939551494691,1,WC,0,NoSA,health,4,good,45,0.067,0.6,1,less50
48009,2018,20,2039.6170212765958,7.620517334545568,1,WC,0,NoSA,health,3,satisfactory,47,0.021,0.681,1,less50
48009,2020,22,2979.1944444444443,7.999408222300009,1,WC,0,NoSA,buservices,4,good,36,0.056,0.417,1,less50
48009,2021,23,2616.5135135135133,7.869597990527958,1,WC,0,NoSA,buservices,2,sufficient,37,0.189,0.405,1,less50
48030,2009,11,1085.6875,6.989968705862142,1,WC,0,NoSA,transcom,3,satisfactory,32,0.062,0.094,1,less50
48030,2011,13,1047.2058823529412,6.953880831800064,1,WC,0,NoSA,transcom,4,good,34,0.059,0.176,1,less50
48030,2012,14,742.1627906976744,6.609568613575192,1,WC,0,NoSA,transcom,4,good,43,0.093,0.279,1,less50
48048,2015,17,1930.3083333333334,7.565435027342748,0,NoWC,0,NoSA,finance,3,satisfactory,120,0.642,0.675,3,less250
48048,2016,18,2176.9609375,7.6856851178030094,0,NoWC,0,NoSA,finance,2,sufficient,128,0.617,0.68,3,less250
48048,2017,19,2361.85,7.767200489236937,0,NoWC,0,NoSA,finance,2,sufficient,120,0.642,0.667,3,less250
48055,2019,21,3817.5,8.247351037092788,1,WC,0,NoSA,health,5,very good,22,0.227,0.773,1,less50
48055,2020,22,4085,8.315077007294104,1,WC,0,NoSA,buservices,5,very good,23,0.043,0.522,1,less50
48055,2021,23,3954.608695652174,8.282636936154532,1,WC,0,NoSA,buservices,5,very good,23,0.087,0.696,1,less50
48058,2010,12,1869,7.533158807455563,1,WC,0,NoSA,manufacturing,4,good,59,0.305,0.271,2,less100
48058,2015,17,4107.040816326531,8.320458052141051,1,WC,0,NoSA,manufacturing,3,satisfactory,49,0.49,0.184,1,less50
48058,2016,18,5150.2558139534885,8.546801665036467,1,WC,0,NoSA,manufacturing,3,satisfactory,43,0.628,0.209,1,less50
48074,2001,3,7981.915264423077,8.984933669719592,0,NoWC,0,NoSA,health,3,satisfactory,52,0.846,0.077,2,less100
48074,2002,4,7202.174603174603,8.882138287621501,0,NoWC,0,NoSA,health,2,sufficient,63,0.683,0.159,2,less100
48074,2003,5,6665.426470588235,8.804689217150637,0,NoWC,0,NoSA,health,2,sufficient,68,0.676,0.162,2,less100
48074,2004,6,4514.784810126583,8.415112803613727,0,NoWC,0,NoSA,health,1,unsatisfactory,79,0.582,0.139,2,less100
48074,2005,7,4044.8045977011493,8.305188521206148,0,NoWC,0,NoSA,health,1,unsatisfactory,87,0.747,0.126,2,less100
48074,2006,8,5393.2558139534885,8.592904528655692,0,NoWC,1,SA,health,1,unsatisfactory,86,0.802,0.128,2,less100
48074,2007,9,5004.481481481482,8.51808908627886,0,NoWC,0,NoSA,health,2,sufficient,81,0.617,0.136,2,less100
48074,2008,10,4558.768292682927,8.424807754768073,0,NoWC,0,NoSA,health,2,sufficient,82,0.768,0.171,2,less100
48085,2005,7,555.2592592592592,6.3194351384738745,1,WC,0,NoSA,finance,3,satisfactory,54,0.093,0.111,2,less100
48085,2006,8,1114.462962962963,7.016127920297922,1,WC,0,NoSA,finance,4,good,54,0.056,0.074,2,less100
48085,2007,9,1775.918918918919,7.48207326874808,1,WC,0,NoSA,finance,3,satisfactory,37,0.027,0.081,1,less50
48085,2008,10,751.7727272727273,6.622434053899477,1,WC,0,NoSA,finance,3,satisfactory,44,0.136,0.068,1,less50
48105,2003,5,1250.4285714285713,7.131241628677125,1,WC,0,NoSA,edu,2,sufficient,35,0.057,0.829,1,less50
48105,2005,7,1131.942857142857,7.031690777933212,1,WC,0,NoSA,edu,2,sufficient,35,0.086,0.857,1,less50
48105,2007,9,1263.5714285714287,7.141697457538572,1,WC,0,NoSA,edu,4,good,35,0.143,0.886,1,less50
48105,2008,10,1368.8857142857144,7.22175234063914,1,WC,0,NoSA,edu,4,good,35,0.114,0.886,1,less50
48105,2009,11,716.6111111111111,6.574533310068971,1,WC,0,NoSA,edu,4,good,36,0.111,0.889,1,less50
48105,2010,12,951.0645161290323,6.857581900548266,1,WC,0,NoSA,edu,4,good,31,0.065,0.903,1,less50
48105,2011,13,1122.90625,7.023675469508324,1,WC,0,NoSA,edu,1,unsatisfactory,32,0.094,0.875,1,less50
48105,2012,14,842.7073170731708,6.73661970563271,1,WC,0,NoSA,edu,2,sufficient,41,0.098,0.829,1,less50
48105,2013,15,873.0952380952381,6.772044642782004,1,WC,0,NoSA,edu,3,satisfactory,42,0.071,0.905,1,less50
48105,2014,16,1013.5,6.921164965892054,1,WC,0,NoSA,edu,2,sufficient,40,0.075,0.875,1,less50
48105,2015,17,1110.3589743589744,7.012438642347167,1,WC,0,NoSA,edu,4,good,39,0.051,0.872,1,less50
48105,2016,18,1297.5833333333333,7.168258839053425,1,WC,0,NoSA,edu,2,sufficient,36,0.056,0.833,1,less50
48105,2017,19,1945.0833333333333,7.573060100036186,1,WC,0,NoSA,edu,4,good,36,0.056,0.806,1,less50
48105,2018,20,2082.323529411765,7.641239630672116,1,WC,0,NoSA,edu,4,good,34,0.176,0.824,1,less50
48105,2019,21,3050,8.022896869601457,1,WC,0,NoSA,edu,4,good,29,0.241,0.828,1,less50
48105,2020,22,2748.8064516129034,7.918922078852412,1,WC,0,NoSA,buservices,4,good,31,0.065,0.839,1,less50
48108,2000,2,7438.018601190476,8.914359775314166,1,WC,0,NoSA,manufacturing,4,good,42,0.31,0.095,1,less50
48108,2001,3,7224.002467105263,8.885164436611888,1,WC,0,NoSA,manufacturing,3,satisfactory,38,0.342,0.079,1,less50
48108,2002,4,8571.771428571428,9.056229691348946,1,WC,0,NoSA,manufacturing,3,satisfactory,35,0.314,0.086,1,less50
48108,2003,5,8608.388888888889,9.060492458993645,0,NoWC,0,NoSA,manufacturing,2,sufficient,36,0.361,0.083,1,less50
48108,2004,6,8062.611111111111,8.994992742232151,1,WC,0,NoSA,manufacturing,3,satisfactory,36,0.472,0.083,1,less50
48108,2005,7,7707.228571428572,8.949913942977837,1,WC,0,NoSA,manufacturing,3,satisfactory,35,0.257,0.086,1,less50
48108,2006,8,8323.8,9.026874160314735,1,WC,0,NoSA,manufacturing,3,satisfactory,35,0.257,0.114,1,less50
48108,2007,9,7439.5,8.914558921267751,1,WC,0,NoSA,buservices,5,very good,38,0.289,0.079,1,less50
48108,2008,10,6593.972222222223,8.793911211038973,1,WC,0,NoSA,buservices,5,very good,36,0.111,0.083,1,less50
48117,2007,9,428.3492822966507,6.059938942901822,0,NoWC,0,NoSA,health,4,good,209,0.593,0.679,3,less250
48117,2008,10,490.8909952606635,6.196222097568537,0,NoWC,0,NoSA,health,3,satisfactory,211,0.588,0.678,3,less250
48117,2009,11,737.066985645933,6.602678777673689,0,NoWC,0,NoSA,health,4,good,209,0.541,0.679,3,less250
48117,2011,13,715.6470588235294,6.573187110824435,0,NoWC,0,NoSA,health,4,good,221,0.489,0.81,3,less250
48126,2008,10,1120.8333333333333,7.021827735241985,1,WC,0,NoSA,public,3,satisfactory,60,0.017,0.167,2,less100
48126,2011,13,2673.5,7.891143754388787,1,WC,0,NoSA,public,4,good,26,0.038,0.192,1,less50
48126,2021,23,3283.7,8.096726114389726,1,WC,0,NoSA,buservices,3,satisfactory,30,0.033,0.333,1,less50
48161,1998,0,2575.777707808564,7.853906789948166,0,NoWC,1,SA,mining,5,very good,397,0.01,0.705,4,more250
48161,1999,1,2016.6964907192576,7.609216051033833,0,NoWC,1,SA,mining,5,very good,431,0.016,0.812,4,more250
48161,2001,3,1762.1688198324023,7.474300613389133,0,NoWC,1,SA,mining,5,very good,358,0.034,0.701,4,more250
48161,2002,4,1651.9174041297936,7.4096919553308815,0,NoWC,1,SA,mining,4,good,339,0.015,0.72,4,more250
48161,2004,6,1666.6666666666667,7.418580902748128,0,NoWC,1,SA,mining,3,satisfactory,300,0.053,0.73,4,more250
48161,2005,7,1803.451048951049,7.497457357724639,0,NoWC,0,NoSA,mining,4,good,286,0.059,0.717,4,more250
48161,2006,8,1750.8896797153025,7.467879326140699,0,NoWC,1,SA,mining,5,very good,281,0.06,0.794,4,more250
48161,2007,9,1458.1402877697842,7.284917127260661,0,NoWC,1,SA,mining,5,very good,278,0.065,0.799,4,more250
48161,2008,10,1349.5270758122745,7.207509495844987,0,NoWC,1,SA,mining,5,very good,277,0.058,0.801,4,more250
48199,2017,19,2315.8888888888887,7.747548862105451,1,WC,0,NoSA,transcom,4,good,72,0.472,0.083,2,less100
48199,2018,20,2370.176470588235,7.770719691520969,1,WC,0,NoSA,transcom,4,good,85,0.294,0.082,2,less100
48199,2019,21,1459.9292929292928,7.286143284029151,1,WC,0,NoSA,transcom,4,good,99,0.293,0.131,2,less100
48201,2018,20,2025,7.613324979540639,1,WC,0,NoSA,buservices,2,sufficient,62,0.323,0.823,2,less100
48201,2020,22,1355.225352112676,7.2117230310078435,1,WC,0,NoSA,buservices,3,satisfactory,71,0.282,0.873,2,less100
48201,2021,23,1953.4444444444443,7.57734947510657,1,WC,0,NoSA,buservices,3,satisfactory,72,0.278,0.875,2,less100
48206,2000,2,1504.3780048076924,7.31613480591478,0,NoWC,0,NoSA,wholesretail,3,satisfactory,416,0.603,0.599,4,more250
48206,2001,3,1380.429841356674,7.230150208895628,0,NoWC,0,NoSA,wholesretail,3,satisfactory,457,0.385,0.698,4,more250
48206,2002,4,1204.3010752688172,7.093654657123976,0,NoWC,0,NoSA,wholesretail,3,satisfactory,465,0.383,0.669,4,more250
48224,2016,18,6338.373493975903,8.754377467826043,1,WC,0,NoSA,public,4,good,83,0.386,0.313,2,less100
48224,2017,19,5376.378947368421,8.589770368440577,1,WC,0,NoSA,public,4,good,95,0.411,0.105,2,less100
48224,2018,20,2225.5242290748897,7.707747775421984,1,WC,0,NoSA,public,3,satisfactory,227,0.119,0.172,3,less250
48224,2019,21,1739.4330985915492,7.461314533715306,1,WC,0,NoSA,public,4,good,284,0.176,0.218,4,more250
48224,2021,23,5240.481012658228,8.564168569410887,1,WC,0,NoSA,art,4,good,79,0.506,0.291,2,less100
48229,2015,17,1843.0975609756097,7.519202892229486,1,WC,0,NoSA,public,3,satisfactory,41,0.146,0.707,1,less50
48229,2016,18,2488.175,7.8193047890060745,1,WC,0,NoSA,public,3,satisfactory,40,0.15,0.8,1,less50
48229,2017,19,1907.3720930232557,7.553481706138784,1,WC,0,NoSA,public,3,satisfactory,43,0.209,0.721,1,less50
48229,2018,20,2142.6,7.669775323828458,1,WC,0,NoSA,public,3,satisfactory,40,0.2,0.75,1,less50
48229,2019,21,2896.285714285714,7.971184406887032,1,WC,0,NoSA,public,4,good,35,0.257,0.771,1,less50
48236,2016,18,1133.5505226480836,7.03311004120666,1,WC,0,NoSA,manufacturing,3,satisfactory,287,0.603,0.282,4,more250
48236,2018,20,1535.9692832764506,7.336916915640764,1,WC,0,NoSA,manufacturing,5,very good,293,0.584,0.29,4,more250
48236,2019,21,2469.8885135135133,7.811928292374006,1,WC,0,NoSA,manufacturing,5,very good,296,0.574,0.287,4,more250
48255,1998,0,805.8561580882352,6.691905262669672,0,NoWC,0,NoSA,health,3,satisfactory,68,0.044,0.706,2,less100
48255,2000,2,775.3741629464286,6.653345703745936,0,NoWC,1,SA,health,4,good,70,0.043,0.686,2,less100
48255,2001,3,571.013110632184,6.347412170219356,0,NoWC,1,SA,health,4,good,87,0.034,0.736,2,less100
48267,1998,0,1788.296772875817,7.4890189223158465,0,NoWC,0,NoSA,public,3,satisfactory,306,0.268,0.788,4,more250
48267,2000,2,2060.50968013468,7.630708648722061,0,NoWC,1,SA,public,4,good,297,0.195,0.582,4,more250
48267,2001,3,2145.7701955782313,7.671253832451151,0,NoWC,1,SA,public,3,satisfactory,294,0.357,0.697,4,more250
48267,2002,4,2121.212121212121,7.6597429595650155,0,NoWC,1,SA,public,4,good,264,0.223,0.545,4,more250
48267,2003,5,1710.3735849056604,7.444467096340521,0,NoWC,1,SA,public,1,unsatisfactory,265,0.264,0.577,4,more250
48267,2004,6,1858.736059479554,7.52765199780249,0,NoWC,1,SA,public,2,sufficient,269,0.26,0.61,4,more250
48267,2005,7,1961.1673003802282,7.581295136366728,0,NoWC,1,SA,public,3,satisfactory,263,0.323,0.688,4,more250
48267,2006,8,1914.396887159533,7.5571579105792255,0,NoWC,1,SA,public,2,sufficient,257,0.35,0.693,4,more250
48280,2000,2,915.6859085648148,6.819673411292445,1,WC,0,NoSA,manufacturing,3,satisfactory,27,0.111,0.778,1,less50
48280,2001,3,788.0143952546297,6.669516357780651,1,WC,0,NoSA,manufacturing,3,satisfactory,27,0.074,0.889,1,less50
48280,2003,5,902.64,6.80532380283019,1,WC,0,NoSA,manufacturing,4,good,25,0.08,0.76,1,less50
48280,2004,6,872.5416666666666,6.771410408428206,1,WC,0,NoSA,manufacturing,3,satisfactory,24,0.083,0.75,1,less50
48280,2005,7,1169.1666666666667,7.064046523308506,1,WC,0,NoSA,manufacturing,3,satisfactory,24,0.083,0.792,1,less50
48282,2012,14,828.5421686746988,6.719667733187189,0,NoWC,0,NoSA,finance,2,sufficient,249,0.181,0.594,3,less250
48282,2013,15,694.0784313725491,6.542584967626373,0,NoWC,0,NoSA,finance,3,satisfactory,255,0.184,0.612,4,more250
48282,2014,16,877.0153846153846,6.776524534539168,0,NoWC,0,NoSA,finance,3,satisfactory,260,0.188,0.619,4,more250
48282,2015,17,892.976833976834,6.794560638744747,0,NoWC,0,NoSA,finance,2,sufficient,259,0.178,0.587,4,more250
48282,2016,18,747.7509157509157,6.617069922184554,0,NoWC,1,SA,finance,3,satisfactory,273,0.19,0.59,4,more250
48282,2018,20,877.3188405797101,6.776870484544581,0,NoWC,0,NoSA,finance,3,satisfactory,276,0.185,0.591,4,more250
48288,1999,1,630.7664640783745,6.446935689563977,0,NoWC,0,NoSA,manufacturing,3,satisfactory,1378,0.12,0.535,4,more250
48288,2000,2,539.5010775862069,6.290644782075633,0,NoWC,0,NoSA,manufacturing,4,good,1160,0.13,0.489,4,more250
48288,2001,3,556.3107914462081,6.321327115502135,0,NoWC,0,NoSA,manufacturing,3,satisfactory,1134,0.124,0.492,4,more250
48288,2002,4,606.060606060606,6.406979991069647,0,NoWC,0,NoSA,manufacturing,3,satisfactory,924,0.14,0.527,4,more250
48296,2001,3,1281.3665487421383,7.1556824036215785,0,NoWC,0,NoSA,manufacturing,5,very good,318,0.019,0.289,4,more250
48296,2002,4,1985.8156028368794,7.5937849917732185,0,NoWC,0,NoSA,manufacturing,5,very good,282,0.028,0.33,4,more250
48296,2003,5,2962.4117647058824,7.993759000934308,0,NoWC,0,NoSA,manufacturing,1,unsatisfactory,153,0.046,0.288,3,less250
48296,2004,6,3333.3333333333335,8.111728083308073,0,NoWC,0,NoSA,manufacturing,3,satisfactory,150,0.053,0.267,3,less250
48296,2005,7,3606.902097902098,8.190604538284585,0,NoWC,0,NoSA,manufacturing,3,satisfactory,143,0.056,0.287,3,less250
48296,2006,8,3671.6417910447763,8.208394195523534,0,NoWC,0,NoSA,manufacturing,1,unsatisfactory,134,0.09,0.276,3,less250
48296,2007,9,3142.3488372093025,8.052725836589627,0,NoWC,0,NoSA,manufacturing,3,satisfactory,129,0.093,0.264,3,less250
48310,2018,20,4501.608571428572,8.412190072202153,0,NoWC,0,NoSA,manufacturing,5,very good,350,0.523,0.663,4,more250
48310,2019,21,3786.0445682451254,8.239077103555534,0,NoWC,0,NoSA,manufacturing,5,very good,359,0.526,0.655,4,more250
48310,2020,22,2425.154054054054,7.793650328798772,0,NoWC,0,NoSA,manufacturing,5,very good,370,0.519,0.659,4,more250
48348,2009,11,2954.449275362319,7.9910675420353074,0,NoWC,0,NoSA,finance,3,satisfactory,69,0.014,0.464,2,less100
48348,2010,12,1688.1298701298701,7.431376609477111,0,NoWC,0,NoSA,finance,4,good,77,0.013,0.481,2,less100
48348,2011,13,1100.9217391304348,7.003903052570862,0,NoWC,0,NoSA,finance,4,good,115,0.017,0.043,3,less250
48355,1998,0,630.4462083847102,6.446427835959997,0,NoWC,0,NoSA,manufacturing,3,satisfactory,1622,0.259,0.436,4,more250
48355,1999,1,612.5413583509513,6.417616463977538,0,NoWC,0,NoSA,manufacturing,3,satisfactory,1419,0.29,0.505,4,more250
48355,2000,2,539.5010775862069,6.290644782075633,0,NoWC,0,NoSA,manufacturing,4,good,1160,0.259,0.433,4,more250
48394,2001,3,1598.255031779661,7.376667707947628,1,WC,0,NoSA,art,2,sufficient,59,0.051,0.373,2,less100
48394,2003,5,1767.3064516129032,7.477211887736762,1,WC,0,NoSA,art,3,satisfactory,62,0.032,0.323,2,less100
48394,2005,7,1399.8387096774193,7.244112301593199,1,WC,0,NoSA,art,1,unsatisfactory,62,0.032,0.484,2,less100
48420,2011,13,3376.6545454545453,8.124640718870609,0,NoWC,0,NoSA,manufacturing,5,very good,55,0.055,0.545,2,less100
48420,2012,14,3076.1666666666665,8.031439512079237,0,NoWC,0,NoSA,manufacturing,4,good,54,0.019,0.593,2,less100
48420,2013,15,3075.4423076923076,8.031204009796589,0,NoWC,0,NoSA,manufacturing,3,satisfactory,52,0.038,0.596,2,less100
48420,2014,16,1970.7752808988764,7.586182287917552,0,NoWC,0,NoSA,manufacturing,4,good,89,0.022,0.584,2,less100
48420,2015,17,2509.675675675676,7.82790881089891,1,WC,0,NoSA,manufacturing,4,good,74,0.041,0.595,2,less100
48420,2016,18,2565.4594594594596,7.849892868058551,1,WC,0,NoSA,manufacturing,4,good,74,0.014,0.568,2,less100
48420,2017,19,2402.72602739726,7.784359216501301,1,WC,0,NoSA,manufacturing,5,very good,73,0.014,0.575,2,less100
48420,2018,20,2970.212121212121,7.9963886505299095,1,WC,0,NoSA,manufacturing,5,very good,66,0.015,0.576,2,less100
48420,2019,21,2134.21875,7.665855933637266,1,WC,0,NoSA,manufacturing,4,good,64,0.031,0.719,2,less100
48420,2021,23,2703.689655172414,7.902372658080579,1,WC,0,NoSA,manufacturing,4,good,58,0.017,0.672,2,less100
48425,2009,11,76.62114537444934,4.338873087926751,1,WC,0,NoSA,wholesretail,3,satisfactory,227,0.004,0.26,3,less250
48425,2012,14,58.354581673306775,4.066537876186524,1,WC,0,NoSA,wholesretail,3,satisfactory,251,0.39,0.239,4,more250
48425,2014,16,74.80155642023347,4.314838692521085,1,WC,0,NoSA,wholesretail,4,good,257,0.272,0.253,4,more250
48442,2002,4,2686.5625,7.896017774368763,1,WC,0,NoSA,buservices,1,unsatisfactory,32,0.531,0.75,1,less50
48442,2003,5,2779.2758620689656,7.929945691483388,1,WC,0,NoSA,buservices,3,satisfactory,29,0.276,0.724,1,less50
48442,2005,7,1985.5294117647059,7.593640863740213,1,WC,0,NoSA,buservices,5,very good,34,0.471,0.588,1,less50
48442,2007,9,2095.0555555555557,7.64733535016958,1,WC,0,NoSA,buservices,5,very good,36,0.472,0.583,1,less50
48442,2008,10,2047.388888888889,7.6243205475338,1,WC,0,NoSA,buservices,5,very good,36,0.667,0.639,1,less50
48452,2006,8,1361.1142857142856,7.21605897099545,1,WC,0,NoSA,manufacturing,3,satisfactory,35,0.257,0.371,1,less50
48452,2007,9,1499.75,7.313053706533203,1,WC,0,NoSA,manufacturing,3,satisfactory,36,0.25,0.306,1,less50
48452,2008,10,1316.8181818181818,7.18297363740508,1,WC,0,NoSA,manufacturing,4,good,44,0.205,0.432,1,less50
48452,2010,12,1306.404255319149,7.1750337989375,1,WC,1,SA,manufacturing,3,satisfactory,47,0.234,0.447,1,less50
48452,2011,13,1914.5531914893618,7.5572395540202235,1,WC,1,SA,manufacturing,4,good,47,0.234,0.532,1,less50
48458,1998,0,1885.5470610119048,7.541973275820451,1,WC,0,NoSA,edu,3,satisfactory,21,0.143,0.143,1,less50
48458,2000,2,520.4337890625,6.254662673551498,1,WC,0,NoSA,edu,3,satisfactory,25,0.12,0.12,1,less50
48458,2001,3,848.2332356770834,6.7431556400467985,1,WC,0,NoSA,edu,3,satisfactory,24,0.083,0.125,1,less50
48458,2002,4,92.27272727272727,4.524748618677517,1,WC,0,NoSA,edu,3,satisfactory,22,0.091,0.136,1,less50
48489,2003,5,838.9642857142857,6.732168137878562,1,WC,0,NoSA,manufacturing,2,sufficient,28,0.429,0.5,1,less50
48489,2004,6,1922.75,7.561511731937163,1,WC,0,NoSA,manufacturing,3,satisfactory,28,0.429,0.679,1,less50
48489,2005,7,1721,7.450660796211539,1,WC,0,NoSA,manufacturing,4,good,28,0.464,0.714,1,less50
48489,2006,8,832.4642857142857,6.724390320891466,1,WC,0,NoSA,manufacturing,4,good,28,0.464,0.536,1,less50
48489,2007,9,2271.923076923077,7.728381922279799,1,WC,0,NoSA,manufacturing,5,very good,26,0.5,0.538,1,less50
48489,2008,10,3380.6923076923076,8.125835792264375,1,WC,0,NoSA,manufacturing,5,very good,26,0.615,0.538,1,less50
48489,2009,11,2681.730769230769,7.894217674474207,1,WC,0,NoSA,manufacturing,5,very good,26,0.692,0.462,1,less50
48489,2010,12,2613.88,7.86859098647396,1,WC,0,NoSA,manufacturing,5,very good,25,0.6,0.6,1,less50
48489,2012,14,1754.8695652173913,7.470149811324511,1,WC,0,NoSA,manufacturing,5,very good,23,0.652,0.609,1,less50
48489,2013,15,2683.6666666666665,7.894939297631871,1,WC,0,NoSA,manufacturing,5,very good,24,0.625,0.5,1,less50
48489,2016,18,2135.521739130435,7.666466270108159,1,WC,0,NoSA,manufacturing,5,very good,23,0.652,0.652,1,less50
48490,2019,21,1840.9583333333333,7.5180415483497605,0,NoWC,0,NoSA,health,3,satisfactory,24,0.458,0.042,1,less50
48490,2020,22,1721.5806451612902,7.450998127549071,0,NoWC,0,NoSA,edu,4,good,31,0.484,0.032,1,less50
48490,2021,23,1831.15625,7.512702876915643,0,NoWC,0,NoSA,edu,1,unsatisfactory,32,0.438,0.031,1,less50
48521,2010,12,4215.65,8.34655906969729,1,WC,0,NoSA,wholesretail,2,sufficient,40,0.075,0.125,1,less50
48521,2011,13,4247.5,8.354085853546087,1,WC,0,NoSA,wholesretail,5,very good,40,0.075,0.125,1,less50
48521,2012,14,3768.425531914894,8.234412562418225,1,WC,0,NoSA,wholesretail,2,sufficient,47,0.064,0.064,1,less50
48521,2013,15,3479.25,8.154572032299964,1,WC,0,NoSA,wholesretail,4,good,48,0.542,0.146,1,less50
48526,2002,4,5665,8.642062173462106,1,WC,0,NoSA,finance,1,unsatisfactory,41,0.195,0.561,1,less50
48526,2004,6,3186.6470588235293,8.066724564269556,1,WC,0,NoSA,finance,3,satisfactory,51,0.157,0.569,2,less100
48526,2005,7,2170.8387096774195,7.68286887401728,1,WC,0,NoSA,finance,3,satisfactory,62,0.452,0.694,2,less100
48526,2006,8,2638.396226415094,7.877926521549268,1,WC,0,NoSA,finance,3,satisfactory,53,0.717,0.868,2,less100
48526,2007,9,1742.4918032786886,7.463071438622863,1,WC,0,NoSA,finance,3,satisfactory,61,0.213,0.59,2,less100
48526,2009,11,3039.2619047619046,8.019369970434699,1,WC,0,NoSA,finance,2,sufficient,42,0.643,0.643,1,less50
48558,2000,2,2699.1309600515465,7.900685133534658,0,NoWC,0,NoSA,edu,3,satisfactory,97,0.691,0.268,2,less100
48558,2001,3,3064.321629213483,8.027581495721414,0,NoWC,0,NoSA,edu,4,good,89,0.764,0.303,2,less100
48558,2002,4,2939.1632653061224,7.985880216188053,0,NoWC,0,NoSA,edu,4,good,98,0.694,0.337,2,less100
48558,2003,5,1377.9583333333333,7.2283582140579155,0,NoWC,0,NoSA,edu,1,unsatisfactory,96,0.719,0.281,2,less100
48581,2004,6,121.92682926829268,4.803421104709263,0,NoWC,0,NoSA,buservices,2,sufficient,41,0.122,0.659,1,less50
48581,2005,7,177.575,5.179393054883874,0,NoWC,0,NoSA,buservices,5,very good,40,0.275,0.575,1,less50
48581,2006,8,116.51282051282051,4.758001314271341,0,NoWC,0,NoSA,buservices,4,good,39,0.282,0.641,1,less50
48581,2007,9,711.8285714285714,6.567837111956624,0,NoWC,0,NoSA,buservices,5,very good,35,0.2,0.514,1,less50
48581,2008,10,3458.1714285714284,8.148495239500127,0,NoWC,0,NoSA,buservices,4,good,35,0.314,0.543,1,less50
48581,2021,23,5949.386363636364,8.691043361059233,0,NoWC,0,NoSA,manufacturing,2,sufficient,44,0.477,0.523,1,less50
48630,2016,18,2274.304347826087,7.729429503449108,1,WC,0,NoSA,transcom,4,good,23,0.652,0.565,1,less50
48630,2017,19,2334.086956521739,7.7553760685885464,1,WC,0,NoSA,transcom,4,good,23,0.13,0.478,1,less50
48630,2018,20,2527.0434782608695,7.83480531272529,1,WC,0,NoSA,transcom,5,very good,23,0.043,0.391,1,less50
48630,2019,21,3403.1666666666665,8.13246164969498,1,WC,0,NoSA,transcom,5,very good,24,0.125,0.333,1,less50
48682,2000,2,1458.8350260416667,7.285393468820173,0,NoWC,0,NoSA,public,4,good,30,0.033,0.167,1,less50
48682,2001,3,1181.0666756465516,7.074173271544078,0,NoWC,0,NoSA,public,4,good,29,0.034,0.207,1,less50
48682,2002,4,1251.2413793103449,7.131891440943635,0,NoWC,0,NoSA,public,4,good,29,0.034,0.207,1,less50
48682,2004,6,944.9677419354839,6.851150791393106,0,NoWC,0,NoSA,public,4,good,31,0.032,0.194,1,less50
48682,2005,7,1356.5806451612902,7.212722581243233,0,NoWC,0,NoSA,public,2,sufficient,31,0.032,0.323,1,less50
48682,2006,8,845.8181818181819,6.74030442140013,0,NoWC,0,NoSA,public,4,good,33,0.03,0.182,1,less50
48682,2007,9,704.081081081081,6.55689352151643,0,NoWC,0,NoSA,public,3,satisfactory,37,0.027,0.162,1,less50
48694,2004,6,1088.6976744186047,6.992737466776287,1,WC,0,NoSA,buservices,4,good,43,0.047,0.14,1,less50
48694,2005,7,1377.5555555555557,7.228065870925645,1,WC,0,NoSA,buservices,4,good,45,0.022,0.133,1,less50
48694,2006,8,752.2142857142857,6.623021237765339,1,WC,0,NoSA,buservices,4,good,42,0.048,0.119,1,less50
48694,2007,9,957.5116279069767,6.8643378650092375,1,WC,0,NoSA,buservices,3,satisfactory,43,0.047,0.093,1,less50
48694,2008,10,1056.4761904761904,6.962694300575182,1,WC,0,NoSA,buservices,3,satisfactory,42,0.024,0.119,1,less50
48694,2009,11,961.1627906976744,6.868143791812216,1,WC,0,NoSA,manufacturing,3,satisfactory,43,0.023,0.116,1,less50
48694,2010,12,1312.2325581395348,7.179485208475803,1,WC,0,NoSA,manufacturing,3,satisfactory,43,0.047,0.116,1,less50
48694,2011,13,778.8409090909091,6.657806800483796,1,WC,0,NoSA,manufacturing,2,sufficient,44,0.023,0.114,1,less50
48695,2009,11,2001.7857142857142,7.601794918325102,0,NoWC,0,NoSA,edu,4,good,28,0.036,0.071,1,less50
48695,2010,12,2521.1153846153848,7.8324566955238675,0,NoWC,0,NoSA,edu,5,very good,26,0.038,0.038,1,less50
48695,2011,13,2968.7083333333335,7.995882232596739,0,NoWC,0,NoSA,edu,4,good,24,0.042,0,1,less50
48695,2012,14,2990.703703703704,8.003263991102964,0,NoWC,0,NoSA,edu,5,very good,27,0.037,0.074,1,less50
48695,2017,19,2374.9615384615386,7.772736522005628,0,NoWC,0,NoSA,edu,4,good,26,0.038,0.077,1,less50
48695,2018,20,2040.7407407407406,7.621068129136677,0,NoWC,0,NoSA,edu,5,very good,27,0.037,0.074,1,less50
48695,2020,22,2374.9615384615386,7.772736522005628,0,NoWC,0,NoSA,edu,4,good,26,0.077,0.077,1,less50
48695,2021,23,3510.8260869565215,8.163606641178143,0,NoWC,0,NoSA,edu,4,good,23,0.043,0.087,1,less50
48706,2016,18,1710.8809523809523,7.444763693669648,1,WC,0,NoSA,construction,4,good,42,0.167,0.524,1,less50
48706,2017,19,2476.285714285714,7.814515020638977,0,NoWC,0,NoSA,construction,4,good,42,0.119,0.524,1,less50
48706,2020,22,1157.840909090909,7.054312264490124,1,WC,0,NoSA,construction,3,satisfactory,44,0.023,0.545,1,less50
48708,2015,17,2505.506329113924,7.826246120484765,1,WC,0,NoSA,wholesretail,2,sufficient,79,0.165,0.089,2,less100
48708,2016,18,2598.0476190476193,7.862515526180205,1,WC,0,NoSA,wholesretail,3,satisfactory,84,0.286,0.095,2,less100
48708,2017,19,2851.2696629213483,7.955519669820798,1,WC,0,NoSA,wholesretail,3,satisfactory,89,0.281,0.101,2,less100
48708,2018,20,2778.0421052631577,7.92950167988163,1,WC,0,NoSA,wholesretail,2,sufficient,95,0.295,0.084,2,less100
48785,2013,15,1736.8046875,7.459802317489505,1,WC,0,NoSA,manufacturing,3,satisfactory,128,0.57,0.273,3,less250
48785,2014,16,1459.5668789808917,7.285895012458358,1,WC,0,NoSA,manufacturing,3,satisfactory,157,0.478,0.255,3,less250
48785,2015,17,1345.6666666666667,7.204644832184831,1,WC,0,NoSA,manufacturing,3,satisfactory,159,0.497,0.296,3,less250
48785,2016,18,2080.8364779874214,7.640525244732136,1,WC,0,NoSA,manufacturing,4,good,159,0.503,0.503,3,less250
48785,2017,19,1601.1987577639752,7.378507851302464,1,WC,0,NoSA,manufacturing,3,satisfactory,161,0.484,0.429,3,less250
48785,2018,20,1604.9874213836479,7.380871198389261,1,WC,0,NoSA,manufacturing,4,good,159,0.509,0.245,3,less250
48785,2019,21,1913.7354838709678,7.556812361767929,1,WC,0,NoSA,manufacturing,3,satisfactory,155,0.51,0.503,3,less250
48785,2020,22,2109.974358974359,7.654431074251421,1,WC,0,NoSA,manufacturing,4,good,156,0.532,0.397,3,less250
48788,2009,11,3136.3636363636365,8.050819330221081,0,NoWC,0,NoSA,edu,3,satisfactory,110,0.064,0.727,3,less250
48788,2011,13,2605.4054054054054,7.865343567954413,0,NoWC,0,NoSA,edu,4,good,111,0.099,0.676,3,less250
48788,2013,15,2539.6825396825398,7.839794367824432,0,NoWC,0,NoSA,edu,4,good,126,0.056,0.69,3,less250
48788,2014,16,2412.2137404580153,7.788300169367898,0,NoWC,0,NoSA,edu,3,satisfactory,131,0.183,0.702,3,less250
48788,2016,18,6566.804878048781,8.789782673255072,0,NoWC,0,NoSA,edu,3,satisfactory,123,0.057,0.667,3,less250
48788,2019,21,8833.150442477876,9.086267018466714,0,NoWC,0,NoSA,edu,3,satisfactory,113,0.204,0.655,3,less250
48788,2020,22,8540.457627118643,9.052569871660578,0,NoWC,0,NoSA,edu,3,satisfactory,118,0.186,0.619,3,less250
48788,2021,23,9731.640350877193,9.183137747905834,0,NoWC,0,NoSA,edu,3,satisfactory,114,0.211,0.667,3,less250
48810,1998,0,1214.4966588050315,7.102084997351602,0,NoWC,0,NoSA,manufacturing,2,sufficient,318,0.006,0.16,4,more250
48810,1999,1,970.547619047619,6.877860467914997,0,NoWC,0,NoSA,manufacturing,3,satisfactory,336,0.009,0.179,4,more250
48810,2000,2,784.1131986404833,6.664553395948774,0,NoWC,0,NoSA,wholesretail,3,satisfactory,331,0.012,0.166,4,more250
48810,2001,3,768.3071474913495,6.644189584825695,0,NoWC,0,NoSA,wholesretail,3,satisfactory,289,0.003,0.159,4,more250
48810,2003,5,1162.1396103896104,7.058018076829605,0,NoWC,0,NoSA,wholesretail,3,satisfactory,308,0.003,0.133,4,more250
48810,2004,6,441.4682779456193,6.090106166829836,0,NoWC,0,NoSA,wholesretail,4,good,331,0.006,0.085,4,more250
48810,2005,7,355.914798206278,5.874691371326583,0,NoWC,0,NoSA,wholesretail,3,satisfactory,446,0.002,0.114,4,more250
48810,2006,8,342.22095671981776,5.835456600727927,0,NoWC,1,SA,wholesretail,4,good,439,0.034,0.121,4,more250
48811,2013,15,1052.6315789473683,6.959048573369688,0,NoWC,0,NoSA,buservices,4,good,304,0.072,0.303,4,more250
48811,2014,16,1063.973063973064,6.969765353766349,0,NoWC,0,NoSA,buservices,3,satisfactory,297,0.074,0.421,4,more250
48811,2015,17,1565.6425531914895,7.356051595829695,0,NoWC,0,NoSA,buservices,4,good,235,0.115,0.451,3,less250
48886,2000,2,1602.8556385869565,7.379542091527948,1,WC,0,NoSA,manufacturing,5,very good,23,0.478,0.609,1,less50
48886,2001,3,2076.9314778645835,7.638646832414511,1,WC,0,NoSA,manufacturing,3,satisfactory,24,0.542,0.583,1,less50
48886,2002,4,1280.4347826086957,7.154954973150583,1,WC,0,NoSA,manufacturing,3,satisfactory,23,0.174,0.565,1,less50
48888,1998,0,5948.99,8.690976736231711,0,NoWC,0,NoSA,finance,4,good,75,0.773,0.693,2,less100
48888,2000,2,3343.247344771242,8.114697872546726,0,NoWC,0,NoSA,finance,2,sufficient,153,0.248,0.608,3,less250
48888,2001,3,4281.2635,8.362003455290235,0,NoWC,0,NoSA,finance,2,sufficient,125,0.328,0.88,3,less250
48910,2000,2,2150.5884879725086,7.673496799004551,0,NoWC,0,NoSA,manufacturing,4,good,291,0.021,0.082,4,more250
48910,2001,3,2269.267760791367,7.727212486099196,0,NoWC,0,NoSA,manufacturing,4,good,278,0.029,0.079,4,more250
48910,2002,4,1898.3050847457628,7.548716706371512,0,NoWC,0,NoSA,manufacturing,4,good,295,0.017,0.081,4,more250
48910,2003,5,1481.2058823529412,7.300611820374362,0,NoWC,0,NoSA,manufacturing,3,satisfactory,306,0.016,0.078,4,more250
48910,2005,7,1855.3489208633093,7.525828054853855,0,NoWC,0,NoSA,manufacturing,3,satisfactory,278,0.029,0.068,4,more250
48952,2005,7,531.5446428571429,6.275787188341513,0,NoWC,0,NoSA,manufacturing,3,satisfactory,112,0.054,0.411,3,less250
48952,2006,8,805.104347826087,6.690971893646696,0,NoWC,0,NoSA,manufacturing,4,good,115,0.339,0.391,3,less250
48952,2008,10,886.0173913043478,6.7867365794241135,0,NoWC,1,SA,manufacturing,5,very good,115,0.417,0.409,3,less250
48955,2013,15,3016.695652173913,8.011917356435141,1,WC,0,NoSA,wholesretail,4,good,23,0.304,0.565,1,less50
48955,2014,16,2745.8846153846152,7.917858566284349,1,WC,0,NoSA,wholesretail,4,good,26,0.5,0.5,1,less50
48955,2015,17,3360.2758620689656,8.119778351393322,1,WC,0,NoSA,wholesretail,4,good,29,0.448,0.621,1,less50
48955,2016,18,3223.7241379310344,8.078292534807744,1,WC,0,NoSA,wholesretail,4,good,29,0.517,0.621,1,less50
48963,2012,14,884.94,6.785519846099466,0,NoWC,0,NoSA,edu,1,unsatisfactory,250,0.116,0.5,3,less250
48963,2013,15,810.3467741935484,6.697462272339185,0,NoWC,0,NoSA,edu,2,sufficient,248,0.117,0.347,3,less250
48963,2014,16,904.4192307692308,6.8072930037439034,0,NoWC,0,NoSA,edu,2,sufficient,260,0.112,0.342,4,more250
48963,2015,17,887.5871212121212,6.78850668127778,0,NoWC,0,NoSA,edu,2,sufficient,264,0.155,0.364,4,more250
48965,1998,0,470.3542365771812,6.153486105663844,0,NoWC,0,NoSA,wholesretail,5,very good,149,0.087,0.483,3,less250
48965,1999,1,710.2984058277027,6.565685171636474,0,NoWC,1,SA,wholesretail,3,satisfactory,148,0.088,0.514,3,less250
48965,2000,2,704.9149659863946,6.558077179915484,0,NoWC,1,SA,wholesretail,5,very good,147,0.109,0.306,3,less250
48965,2001,3,576.5433189655172,6.357050478196671,0,NoWC,0,NoSA,wholesretail,4,good,145,0.097,0.483,3,less250
48965,2002,4,588.8111888111888,6.3781055699705105,0,NoWC,0,NoSA,wholesretail,5,very good,143,0.098,0.49,3,less250
48965,2003,5,421.10752688172045,6.042888209341362,0,NoWC,0,NoSA,wholesretail,4,good,186,0.075,0.505,3,less250
48965,2004,6,429.41520467836256,6.062424293942996,0,NoWC,0,NoSA,wholesretail,4,good,171,0.076,0.404,3,less250
48965,2005,7,685.9745222929936,6.53084048752161,0,NoWC,0,NoSA,wholesretail,4,good,157,0.083,0.433,3,less250
48979,2014,16,3128.7128712871286,8.04837697572779,0,NoWC,1,SA,health,3,satisfactory,101,0.248,0.594,3,less250
48979,2015,17,8107.3373493975905,9.00052477623464,0,NoWC,1,SA,health,3,satisfactory,83,0.145,0.602,2,less100
48979,2016,18,8627.038461538461,9.062656557341645,0,NoWC,0,NoSA,health,4,good,78,0.051,0.526,2,less100
48979,2021,23,746.6407766990292,6.615584181516017,0,NoWC,1,SA,edu,4,good,103,0.126,0.553,3,less250
48987,2017,19,976.4912280701755,6.883965767245332,1,WC,0,NoSA,buservices,4,good,57,0.018,0.07,2,less100
48987,2018,20,1135.304347826087,7.034656041834684,1,WC,0,NoSA,buservices,4,good,69,0.029,0.043,2,less100
48987,2019,21,1354.3285714285714,7.211061091262664,1,WC,0,NoSA,buservices,5,very good,70,0.029,0.1,2,less100
48987,2020,22,1506.718309859155,7.317689260025935,1,WC,0,NoSA,buservices,5,very good,71,0.028,0.113,2,less100
48987,2021,23,2150.7,7.6735486495269365,1,WC,0,NoSA,buservices,3,satisfactory,60,0.033,0.2,2,less100
49005,2018,20,2881.442105263158,7.966046178800213,0,NoWC,0,NoSA,manufacturing,4,good,190,0.584,0.705,3,less250
49005,2019,21,2651.7513227513227,7.882975577207487,0,NoWC,0,NoSA,manufacturing,4,good,189,0.566,0.741,3,less250
49005,2020,22,1865.4255319148936,7.531244473298321,0,NoWC,0,NoSA,manufacturing,4,good,188,0.537,0.766,3,less250
49006,2002,4,1244.4444444444443,7.126444479946967,0,NoWC,0,NoSA,public,2,sufficient,450,0.427,0.191,4,more250
49006,2003,5,1023.1354401805869,6.930627152281607,0,NoWC,0,NoSA,public,1,unsatisfactory,443,0.422,0.21,4,more250
49006,2004,6,1196.1722488038276,7.086881944879573,0,NoWC,0,NoSA,public,3,satisfactory,418,0.462,0.172,4,more250
49006,2005,7,1835.540925266904,7.515094499210746,0,NoWC,0,NoSA,public,3,satisfactory,281,0.765,0.16,4,more250
49011,2013,15,2602.2916666666665,7.864147746052064,1,WC,0,NoSA,wholesretail,2,sufficient,24,0.25,0.958,1,less50
49011,2014,16,2602.2916666666665,7.864147746052064,1,WC,0,NoSA,wholesretail,1,unsatisfactory,24,0.25,0.958,1,less50
49011,2015,17,2689.0416666666665,7.896940151376285,1,WC,0,NoSA,wholesretail,1,unsatisfactory,24,0.25,0.958,1,less50
49011,2017,19,3406.681818181818,8.133494022686882,1,WC,0,NoSA,wholesretail,3,satisfactory,22,0.045,0.864,1,less50
49011,2018,20,3620.608695652174,8.194397438654745,1,WC,0,NoSA,wholesretail,2,sufficient,23,0.217,0.957,1,less50
49011,2019,21,3903.4583333333335,8.269618191322087,1,WC,0,NoSA,wholesretail,3,satisfactory,24,0.25,0.958,1,less50
49027,2004,6,6994.5,8.852879404916486,1,WC,0,NoSA,manufacturing,2,sufficient,30,0.2,0.667,1,less50
49027,2005,7,3270.7586206896553,8.092777231079527,1,WC,0,NoSA,manufacturing,2,sufficient,29,0.138,0.586,1,less50
49027,2006,8,2482.75,7.817122095783468,1,WC,0,NoSA,manufacturing,2,sufficient,32,0.25,0.906,1,less50
49027,2007,9,3595.71875,8.187499180630686,1,WC,0,NoSA,manufacturing,2,sufficient,32,0.25,0.5,1,less50
49031,1999,1,1107.6227550287356,7.009971335532085,0,NoWC,0,NoSA,construction,4,good,174,0.011,0.81,3,less250
49031,2000,2,1168.375350336323,7.063369473351915,0,NoWC,0,NoSA,construction,3,satisfactory,223,0.009,0.83,3,less250
49031,2001,3,1022.0964877136752,6.9296111769859845,0,NoWC,0,NoSA,construction,4,good,234,0.009,0.872,3,less250
49049,2004,6,1195.1190476190477,7.086001080842259,1,WC,0,NoSA,resthotels,2,sufficient,84,0.048,0.131,2,less100
49049,2005,7,2518.487804878049,7.831413922957602,1,WC,0,NoSA,resthotels,2,sufficient,41,0.171,0.122,1,less50
49049,2007,9,2164.735849056604,7.68005362331918,1,WC,0,NoSA,resthotels,3,satisfactory,53,0.094,0.226,2,less100
49067,2008,10,764.5015105740181,6.639224001265161,0,NoWC,0,NoSA,manufacturing,4,good,331,0.13,0.547,4,more250
49067,2009,11,815.2371134020618,6.703479007616638,0,NoWC,0,NoSA,manufacturing,5,very good,194,0.247,0.701,3,less250
49067,2010,12,899.055,6.801344211688131,0,NoWC,0,NoSA,manufacturing,3,satisfactory,200,0.225,0.565,3,less250
49067,2011,13,1625.4655172413793,7.393549525887068,0,NoWC,0,NoSA,manufacturing,1,unsatisfactory,174,0.27,0.638,3,less250
49067,2012,14,1732.7790697674418,7.457481797323038,0,NoWC,0,NoSA,manufacturing,4,good,172,0.314,0.744,3,less250
49086,2000,2,4345.980902777777,8.377006766600042,0,NoWC,0,NoSA,manufacturing,2,sufficient,144,0.16,0.076,3,less250
49086,2001,3,3475.6878787878786,8.153547689139556,0,NoWC,0,NoSA,manufacturing,2,sufficient,165,0.194,0.097,3,less250
49086,2002,4,4375,8.383661798791715,0,NoWC,0,NoSA,manufacturing,3,satisfactory,128,0.273,0.227,3,less250
49086,2004,6,7352.941176470588,8.902855672228222,0,NoWC,0,NoSA,manufacturing,3,satisfactory,68,0.868,0.088,2,less100
49086,2005,7,7065.575342465753,8.862989727396101,0,NoWC,0,NoSA,manufacturing,3,satisfactory,73,0.74,0.164,2,less100
49087,2001,3,3111.23671875,8.042775584890046,1,WC,0,NoSA,health,4,good,40,0.1,0.05,1,less50
49087,2002,4,2453.690476190476,7.8053484869940295,1,WC,0,NoSA,health,4,good,42,0.095,0.119,1,less50
49087,2004,6,2336.311111111111,7.75632851620663,1,WC,0,NoSA,health,4,good,45,0.089,0.044,1,less50
49087,2005,7,2153.7272727272725,7.67495523536732,1,WC,0,NoSA,health,4,good,44,0.091,0.045,1,less50
49087,2006,8,2697.090909090909,7.899929030058078,1,WC,0,NoSA,health,4,good,44,0.091,0.068,1,less50
49087,2009,11,2329.1481481481483,7.753257878058013,1,WC,0,NoSA,edu,3,satisfactory,54,0.111,0.093,2,less100
49087,2010,12,2245.964285714286,7.716890233887138,1,WC,0,NoSA,edu,3,satisfactory,56,0.071,0.036,2,less100
49087,2011,13,3196.160714285714,8.069705591693738,1,WC,0,NoSA,edu,3,satisfactory,56,0.161,0.054,2,less100
49087,2012,14,2538.9824561403507,7.839518671929073,1,WC,0,NoSA,edu,3,satisfactory,57,0.158,0.07,2,less100
49087,2013,15,2581.862068965517,7.856266149749436,1,WC,0,NoSA,edu,3,satisfactory,58,0.172,0.052,2,less100
49087,2014,16,2889.016666666667,7.968671469458479,1,WC,0,NoSA,edu,3,satisfactory,60,0.167,0.067,2,less100
49087,2016,18,3372.375,8.12337252290279,1,WC,0,NoSA,edu,3,satisfactory,56,0.161,0.089,2,less100
49087,2017,19,5472.75,8.607536511313839,1,WC,0,NoSA,edu,3,satisfactory,56,0.143,0.089,2,less100
49087,2018,20,3721.25,8.221814912329986,1,WC,0,NoSA,edu,4,good,56,0.143,0.018,2,less100
49087,2019,21,3903.839285714286,8.26971578011653,1,WC,0,NoSA,edu,4,good,56,0.089,0.071,2,less100
49087,2020,22,4493.68085106383,8.410427433548756,1,WC,0,NoSA,buservices,4,good,47,0.128,0.064,1,less50
49087,2021,23,4206.4375,8.344371368922566,1,WC,0,NoSA,buservices,4,good,48,0.083,0.083,1,less50
49092,2008,10,857.3830275229358,6.7538847586832915,0,NoWC,0,NoSA,buservices,4,good,436,0.131,0.188,4,more250
49092,2009,11,907.8947368421053,6.811128443293065,0,NoWC,0,NoSA,buservices,4,good,380,0.197,0.432,4,more250
49092,2010,12,701.9891891891892,6.553918003891829,0,NoWC,0,NoSA,buservices,4,good,370,0.189,0.359,4,more250
49092,2011,13,751.1688311688312,6.621630434978963,0,NoWC,0,NoSA,buservices,4,good,385,0.169,0.319,4,more250
49092,2012,14,847.6923076923077,6.742517725245369,0,NoWC,0,NoSA,buservices,4,good,390,0.151,0.377,4,more250
49158,2016,18,2642.7804878048782,7.879586856976091,1,WC,0,NoSA,transcom,3,satisfactory,41,0.39,0.78,1,less50
49158,2017,19,2653.5714285714284,7.883661720530647,1,WC,0,NoSA,transcom,4,good,42,0.476,0.786,1,less50
49158,2018,20,3042.923076923077,8.020573870879819,1,WC,0,NoSA,transcom,4,good,39,0.513,0.795,1,less50
49158,2019,21,4606,8.43511508038063,1,WC,0,NoSA,transcom,4,good,41,0.488,0.78,1,less50
49160,1999,1,1091.3525390625,6.995173067516031,1,WC,0,NoSA,manufacturing,4,good,24,0.042,0,1,less50
49160,2000,2,1785.849609375,7.487649552613825,1,WC,0,NoSA,manufacturing,3,satisfactory,22,0.045,0.045,1,less50
49160,2003,5,2151.6,7.673967030399088,1,WC,0,NoSA,manufacturing,3,satisfactory,20,0.15,0.05,1,less50
49160,2009,11,3073.7,8.030637326622985,1,WC,0,NoSA,manufacturing,5,very good,20,0.15,0.1,1,less50
49160,2010,12,3171.285714285714,8.061892372745454,1,WC,0,NoSA,manufacturing,3,satisfactory,21,0.048,0.048,1,less50
49160,2012,14,3903.095238095238,8.269525168137134,1,WC,0,NoSA,manufacturing,4,good,21,0.143,0.095,1,less50
49192,2009,11,1192.7916666666667,7.084051777063504,1,WC,0,NoSA,manufacturing,5,very good,48,0.083,0.438,1,less50
49192,2010,12,1117.0625,7.018457750950597,1,WC,0,NoSA,manufacturing,4,good,48,0.229,0.479,1,less50
49192,2011,13,1171.7659574468084,7.066267255183999,1,WC,0,NoSA,manufacturing,4,good,47,0.085,0.489,1,less50
49192,2012,14,1174.3617021276596,7.068480046742393,1,WC,0,NoSA,manufacturing,4,good,47,0.128,0.468,1,less50
49192,2014,16,1486.1521739130435,7.303945625090549,1,WC,0,NoSA,manufacturing,3,satisfactory,46,0.239,0.5,1,less50
49193,2008,10,12460.633333333333,9.43032962037017,1,WC,0,NoSA,manufacturing,3,satisfactory,30,0.867,0.267,1,less50
49193,2011,13,2863.366336633663,7.959753252425487,1,WC,0,NoSA,manufacturing,4,good,101,0.653,0.287,3,less250
49193,2012,14,2900,7.9724660159745655,1,WC,0,NoSA,manufacturing,3,satisfactory,114,0.64,0.412,3,less250
49193,2013,15,2882.8828828828828,7.966546073463575,1,WC,0,NoSA,manufacturing,4,good,111,0.523,0.505,3,less250
49193,2015,17,14983.37962962963,9.614696841079805,1,WC,0,NoSA,manufacturing,4,good,108,0.63,0.5,3,less250
49193,2016,18,18049.090909090908,9.800850597345342,1,WC,0,NoSA,manufacturing,4,good,99,0.495,0.626,2,less100
49193,2019,21,16690.136363636364,9.722573187002153,1,WC,0,NoSA,manufacturing,1,unsatisfactory,110,0.527,0.373,3,less250
49203,1999,1,33.53369561557112,3.512550772584432,1,WC,0,NoSA,manufacturing,2,sufficient,29,0.414,0.552,1,less50
49203,2000,2,218.02190530711206,5.384595540801151,1,WC,0,NoSA,manufacturing,2,sufficient,29,0.655,0.345,1,less50
49203,2001,3,216.16285083912038,5.376032062684878,1,WC,0,NoSA,manufacturing,1,unsatisfactory,27,0.519,0.296,1,less50
49203,2002,4,282.0689655172414,5.642151599610319,1,WC,0,NoSA,manufacturing,1,unsatisfactory,29,0.483,0.345,1,less50
49203,2003,5,216.48275862068965,5.377510907415425,1,WC,0,NoSA,manufacturing,1,unsatisfactory,29,0.483,0.345,1,less50
49203,2004,6,67.95238095238095,4.218807179753413,1,WC,0,NoSA,manufacturing,1,unsatisfactory,21,0.762,0.19,1,less50
49205,2018,20,1575,7.362010551259734,1,WC,0,NoSA,manufacturing,4,good,33,0.03,0.03,1,less50
49205,2020,22,1708.8387096774193,7.443569301644491,1,WC,0,NoSA,manufacturing,1,unsatisfactory,31,0.032,0.129,1,less50
49205,2021,23,1332.6666666666667,7.194937226392236,1,WC,0,NoSA,manufacturing,3,satisfactory,30,0.067,0.133,1,less50
49238,2015,17,576.8095238095239,6.357512097293379,1,WC,0,NoSA,construction,4,good,21,0.857,0.238,1,less50
49238,2018,20,573.3478260869565,6.351492558878549,1,WC,0,NoSA,construction,5,very good,23,0.652,0.217,1,less50
49238,2020,22,377.61538461538464,5.933876176596516,1,WC,0,NoSA,construction,4,good,26,0.615,0.154,1,less50
49253,2003,5,1728.1290322580646,7.454794618021866,1,WC,0,NoSA,public,2,sufficient,31,0.129,0.645,1,less50
49253,2006,8,1005.5357142857143,6.913275727513515,1,WC,0,NoSA,public,4,good,28,0.214,0.571,1,less50
49253,2007,9,481.82758620689657,6.177586345093974,1,WC,0,NoSA,public,5,very good,29,0.414,0.552,1,less50
49253,2009,11,501.0967741935484,6.216799244494447,1,WC,0,NoSA,public,4,good,31,0.226,0.71,1,less50
49253,2010,12,214.43243243243242,5.367994688430051,1,WC,0,NoSA,public,4,good,37,0.189,0.73,1,less50
49253,2011,13,231.71052631578948,5.445488861203921,1,WC,0,NoSA,public,4,good,38,0.158,0.737,1,less50
49253,2012,14,173.2826086956522,5.154923837938829,1,WC,0,NoSA,public,4,good,46,0.13,0.739,1,less50
49253,2013,15,112.1842105263158,4.720142257038825,1,WC,0,NoSA,public,4,good,38,0.211,0.684,1,less50
49253,2014,16,275.57142857142856,5.618846863850416,1,WC,0,NoSA,public,5,very good,42,0.357,0.714,1,less50
49253,2015,17,191.6818181818182,5.255836800388244,1,WC,0,NoSA,public,5,very good,44,0.205,0.705,1,less50
49253,2016,18,164.125,5.100628332622961,1,WC,0,NoSA,public,5,very good,48,0.271,0.729,1,less50
49253,2020,22,164.93333333333334,5.105541351850223,1,WC,0,NoSA,public,2,sufficient,45,0.4,0.733,1,less50
49253,2021,23,126.06382978723404,4.836788364293273,1,WC,0,NoSA,public,3,satisfactory,47,0.404,0.723,1,less50
49267,2018,20,3204.475,8.072303549384749,1,WC,1,SA,finance,3,satisfactory,40,0.775,0.125,1,less50
49267,2019,21,4194.023809523809,8.341415888490054,1,WC,0,NoSA,finance,3,satisfactory,42,0.762,0.143,1,less50
49267,2020,22,4808.857142857143,8.478214734630798,1,WC,1,SA,finance,3,satisfactory,42,0.714,0.119,1,less50
49277,2015,17,1690.4193548387098,7.432731916093556,1,WC,0,NoSA,finance,4,good,31,0.774,0.097,1,less50
49277,2016,18,2620.15625,7.870989232381484,0,NoWC,0,NoSA,finance,2,sufficient,32,0.969,0.094,1,less50
49277,2018,20,2923.5526315789475,7.980554810388153,0,NoWC,0,NoSA,finance,2,sufficient,38,0.921,0.105,1,less50
49277,2019,21,2624.9473684210525,7.872816124699404,0,NoWC,0,NoSA,finance,4,good,38,0.263,0.105,1,less50
49304,2010,12,2738.222222222222,7.915064164798242,1,WC,0,NoSA,manufacturing,5,very good,36,0.139,0.389,1,less50
49304,2011,13,2274.846153846154,7.729667704415389,1,WC,0,NoSA,manufacturing,5,very good,39,0.103,0.256,1,less50
49304,2012,14,3257.304347826087,8.088655245131068,1,WC,0,NoSA,manufacturing,5,very good,46,0.043,0.217,1,less50
49304,2013,15,839.7283950617284,6.7330785003397375,1,WC,0,NoSA,manufacturing,5,very good,81,0.049,0.148,2,less100
49305,2012,14,1941,7.57095858316901,1,WC,0,NoSA,health,4,good,22,0.227,0.818,1,less50
49305,2013,15,2637.7727272727275,7.877690176143827,1,WC,0,NoSA,health,4,good,22,0.182,0.864,1,less50
49305,2014,16,2665.913043478261,7.888301883356848,1,WC,0,NoSA,health,4,good,23,0.348,0.87,1,less50
49305,2015,17,2947.8846153846152,7.988843112578726,1,WC,0,NoSA,health,4,good,26,0.346,0.769,1,less50
49305,2016,18,2868.72,7.961621216237835,1,WC,0,NoSA,health,4,good,25,0.36,0.84,1,less50
49305,2017,19,3522.8260869565215,8.167018812080599,1,WC,0,NoSA,health,4,good,23,0.261,0.957,1,less50
49305,2018,20,3332.391304347826,8.111445434671058,1,WC,0,NoSA,health,4,good,23,0.348,0.826,1,less50
49320,2018,20,1989.2173913043478,7.595496569666002,1,WC,0,NoSA,manufacturing,4,good,23,0.087,0.13,1,less50
49320,2019,21,1876.64,7.537238222773195,1,WC,0,NoSA,manufacturing,3,satisfactory,25,0.12,0.08,1,less50
49320,2020,22,1213.8,7.101511213401754,1,WC,0,NoSA,manufacturing,3,satisfactory,20,0.2,0.1,1,less50
49322,1998,0,2561.49358974359,7.848345800836047,0,NoWC,0,NoSA,manufacturing,4,good,78,0.474,0.064,2,less100
49322,1999,1,2678.3824013157896,7.892968309677613,0,NoWC,0,NoSA,manufacturing,3,satisfactory,76,0.461,0.105,2,less100
49322,2000,2,3200.359375,8.071018387169618,0,NoWC,0,NoSA,wholesretail,5,very good,78,0.487,0.167,2,less100
49322,2001,3,3501.0777138157896,8.160826118313498,0,NoWC,0,NoSA,wholesretail,4,good,76,0.579,0.158,2,less100
49322,2002,4,5565.118421052632,8.624273543097367,0,NoWC,0,NoSA,wholesretail,3,satisfactory,76,0.579,0.145,2,less100
49322,2003,5,2944.5822784810125,7.987722245102057,0,NoWC,0,NoSA,wholesretail,3,satisfactory,79,0.595,0.139,2,less100
49322,2004,6,3014.4050632911394,8.011157764081782,0,NoWC,0,NoSA,wholesretail,4,good,79,0.684,0.139,2,less100
49322,2005,7,3101.7710843373493,8.039728544861688,0,NoWC,0,NoSA,wholesretail,5,very good,83,0.952,0.157,2,less100
49347,2016,18,1112.4,7.01427512235981,1,WC,1,SA,health,2,sufficient,45,0.044,0.333,1,less50
49347,2017,19,1301.4222222222222,7.171212962543053,1,WC,0,NoSA,health,4,good,45,0.2,0.4,1,less50
49347,2018,20,1153.4444444444443,7.050507913857026,1,WC,0,NoSA,health,4,good,45,0.2,0.289,1,less50
49348,2001,3,21.6483154296875,3.0749276421688925,0,NoWC,0,NoSA,wholesretail,1,unsatisfactory,47,0.064,0.787,1,less50
49348,2002,4,21.513513513513512,3.0686812732001587,0,NoWC,0,NoSA,wholesretail,1,unsatisfactory,37,0.108,0.703,1,less50
49348,2003,5,29.833333333333332,3.3956263366127,0,NoWC,0,NoSA,wholesretail,2,sufficient,30,0.267,0.467,1,less50
49380,2005,7,157.25925925925927,5.0578957762588725,1,WC,0,NoSA,wholesretail,3,satisfactory,27,0.037,0.815,1,less50
49380,2008,10,265.39130434782606,5.581205357035143,1,WC,0,NoSA,wholesretail,2,sufficient,23,0.043,0.609,1,less50
49380,2010,12,408.2692307692308,6.011926836115874,1,WC,0,NoSA,wholesretail,1,unsatisfactory,26,0.038,0.808,1,less50
49380,2013,15,445.1290322580645,6.098364200266408,1,WC,0,NoSA,wholesretail,4,good,31,0.065,0.774,1,less50
49380,2014,16,194.6,5.2709461697519044,1,WC,0,NoSA,wholesretail,4,good,30,0.033,0.8,1,less50
49380,2015,17,265.3666666666667,5.581112517426423,1,WC,0,NoSA,wholesretail,4,good,30,0.033,0.8,1,less50
49380,2016,18,306.1923076923077,5.724213361067096,1,WC,0,NoSA,wholesretail,3,satisfactory,26,0.038,0.846,1,less50
49380,2017,19,306.1923076923077,5.724213361067096,1,WC,0,NoSA,wholesretail,4,good,26,0.038,0.5,1,less50
49380,2018,20,314.51851851851853,5.751042956818818,1,WC,0,NoSA,wholesretail,4,good,27,0.037,0.667,1,less50
49380,2019,21,326.61538461538464,5.7887832848016645,1,WC,0,NoSA,wholesretail,4,good,26,0.038,0.538,1,less50
49380,2020,22,505.4761904761905,6.225500936413933,1,WC,0,NoSA,wholesretail,4,good,21,0.095,0.762,1,less50
49380,2021,23,328.57142857142856,5.794754252861928,1,WC,0,NoSA,wholesretail,3,satisfactory,21,0.048,0.762,1,less50
49409,2006,8,2787.586956521739,7.932931610446564,1,WC,0,NoSA,buservices,3,satisfactory,138,0.036,0.841,3,less250
49409,2007,9,1646.76,7.406565000069542,1,WC,0,NoSA,buservices,5,very good,125,0.056,0.864,3,less250
49409,2009,11,1420.384,7.258682536572935,1,WC,0,NoSA,buservices,4,good,125,0.128,0.832,3,less250
49445,2000,2,1399.9342447916667,7.244180546494366,1,WC,0,NoSA,buservices,4,good,30,0.3,0.667,1,less50
49445,2001,3,1866.594039351852,7.531870679808136,1,WC,0,NoSA,buservices,3,satisfactory,27,0.407,0.741,1,less50
49445,2002,4,2139.0833333333335,7.668132667338639,1,WC,0,NoSA,buservices,3,satisfactory,24,0.458,0.667,1,less50
49445,2003,5,1369.0333333333333,7.221860173665022,1,WC,0,NoSA,buservices,2,sufficient,30,0.367,0.667,1,less50
49445,2004,6,1656.0645161290322,7.4121992932014384,1,WC,0,NoSA,buservices,4,good,31,0.419,0.645,1,less50
49445,2005,7,1656.0645161290322,7.4121992932014384,1,WC,0,NoSA,buservices,4,good,31,0.419,0.645,1,less50
49445,2006,8,2053.5333333333333,7.627317165713533,1,WC,0,NoSA,buservices,4,good,30,0.367,0.633,1,less50
49445,2007,9,1604.3125,7.380450594886858,1,WC,0,NoSA,buservices,4,good,32,0.406,0.625,1,less50
49445,2008,10,2566.90625,7.850456658973215,1,WC,0,NoSA,buservices,4,good,32,0.406,0.625,1,less50
49445,2009,11,2246.0625,7.7169339621596595,1,WC,0,NoSA,buservices,5,very good,32,0.5,0.625,1,less50
49458,2015,17,2604.6119402985073,7.865038975834892,0,NoWC,0,NoSA,construction,4,good,67,0.194,0.06,2,less100
49458,2017,19,1925.7123287671234,7.563051219191616,0,NoWC,0,NoSA,construction,5,very good,73,0.493,0.123,2,less100
49458,2018,20,2014.5324675324675,7.6081424214201,0,NoWC,0,NoSA,construction,4,good,77,0.766,0.065,2,less100
49458,2019,21,1570.828947368421,7.359358750958054,0,NoWC,0,NoSA,construction,5,very good,76,0.276,0.092,2,less100
49458,2020,22,1675.6666666666667,7.423966375024466,0,NoWC,0,NoSA,construction,4,good,81,0.185,0.099,2,less100
49458,2021,23,2521.3888888888887,7.832565175064563,0,NoWC,0,NoSA,construction,3,satisfactory,90,0.111,0.1,2,less100
49459,2015,17,3842.6349206349205,8.253913587518479,1,WC,0,NoSA,public,3,satisfactory,126,0.127,0.563,3,less250
49459,2016,18,2746.4961832061067,7.918081263087956,1,WC,0,NoSA,public,3,satisfactory,131,0.237,0.634,3,less250
49459,2017,19,2368.7557251908397,7.770120085794924,1,WC,0,NoSA,public,4,good,131,0.252,0.481,3,less250
49459,2018,20,585.5383104125737,6.372531612857184,1,WC,0,NoSA,public,3,satisfactory,509,0.065,0.633,4,more250
49471,2012,14,1645.7272727272727,7.405937676577573,0,NoWC,0,NoSA,public,2,sufficient,22,0.409,0.818,1,less50
49471,2013,15,1626.904761904762,7.394434569491455,0,NoWC,0,NoSA,public,4,good,21,0.286,0.81,1,less50
49471,2014,16,2227.809523809524,7.708774105386027,0,NoWC,0,NoSA,public,3,satisfactory,21,0.143,0.81,1,less50
49471,2015,17,1822.125,7.507758681394177,0,NoWC,0,NoSA,public,3,satisfactory,24,0.125,0.875,1,less50
49471,2018,20,3519.6363636363635,8.16611295747061,0,NoWC,0,NoSA,public,3,satisfactory,22,0.136,0.773,1,less50
49471,2019,21,2687.090909090909,7.896214440976148,0,NoWC,0,NoSA,public,3,satisfactory,22,0.227,0.727,1,less50
49471,2020,22,3079.5,8.032522525127098,0,NoWC,0,NoSA,art,4,good,22,0.182,0.727,1,less50
49471,2021,23,4881.045454545455,8.493114708391513,0,NoWC,0,NoSA,art,3,satisfactory,22,0.318,0.773,1,less50
49477,2001,3,3286.689006024096,8.097635955870206,1,WC,0,NoSA,transcom,3,satisfactory,83,0.012,0.602,2,less100
49477,2002,4,2722.1428571428573,7.909174664252648,1,WC,0,NoSA,transcom,1,unsatisfactory,98,0.01,0.592,2,less100
49477,2004,6,2719.113043478261,7.908061019155609,1,WC,0,NoSA,transcom,1,unsatisfactory,115,0.009,0.53,3,less250
49477,2006,8,3076.314814814815,8.03148767090706,1,WC,0,NoSA,transcom,3,satisfactory,108,0.009,0.519,3,less250
49477,2007,9,2250.4159292035397,7.718870335538233,1,WC,0,NoSA,transcom,1,unsatisfactory,113,0.018,0.522,3,less250
49502,2017,19,1693.037037037037,7.434279258466225,1,WC,0,NoSA,wholesretail,5,very good,54,0.148,0.037,2,less100
49502,2018,20,1542.4035087719299,7.34109719873176,1,WC,0,NoSA,wholesretail,4,good,57,0.193,0.053,2,less100
49502,2019,21,1912.9122807017543,7.5563821140772305,1,WC,0,NoSA,wholesretail,4,good,57,0.246,0.035,2,less100
49502,2020,22,1978.1851851851852,7.589935130239777,1,WC,0,NoSA,construction,5,very good,54,0.241,0.019,2,less100
49502,2021,23,2342.3584905660377,7.758913602710914,1,WC,0,NoSA,construction,4,good,53,0.358,0.038,2,less100
49538,2012,14,2333.3764705882354,7.755071626593409,0,NoWC,0,NoSA,manufacturing,4,good,85,0.153,0.847,2,less100
49538,2013,15,1529.723404255319,7.332842216511059,0,NoWC,0,NoSA,manufacturing,3,satisfactory,94,0.149,0.83,2,less100
49538,2014,16,844.0729166666666,6.738238885019015,0,NoWC,0,NoSA,manufacturing,3,satisfactory,96,0.219,0.771,2,less100
49538,2016,18,1337.5210084033613,7.198573185864271,0,NoWC,0,NoSA,manufacturing,3,satisfactory,119,0.176,0.824,3,less250
49545,2004,6,4483.454545454545,8.40814913215727,1,WC,0,NoSA,health,3,satisfactory,33,0.061,0.636,1,less50
49545,2005,7,1497.4594594594594,7.311525257475875,1,WC,0,NoSA,health,3,satisfactory,37,0.027,0.622,1,less50
49545,2007,9,2391.5,7.779676063120352,1,WC,0,NoSA,health,3,satisfactory,32,0.125,0.594,1,less50
49552,2013,15,792.76,6.675520527656147,1,WC,1,SA,health,4,good,175,0.011,0.023,3,less250
49552,2014,16,743.2989690721649,6.611098344769657,1,WC,1,SA,health,4,good,194,0.01,0.015,3,less250
49552,2015,17,815.6197916666666,6.703948304794629,1,WC,1,SA,health,5,very good,192,0.01,0.016,3,less250
49663,2018,20,2113.4745762711864,7.656088590727578,0,NoWC,1,SA,manufacturing,4,good,59,0.61,0.203,2,less100
49663,2019,21,2054.304347826087,7.6276925527476145,0,NoWC,1,SA,manufacturing,4,good,69,0.522,0.174,2,less100
49663,2020,22,1745.376811594203,7.464725749201635,0,NoWC,0,NoSA,manufacturing,5,very good,69,0.58,0.174,2,less100
49663,2021,23,2579.463768115942,7.855336814498034,0,NoWC,0,NoSA,manufacturing,4,good,69,0.522,0.174,2,less100
49676,2001,3,4570.921006944444,8.427469996831391,1,WC,1,SA,buservices,4,good,54,0.167,0.981,2,less100
49676,2002,4,3486.5833333333335,8.156677548091567,0,NoWC,1,SA,buservices,4,good,60,0.067,0.95,2,less100
49676,2003,5,3884.2413793103447,8.264682974573457,1,WC,1,SA,buservices,3,satisfactory,58,0.155,0.966,2,less100
49676,2006,8,5002.87323943662,8.51776767425669,1,WC,1,SA,buservices,3,satisfactory,71,0.169,0.972,2,less100
49676,2007,9,5131.177215189873,8.543090388484277,1,WC,1,SA,buservices,3,satisfactory,79,0.114,0.975,2,less100
49725,2003,5,1696.6363636363637,7.436402960384759,0,NoWC,0,NoSA,buservices,4,good,33,0.182,0.455,1,less50
49725,2004,6,2561.5666666666666,7.848374329457389,0,NoWC,0,NoSA,buservices,2,sufficient,30,0.3,0.5,1,less50
49725,2005,7,2805.5185185185187,7.939343655960016,0,NoWC,0,NoSA,buservices,4,good,27,0.037,0.556,1,less50
49725,2006,8,3579.8260869565215,8.183069499152321,0,NoWC,0,NoSA,buservices,3,satisfactory,23,0.043,0.565,1,less50
49805,2003,5,1218.0103092783504,7.1049739123377575,0,NoWC,1,SA,finance,1,unsatisfactory,97,0.289,0.763,2,less100
49805,2004,6,678.6214689265537,6.520063488935679,0,NoWC,0,NoSA,finance,1,unsatisfactory,177,0.169,0.774,3,less250
49805,2005,7,757.8121212121212,6.630435493721979,0,NoWC,0,NoSA,finance,2,sufficient,165,0.17,0.812,3,less250
49811,2001,3,924.6348353794643,6.829398887006482,1,WC,0,NoSA,manufacturing,4,good,28,0.179,0.143,1,less50
49811,2002,4,1215.2666666666667,7.102718810430711,1,WC,0,NoSA,manufacturing,2,sufficient,30,0.133,0.333,1,less50
49811,2004,6,1500.3333333333333,7.3134425846248226,1,WC,0,NoSA,manufacturing,2,sufficient,27,0.037,0.37,1,less50
49811,2005,7,1808.4285714285713,7.5002135545815145,1,WC,1,SA,manufacturing,1,unsatisfactory,28,0.071,0.393,1,less50
49811,2006,8,1796.774193548387,7.493748221430229,1,WC,1,SA,manufacturing,1,unsatisfactory,31,0.129,0.452,1,less50
49811,2007,9,2450.1612903225805,7.8039091341566165,1,WC,0,NoSA,manufacturing,4,good,31,0.129,0.419,1,less50
49811,2008,10,3430.2258064516127,8.14038137077783,1,WC,0,NoSA,manufacturing,3,satisfactory,31,0.129,0.452,1,less50
49811,2009,11,6823.096774193548,8.828068720240202,1,WC,0,NoSA,manufacturing,2,sufficient,31,0.161,0.419,1,less50
49812,1998,0,5027.2817540322585,8.522634710268397,1,WC,0,NoSA,edu,1,unsatisfactory,124,0.04,0.452,3,less250
49812,1999,1,4627.445121951219,8.439760185263603,1,WC,0,NoSA,edu,3,satisfactory,123,0.041,0.447,3,less250
49812,2000,2,3469.26275,8.15169738639029,1,WC,0,NoSA,edu,1,unsatisfactory,125,0.104,0.448,3,less250
49812,2001,3,2756.823660714286,7.921834448410327,1,WC,0,NoSA,edu,2,sufficient,140,0.057,0.7,3,less250
49818,2017,19,1784.7083333333333,7.4870102821699085,1,WC,0,NoSA,wholesretail,3,satisfactory,24,0.583,0.333,1,less50
49818,2018,20,1367.8125,7.220968027385214,1,WC,0,NoSA,wholesretail,3,satisfactory,32,0.406,0.062,1,less50
49818,2019,21,933.0833333333334,6.838494514472197,1,WC,0,NoSA,wholesretail,3,satisfactory,36,0.5,0.056,1,less50
49818,2020,22,1272.375,7.148640511772504,1,WC,0,NoSA,wholesretail,4,good,32,0.375,0.062,1,less50
49818,2021,23,1357.2,7.213179032910075,1,WC,0,NoSA,wholesretail,3,satisfactory,30,0.333,0.1,1,less50
49841,2014,16,3469.5,8.151765770339603,1,WC,0,NoSA,wholesretail,3,satisfactory,34,0.029,0.5,1,less50
49841,2015,17,3154.0882352941176,8.05645474281148,1,WC,0,NoSA,wholesretail,3,satisfactory,34,0.059,0.412,1,less50
49841,2016,18,2904.3888888888887,7.973978281885528,1,WC,0,NoSA,wholesretail,3,satisfactory,36,0.139,0.417,1,less50
49841,2018,20,4549.515151515152,8.422775946160504,1,WC,0,NoSA,wholesretail,3,satisfactory,33,0.121,0.394,1,less50
49847,2013,15,2657.2916666666665,7.885062712662067,1,WC,0,NoSA,transcom,4,good,24,0.75,0.125,1,less50
49847,2014,16,2653.1666666666665,7.883509174127081,1,WC,0,NoSA,transcom,3,satisfactory,24,0.542,0.167,1,less50
49847,2015,17,2939.64,7.986042403855647,1,WC,0,NoSA,transcom,3,satisfactory,25,0.24,0.12,1,less50
49847,2016,18,2874.52,7.9636409827709205,1,WC,0,NoSA,transcom,4,good,25,0.48,0.48,1,less50
49847,2018,20,3082.875,8.033617882140407,1,WC,0,NoSA,transcom,5,very good,24,0.792,0.125,1,less50
49847,2021,23,3511.4761904761904,8.163791795133596,1,WC,0,NoSA,wholesretail,3,satisfactory,21,0.095,0.19,1,less50
49852,2018,20,1500.15,7.313320382090635,0,NoWC,0,NoSA,transcom,4,good,40,0.125,0.95,1,less50
49852,2019,21,2144.1290322580644,7.670488703335958,0,NoWC,0,NoSA,transcom,2,sufficient,31,0.161,0.806,1,less50
49852,2020,22,1648.5,7.407621062511786,0,NoWC,0,NoSA,transcom,1,unsatisfactory,42,0.143,0.929,1,less50
49863,2001,3,1996.381131329114,7.599091386202921,0,NoWC,0,NoSA,manufacturing,3,satisfactory,316,0.646,0.092,4,more250
49863,2002,4,1681.6816816816818,7.4275495727308884,0,NoWC,0,NoSA,manufacturing,3,satisfactory,333,0.246,0.096,4,more250
49863,2003,5,1273.1713483146068,7.149266191474712,0,NoWC,0,NoSA,manufacturing,4,good,356,0.171,0.096,4,more250
49863,2004,6,1237.6237623762377,7.120948499443179,0,NoWC,0,NoSA,manufacturing,4,good,404,0.173,0.106,4,more250
49863,2005,7,1172.2431818181817,7.066674441632185,0,NoWC,0,NoSA,manufacturing,4,good,440,0.186,0.093,4,more250
49863,2006,8,1108.1081081081081,7.010409433042221,0,NoWC,0,NoSA,manufacturing,4,good,444,0.198,0.09,4,more250
49863,2007,9,960.5758293838862,6.8675329269152865,0,NoWC,0,NoSA,manufacturing,4,good,422,0.216,0.085,4,more250
49879,2019,21,2702.475,7.901923298776773,1,WC,0,NoSA,manufacturing,3,satisfactory,40,0.025,0.075,1,less50
49879,2020,22,3104.3846153846152,8.040570783222508,1,WC,0,NoSA,manufacturing,3,satisfactory,39,0.051,0.128,1,less50
49879,2021,23,2383.7179487179487,7.776416711084517,1,WC,0,NoSA,manufacturing,3,satisfactory,39,0.026,0.077,1,less50
49883,2015,17,2306.0481927710844,7.743290599470593,0,NoWC,0,NoSA,construction,3,satisfactory,83,0.036,0.096,2,less100
49883,2016,18,2804.423076923077,7.938953120126183,0,NoWC,0,NoSA,construction,3,satisfactory,78,0.038,0.141,2,less100
49883,2017,19,3001.0731707317073,8.006725227259658,0,NoWC,0,NoSA,construction,3,satisfactory,82,0.037,0.134,2,less100
49883,2018,20,4001.4268292682927,8.29440628381417,0,NoWC,0,NoSA,construction,3,satisfactory,82,0.049,0.134,2,less100
49883,2019,21,3331.4597701149423,8.11116585632258,0,NoWC,0,NoSA,construction,3,satisfactory,87,0.034,0.092,2,less100
49883,2020,22,3520.0344827586205,8.166226064782405,0,NoWC,0,NoSA,construction,4,good,87,0.034,0.092,2,less100
49883,2021,23,2916.602564102564,7.978174712420052,0,NoWC,0,NoSA,construction,3,satisfactory,78,0.038,0.064,2,less100
49886,2013,15,1250,7.1308988302963465,1,WC,0,NoSA,manufacturing,3,satisfactory,256,0.004,0.195,4,more250
49886,2015,17,1988.1397849462367,7.594954699103854,1,WC,0,NoSA,manufacturing,4,good,186,0.011,0.108,3,less250
49886,2016,18,2881.108695652174,7.965930462818568,1,WC,0,NoSA,manufacturing,3,satisfactory,138,0.014,0.174,3,less250
49886,2017,19,3289.9464285714284,8.098626560517857,1,WC,0,NoSA,manufacturing,4,good,112,0.018,0.259,3,less250
49895,1999,1,1076.1650390625,6.981159110988255,0,NoWC,0,NoSA,finance,3,satisfactory,240,0.129,0.058,3,less250
49895,2000,2,740.0658623417721,6.606739185402225,1,WC,0,NoSA,finance,4,good,237,0.131,0.055,3,less250
49895,2001,3,896.6241501046026,6.798636766563369,1,WC,0,NoSA,finance,4,good,239,0.13,0.054,3,less250
49895,2002,4,1167.548523206751,7.062661550312583,0,NoWC,0,NoSA,finance,3,satisfactory,237,0.131,0.055,3,less250
49895,2005,7,1432.1712962962963,7.266946960685294,0,NoWC,0,NoSA,finance,4,good,216,0.134,0.079,3,less250
49895,2006,8,2147.9166666666665,7.67225365909716,0,NoWC,0,NoSA,finance,4,good,228,0.127,0.048,3,less250
49900,1999,1,1777.844539141414,7.4831569764476384,1,WC,1,SA,health,2,sufficient,99,0.02,0.192,2,less100
49900,2000,2,635.1377027671756,6.453841830134556,1,WC,1,SA,health,2,sufficient,131,0.046,0.16,3,less250
49900,2001,3,594.398390436747,6.387549785520925,1,WC,1,SA,health,2,sufficient,166,0.102,0.169,3,less250
49900,2002,4,1043.1444444444444,6.949994934812235,1,WC,1,SA,health,3,satisfactory,90,0.022,0.222,2,less100
49915,2019,21,2518.433962264151,7.83139254378342,0,NoWC,0,NoSA,resthotels,2,sufficient,53,0.208,0.226,2,less100
49915,2020,22,3223.5849056603774,8.078249343991317,0,NoWC,0,NoSA,transcom,3,satisfactory,53,0.094,0.226,2,less100
49915,2021,23,3084.8,8.034242104416226,0,NoWC,0,NoSA,transcom,3,satisfactory,45,0.222,0.267,1,less50
49942,2011,13,1902.6666666666667,7.551011689928617,1,WC,0,NoSA,wholesretail,1,unsatisfactory,66,0.03,0.894,2,less100
49942,2012,14,1834.567901234568,7.514564256593357,1,WC,0,NoSA,wholesretail,3,satisfactory,81,0.025,0.975,2,less100
49942,2014,16,3835.927272727273,8.252166476680555,1,WC,0,NoSA,wholesretail,4,good,55,0.255,0.855,2,less100
49948,2005,7,2220.4583333333335,7.705468910013581,1,WC,0,NoSA,manufacturing,2,sufficient,24,0.042,0.292,1,less50
49948,2006,8,2332.2,7.754567307086233,1,WC,0,NoSA,manufacturing,4,good,30,0.033,0.2,1,less50
49948,2007,9,1416.7857142857142,7.256146003333172,1,WC,0,NoSA,manufacturing,5,very good,42,0.024,0.262,1,less50
49954,2019,21,3748.72,8.229169727363642,1,WC,0,NoSA,manufacturing,3,satisfactory,25,0.08,0.52,1,less50
49954,2020,22,4024.96,8.300270251915084,1,WC,0,NoSA,manufacturing,1,unsatisfactory,25,0.08,0.64,1,less50
49954,2021,23,3580.6666666666665,8.183304281797295,1,WC,0,NoSA,manufacturing,2,sufficient,27,0.074,0.667,1,less50
49955,2003,5,4254.962962962963,8.35584133661306,0,NoWC,0,NoSA,buservices,2,sufficient,54,0.222,0.611,2,less100
49955,2004,6,3760,8.23217423638394,0,NoWC,0,NoSA,buservices,1,unsatisfactory,54,0.241,0.611,2,less100
49955,2005,7,6416.736842105263,8.766664987420008,0,NoWC,0,NoSA,buservices,1,unsatisfactory,38,0.342,0.526,1,less50
49955,2006,8,5775.0526315789475,8.661302649041788,1,WC,0,NoSA,buservices,1,unsatisfactory,38,0.368,0.526,1,less50
49955,2007,9,7206.473684210527,8.88273502384238,1,WC,0,NoSA,buservices,1,unsatisfactory,38,0.395,0.526,1,less50
49988,2001,3,2655.138786764706,7.8842522060441675,0,NoWC,0,NoSA,public,4,good,204,0.436,0.064,3,less250
49988,2002,4,2500,7.824046010856292,0,NoWC,0,NoSA,public,1,unsatisfactory,224,0.415,0.08,3,less250
49988,2004,6,2717.391304347826,7.907427619795343,0,NoWC,0,NoSA,public,3,satisfactory,184,0.636,0.098,3,less250
49988,2005,7,2849.6519337016575,7.954952137278666,0,NoWC,0,NoSA,public,1,unsatisfactory,181,0.95,0.099,3,less250
49988,2006,8,3113.9240506329115,8.043638962447478,0,NoWC,0,NoSA,public,1,unsatisfactory,158,0.848,0.089,3,less250
49988,2007,9,2615.2451612903224,7.869113124032052,0,NoWC,0,NoSA,public,3,satisfactory,155,0.929,0.09,3,less250
49988,2012,14,1991.566265060241,7.5966766760125175,0,NoWC,0,NoSA,public,1,unsatisfactory,166,0.614,0.096,3,less250
49988,2013,15,1666.6666666666667,7.418580902748128,0,NoWC,0,NoSA,public,4,good,192,0.562,0.094,3,less250
49988,2014,16,1526.5700483091787,7.33077869930368,0,NoWC,0,NoSA,public,4,good,207,0.546,0.111,3,less250
49988,2015,17,3434.6111111111113,8.141658984596969,0,NoWC,0,NoSA,public,3,satisfactory,216,0.537,0.106,3,less250
49988,2016,18,3404.3405172413795,8.132806519132393,0,NoWC,0,NoSA,public,4,good,232,0.401,0.116,3,less250
49988,2017,19,3274.7100840336134,8.093984620191673,0,NoWC,0,NoSA,public,4,good,238,0.424,0.122,3,less250
49988,2018,20,3392.9836734693877,8.129464952945181,0,NoWC,0,NoSA,public,3,satisfactory,245,0.408,0.127,3,less250
49988,2019,21,3532.7654320987654,8.169836251749619,0,NoWC,0,NoSA,public,1,unsatisfactory,243,0.486,0.123,3,less250
49988,2020,22,3545.5546218487393,8.173449878590333,0,NoWC,0,NoSA,public,2,sufficient,238,0.538,0.122,3,less250
49988,2021,23,3796.0837209302326,8.241725214526186,0,NoWC,0,NoSA,public,1,unsatisfactory,215,0.619,0.126,3,less250
50015,2009,11,2025.4545454545455,7.613549421242849,1,WC,1,SA,manufacturing,2,sufficient,66,0.076,0.455,2,less100
50015,2010,12,730.9461538461538,6.594339796087503,1,WC,0,NoSA,manufacturing,1,unsatisfactory,130,0.038,0.531,3,less250
50015,2011,13,748.2012195121952,6.617671951840805,1,WC,0,NoSA,manufacturing,3,satisfactory,164,0.03,0.524,3,less250
50015,2013,15,1035.3971631205675,6.9425403645766295,1,WC,0,NoSA,manufacturing,2,sufficient,141,0.007,0.511,3,less250
50015,2014,16,1603.1386138613861,7.379718620400355,1,WC,0,NoSA,manufacturing,2,sufficient,101,0.059,0.505,3,less250
50015,2015,17,1360.7254901960785,7.215773285170521,1,WC,0,NoSA,manufacturing,4,good,102,0.029,0.471,3,less250
50015,2016,18,1672.2875,7.4219477286237465,1,WC,0,NoSA,manufacturing,3,satisfactory,80,0.138,0.462,2,less100
50015,2017,19,1883.295918367347,7.540778668921417,1,WC,0,NoSA,manufacturing,3,satisfactory,98,0.112,0.5,2,less100
50015,2018,20,1906.6470588235295,7.553101511819042,1,WC,0,NoSA,manufacturing,3,satisfactory,119,0.109,0.462,3,less250
50015,2019,21,1846.7777777777778,7.5211976577348905,1,WC,0,NoSA,manufacturing,4,good,99,0.061,0.495,2,less100
50039,2000,2,6538.453125,8.785455891245382,0,NoWC,0,NoSA,wholesretail,3,satisfactory,68,0.176,0.25,2,less100
50039,2001,3,2965.3603395061727,7.994753835078278,0,NoWC,0,NoSA,wholesretail,3,satisfactory,81,0.136,0.272,2,less100
50039,2002,4,1127.8947368421052,7.028108109301182,0,NoWC,0,NoSA,wholesretail,4,good,95,0.116,0.284,2,less100
50039,2003,5,1243.6046511627908,7.125769418257044,0,NoWC,0,NoSA,wholesretail,3,satisfactory,86,0.128,0.233,2,less100
50039,2005,7,552.8275862068965,6.315046173898117,0,NoWC,0,NoSA,wholesretail,4,good,87,0.172,0.23,2,less100
50062,2012,14,953.304347826087,6.859934210305336,1,WC,0,NoSA,wholesretail,4,good,46,0.63,0.87,1,less50
50062,2013,15,1015.1836734693877,6.922824834187908,1,WC,0,NoSA,wholesretail,3,satisfactory,49,0.653,0.898,1,less50
50062,2014,16,861.5535714285714,6.758737237933162,1,WC,0,NoSA,wholesretail,4,good,56,0.696,0.875,2,less100
50062,2015,17,1145.2592592592594,7.043386317658211,1,WC,0,NoSA,wholesretail,4,good,54,0.611,0.907,2,less100
50062,2016,18,1174.7115384615386,7.068777897256733,1,WC,0,NoSA,wholesretail,5,very good,52,0.673,0.788,2,less100
50062,2017,19,1589.4528301886792,7.371145104030481,1,WC,0,NoSA,wholesretail,5,very good,53,0.321,0.849,2,less100
50062,2018,20,1658.2291666666667,7.413505544881345,1,WC,0,NoSA,wholesretail,5,very good,48,0.688,0.833,1,less50
50062,2019,21,1295.4444444444443,7.166609115597072,1,WC,0,NoSA,wholesretail,5,very good,54,0.241,0.815,2,less100
50062,2020,22,1741.3,7.462387239685337,1,WC,0,NoSA,transcom,4,good,60,0.667,0.833,2,less100
50062,2021,23,1675.904761904762,7.424108454788284,1,WC,0,NoSA,transcom,5,very good,63,0.651,0.841,2,less100
50102,2001,3,622.1463880670611,6.433175415638704,0,NoWC,0,NoSA,manufacturing,2,sufficient,1014,0.053,0.395,4,more250
50102,2002,4,606.060606060606,6.406979991069647,0,NoWC,0,NoSA,manufacturing,2,sufficient,924,0.053,0.231,4,more250
50102,2004,6,562.429696287964,6.3322661418904245,0,NoWC,0,NoSA,manufacturing,2,sufficient,889,0.044,0.214,4,more250
50102,2005,7,538.9623824451411,6.289645777091538,0,NoWC,0,NoSA,manufacturing,2,sufficient,957,0.025,0.194,4,more250
50102,2007,9,594.3739002932551,6.387508583107836,0,NoWC,0,NoSA,manufacturing,2,sufficient,682,0.043,0.271,4,more250
50102,2008,10,600.9951768488746,6.398586909293146,0,NoWC,0,NoSA,manufacturing,4,good,622,0.043,0.309,4,more250
50125,2013,15,2711.864406779661,7.905391650310245,0,NoWC,0,NoSA,transcom,4,good,118,0.093,0.034,3,less250
50125,2014,16,2449.6124031007753,7.803685088207377,0,NoWC,0,NoSA,transcom,4,good,129,0.039,0.031,3,less250
50125,2015,17,4467.416107382551,8.404565468431425,0,NoWC,0,NoSA,transcom,4,good,149,0.074,0.027,3,less250
50125,2019,21,1158.8279569892472,7.055164391414707,0,NoWC,0,NoSA,transcom,2,sufficient,186,0.048,0.075,3,less250
50133,2007,9,1497.56,7.311592395964916,1,WC,0,NoSA,health,4,good,25,0.08,0.88,1,less50
50133,2008,10,2159.923076923077,7.677827887508457,1,WC,0,NoSA,health,4,good,26,0.115,0.885,1,less50
50133,2010,12,2773.222222222222,7.927765180241993,1,WC,0,NoSA,health,4,good,27,0.074,0.889,1,less50
50133,2011,13,2287.925925925926,7.735400976943231,1,WC,0,NoSA,health,3,satisfactory,27,0.074,0.852,1,less50
50133,2012,14,2355,7.764296006450518,1,WC,0,NoSA,health,4,good,31,0.355,0.871,1,less50
50133,2013,15,1758.4848484848485,7.472207835718174,1,WC,0,NoSA,health,5,very good,33,0.242,0.848,1,less50
50133,2014,16,1843.5757575757575,7.51946231125662,1,WC,0,NoSA,health,5,very good,33,0.273,0.848,1,less50
50133,2015,17,1091.952380952381,6.995722548167565,1,WC,0,NoSA,health,5,very good,42,0.286,0.667,1,less50
50133,2016,18,1448.5238095238096,7.278300254439732,1,WC,0,NoSA,health,4,good,42,0.238,0.905,1,less50
50133,2017,19,1433.8297872340424,7.268104316230204,1,WC,0,NoSA,health,4,good,47,0.234,0.851,1,less50
50133,2018,20,1627.7608695652175,7.394960649757227,1,WC,0,NoSA,health,4,good,46,0.239,0.891,1,less50
50133,2019,21,1709.1521739130435,7.4437527218156845,1,WC,0,NoSA,health,3,satisfactory,46,0.239,0.826,1,less50
50133,2020,22,1485.3478260869565,7.303404250131281,1,WC,0,NoSA,buservices,3,satisfactory,46,0.239,0.826,1,less50
50133,2021,23,1922.1463414634147,7.561197726831208,1,WC,0,NoSA,buservices,4,good,41,0.22,0.829,1,less50
50147,2013,15,2257.529411764706,7.722026313673472,1,WC,0,NoSA,manufacturing,3,satisfactory,34,0.088,0.176,1,less50
50147,2014,16,2085.722222222222,7.642870463808912,1,WC,0,NoSA,manufacturing,2,sufficient,36,0.083,0.167,1,less50
50147,2015,17,2328.757575757576,7.753090175053857,1,WC,0,NoSA,manufacturing,3,satisfactory,33,0.091,0.152,1,less50
50147,2017,19,2561.235294117647,7.848244957854887,1,WC,0,NoSA,manufacturing,2,sufficient,34,0.088,0.147,1,less50
50147,2018,20,2575.7272727272725,7.853887209230886,1,WC,0,NoSA,manufacturing,2,sufficient,33,0.182,0.152,1,less50
50147,2019,21,2025.6875,7.6136644280942996,1,WC,0,NoSA,manufacturing,4,good,32,0.188,0.156,1,less50
50147,2020,22,1593.03125,7.373393926792338,1,WC,0,NoSA,manufacturing,4,good,32,0.125,0.188,1,less50
50147,2021,23,2151.9666666666667,7.674137431694549,1,WC,0,NoSA,manufacturing,4,good,30,0.067,0.2,1,less50
50216,2001,3,943.8861268939394,6.850005530579005,1,WC,0,NoSA,resthotels,4,good,198,0.096,0.076,3,less250
50216,2002,4,1334.4368421052632,7.196264640714702,0,NoWC,0,NoSA,manufacturing,3,satisfactory,190,0.116,0.079,3,less250
50216,2004,6,1133.7268292682927,7.033265563970926,1,WC,0,NoSA,resthotels,2,sufficient,205,0.156,0.083,3,less250
50216,2005,7,1139.0777202072538,7.037974196595327,1,WC,0,NoSA,resthotels,3,satisfactory,193,0.021,0.078,3,less250
50216,2006,8,1427.9175824175825,7.263972425840082,1,WC,0,NoSA,resthotels,1,unsatisfactory,182,0.126,0.088,3,less250
50235,2004,6,2251.962962962963,7.719557542837911,1,WC,0,NoSA,manufacturing,4,good,108,0.102,0.241,3,less250
50235,2005,7,2585.0849056603774,7.857513631919715,1,WC,0,NoSA,manufacturing,4,good,106,0.292,0.198,3,less250
50235,2006,8,2379.946808510638,7.774833417050491,1,WC,0,NoSA,manufacturing,4,good,94,0.606,0.202,2,less100
50235,2007,9,2288.7894736842104,7.735778342670891,1,WC,0,NoSA,manufacturing,4,good,95,0.547,0.242,2,less100
50235,2008,10,2365.9545454545455,7.768936832796115,1,WC,0,NoSA,manufacturing,3,satisfactory,88,0.659,0.261,2,less100
50235,2009,11,2783.7954545454545,7.931570546968293,1,WC,0,NoSA,manufacturing,4,good,88,0.693,0.25,2,less100
50235,2010,12,2360.551724137931,7.766650652111417,1,WC,0,NoSA,manufacturing,4,good,87,0.816,0.276,2,less100
50235,2011,13,2562.885057471264,7.848888878488059,1,WC,0,NoSA,manufacturing,5,very good,87,0.816,0.241,2,less100
50235,2012,14,2624.1428571428573,7.8725095910907505,1,WC,0,NoSA,manufacturing,4,good,84,0.667,0.226,2,less100
50235,2013,15,2329.483146067416,7.753401696230642,1,WC,0,NoSA,manufacturing,4,good,89,0.416,0.213,2,less100
50235,2014,16,1616.289156626506,7.387888156630347,1,WC,0,NoSA,manufacturing,4,good,83,0.506,0.229,2,less100
50235,2015,17,3163.9756097560976,8.059584620184033,1,WC,0,NoSA,manufacturing,5,very good,82,0.695,0.232,2,less100
50235,2016,18,2814.9397590361446,7.942696140357648,1,WC,0,NoSA,manufacturing,4,good,83,0.542,0.289,2,less100
50235,2017,19,2872.8314606741574,7.96305339407516,1,WC,0,NoSA,manufacturing,4,good,89,0.483,0.247,2,less100
50235,2018,20,3026.964285714286,8.015315510377382,1,WC,0,NoSA,manufacturing,5,very good,84,0.512,0.274,2,less100
50235,2019,21,3816.3536585365855,8.247050706087425,1,WC,0,NoSA,manufacturing,4,good,82,0.415,0.28,2,less100
50235,2020,22,3840.2073170731705,8.253281632945567,1,WC,0,NoSA,manufacturing,4,good,82,0.366,0.268,2,less100
50235,2021,23,3349.7241379310344,8.116633274542163,1,WC,0,NoSA,manufacturing,4,good,87,0.31,0.276,2,less100
50241,2004,6,2705.3030303030305,7.902969210996169,0,NoWC,0,NoSA,buservices,3,satisfactory,33,0.273,0.061,1,less50
50241,2005,7,1765.3636363636363,7.476111974415249,0,NoWC,0,NoSA,buservices,3,satisfactory,33,0.152,0.061,1,less50
50241,2006,8,721.8170731707318,6.581771745532066,0,NoWC,0,NoSA,buservices,3,satisfactory,82,0.049,0.049,2,less100
50241,2007,9,811.9752066115702,6.699469805965921,0,NoWC,0,NoSA,buservices,3,satisfactory,121,0.066,0.05,3,less250
50242,1998,0,522.1904957706766,6.25803245573685,0,NoWC,0,NoSA,wholesretail,2,sufficient,133,0.286,0.098,3,less250
50242,1999,1,700.8427191840278,6.5522834955041,0,NoWC,0,NoSA,wholesretail,3,satisfactory,144,0.139,0.181,3,less250
50242,2000,2,773.4758421985815,6.650894437720074,0,NoWC,0,NoSA,wholesretail,3,satisfactory,141,0.142,0.163,3,less250
50242,2003,5,896.2905405405405,6.798264624408862,0,NoWC,0,NoSA,wholesretail,4,good,148,0.203,0.155,3,less250
50246,1998,0,2262.3534292035397,7.724160890803125,0,NoWC,0,NoSA,health,1,unsatisfactory,452,0.35,0.338,4,more250
50246,1999,1,1781.1397284836066,7.485008735284434,0,NoWC,0,NoSA,health,3,satisfactory,488,0.328,0.256,4,more250
50246,2000,2,1205.8212909441233,7.094916183010154,0,NoWC,0,NoSA,health,4,good,519,0.355,0.256,4,more250
50246,2001,3,1190.2951650943396,7.081956593243666,0,NoWC,0,NoSA,health,5,very good,530,0.368,0.262,4,more250
50246,2002,4,1066.6666666666667,6.972293800119708,0,NoWC,0,NoSA,health,5,very good,525,0.552,0.158,4,more250
50246,2004,6,976.5625,6.884038752364821,0,NoWC,0,NoSA,health,4,good,512,0.551,0.285,4,more250
50246,2005,7,1013.3339882121808,6.921001151993969,0,NoWC,0,NoSA,health,4,good,509,0.613,0.285,4,more250
50246,2006,8,982.0359281437126,6.88962789438958,0,NoWC,0,NoSA,health,5,very good,501,0.713,0.287,4,more250
50250,2010,12,2809.4666666666667,7.9407499459745425,0,NoWC,0,NoSA,resthotels,3,satisfactory,30,0.133,0.2,1,less50
50250,2011,13,2370.1052631578946,7.770689647977422,0,NoWC,0,NoSA,resthotels,4,good,38,0.158,0.158,1,less50
50250,2012,14,1890.2641509433963,7.544471860691747,0,NoWC,0,NoSA,resthotels,4,good,53,0.113,0.302,2,less100
50250,2013,15,1919.2241379310344,7.5596762885259245,0,NoWC,0,NoSA,resthotels,4,good,58,0.121,0.328,2,less100
50250,2014,16,2488.4262295081967,7.819405753297495,0,NoWC,0,NoSA,resthotels,4,good,61,0.115,0.426,2,less100
50250,2015,17,2457.614285714286,7.806946355808482,0,NoWC,0,NoSA,resthotels,4,good,70,0.057,0.414,2,less100
50250,2016,18,1661.4179104477612,7.415426679681378,0,NoWC,0,NoSA,resthotels,4,good,67,0.09,0.478,2,less100
50250,2017,19,2381.10447761194,7.775319725243596,0,NoWC,0,NoSA,resthotels,4,good,67,0.075,0.522,2,less100
50250,2018,20,2357.28,7.765263690959045,0,NoWC,0,NoSA,resthotels,4,good,75,0.08,0.44,2,less100
50250,2019,21,2280.4647887323945,7.73213455588013,0,NoWC,0,NoSA,resthotels,4,good,71,0.056,0.535,2,less100
50270,2009,11,1227.525641025641,7.112755748269767,1,WC,0,NoSA,health,3,satisfactory,78,0.179,0.59,2,less100
50270,2010,12,1627.4415584415585,7.394764464646319,1,WC,0,NoSA,health,2,sufficient,77,0.182,0.584,2,less100
50270,2011,13,1578.6103896103896,7.364300238787162,1,WC,0,NoSA,health,3,satisfactory,77,0.182,0.584,2,less100
50270,2012,14,2577.7,7.854652807449193,1,WC,0,NoSA,health,3,satisfactory,70,0.186,0.6,2,less100
50270,2013,15,2102.2933333333335,7.65078409133602,1,WC,0,NoSA,health,3,satisfactory,75,0.173,0.627,2,less100
50306,2003,5,216.78048780487805,5.378885264615158,1,WC,0,NoSA,wholesretail,4,good,82,0.012,0.439,2,less100
50306,2004,6,216.78048780487805,5.378885264615158,1,WC,0,NoSA,wholesretail,4,good,82,0.012,0.5,2,less100
50306,2006,8,435.01724137931035,6.075385665657961,1,WC,0,NoSA,wholesretail,5,very good,58,0.017,0.466,2,less100
50345,2004,6,1170.8918918918919,7.06552103815045,0,NoWC,0,NoSA,health,2,sufficient,111,0.018,0.613,3,less250
50345,2008,10,1416.1271186440679,7.255681043278026,0,NoWC,0,NoSA,health,4,good,118,0.017,0.636,3,less250
50345,2009,11,726.5391304347826,6.588292343135605,0,NoWC,0,NoSA,health,4,good,115,0.017,0.652,3,less250
50345,2010,12,1240.4811320754718,7.123254593081054,0,NoWC,0,NoSA,health,5,very good,106,0.019,0.632,3,less250
50353,2003,5,2510.125,7.828087831682624,1,WC,0,NoSA,edu,1,unsatisfactory,24,0.083,0.208,1,less50
50353,2005,7,2470.0434782608695,7.811991032001865,1,WC,0,NoSA,edu,1,unsatisfactory,23,0.13,0.087,1,less50
50353,2006,8,2717.304347826087,7.907395619283332,1,WC,0,NoSA,edu,1,unsatisfactory,23,0.13,0.174,1,less50
50353,2007,9,2666.217391304348,7.888416039538937,1,WC,0,NoSA,edu,5,very good,23,0.087,0.261,1,less50
50353,2010,12,2494.913043478261,7.822009155264941,1,WC,0,NoSA,edu,4,good,23,0.087,0.217,1,less50
50353,2011,13,3135.9166666666665,8.050676807987974,1,WC,0,NoSA,edu,3,satisfactory,24,0.042,0.25,1,less50
50353,2012,14,3082.5416666666665,8.033509752113945,1,WC,0,NoSA,edu,4,good,24,0.042,0.208,1,less50
50359,2001,3,1197.0710388994307,7.087633051248471,0,NoWC,0,NoSA,manufacturing,4,good,527,0.133,0.581,4,more250
50359,2002,4,1104.5364891518739,7.007181059120149,0,NoWC,0,NoSA,manufacturing,3,satisfactory,507,0.15,0.572,4,more250
50359,2003,5,921.2378048780488,6.825718205834435,0,NoWC,0,NoSA,manufacturing,1,unsatisfactory,492,0.124,0.561,4,more250
50359,2004,6,762.1951219512196,6.63620258846024,0,NoWC,0,NoSA,manufacturing,2,sufficient,656,0.081,0.562,4,more250
50359,2005,7,795.9675925925926,6.679558472192217,0,NoWC,0,NoSA,manufacturing,2,sufficient,648,0.074,0.539,4,more250
50364,2000,2,913.398806014151,6.817172593561683,0,NoWC,0,NoSA,health,3,satisfactory,53,0.245,0.057,2,less100
50364,2001,3,1613.6672794117646,7.3862646809937385,0,NoWC,0,NoSA,health,2,sufficient,51,0.059,0.059,2,less100
50364,2002,4,3641.6153846153848,8.200182649168717,0,NoWC,0,NoSA,health,4,good,39,0.026,0.051,1,less50
50373,2014,16,2569.1056910569105,7.851313137196632,0,NoWC,0,NoSA,health,2,sufficient,123,0.276,0.61,3,less250
50373,2015,17,3616.842105263158,8.193356577491697,0,NoWC,0,NoSA,health,3,satisfactory,133,0.286,0.586,3,less250
50373,2016,18,3465.77304964539,8.150690989091137,0,NoWC,0,NoSA,health,3,satisfactory,141,0.277,0.574,3,less250
50373,2017,19,3767.430463576159,8.234148473416228,0,NoWC,0,NoSA,health,3,satisfactory,151,0.258,0.51,3,less250
50373,2018,20,3567.1878787878786,8.179532855344911,0,NoWC,0,NoSA,health,3,satisfactory,165,0.297,0.509,3,less250
50373,2020,22,3305.5,8.103343026773633,0,NoWC,0,NoSA,buservices,3,satisfactory,174,0.207,0.69,3,less250
50373,2021,23,2842.266666666667,7.95235713489093,0,NoWC,0,NoSA,buservices,3,satisfactory,195,0.282,0.6,3,less250
50384,2016,18,776.7096774193549,6.655066635009826,0,NoWC,0,NoSA,edu,3,satisfactory,403,0.122,0.628,4,more250
50384,2017,19,776.7076923076924,6.655064079210333,0,NoWC,0,NoSA,edu,3,satisfactory,390,0.103,0.646,4,more250
50384,2018,20,869.126582278481,6.767488778959427,0,NoWC,0,NoSA,edu,4,good,395,0.251,0.78,4,more250
50399,2003,5,1590.0454545454545,7.3715178825700916,1,WC,0,NoSA,wholesretail,4,good,22,0.773,0.409,1,less50
50399,2004,6,1738.2173913043478,7.46061537930617,1,WC,0,NoSA,wholesretail,4,good,23,0.348,0.217,1,less50
50399,2006,8,2085.8260869565215,7.642920260539825,1,WC,0,NoSA,wholesretail,4,good,23,0.957,0.174,1,less50
50399,2007,9,1729.8461538461538,7.455787755124831,1,WC,0,NoSA,wholesretail,4,good,26,0.385,0.192,1,less50
50399,2008,10,1918.96,7.559538651600775,1,WC,0,NoSA,wholesretail,4,good,25,0.36,0.24,1,less50
50424,2018,20,1093.7931034482758,6.997406845762311,1,WC,0,NoSA,manufacturing,1,unsatisfactory,29,0.034,0.724,1,less50
50424,2020,22,2079.5151515151515,7.639890045290182,1,WC,0,NoSA,manufacturing,4,good,33,0.061,0.576,1,less50
50424,2021,23,1694.2333333333333,7.434985606773405,1,WC,0,NoSA,manufacturing,2,sufficient,30,0.067,0.767,1,less50
50445,2001,3,1057.7544642857142,6.9639035101402795,1,WC,0,NoSA,health,3,satisfactory,462,0.238,0.946,4,more250
50445,2002,4,2244.852380952381,7.716395043427514,1,WC,0,NoSA,health,3,satisfactory,210,0.524,0.843,3,less250
50445,2003,5,2490.379120879121,7.820190235249948,1,WC,0,NoSA,health,4,good,182,0.604,0.841,3,less250
50445,2004,6,2439.0243902439024,7.799353398265921,1,WC,0,NoSA,health,4,good,205,0.356,0.854,3,less250
50456,2014,16,5146.387096774193,8.54605021286028,1,WC,0,NoSA,buservices,5,very good,31,0.032,0.161,1,less50
50456,2016,18,5317.931034482759,8.578839603400478,1,WC,0,NoSA,buservices,5,very good,29,0.276,0.172,1,less50
50456,2017,19,5427.9655172413795,8.599319668178756,1,WC,0,NoSA,buservices,4,good,29,0.276,0.172,1,less50
50456,2018,20,5831.379310344828,8.671008839757256,1,WC,0,NoSA,buservices,4,good,29,0.172,0.172,1,less50
50456,2019,21,4621.103448275862,8.438388797175818,1,WC,0,NoSA,buservices,4,good,29,0.207,0.172,1,less50
50456,2020,22,4364.379310344828,8.381231261219993,1,WC,0,NoSA,buservices,4,good,29,0.276,0.172,1,less50
50456,2021,23,4767.793103448276,8.46963881507053,1,WC,0,NoSA,finance,4,good,29,0.103,0.241,1,less50
50467,2001,3,678.6429822198276,6.52009518989603,0,NoWC,0,NoSA,public,4,good,58,0.069,0.69,2,less100
50467,2002,4,535.12,6.282491020810153,0,NoWC,0,NoSA,public,3,satisfactory,50,0.02,0.7,1,less50
50467,2003,5,961.4090909090909,6.868400011322259,0,NoWC,0,NoSA,public,4,good,44,0.432,0.659,1,less50
50496,2014,16,592.8705440900563,6.384976068403205,0,NoWC,0,NoSA,buservices,3,satisfactory,533,0.011,0.152,4,more250
50496,2015,17,3172.950980392157,8.062417342485654,0,NoWC,0,NoSA,buservices,3,satisfactory,510,0.014,0.171,4,more250
50496,2016,18,2963.283582089552,7.994053250752747,0,NoWC,0,NoSA,buservices,3,satisfactory,603,0.01,0.161,4,more250
50507,2002,4,1071.625,6.97693146699892,1,WC,0,NoSA,manufacturing,4,good,24,0.125,0.25,1,less50
50507,2003,5,2117.25,7.6578733558017085,1,WC,0,NoSA,manufacturing,4,good,20,0.05,0.05,1,less50
50507,2004,6,1461.448275862069,7.287183192794037,1,WC,0,NoSA,manufacturing,4,good,29,0.034,0.379,1,less50
50507,2005,7,1325.2068965517242,7.189323874571364,1,WC,0,NoSA,manufacturing,3,satisfactory,29,0.103,0.448,1,less50
50507,2008,10,1606.2857142857142,7.381679782971109,1,WC,0,NoSA,manufacturing,2,sufficient,35,0.086,0.286,1,less50
50507,2009,11,1765,7.475905969367397,1,WC,0,NoSA,manufacturing,3,satisfactory,34,0.059,0.382,1,less50
50507,2010,12,1749.7435897435898,7.467224536035914,1,WC,0,NoSA,manufacturing,3,satisfactory,39,0.077,0.359,1,less50
50507,2011,13,1767.3809523809523,7.477254041828224,1,WC,0,NoSA,manufacturing,4,good,42,0.071,0.357,1,less50
50507,2013,15,1929.7179487179487,7.56512913065871,1,WC,0,NoSA,manufacturing,3,satisfactory,39,0.154,0.385,1,less50
50507,2014,16,1967.3589743589744,7.58444730014139,1,WC,0,NoSA,manufacturing,4,good,39,0.179,0.359,1,less50
50507,2015,17,1733.0238095238096,7.4576230285270615,1,WC,0,NoSA,manufacturing,3,satisfactory,42,0.143,0.381,1,less50
50507,2016,18,2001.8809523809523,7.601842493761913,1,WC,0,NoSA,manufacturing,3,satisfactory,42,0.167,0.333,1,less50
50507,2017,19,1676.1025641025642,7.424226474934897,1,WC,0,NoSA,manufacturing,4,good,39,0.282,0.359,1,less50
50507,2018,20,1788.8157894736842,7.489309109774286,1,WC,0,NoSA,manufacturing,4,good,38,0.237,0.421,1,less50
50507,2019,21,2340.6315789473683,7.758176077466865,1,WC,0,NoSA,manufacturing,3,satisfactory,38,0.211,0.421,1,less50
50507,2020,22,2115.0263157894738,7.656822533856624,1,WC,0,NoSA,manufacturing,3,satisfactory,38,0.263,0.395,1,less50
50507,2021,23,2266.3684210526317,7.725934014891451,1,WC,0,NoSA,manufacturing,4,good,38,0.289,0.421,1,less50
50525,2000,2,2357.025505514706,7.765155724054802,0,NoWC,0,NoSA,manufacturing,4,good,68,0.015,0.5,2,less100
50525,2001,3,1507.3194839015152,7.318088176092333,0,NoWC,0,NoSA,manufacturing,2,sufficient,66,0.076,0.439,2,less100
50525,2002,4,2511.1384615384613,7.8284914996279475,0,NoWC,0,NoSA,manufacturing,3,satisfactory,65,0.092,0.508,2,less100
50525,2004,6,4157.507692307692,8.33267106128971,0,NoWC,0,NoSA,manufacturing,3,satisfactory,65,0.077,0.492,2,less100
50525,2005,7,3088.442857142857,8.035422313149303,0,NoWC,0,NoSA,manufacturing,3,satisfactory,70,0.086,0.557,2,less100
50525,2006,8,1951.7222222222222,7.5764674526574005,0,NoWC,0,NoSA,manufacturing,4,good,72,0.167,0.583,2,less100
50525,2007,9,2101.847222222222,7.650571866693722,0,NoWC,0,NoSA,manufacturing,4,good,72,0.306,0.583,2,less100
50526,2011,13,819.55,6.708755409135369,0,NoWC,0,NoSA,edu,4,good,40,0.1,0.325,1,less50
50526,2012,14,629.0350877192982,6.444187038482125,0,NoWC,0,NoSA,edu,4,good,57,0.053,0.386,2,less100
50526,2013,15,682.9583333333334,6.526433852341414,0,NoWC,0,NoSA,edu,3,satisfactory,48,0.042,0.396,1,less50
50526,2014,16,1024.44,6.931901400810215,0,NoWC,1,SA,edu,3,satisfactory,50,0.06,0.34,1,less50
50526,2015,17,705.344262295082,6.558685998937318,0,NoWC,1,SA,edu,3,satisfactory,61,0.033,0.23,2,less100
50526,2016,18,902.1194029850747,6.804746887116657,0,NoWC,1,SA,edu,3,satisfactory,67,0.03,0.299,2,less100
50526,2017,19,1608.1384615384616,7.382832553953766,0,NoWC,0,NoSA,edu,3,satisfactory,65,0.046,0.246,2,less100
50526,2018,20,1495.3387096774193,7.310108021820707,0,NoWC,0,NoSA,edu,4,good,62,0.048,0.323,2,less100
50540,2000,2,1339.5208834134614,7.200067279317379,0,NoWC,0,NoSA,public,3,satisfactory,104,0.202,0.721,3,less250
50540,2001,3,1243.840921336207,7.125959388382814,0,NoWC,0,NoSA,public,4,good,116,0.198,0.75,3,less250
50540,2004,6,1582.5037593984962,7.366763529622774,0,NoWC,0,NoSA,public,4,good,133,0.135,0.767,3,less250
50540,2005,7,1014.2112676056338,6.921866513145028,0,NoWC,0,NoSA,public,4,good,142,0.218,0.718,3,less250
50540,2006,8,959.4895104895105,6.866401383120681,0,NoWC,0,NoSA,public,4,good,143,0.245,0.741,3,less250
50540,2007,9,1016.484076433121,6.9241049678528555,0,NoWC,0,NoSA,public,4,good,157,0.197,0.739,3,less250
50540,2008,10,1353.8757763975154,7.210726703618955,0,NoWC,0,NoSA,public,4,good,161,0.199,0.739,3,less250
50540,2011,13,1222.0279069767441,7.1082669766039555,0,NoWC,0,NoSA,public,4,good,215,0.098,0.674,3,less250
50540,2012,14,1176.7674418604652,7.070526502232562,0,NoWC,0,NoSA,public,3,satisfactory,215,0.084,0.693,3,less250
50540,2013,15,1137.3024390243902,7.036414455762434,0,NoWC,0,NoSA,public,3,satisfactory,205,0.102,0.712,3,less250
50540,2014,16,1116.236111111111,7.017717689659649,0,NoWC,0,NoSA,public,3,satisfactory,216,0.097,0.708,3,less250
50540,2015,17,859.9441860465116,6.756867487195544,0,NoWC,0,NoSA,public,2,sufficient,215,0.223,0.707,3,less250
50540,2016,18,1265.4618834080718,7.1431924597434,0,NoWC,0,NoSA,public,4,good,223,0.179,0.704,3,less250
50540,2017,19,1096.9454545454546,7.000284736655672,0,NoWC,0,NoSA,public,3,satisfactory,220,0.327,0.65,3,less250
50540,2018,20,901.6459330143541,6.804221907539608,0,NoWC,0,NoSA,public,3,satisfactory,209,0.364,0.713,3,less250
50540,2019,21,1294.236559139785,7.165676270670937,0,NoWC,0,NoSA,public,3,satisfactory,186,0.398,0.704,3,less250
50540,2020,22,1208.8162162162162,7.097396826004398,0,NoWC,0,NoSA,public,4,good,185,0.378,0.795,3,less250
50540,2021,23,1307.9247311827958,7.176196985394087,0,NoWC,0,NoSA,public,4,good,186,0.392,0.753,3,less250
50543,1998,0,1381.4789402173913,7.230909900104963,0,NoWC,0,NoSA,manufacturing,2,sufficient,322,0.006,0.578,4,more250
50543,1999,1,1252.2096803160919,7.132665013928263,0,NoWC,0,NoSA,manufacturing,5,very good,348,0.009,0.359,4,more250
50543,2000,2,1225.2334265175718,7.1108866570852935,0,NoWC,0,NoSA,manufacturing,1,unsatisfactory,313,0.006,0.716,4,more250
50560,1998,0,112.1131861863938,4.719508951941782,0,NoWC,0,NoSA,manufacturing,4,good,113,0.009,0.434,3,less250
50560,1999,1,41.59779107392724,3.7280470666729646,0,NoWC,0,NoSA,manufacturing,1,unsatisfactory,67,0.015,0.388,2,less100
50560,2000,2,43.122574177194146,3.764046622805765,0,NoWC,0,NoSA,manufacturing,2,sufficient,47,0.021,0.298,1,less50
50560,2001,3,15.516143176020408,2.74188097717245,0,NoWC,0,NoSA,manufacturing,1,unsatisfactory,49,0.02,0.327,1,less50
50568,1999,1,1262.8752403846154,7.1411463370949955,1,WC,0,NoSA,health,3,satisfactory,195,0.021,0.697,3,less250
50568,2000,2,1115.641376201923,7.017184743808771,1,WC,0,NoSA,health,4,good,208,0.019,0.697,3,less250
50568,2001,3,1116.9291715801887,7.018338387551292,1,WC,0,NoSA,health,3,satisfactory,212,0.019,0.675,3,less250
50568,2002,4,1202.326923076923,7.092014060707707,1,WC,0,NoSA,health,4,good,208,0.019,0.678,3,less250
50570,2002,4,1986.25,7.594003717850926,1,WC,0,NoSA,wholesretail,5,very good,24,0.333,0.875,1,less50
50570,2003,5,2145.875,7.671302673591093,1,WC,0,NoSA,wholesretail,3,satisfactory,24,0.708,0.875,1,less50
50570,2004,6,2059.730769230769,7.63033055869418,1,WC,0,NoSA,wholesretail,4,good,26,0.538,0.846,1,less50
50576,2012,14,2174.4222222222224,7.684518263277614,0,NoWC,0,NoSA,health,4,good,45,0.022,0.444,1,less50
50576,2013,15,1997.4222222222222,7.599612739321503,0,NoWC,0,NoSA,health,3,satisfactory,45,0.067,0.444,1,less50
50576,2014,16,2048.688888888889,7.624955301126957,0,NoWC,0,NoSA,health,2,sufficient,45,0.089,0.244,1,less50
50576,2015,17,1851.5961538461538,7.523803331949381,0,NoWC,0,NoSA,health,3,satisfactory,52,0.096,0.346,2,less100
50576,2016,18,2033.576923076923,7.61755155255261,0,NoWC,0,NoSA,health,3,satisfactory,52,0.25,0.269,2,less100
50576,2017,19,1722.375,7.451459431314067,0,NoWC,0,NoSA,health,3,satisfactory,48,0.188,0.354,1,less50
50576,2019,21,2150.185185185185,7.673309250056778,0,NoWC,0,NoSA,health,3,satisfactory,54,0.222,0.333,2,less100
50578,2018,20,1930,7.5652752818989315,1,WC,0,NoSA,transcom,4,good,24,0.583,0.333,1,less50
50578,2019,21,2297.5454545454545,7.739596638384713,1,WC,0,NoSA,transcom,5,very good,22,0.727,0.182,1,less50
50578,2020,22,2411,7.787796878181171,1,WC,0,NoSA,wholesretail,4,good,22,0.727,0.273,1,less50
50578,2021,23,3076.7916666666665,8.031642666389176,1,WC,0,NoSA,wholesretail,4,good,24,0.708,0.25,1,less50
50580,2011,13,1675.3387096774193,7.423770638549311,0,NoWC,0,NoSA,construction,3,satisfactory,124,0.024,0.016,3,less250
50580,2012,14,1713.4963503649635,7.446291211382406,0,NoWC,0,NoSA,construction,3,satisfactory,137,0.015,0.015,3,less250
50580,2013,15,1583.8510638297873,7.367614542593727,0,NoWC,0,NoSA,construction,3,satisfactory,141,0.007,0.021,3,less250
50580,2014,16,1432.703448275862,7.267318461733773,0,NoWC,0,NoSA,construction,3,satisfactory,145,0.028,0.021,3,less250
50580,2015,17,1331.679487179487,7.194196196904811,0,NoWC,0,NoSA,construction,3,satisfactory,156,0.032,0.019,3,less250
50580,2017,19,2272.18125,7.728495552187312,0,NoWC,0,NoSA,construction,4,good,160,0.025,0.025,3,less250
50580,2018,20,1257.0382165605095,7.1365136111197405,0,NoWC,0,NoSA,construction,3,satisfactory,157,0.025,0.025,3,less250
50580,2019,21,1251.4578313253012,7.132064415797805,0,NoWC,0,NoSA,construction,2,sufficient,166,0.024,0.024,3,less250
50580,2020,22,1154.1234567901236,7.051096422966477,0,NoWC,0,NoSA,manufacturing,2,sufficient,162,0.006,0.019,3,less250
50583,2002,4,1520.3555555555556,7.326699504614397,1,WC,0,NoSA,wholesretail,1,unsatisfactory,45,0.178,0.089,1,less50
50583,2003,5,1600.938775510204,7.378345470860249,1,WC,0,NoSA,wholesretail,5,very good,49,0.143,0.184,1,less50
50583,2004,6,1484.42,7.302779402552965,1,WC,0,NoSA,wholesretail,1,unsatisfactory,50,0.08,0.14,1,less50
50583,2005,7,1368.32,7.221338988956571,1,WC,0,NoSA,wholesretail,2,sufficient,50,0.1,0.14,1,less50
50583,2006,8,2032.94,7.617238300157905,1,WC,0,NoSA,wholesretail,2,sufficient,50,0.14,0.08,1,less50
50619,2015,17,2157.1609195402298,7.676548247009442,0,NoWC,0,NoSA,manufacturing,3,satisfactory,174,0.017,0.448,3,less250
50619,2016,18,2019.2011494252874,7.610457241594596,0,NoWC,0,NoSA,manufacturing,1,unsatisfactory,174,0.011,0.489,3,less250
50619,2017,19,1795.8762376237623,7.4932483364787,0,NoWC,0,NoSA,manufacturing,2,sufficient,202,0.015,0.5,3,less250
50619,2018,20,1751.2417061611375,7.468080361686333,0,NoWC,0,NoSA,manufacturing,2,sufficient,211,0.024,0.588,3,less250
50619,2021,23,1230.7790262172284,7.115402602530208,0,NoWC,0,NoSA,manufacturing,1,unsatisfactory,267,0.075,0.513,4,more250
50666,2009,11,876.9117647058823,6.776406376941045,0,NoWC,0,NoSA,health,2,sufficient,34,0.118,0.824,1,less50
50666,2011,13,937.3333333333334,6.843038964262446,0,NoWC,0,NoSA,health,5,very good,39,0.077,0.872,1,less50
50666,2013,15,1202.6944444444443,7.092319689069554,0,NoWC,0,NoSA,health,5,very good,36,0.056,0.917,1,less50
50667,2001,3,1417.654915730337,7.256759317623593,1,WC,0,NoSA,public,3,satisfactory,445,0.031,0.685,4,more250
50667,2002,4,1238.9380530973451,7.122009882879101,1,WC,0,NoSA,public,3,satisfactory,452,0.031,0.679,4,more250
50667,2003,5,1002.7632743362832,6.910514742494512,1,WC,0,NoSA,public,4,good,452,0.031,0.684,4,more250
50670,2010,12,3141.525,8.052463629793193,1,WC,0,NoSA,public,4,good,40,0.075,0.075,1,less50
50670,2011,13,3424.9791666666665,8.138850667952765,1,WC,0,NoSA,public,4,good,48,0.375,0.146,1,less50
50670,2012,14,3461.468085106383,8.149448080114976,1,WC,0,NoSA,public,3,satisfactory,47,0.383,0.106,1,less50
50670,2013,15,3319.0576923076924,8.107436194005688,1,WC,0,NoSA,public,4,good,52,0.058,0.115,2,less100
50670,2014,16,2713.7884615384614,7.906100893929824,1,WC,0,NoSA,public,4,good,52,0.346,0.135,2,less100
50670,2015,17,2504.59649122807,7.825882919197892,1,WC,0,NoSA,public,4,good,57,0.07,0.175,2,less100
50670,2016,18,2691.6491228070176,7.897909341558912,1,WC,0,NoSA,public,4,good,57,0.07,0.158,2,less100
50701,2001,3,5377.183779761905,8.589920055091486,1,WC,0,NoSA,wholesretail,1,unsatisfactory,21,0.429,0.143,1,less50
50701,2002,4,5583.428571428572,8.62755830600892,1,WC,0,NoSA,wholesretail,1,unsatisfactory,21,0.19,0.143,1,less50
50701,2003,5,4507.727272727273,8.413548374821856,1,WC,0,NoSA,wholesretail,3,satisfactory,22,0.273,0.273,1,less50
50702,2017,19,1216.8934426229507,7.104056531736692,0,NoWC,0,NoSA,wholesretail,3,satisfactory,488,0.48,0.594,4,more250
50702,2018,20,2205.5162601626016,7.698716892069439,0,NoWC,0,NoSA,wholesretail,4,good,492,0.5,0.522,4,more250
50702,2019,21,2825.7592954990214,7.946532384634224,0,NoWC,0,NoSA,wholesretail,4,good,511,0.515,0.642,4,more250
50702,2020,22,1633.518450184502,7.3984915258561275,0,NoWC,0,NoSA,wholesretail,4,good,542,0.518,0.565,4,more250
50702,2021,23,2420.404676258993,7.791690026765385,0,NoWC,0,NoSA,wholesretail,5,very good,556,0.46,0.549,4,more250
50704,2000,2,226.53238453584558,5.4228879127859,1,WC,0,NoSA,buservices,4,good,34,0.147,0.794,1,less50
50704,2001,3,81.96843610491071,4.406334247611528,1,WC,0,NoSA,buservices,4,good,98,0.01,0.786,2,less100
50704,2002,4,158.0921052631579,5.063177807884238,1,WC,0,NoSA,buservices,4,good,76,0.013,0.763,2,less100
50715,2000,2,954.2482223053893,6.860923828700249,1,WC,1,SA,manufacturing,3,satisfactory,334,0.063,0.85,4,more250
50715,2001,3,918.4638847305389,6.822702584046032,1,WC,1,SA,manufacturing,3,satisfactory,334,0.09,0.823,4,more250
50715,2002,4,873.1420118343195,6.772098213668886,1,WC,1,SA,manufacturing,4,good,338,0.104,0.757,4,more250
50715,2004,6,718.9047619047619,6.577728889844313,1,WC,0,NoSA,manufacturing,1,unsatisfactory,336,0.14,0.839,4,more250
50715,2005,7,704.0963855421687,6.556915258068038,1,WC,0,NoSA,manufacturing,4,good,332,0.166,0.852,4,more250
50715,2006,8,724.702380952381,6.585761061541577,1,WC,0,NoSA,manufacturing,3,satisfactory,336,0.164,0.821,4,more250
50715,2008,10,797.4269005847954,6.6813901697491795,1,WC,0,NoSA,manufacturing,3,satisfactory,342,0.193,0.83,4,more250
50715,2009,11,913.125,6.816872782504964,1,WC,0,NoSA,manufacturing,1,unsatisfactory,336,0.202,0.83,4,more250
50715,2010,12,782.3373493975904,6.662286040613611,1,WC,0,NoSA,manufacturing,1,unsatisfactory,332,0.202,0.834,4,more250
50715,2011,13,876.3636363636364,6.775781114806221,1,WC,0,NoSA,manufacturing,3,satisfactory,330,0.221,0.806,4,more250
50715,2012,14,913.125,6.816872782504964,1,WC,0,NoSA,manufacturing,3,satisfactory,352,0.199,0.81,4,more250
50727,2007,9,894.841059602649,6.796646115468264,0,NoWC,0,NoSA,public,1,unsatisfactory,453,0.011,0.117,4,more250
50727,2008,10,827.0331858407079,6.717844822200094,0,NoWC,0,NoSA,public,1,unsatisfactory,452,0.013,0.119,4,more250
50727,2009,11,794.9308755760369,6.678255161913092,0,NoWC,0,NoSA,public,1,unsatisfactory,434,0.014,0.088,4,more250
50764,2006,8,155.37037037037038,5.045811752896977,1,WC,0,NoSA,construction,2,sufficient,27,0.074,0.259,1,less50
50764,2007,9,676.6451612903226,6.517147001518334,1,WC,0,NoSA,construction,3,satisfactory,31,0.065,0.226,1,less50
50764,2010,12,726.0769230769231,6.587655963863408,1,WC,0,NoSA,construction,1,unsatisfactory,26,0.077,0.231,1,less50
50771,2001,3,887.8418598790323,6.788793641411215,1,WC,0,NoSA,manufacturing,3,satisfactory,62,0.081,0.79,2,less100
50771,2002,4,713.9310344827586,6.570786367314153,1,WC,0,NoSA,construction,3,satisfactory,58,0.121,0.845,2,less100
50771,2003,5,2342.4893617021276,7.758969472673077,1,WC,0,NoSA,construction,4,good,47,0.106,0.681,1,less50
50771,2005,7,1427.8620689655172,7.263933547874099,1,WC,0,NoSA,manufacturing,3,satisfactory,58,0.017,0.759,2,less100
50787,2009,11,541.2709832134293,6.293920046627001,0,NoWC,1,SA,wholesretail,3,satisfactory,417,0.048,0.07,4,more250
50787,2011,13,589.0020366598778,6.378429641472226,0,NoWC,1,SA,wholesretail,4,good,491,0.041,0.077,4,more250
50787,2012,14,574.9565217391304,6.3542944235717105,0,NoWC,1,SA,wholesretail,3,satisfactory,575,0.009,0.075,4,more250
50787,2013,15,520.7361344537815,6.255243453677683,0,NoWC,1,SA,wholesretail,3,satisfactory,595,0.034,0.082,4,more250
50787,2014,16,592.8705440900563,6.384976068403205,0,NoWC,1,SA,wholesretail,2,sufficient,533,0.073,0.113,4,more250
50787,2015,17,683.9705882352941,6.527914917042036,0,NoWC,1,SA,wholesretail,2,sufficient,510,0.073,0.12,4,more250
50787,2016,18,646.5389718076285,6.471633477613369,0,NoWC,1,SA,wholesretail,3,satisfactory,603,0.093,0.101,4,more250
50787,2017,19,362.42934782608694,5.892829552750034,0,NoWC,1,SA,wholesretail,1,unsatisfactory,552,0.125,0.092,4,more250
50827,2001,3,1883.1535447761194,7.540703067964766,1,WC,1,SA,buservices,3,satisfactory,335,0.155,0.257,4,more250
50827,2002,4,1800.6430868167204,7.4958991505320975,0,NoWC,1,SA,buservices,1,unsatisfactory,311,0.248,0.209,4,more250
50827,2004,6,2222.222222222222,7.706262975199909,0,NoWC,1,SA,buservices,4,good,225,0.213,0.071,3,less250
50829,1999,1,3591.719783057851,8.186386414980895,0,NoWC,0,NoSA,health,4,good,242,0.157,0.153,3,less250
50829,2000,2,2685.928111587983,7.895781612610342,0,NoWC,1,SA,health,3,satisfactory,233,0.206,0.159,3,less250
50829,2001,3,2907.1725230414745,7.974936246249373,0,NoWC,1,SA,health,4,good,217,0.221,0.134,3,less250
50843,2016,18,5441.631578947368,8.601834217482816,1,WC,0,NoSA,wholesretail,3,satisfactory,133,0.023,0.075,3,less250
50843,2017,19,5596.571428571428,8.62990944432684,1,WC,0,NoSA,wholesretail,3,satisfactory,133,0.023,0.075,3,less250
50843,2018,20,5506.311111111111,8.613650188122081,1,WC,0,NoSA,wholesretail,4,good,135,0.022,0.074,3,less250
50843,2019,21,5594.131386861314,8.629473360590362,1,WC,0,NoSA,wholesretail,4,good,137,0.029,0.08,3,less250
50882,2002,4,3192.8076923076924,8.068655962998626,1,WC,0,NoSA,manufacturing,2,sufficient,26,0.154,0.731,1,less50
50882,2003,5,3053.464285714286,8.024032056414761,1,WC,0,NoSA,manufacturing,4,good,28,0.036,0.643,1,less50
50882,2004,6,2312.483870967742,7.746077494645605,1,WC,0,NoSA,manufacturing,2,sufficient,31,0.065,0.677,1,less50
50922,2004,6,1582.179640718563,7.3665586948004,0,NoWC,1,SA,public,3,satisfactory,167,0.054,0.707,3,less250
50922,2005,7,1435.5654761904761,7.269314110635495,0,NoWC,1,SA,public,2,sufficient,168,0.042,0.518,3,less250
50922,2006,8,1293.0357142857142,7.164747999647717,0,NoWC,1,SA,public,2,sufficient,168,0.369,0.571,3,less250
50922,2007,9,1551.482142857143,7.346965974223194,0,NoWC,1,SA,public,3,satisfactory,168,0.042,0.44,3,less250
50934,1998,0,663.9616477272727,6.498224388361415,0,NoWC,0,NoSA,public,4,good,1540,0.055,0.256,4,more250
50934,1999,1,612.5413583509513,6.417616463977538,0,NoWC,0,NoSA,public,4,good,1419,0.072,0.291,4,more250
50934,2001,3,481.8533950617284,6.17763990816171,0,NoWC,0,NoSA,public,5,very good,1134,0.077,0.384,4,more250
50934,2002,4,606.060606060606,6.406979991069647,0,NoWC,0,NoSA,public,4,good,924,0.105,0.444,4,more250
50934,2004,6,560.193475815523,6.328282216588114,0,NoWC,0,NoSA,public,4,good,889,0.109,0.409,4,more250
50952,2001,3,1034.8764960106382,6.94203737105342,0,NoWC,0,NoSA,construction,3,satisfactory,376,0.005,0.734,4,more250
50952,2002,4,815.6624040920716,6.704000548882776,0,NoWC,0,NoSA,construction,3,satisfactory,391,0.003,0.752,4,more250
50952,2003,5,760.7670157068063,6.634327155542133,0,NoWC,0,NoSA,construction,3,satisfactory,382,0.005,0.777,4,more250
50952,2004,6,810.5395095367847,6.697700087102724,0,NoWC,0,NoSA,construction,4,good,367,0.005,0.7,4,more250
50952,2006,8,1075.2325581395348,6.980292250318176,0,NoWC,0,NoSA,construction,3,satisfactory,344,0.02,0.724,4,more250
50965,2013,15,3018.867924528302,8.012637180663843,0,NoWC,0,NoSA,art,3,satisfactory,106,0.726,0.057,3,less250
50965,2014,16,2507.936507936508,7.827215585617571,0,NoWC,0,NoSA,art,3,satisfactory,126,0.563,0.087,3,less250
50965,2015,17,9151.026548672566,9.121621343088371,0,NoWC,0,NoSA,art,4,good,113,0.619,0.345,3,less250
50965,2016,18,8697.53781512605,9.07079525483223,0,NoWC,0,NoSA,art,3,satisfactory,119,0.588,0.353,3,less250
51004,2004,6,2147.6065573770493,7.672109271894959,1,WC,0,NoSA,manufacturing,3,satisfactory,61,0.262,0.885,2,less100
51004,2005,7,2183.2903225806454,7.688588340185765,1,WC,0,NoSA,manufacturing,3,satisfactory,62,0.565,0.726,2,less100
51004,2006,8,2721.392156862745,7.908898850729655,1,WC,0,NoSA,manufacturing,3,satisfactory,51,0.686,0.725,2,less100
51034,2005,7,4547.79104477612,8.422396909394571,0,NoWC,0,NoSA,wholesretail,3,satisfactory,67,0.194,0.776,2,less100
51034,2006,8,4821.19696969697,8.480777510176898,0,NoWC,0,NoSA,wholesretail,3,satisfactory,66,0.045,0.788,2,less100
51034,2007,9,5157.727272727273,8.54825131042672,0,NoWC,0,NoSA,wholesretail,4,good,66,0.061,0.773,2,less100
51034,2008,10,6335.9152542372885,8.753989558126607,0,NoWC,0,NoSA,wholesretail,3,satisfactory,59,0.068,0.763,2,less100
51034,2009,11,4859.154929577465,8.48861981897218,0,NoWC,0,NoSA,wholesretail,1,unsatisfactory,71,0.211,0.732,2,less100
51039,2015,17,3814.0348837209303,8.246442932348462,1,WC,0,NoSA,wholesretail,3,satisfactory,86,0.36,0.047,2,less100
51039,2016,18,3937.4606741573034,8.278291295568408,1,WC,0,NoSA,wholesretail,4,good,89,0.404,0.045,2,less100
51039,2017,19,4724.377777777778,8.460491144013519,1,WC,0,NoSA,wholesretail,4,good,90,0.4,0.056,2,less100
51039,2018,20,4936.554347826087,8.5044228663753,1,WC,0,NoSA,wholesretail,4,good,92,0.348,0.054,2,less100
51039,2019,21,3147.757894736842,8.054445698935798,1,WC,1,SA,wholesretail,5,very good,95,0.337,0.053,2,less100
51039,2020,22,3246.1263157894737,8.085217661608668,1,WC,1,SA,wholesretail,5,very good,95,0.495,0.032,2,less100
51039,2021,23,4672.455445544554,8.449440003820275,1,WC,0,NoSA,wholesretail,5,very good,101,0.396,0.05,3,less250
51054,2019,21,3446.2419354838707,8.145039622250792,1,WC,0,NoSA,resthotels,3,satisfactory,62,0.081,0.177,2,less100
51054,2020,22,3505.46875,8.162079528044458,1,WC,0,NoSA,resthotels,2,sufficient,64,0.062,0.188,2,less100
51054,2021,23,4507.03125,8.413393956325363,1,WC,0,NoSA,resthotels,2,sufficient,64,0.062,0.188,2,less100
51067,2013,15,1391.4444444444443,7.238097655227813,1,WC,0,NoSA,buservices,3,satisfactory,45,0.067,0.333,1,less50
51067,2015,17,2403.3939393939395,7.784637158793875,1,WC,0,NoSA,buservices,4,good,33,0.121,0.455,1,less50
51067,2016,18,2182.030303030303,7.68801105402816,1,WC,0,NoSA,buservices,4,good,33,0.121,0.424,1,less50
51067,2017,19,2245.2727272727275,7.716582274879397,1,WC,0,NoSA,buservices,4,good,33,0.091,0.424,1,less50
51069,2014,16,468,6.148468295917647,1,WC,0,NoSA,construction,3,satisfactory,49,0.02,0.51,1,less50
51069,2015,17,1102.9354838709678,7.005730526038699,1,WC,0,NoSA,construction,3,satisfactory,31,0.065,0.774,1,less50
51069,2016,18,1607.032258064516,7.382144439004939,0,NoWC,0,NoSA,construction,3,satisfactory,31,0.065,0.71,1,less50
51069,2017,19,1731.5806451612902,7.4567899380748255,0,NoWC,0,NoSA,construction,4,good,31,0.032,0.677,1,less50
51069,2018,20,1831.8620689655172,7.5130882525336675,1,WC,0,NoSA,construction,3,satisfactory,29,0.034,0.759,1,less50
51069,2019,21,2251.2758620689656,7.719252384294904,1,WC,0,NoSA,construction,3,satisfactory,29,0.034,0.724,1,less50
51111,2013,15,879.1208791208791,6.778922407139168,1,WC,0,NoSA,wholesretail,4,good,364,0.019,0.907,4,more250
51111,2014,16,849.4623655913979,6.744603638295903,0,NoWC,0,NoSA,wholesretail,4,good,372,0.03,0.782,4,more250
51111,2015,17,1269.310776942356,7.146229336819252,0,NoWC,0,NoSA,wholesretail,5,very good,399,0.02,0.669,4,more250
51111,2016,18,1546.775,7.343927397202736,0,NoWC,0,NoSA,wholesretail,3,satisfactory,400,0.028,0.74,4,more250
51111,2017,19,1785.4318181818182,7.487415579904834,0,NoWC,0,NoSA,wholesretail,4,good,352,0.02,0.824,4,more250
51117,2015,17,2476.6875,7.814677260852192,0,NoWC,0,NoSA,manufacturing,4,good,64,0.016,0.156,2,less100
51117,2016,18,2624.8548387096776,7.872780873957478,0,NoWC,0,NoSA,manufacturing,4,good,62,0.065,0.161,2,less100
51117,2017,19,1936.2753623188405,7.568521490325131,0,NoWC,0,NoSA,manufacturing,5,very good,69,0.014,0.145,2,less100
51117,2018,20,2123.8591549295775,7.660990068924713,0,NoWC,0,NoSA,manufacturing,5,very good,71,0.085,0.141,2,less100
51117,2019,21,1891.125,7.544927169064999,0,NoWC,0,NoSA,manufacturing,5,very good,72,0.083,0.153,2,less100
51117,2020,22,1800.3472222222222,7.495734826515773,0,NoWC,0,NoSA,manufacturing,5,very good,72,0.083,0.153,2,less100
51117,2021,23,1813.5,7.503013958722957,0,NoWC,0,NoSA,manufacturing,4,good,72,0.097,0.167,2,less100
51131,2019,21,15558.601694915254,9.652368928328904,0,NoWC,1,SA,health,1,unsatisfactory,118,0.619,0.068,3,less250
51131,2020,22,16770.425196850392,9.727372209108259,0,NoWC,1,SA,art,2,sufficient,127,0.606,0.031,3,less250
51131,2021,23,3121.5111441307577,8.046072504615804,0,NoWC,1,SA,art,2,sufficient,673,0.122,0.473,4,more250
51141,2008,10,2446.1048387096776,7.802252176616284,1,WC,1,SA,manufacturing,2,sufficient,124,0.089,0.782,3,less250
51141,2010,12,2128.9836065573772,7.663399964796843,1,WC,1,SA,manufacturing,3,satisfactory,122,0.082,0.795,3,less250
51141,2011,13,2629.090909090909,7.874393403474331,1,WC,1,SA,manufacturing,4,good,110,0.091,0.827,3,less250
51148,1998,0,2057.512575452716,7.629253044538727,0,NoWC,0,NoSA,mining,3,satisfactory,497,0.3,0.066,4,more250
51148,2000,2,1500.7703836930455,7.313733844377242,0,NoWC,1,SA,mining,3,satisfactory,417,0.353,0.06,4,more250
51148,2001,3,1557.6702160493828,7.3509465326832935,0,NoWC,1,SA,mining,3,satisfactory,405,0.378,0.062,4,more250
51148,2002,4,1600,7.3777589082278725,0,NoWC,0,NoSA,mining,3,satisfactory,350,0.391,0.08,4,more250
51148,2004,6,1362.3978201634877,7.2170015293497585,0,NoWC,0,NoSA,mining,3,satisfactory,367,0.433,0.076,4,more250
51150,2014,16,1707.7727272727273,7.442945301837107,1,WC,0,NoSA,wholesretail,3,satisfactory,22,0.273,0.818,1,less50
51150,2015,17,1925.5833333333333,7.562984231120506,1,WC,0,NoSA,wholesretail,3,satisfactory,24,0.208,0.833,1,less50
51150,2017,19,1183.08,7.07587648637495,1,WC,0,NoSA,wholesretail,4,good,25,0.36,0.76,1,less50
51150,2018,20,2009.304347826087,7.605543845539302,1,WC,0,NoSA,wholesretail,4,good,23,0.522,0.609,1,less50
51150,2019,21,2860.8571428571427,7.958876559212435,1,WC,0,NoSA,wholesretail,3,satisfactory,21,0.571,0.524,1,less50
51150,2021,23,2259.0344827586205,7.72269278096355,1,WC,0,NoSA,construction,1,unsatisfactory,29,0.345,0.621,1,less50
51167,2000,2,2936.860733695652,7.985096512197494,1,WC,0,NoSA,manufacturing,3,satisfactory,23,0.391,0.826,1,less50
51167,2001,3,2674.614346590909,7.891560479437961,1,WC,0,NoSA,manufacturing,5,very good,22,0.091,0.773,1,less50
51167,2003,5,2524.375,7.833748786317678,1,WC,0,NoSA,manufacturing,4,good,24,0.125,0.875,1,less50
51167,2004,6,2138.72,7.667962798223162,1,WC,0,NoSA,manufacturing,2,sufficient,25,0.16,0.88,1,less50
51180,1999,1,4231.098586309524,8.35021695139626,1,WC,0,NoSA,manufacturing,2,sufficient,42,0.714,0.119,1,less50
51180,2001,3,2215.10546875,7.703055297034132,1,WC,0,NoSA,manufacturing,3,satisfactory,46,0.457,0.022,1,less50
51180,2002,4,3002.4375,8.007179737750805,0,NoWC,0,NoSA,manufacturing,2,sufficient,48,0.542,0.104,1,less50
51202,2016,18,2092.1348314606744,7.645940274092964,1,WC,0,NoSA,public,4,good,178,0.09,0.708,3,less250
51202,2018,20,1991.4438502673797,7.596615207530462,1,WC,0,NoSA,public,4,good,187,0.08,0.738,3,less250
51202,2020,22,1816.8358974358973,7.504851749202435,1,WC,0,NoSA,public,4,good,195,0.097,0.744,3,less250
51202,2021,23,1969.2125603864733,7.585389026284623,1,WC,0,NoSA,public,4,good,207,0.106,0.72,3,less250
51210,2003,5,2628.875,7.874311277003843,1,WC,1,SA,buservices,3,satisfactory,64,0.312,0.812,2,less100
51210,2004,6,2719.076923076923,7.908047735176358,1,WC,1,SA,buservices,4,good,65,0.138,0.862,2,less100
51210,2005,7,1879.774193548387,7.538906938795546,1,WC,1,SA,buservices,3,satisfactory,93,0.548,0.849,2,less100
51210,2006,8,1865.030612244898,7.531032746015538,1,WC,1,SA,buservices,3,satisfactory,98,0.061,0.827,2,less100
51210,2007,9,1814.0833333333333,7.503335568612936,1,WC,0,NoSA,buservices,3,satisfactory,96,0.323,0.729,2,less100
51210,2009,11,2035.0208333333333,7.61826133533453,1,WC,0,NoSA,buservices,2,sufficient,96,0.094,0.854,2,less100
51210,2010,12,2099.127659574468,7.649277137206315,1,WC,1,SA,buservices,3,satisfactory,94,0.553,0.872,2,less100
51210,2012,14,2764.9113924050635,7.9247638672964955,1,WC,1,SA,buservices,4,good,79,0.152,0.835,2,less100
51210,2013,15,2619.4285714285716,7.8707114704591525,1,WC,0,NoSA,buservices,3,satisfactory,77,0.779,0.87,2,less100
51210,2014,16,3028.038961038961,8.01567048139628,1,WC,0,NoSA,buservices,1,unsatisfactory,77,0.234,0.818,2,less100
51210,2015,17,2993.4935064935066,8.004196381160952,1,WC,0,NoSA,buservices,4,good,77,0.506,0.87,2,less100
51210,2016,18,3000.820895522388,8.006641162060678,1,WC,0,NoSA,buservices,3,satisfactory,67,0.239,0.791,2,less100
51210,2017,19,1995.8817204301076,7.598841196814018,1,WC,0,NoSA,buservices,5,very good,93,0.161,0.796,2,less100
51210,2018,20,1878.591836734694,7.538277752152642,1,WC,1,SA,buservices,3,satisfactory,98,0.204,0.735,2,less100
51210,2019,21,2081.4615384615386,7.640825588665389,1,WC,0,NoSA,buservices,4,good,104,0.481,0.856,3,less250
51210,2020,22,2707.2375,7.903684021266321,1,WC,0,NoSA,buservices,5,very good,80,0.6,0.725,2,less100
51213,1998,0,2725.9492694805194,7.9105720022082275,0,NoWC,0,NoSA,mining,3,satisfactory,77,0.013,0.338,2,less100
51213,2000,2,3123.852179276316,8.04682219206679,0,NoWC,0,NoSA,mining,4,good,76,0.053,0.368,2,less100
51213,2002,4,2810.475,7.941108787188193,0,NoWC,0,NoSA,mining,3,satisfactory,80,0.05,0.362,2,less100
51213,2003,5,2956.8024691358023,7.991863716517296,1,WC,0,NoSA,mining,4,good,81,0.049,0.333,2,less100
51213,2004,6,2977,7.998671361015776,1,WC,0,NoSA,mining,4,good,84,0.155,0.369,2,less100
51213,2005,7,3025.7738095238096,8.014922142553731,1,WC,0,NoSA,mining,4,good,84,0.071,0.369,2,less100
51222,2015,17,1790.4102564102564,7.49020006609926,1,WC,0,NoSA,health,4,good,39,0.026,0.513,1,less50
51222,2016,18,3362.3478260869565,8.120394766703685,1,WC,0,NoSA,health,4,good,23,0.043,0.522,1,less50
51222,2017,19,1418.037037037037,7.257028825959038,1,WC,0,NoSA,health,4,good,54,0.019,0.648,2,less100
51222,2018,20,1702.65625,7.43994481061126,1,WC,0,NoSA,health,4,good,64,0.031,0.5,2,less100
51222,2019,21,1849.1525423728813,7.522482727915443,1,WC,0,NoSA,health,4,good,59,0.085,0.22,2,less100
51239,2006,8,4237.026315789473,8.351616961555932,1,WC,0,NoSA,construction,1,unsatisfactory,38,0.053,0.658,1,less50
51239,2007,9,1423.5365853658536,7.260899607382456,1,WC,0,NoSA,construction,3,satisfactory,41,0.049,0.61,1,less50
51239,2008,10,1140.4666666666667,7.0391928143500815,1,WC,0,NoSA,construction,2,sufficient,45,0.044,0.578,1,less50
51252,1998,0,1239.9138513513512,7.12279718146895,1,WC,0,NoSA,manufacturing,1,unsatisfactory,148,0.392,0.932,3,less250
51252,1999,1,965.45625,6.872600787532724,1,WC,0,NoSA,manufacturing,2,sufficient,205,0.249,0.878,3,less250
51252,2000,2,850.6701956775701,6.746024504311755,1,WC,0,NoSA,manufacturing,4,good,214,0.252,0.949,3,less250
51252,2001,3,1309.3351732336957,7.177274786024477,1,WC,0,NoSA,manufacturing,1,unsatisfactory,184,0.332,0.929,3,less250
51252,2002,4,1135.8817733990147,7.035164521153021,1,WC,0,NoSA,manufacturing,1,unsatisfactory,203,0.365,0.857,3,less250
51252,2003,5,1044.6575342465753,6.951444392263164,1,WC,0,NoSA,manufacturing,4,good,219,0.333,0.804,3,less250
51252,2004,6,530.2685950413223,6.273383661271818,1,WC,0,NoSA,manufacturing,3,satisfactory,242,0.269,0.831,3,less250
51261,2007,9,627.3861386138614,6.44156220213327,1,WC,0,NoSA,health,3,satisfactory,101,0.119,0.248,3,less250
51261,2008,10,574.4141414141415,6.353350636884549,1,WC,0,NoSA,health,4,good,99,0.121,0.263,2,less100
51261,2009,11,998.1935483870968,6.905947193767875,1,WC,0,NoSA,health,4,good,93,0.086,0.247,2,less100
51261,2010,12,1077.6,6.982491625096154,1,WC,0,NoSA,health,3,satisfactory,85,0.129,0.259,2,less100
51279,2019,21,1173.825,7.068022926244676,0,NoWC,0,NoSA,buservices,5,very good,40,0.075,0.2,1,less50
51279,2020,22,2483.1153846153848,7.81726925426955,0,NoWC,0,NoSA,buservices,4,good,26,0.115,0.115,1,less50
51279,2021,23,2738.92,7.915318961096473,1,WC,1,SA,buservices,5,very good,25,0.16,0.48,1,less50
51302,2010,12,2011.1363636363637,7.606455196343135,1,WC,0,NoSA,manufacturing,3,satisfactory,22,0.409,0.545,1,less50
51302,2011,13,1396.2272727272727,7.24152907288461,1,WC,0,NoSA,manufacturing,2,sufficient,22,0.136,0.727,1,less50
51302,2012,14,1340.7727272727273,7.201001388883062,1,WC,0,NoSA,manufacturing,2,sufficient,22,0.136,0.727,1,less50
51307,2001,3,1596.393156424581,7.375502086285273,0,NoWC,0,NoSA,public,5,very good,179,0.425,0.793,3,less250
51307,2002,4,1656.1237113402062,7.4122350370705155,0,NoWC,0,NoSA,public,2,sufficient,194,0.392,0.763,3,less250
51307,2004,6,2118.788043478261,7.658599526591518,0,NoWC,0,NoSA,public,4,good,184,0.315,0.761,3,less250
51315,2004,6,1497.27,7.311398728878031,0,NoWC,0,NoSA,buservices,3,satisfactory,100,0.01,0.28,2,less100
51315,2005,7,1584.215053763441,7.3678443294237645,0,NoWC,1,SA,buservices,3,satisfactory,93,0.011,0.247,2,less100
51315,2006,8,2736.625,7.9144806883275,0,NoWC,0,NoSA,buservices,3,satisfactory,112,0.009,0.321,3,less250
51319,2009,11,3268.070588235294,8.091955055573822,0,NoWC,1,SA,manufacturing,4,good,85,0.012,0.153,2,less100
51319,2010,12,2160.0588235294117,7.677890733422864,0,NoWC,1,SA,manufacturing,4,good,85,0.012,0.129,2,less100
51319,2011,13,7016,8.855948534052018,0,NoWC,1,SA,manufacturing,4,good,40,0.025,0.075,1,less50
51319,2012,14,3026.114285714286,8.015034661551267,0,NoWC,1,SA,manufacturing,4,good,105,0.01,0.276,3,less250
51319,2013,15,3645.862068965517,8.201348123740098,0,NoWC,1,SA,manufacturing,4,good,87,0.011,0.356,2,less100
51319,2014,16,840.4255319148937,6.7339083491791545,0,NoWC,1,SA,manufacturing,4,good,376,0.003,0.298,4,more250
51319,2015,17,944.4176470588235,6.850568491037225,0,NoWC,1,SA,manufacturing,4,good,340,0.006,0.15,4,more250
51319,2016,18,1092.16,6.995912665718342,0,NoWC,1,SA,manufacturing,4,good,300,0.003,0.183,4,more250
51319,2017,19,1078.1785714285713,6.983028388426239,0,NoWC,1,SA,manufacturing,4,good,308,0.003,0.104,4,more250
51330,2003,5,2236.4615384615386,7.712650225524733,1,WC,0,NoSA,manufacturing,3,satisfactory,26,0.038,0.423,1,less50
51330,2004,6,1640.5172413793102,7.402766862177876,1,WC,0,NoSA,manufacturing,4,good,29,0.034,0.448,1,less50
51330,2005,7,1835.9354838709678,7.515309431059198,1,WC,0,NoSA,manufacturing,4,good,31,0.032,0.419,1,less50
51330,2007,9,2067.925925925926,7.634301415802042,1,WC,0,NoSA,manufacturing,4,good,27,0.037,0.407,1,less50
51330,2008,10,1511,7.32052696227274,1,WC,0,NoSA,manufacturing,3,satisfactory,29,0.069,0.448,1,less50
51330,2009,11,1719.64,7.449870245575129,1,WC,0,NoSA,manufacturing,4,good,25,0.12,0.44,1,less50
51330,2010,12,3141.185185185185,8.052355455198112,1,WC,0,NoSA,manufacturing,3,satisfactory,27,0.037,0.37,1,less50
51330,2011,13,2912.5666666666666,7.9767899874546195,1,WC,0,NoSA,manufacturing,4,good,30,0.1,0.333,1,less50
51330,2012,14,3215.875,8.075854761384267,1,WC,0,NoSA,manufacturing,4,good,32,0.094,0.406,1,less50
51330,2013,15,4230.633333333333,8.350106985025052,1,WC,0,NoSA,manufacturing,4,good,30,0.1,0.4,1,less50
51330,2015,17,3560.725,8.17771945479728,1,WC,0,NoSA,manufacturing,4,good,40,0.05,0.55,1,less50
51330,2016,18,3430.05,8.140330117313214,1,WC,0,NoSA,manufacturing,4,good,40,0.05,0.4,1,less50
51330,2017,19,3517.512195121951,8.165509255968164,1,WC,0,NoSA,manufacturing,5,very good,41,0.073,0.39,1,less50
51330,2018,20,3710.829268292683,8.219010653074918,1,WC,0,NoSA,manufacturing,5,very good,41,0.098,0.439,1,less50
51330,2020,22,4532.5675675675675,8.419043849868707,1,WC,0,NoSA,manufacturing,4,good,37,0.054,0.324,1,less50
51330,2021,23,4984.085714285714,8.5140052582098,1,WC,0,NoSA,manufacturing,3,satisfactory,35,0.057,0.371,1,less50
51340,2005,7,2172.6969696969695,7.683724518022577,1,WC,0,NoSA,construction,4,good,33,0.727,0.485,1,less50
51340,2006,8,3692.181818181818,8.213972840938291,0,NoWC,0,NoSA,construction,3,satisfactory,33,0.697,0.424,1,less50
51340,2007,9,2603.4444444444443,7.864590633579213,0,NoWC,0,NoSA,construction,4,good,36,0.694,0.528,1,less50
51340,2008,10,2034.5121951219512,7.6180113615854665,0,NoWC,0,NoSA,construction,3,satisfactory,41,0.683,0.512,1,less50
51340,2011,13,2624.275,7.87255994640192,0,NoWC,0,NoSA,construction,4,good,40,0.025,0.475,1,less50
51340,2012,14,2609.0810810810813,7.866753362109212,1,WC,0,NoSA,construction,4,good,37,0.027,0.432,1,less50
51340,2013,15,2628.8536585365855,7.874303158873448,1,WC,0,NoSA,construction,3,satisfactory,41,0.878,0.537,1,less50
51340,2014,16,2343.1136363636365,7.759235937700294,1,WC,0,NoSA,construction,4,good,44,0.909,0.545,1,less50
51340,2015,17,2454.690476190476,7.805755953335186,1,WC,0,NoSA,construction,3,satisfactory,42,0.929,0.548,1,less50
51340,2016,18,2343.095238095238,7.759228085609663,0,NoWC,0,NoSA,construction,5,very good,42,0.952,0.548,1,less50
51340,2017,19,2739.214285714286,7.915426401220873,0,NoWC,0,NoSA,construction,4,good,42,0.833,0.524,1,less50
51381,2013,15,1507.36,7.318115055300358,1,WC,0,NoSA,buservices,4,good,25,0.48,0.12,1,less50
51381,2015,17,1764.92,7.475860642561116,1,WC,0,NoSA,buservices,4,good,25,0.04,0.08,1,less50
51381,2018,20,1720.423076923077,7.450325514515897,1,WC,0,NoSA,buservices,4,good,26,0.577,0.154,1,less50
51398,2007,9,2047.2878787878788,7.624271210256763,0,NoWC,0,NoSA,manufacturing,5,very good,198,0.343,0.096,3,less250
51398,2008,10,2009.779569892473,7.605780328319124,0,NoWC,0,NoSA,manufacturing,4,good,186,0.36,0.081,3,less250
51398,2010,12,1352.7916666666667,7.209925637502319,0,NoWC,0,NoSA,manufacturing,5,very good,192,0.219,0.083,3,less250
51398,2011,13,1460.6060606060605,7.286606738572211,0,NoWC,0,NoSA,manufacturing,5,very good,198,0.338,0.106,3,less250
51398,2012,14,1644.7761194029852,7.405359556309985,0,NoWC,0,NoSA,manufacturing,5,very good,201,0.313,0.09,3,less250
51398,2014,16,1476.6355140186915,7.297521477547198,0,NoWC,0,NoSA,manufacturing,4,good,214,0.271,0.093,3,less250
51398,2015,17,5167.986046511628,8.550238345480393,0,NoWC,0,NoSA,manufacturing,4,good,215,0.284,0.102,3,less250
51398,2016,18,4732.716814159292,8.462254695908179,0,NoWC,0,NoSA,manufacturing,4,good,226,0.257,0.106,3,less250
51398,2017,19,4910.449339207048,8.499120731714765,0,NoWC,0,NoSA,manufacturing,5,very good,227,0.26,0.11,3,less250
51398,2018,20,4903.421052631579,8.497688414495073,0,NoWC,1,SA,manufacturing,5,very good,228,0.276,0.083,3,less250
51413,2004,6,3676.470588235294,8.209708491668277,1,WC,0,NoSA,wholesretail,3,satisfactory,136,0.728,0.471,3,less250
51413,2005,7,2818.5081967213114,7.943963015703071,1,WC,0,NoSA,wholesretail,3,satisfactory,183,0.525,0.355,3,less250
51413,2006,8,2447.7611940298507,7.802929087415369,1,WC,0,NoSA,wholesretail,2,sufficient,201,0.507,0.433,3,less250
51414,1999,1,2299.4608134920636,7.7404299455179935,0,NoWC,0,NoSA,manufacturing,1,unsatisfactory,378,0.016,0.161,4,more250
51414,2000,2,1686.849730458221,7.430618003568608,0,NoWC,0,NoSA,manufacturing,4,good,371,0.005,0.191,4,more250
51414,2001,3,1709.63804200542,7.444036955749305,0,NoWC,0,NoSA,manufacturing,4,good,369,0.011,0.214,4,more250
51414,2003,5,1736.5862068965516,7.459676515004049,0,NoWC,0,NoSA,manufacturing,3,satisfactory,261,0.015,0.169,4,more250
51434,2008,10,1448.9108527131782,7.278567417110708,0,NoWC,0,NoSA,buservices,3,satisfactory,258,0.252,0.136,4,more250
51434,2009,11,1263.4076923076923,7.141567867022677,0,NoWC,1,SA,buservices,3,satisfactory,260,0.435,0.119,4,more250
51434,2010,12,1068.8724279835392,6.974359566189551,0,NoWC,0,NoSA,buservices,3,satisfactory,243,0.461,0.115,3,less250
51434,2011,13,1251.948051948052,7.132456058744953,0,NoWC,0,NoSA,buservices,4,good,231,0.481,0.121,3,less250
51442,2001,3,1561.8333333333333,7.353615623895768,1,WC,0,NoSA,construction,4,good,72,0.014,0.069,2,less100
51442,2002,4,2017.0344827586207,7.609383633870853,1,WC,0,NoSA,construction,3,satisfactory,58,0.052,0.069,2,less100
51442,2004,6,2471.72,7.812669543553794,1,WC,0,NoSA,construction,4,good,50,0.02,0.1,1,less50
51442,2012,14,2877.037037037037,7.964516236960877,1,WC,0,NoSA,construction,4,good,54,0.074,0.111,2,less100
51442,2013,15,2686.0333333333333,7.895820787033482,1,WC,0,NoSA,construction,4,good,60,0.05,0.167,2,less100
51442,2014,16,2777.253968253968,7.9292179373037195,1,WC,0,NoSA,construction,3,satisfactory,63,0.063,0.159,2,less100
51442,2016,18,2865.2923076923075,7.960425651062161,1,WC,0,NoSA,construction,1,unsatisfactory,65,0.046,0.108,2,less100
51442,2017,19,2825.3333333333335,7.94638163072008,1,WC,0,NoSA,construction,2,sufficient,69,0.043,0.101,2,less100
51442,2018,20,3003.268656716418,8.007456526757805,1,WC,0,NoSA,construction,4,good,67,0.06,0.104,2,less100
51442,2019,21,3239.6615384615384,8.083224139891893,1,WC,0,NoSA,construction,3,satisfactory,65,0.123,0.108,2,less100
51442,2020,22,3128.9850746268658,8.04846397364372,1,WC,0,NoSA,construction,4,good,67,0.149,0.119,2,less100
51442,2021,23,3446.4920634920636,8.145112199549825,1,WC,0,NoSA,construction,3,satisfactory,63,0.19,0.111,2,less100
51444,2015,17,561.55,6.330700817409045,1,WC,0,NoSA,wholesretail,3,satisfactory,20,0.05,0.4,1,less50
51444,2020,22,561.52,6.330647392422166,1,WC,0,NoSA,wholesretail,4,good,25,0.2,0.44,1,less50
51444,2021,23,1123.05,7.023803477344804,1,WC,0,NoSA,wholesretail,4,good,20,0.15,0.6,1,less50
51454,2008,10,1029.88,6.937197569582095,0,NoWC,0,NoSA,resthotels,3,satisfactory,25,0.08,0.12,1,less50
51454,2010,12,1303.9166666666667,7.173127834514057,0,NoWC,0,NoSA,resthotels,3,satisfactory,24,0.083,0.125,1,less50
51454,2011,13,1163.2307692307693,7.0589565586566785,0,NoWC,0,NoSA,resthotels,3,satisfactory,26,0.038,0.115,1,less50
51454,2012,14,1575.2307692307693,7.362157060673225,0,NoWC,0,NoSA,resthotels,3,satisfactory,26,0.038,0.115,1,less50
51454,2014,16,695.5769230769231,6.544741606364716,0,NoWC,0,NoSA,resthotels,3,satisfactory,26,0.154,0.115,1,less50
51454,2015,17,1427.8076923076924,7.2638954645784954,0,NoWC,0,NoSA,resthotels,4,good,26,0.038,0.115,1,less50
51454,2016,18,1365.923076923077,7.219585725897298,0,NoWC,0,NoSA,resthotels,3,satisfactory,26,0.115,0.077,1,less50
51454,2017,19,1478,7.298445101508147,0,NoWC,0,NoSA,resthotels,3,satisfactory,27,0.222,0.111,1,less50
51454,2018,20,1736.7692307692307,7.459781902359955,0,NoWC,0,NoSA,resthotels,3,satisfactory,26,0.231,0.192,1,less50
51454,2020,22,857.8157894736842,6.754389378854018,0,NoWC,0,NoSA,resthotels,3,satisfactory,38,0.158,0.132,1,less50
51455,2004,6,2809.8490566037735,7.940886044373896,1,WC,0,NoSA,manufacturing,4,good,53,0.113,0.113,2,less100
51455,2005,7,5302.318181818182,8.57589939670775,1,WC,0,NoSA,manufacturing,4,good,22,0.136,0.182,1,less50
51455,2006,8,4331.321428571428,8.373627954247294,0,NoWC,0,NoSA,manufacturing,3,satisfactory,28,0.107,0.071,1,less50
51455,2007,9,4569.678571428572,8.42719814693514,1,WC,0,NoSA,manufacturing,3,satisfactory,28,0.036,0.107,1,less50
51466,2005,7,3441.8,8.143749869330811,1,WC,0,NoSA,health,4,good,45,0.044,0.844,1,less50
51466,2006,8,2469.108695652174,7.811612512536604,1,WC,0,NoSA,health,3,satisfactory,46,0.109,0.413,1,less50
51466,2007,9,2478.1,7.815247416499942,1,WC,0,NoSA,health,3,satisfactory,50,0.22,0.76,1,less50
51521,2017,19,1606.09375,7.381560267647296,1,WC,0,NoSA,buservices,4,good,32,0.125,0.156,1,less50
51521,2018,20,1205.741935483871,7.094850370545101,1,WC,0,NoSA,buservices,3,satisfactory,31,0.161,0.194,1,less50
51521,2019,21,1374.2058823529412,7.225631303153191,1,WC,0,NoSA,buservices,4,good,34,0.147,0.206,1,less50
51521,2020,22,1274.2727272727273,7.150130884864687,1,WC,0,NoSA,buservices,4,good,33,0.152,0.212,1,less50
51537,2003,5,2044.054054054054,7.622690396205851,1,WC,0,NoSA,manufacturing,3,satisfactory,37,0.108,0.135,1,less50
51537,2004,6,2124.2702702702704,7.661183620156716,1,WC,0,NoSA,manufacturing,2,sufficient,37,0.108,0.135,1,less50
51537,2005,7,1846.6739130434783,7.521141415096285,0,NoWC,0,NoSA,manufacturing,2,sufficient,46,0.13,0.109,1,less50
51537,2006,8,1694.7592592592594,7.435295979791804,0,NoWC,0,NoSA,manufacturing,3,satisfactory,54,0.111,0.148,2,less100
51537,2007,9,1807.2156862745098,7.499542644993563,1,WC,0,NoSA,manufacturing,4,good,51,0.059,0.078,2,less100
51537,2008,10,2069.4222222222224,7.635024727598852,1,WC,0,NoSA,manufacturing,4,good,45,0.156,0.089,1,less50
51537,2009,11,2757.095238095238,7.921932954531348,1,WC,1,SA,manufacturing,4,good,42,0.452,0.095,1,less50
51537,2010,12,2752.1666666666665,7.920143759234933,1,WC,0,NoSA,manufacturing,4,good,42,0.238,0.19,1,less50
51537,2011,13,2775.0476190476193,7.9284231860504635,1,WC,0,NoSA,manufacturing,4,good,42,0.476,0.071,1,less50
51537,2012,14,2643.4150943396226,7.879826956506246,0,NoWC,0,NoSA,manufacturing,5,very good,53,0.283,0.17,2,less100
51537,2013,15,2641.3888888888887,7.87906015207738,0,NoWC,0,NoSA,manufacturing,4,good,54,0.333,0.093,2,less100
51537,2014,16,2993.037037037037,8.004043882329103,0,NoWC,0,NoSA,manufacturing,5,very good,54,0.444,0.13,2,less100
51537,2016,18,3293.814814814815,8.099801690218206,0,NoWC,0,NoSA,manufacturing,5,very good,54,0.093,0.148,2,less100
51537,2017,19,2692.0677966101694,7.898064874923784,0,NoWC,0,NoSA,manufacturing,5,very good,59,0.169,0.136,2,less100
51537,2018,20,2438.030303030303,7.79894573942677,0,NoWC,0,NoSA,manufacturing,5,very good,66,0.061,0.136,2,less100
51537,2019,21,2361.970588235294,7.767251544620209,0,NoWC,0,NoSA,manufacturing,4,good,68,0.059,0.191,2,less100
51537,2021,23,3395.268656716418,8.130138169915378,0,NoWC,0,NoSA,manufacturing,3,satisfactory,67,0.015,0.134,2,less100
51543,1998,0,630.4462083847102,6.446427835959997,0,NoWC,0,NoSA,manufacturing,2,sufficient,1622,0.049,0.109,4,more250
51543,1999,1,612.5413583509513,6.417616463977538,0,NoWC,0,NoSA,manufacturing,2,sufficient,1419,0.032,0.13,4,more250
51543,2000,2,539.5010775862069,6.290644782075633,0,NoWC,0,NoSA,manufacturing,3,satisfactory,1160,0.036,0.166,4,more250
51543,2001,3,556.3107914462081,6.321327115502135,0,NoWC,0,NoSA,manufacturing,3,satisfactory,1134,0.036,0.175,4,more250
51569,2007,9,1437.3333333333333,7.270544823920724,1,WC,0,NoSA,transcom,4,good,42,0.643,0.19,1,less50
51569,2009,11,3736.5476190476193,8.225917367581287,0,NoWC,0,NoSA,transcom,4,good,42,0.81,0.167,1,less50
51569,2010,12,4042.275,8.304562931275177,0,NoWC,0,NoSA,transcom,3,satisfactory,40,0.85,0.15,1,less50
51605,2012,14,939.2045454545455,6.8450332887709635,1,WC,0,NoSA,manufacturing,5,very good,352,0.011,0.304,4,more250
51605,2013,15,919.5402298850574,6.823873795001435,1,WC,0,NoSA,manufacturing,3,satisfactory,348,0.017,0.195,4,more250
51605,2015,17,3497.806539509537,8.159891348019821,0,NoWC,0,NoSA,manufacturing,3,satisfactory,367,0.008,0.199,4,more250
51606,2012,14,3118.867924528302,8.045225370256993,0,NoWC,0,NoSA,wholesretail,3,satisfactory,106,0.179,0.066,3,less250
51606,2013,15,2711.864406779661,7.905391650310245,0,NoWC,0,NoSA,wholesretail,3,satisfactory,118,0.212,0.051,3,less250
51606,2014,16,2611.5702479338843,7.867706946972308,0,NoWC,0,NoSA,wholesretail,3,satisfactory,121,0.182,0.091,3,less250
51606,2015,17,6360.236220472441,8.757820797228154,0,NoWC,0,NoSA,wholesretail,4,good,127,0.189,0.087,3,less250
51606,2017,19,5237.656488549618,8.563629442266068,0,NoWC,1,SA,wholesretail,3,satisfactory,131,0.183,0.076,3,less250
51606,2018,20,5417.598484848485,8.597407912266688,0,NoWC,1,SA,wholesretail,3,satisfactory,132,0.25,0.068,3,less250
51609,1998,0,199.79581705729166,5.297295930346109,1,WC,0,NoSA,manufacturing,3,satisfactory,30,0.167,0.5,1,less50
51609,1999,1,196.68869544719828,5.281622252707386,1,WC,0,NoSA,manufacturing,2,sufficient,29,0.069,0.483,1,less50
51609,2001,3,205.23961139547413,5.32417813265682,1,WC,0,NoSA,manufacturing,2,sufficient,29,0.138,0.414,1,less50
51609,2002,4,200.68965517241378,5.3017597107390095,1,WC,0,NoSA,manufacturing,2,sufficient,29,0.138,0.379,1,less50
51609,2003,5,20.06896551724138,2.999174617744964,1,WC,0,NoSA,manufacturing,1,unsatisfactory,29,0.138,0.448,1,less50
51629,1998,0,1251.6324969400246,7.132203975775353,0,NoWC,0,NoSA,manufacturing,4,good,817,0.092,0.666,4,more250
51629,1999,1,1070.4386545566501,6.975823800975903,0,NoWC,0,NoSA,manufacturing,4,good,812,0.107,0.665,4,more250
51629,2000,2,779.3539850560398,6.658465352229282,0,NoWC,0,NoSA,manufacturing,3,satisfactory,803,0.172,0.643,4,more250
51629,2001,3,844.5199966532798,6.738768414657016,0,NoWC,0,NoSA,manufacturing,3,satisfactory,747,0.12,0.657,4,more250
51629,2002,4,865.5332302936631,6.763345768210431,0,NoWC,0,NoSA,manufacturing,3,satisfactory,647,0.257,0.734,4,more250
51629,2004,6,900.9009009009009,6.803395263657894,0,NoWC,0,NoSA,manufacturing,3,satisfactory,555,0.227,0.728,4,more250
51629,2005,7,1199.5046511627907,7.089663959856884,0,NoWC,0,NoSA,manufacturing,4,good,430,0.291,0.8,4,more250
51689,2016,18,2631.8,7.87542330171604,1,WC,1,SA,health,4,good,35,0.171,0.886,1,less50
51689,2017,19,2308.5384615384614,7.744369902643627,0,NoWC,1,SA,health,3,satisfactory,39,0.154,0.846,1,less50
51689,2018,20,1858.9555555555555,7.527770079719435,0,NoWC,1,SA,health,3,satisfactory,45,0.111,0.867,1,less50
51692,2003,5,1337.75,7.198744377191414,1,WC,0,NoSA,manufacturing,3,satisfactory,56,0.071,0.464,2,less100
51692,2005,7,931.7796610169491,6.837096371517243,1,WC,0,NoSA,manufacturing,2,sufficient,59,0.034,0.508,2,less100
51692,2006,8,895.3220338983051,6.797183467968688,1,WC,0,NoSA,manufacturing,2,sufficient,59,0.102,0.339,2,less100
51692,2007,9,1113.5507246376812,7.015309039892173,1,WC,0,NoSA,manufacturing,3,satisfactory,69,0.072,0.348,2,less100
51692,2008,10,1141.391304347826,7.040003239664464,1,WC,0,NoSA,manufacturing,2,sufficient,69,0.072,0.246,2,less100
51692,2009,11,1280.5714285714287,7.155061685865505,1,WC,0,NoSA,manufacturing,3,satisfactory,63,0.079,0.302,2,less100
51692,2010,12,1311.063492063492,7.178593912845373,1,WC,0,NoSA,manufacturing,2,sufficient,63,0.079,0.286,2,less100
51692,2011,13,1280.5757575757575,7.1550650663852595,1,WC,0,NoSA,manufacturing,2,sufficient,66,0.197,0.242,2,less100
51692,2012,14,1457.8035714285713,7.284686178820658,1,WC,0,NoSA,manufacturing,3,satisfactory,56,0.089,0.268,2,less100
51692,2013,15,1234.0714285714287,7.118074086559523,0,NoWC,0,NoSA,manufacturing,2,sufficient,56,0.089,0.232,2,less100
51692,2014,16,1493.4313725490197,7.308831685846476,0,NoWC,1,SA,manufacturing,3,satisfactory,51,0.157,0.294,2,less100
51692,2015,17,1183.7454545454545,7.076438804615791,0,NoWC,1,SA,manufacturing,3,satisfactory,55,0.145,0.255,2,less100
51692,2017,19,1355.4893617021276,7.211917820661613,0,NoWC,1,SA,manufacturing,3,satisfactory,47,0.298,0.277,1,less50
51692,2018,20,1900.56,7.549903858570267,0,NoWC,0,NoSA,manufacturing,3,satisfactory,50,0.32,0.24,1,less50
51692,2019,21,1976.2941176470588,7.588978712194587,0,NoWC,0,NoSA,manufacturing,3,satisfactory,51,0.216,0.235,2,less100
51692,2020,22,1973.686274509804,7.587658278543149,0,NoWC,0,NoSA,manufacturing,4,good,51,0.353,0.255,2,less100
51692,2021,23,2078.68,7.6394883558571705,0,NoWC,1,SA,manufacturing,3,satisfactory,50,0.36,0.24,1,less50
51701,2014,16,666.8648648648649,6.502587423987186,1,WC,0,NoSA,manufacturing,1,unsatisfactory,74,0.027,0.959,2,less100
51701,2015,17,1123.2714285714285,7.02400062506314,1,WC,0,NoSA,manufacturing,1,unsatisfactory,70,0.043,0.957,2,less100
51701,2017,19,1041.7962962962963,6.948701710204269,1,WC,0,NoSA,manufacturing,3,satisfactory,54,0.037,0.963,2,less100
51701,2018,20,912.1451612903226,6.8157991454899305,1,WC,0,NoSA,manufacturing,4,good,62,0.048,0.968,2,less100
51701,2019,21,1204.4406779661017,7.093770570502612,1,WC,0,NoSA,manufacturing,3,satisfactory,59,0.153,0.966,2,less100
51701,2020,22,969.2203389830509,6.876491974053435,1,WC,0,NoSA,manufacturing,3,satisfactory,59,0.034,0.966,2,less100
51701,2021,23,1195.3454545454545,7.08619050589072,1,WC,0,NoSA,health,4,good,55,0.036,0.964,2,less100
51718,1998,0,463.864217032967,6.1395918736952595,0,NoWC,0,NoSA,buservices,3,satisfactory,455,0.002,0.701,4,more250
51718,1999,1,523.1257672991071,6.259821908003203,0,NoWC,0,NoSA,buservices,4,good,448,0.011,0.701,4,more250
51718,2002,4,777.7333333333333,6.656383706211373,0,NoWC,0,NoSA,buservices,4,good,420,0.002,0.686,4,more250
51718,2006,8,613.6525735294117,6.419428926841309,0,NoWC,0,NoSA,buservices,4,good,544,0.002,0.68,4,more250
51733,2000,2,209.71131993006992,5.3457319179963205,0,NoWC,0,NoSA,manufacturing,3,satisfactory,858,0.016,0.357,4,more250
51733,2002,4,204.17411764705884,5.3189731476827,0,NoWC,0,NoSA,manufacturing,2,sufficient,850,0.062,0.346,4,more250
51733,2003,5,238.71801925722147,5.475283019633543,0,NoWC,0,NoSA,manufacturing,1,unsatisfactory,727,0.078,0.421,4,more250
51733,2004,6,597.3715651135007,6.392539306914854,0,NoWC,0,NoSA,manufacturing,1,unsatisfactory,837,0.062,0.36,4,more250
51736,2005,7,756.19,6.628292667354583,0,NoWC,0,NoSA,public,4,good,600,0.008,0.52,4,more250
51736,2006,8,825.503355704698,6.715993328409096,0,NoWC,0,NoSA,public,4,good,596,0.01,0.522,4,more250
51736,2007,9,628.4697674418604,6.443287924155526,0,NoWC,0,NoSA,public,4,good,645,0.008,0.493,4,more250
51736,2008,10,600.9951768488746,6.398586909293146,0,NoWC,1,SA,public,4,good,622,0.013,0.5,4,more250
51736,2009,11,549.3630573248407,6.308759529545298,0,NoWC,0,NoSA,public,4,good,628,0.016,0.494,4,more250
51736,2010,12,494.7352380952381,6.204022746938476,0,NoWC,0,NoSA,public,5,very good,525,0.029,0.528,4,more250
51751,2006,8,2198.3846153846152,7.695478103907026,1,WC,0,NoSA,edu,4,good,26,0.154,0.538,1,less50
51751,2007,9,1662.8,7.416258207378482,1,WC,0,NoSA,edu,4,good,25,0.16,0.56,1,less50
51751,2008,10,2267.409090909091,7.72639308897349,1,WC,0,NoSA,edu,5,very good,22,0.136,0.545,1,less50
51751,2010,12,2381.5833333333335,7.775520811580562,1,WC,0,NoSA,edu,4,good,24,0.375,0.625,1,less50
51751,2011,13,2165.0833333333335,7.680214130842861,1,WC,0,NoSA,edu,4,good,24,0.667,0.667,1,less50
51802,2012,14,2533.457142857143,7.837340108592558,1,WC,0,NoSA,health,3,satisfactory,70,0.143,0.786,2,less100
51802,2016,18,1617.960396039604,7.388921620211082,1,WC,0,NoSA,health,4,good,101,0.178,0.851,3,less250
51802,2021,23,2350.78640776699,7.762505192761166,1,WC,0,NoSA,buservices,4,good,103,0.388,0.883,3,less250
51872,2001,3,1877.5489211309523,7.537722439826629,0,NoWC,0,NoSA,wholesretail,3,satisfactory,336,0.045,0.226,4,more250
51872,2002,4,1671.641791044776,7.421561530886265,0,NoWC,0,NoSA,wholesretail,3,satisfactory,335,0.045,0.233,4,more250
51872,2003,5,1344.952522255193,7.204113991974381,0,NoWC,0,NoSA,wholesretail,2,sufficient,337,0.042,0.237,4,more250
51872,2004,6,1515.1515151515152,7.3232707229438025,0,NoWC,0,NoSA,wholesretail,2,sufficient,330,0.033,0.221,4,more250
51872,2005,7,1632.237341772152,7.39770695495758,0,NoWC,0,NoSA,wholesretail,3,satisfactory,316,0.038,0.199,4,more250
51872,2006,8,1587.0967741935483,7.369661697995253,0,NoWC,0,NoSA,wholesretail,3,satisfactory,310,0.032,0.197,4,more250
51872,2007,9,1316.1136363636363,7.182438457977724,0,NoWC,0,NoSA,wholesretail,3,satisfactory,308,0.036,0.188,4,more250
51910,2000,2,3137.264605978261,8.051106554642425,0,NoWC,0,NoSA,health,3,satisfactory,23,0.174,0.261,1,less50
51910,2001,3,2689.0840692934785,7.896955919927968,0,NoWC,0,NoSA,health,1,unsatisfactory,23,0.174,0.217,1,less50
51910,2002,4,2848.8260869565215,7.9546622890953715,0,NoWC,0,NoSA,health,2,sufficient,23,0.217,0.217,1,less50
51910,2003,5,2629.695652173913,7.874623396868671,0,NoWC,0,NoSA,health,5,very good,23,0.174,0.261,1,less50
51910,2005,7,3068,8.028781162487148,0,NoWC,0,NoSA,health,1,unsatisfactory,23,0.13,0.174,1,less50
51910,2006,8,2620.92,7.87128068015632,0,NoWC,0,NoSA,health,1,unsatisfactory,25,0.12,0.24,1,less50
51910,2007,9,2047.59375,7.624420602224794,0,NoWC,0,NoSA,health,1,unsatisfactory,32,0.094,0.188,1,less50
51910,2008,10,2696.366666666667,7.899660466740976,0,NoWC,0,NoSA,health,1,unsatisfactory,30,0.1,0.2,1,less50
51910,2009,11,2138.3030303030305,7.667767816949817,0,NoWC,0,NoSA,health,1,unsatisfactory,33,0.091,0.364,1,less50
51910,2011,13,2443.757575757576,7.801292123783122,0,NoWC,0,NoSA,health,1,unsatisfactory,33,0.03,0.182,1,less50
51910,2012,14,2138.3030303030305,7.667767816949817,0,NoWC,0,NoSA,health,1,unsatisfactory,33,0.03,0.182,1,less50
51925,2000,2,400.03855613425924,5.9915609327983805,0,NoWC,0,NoSA,manufacturing,3,satisfactory,216,0.005,0.611,3,less250
51925,2001,3,500.0481770833333,6.214704447947094,0,NoWC,0,NoSA,manufacturing,1,unsatisfactory,216,0.014,0.394,3,less250
51925,2002,4,497.9633027522936,6.210526385057044,0,NoWC,0,NoSA,manufacturing,3,satisfactory,218,0.018,0.367,3,less250
51926,2002,4,2758.7727272727275,7.922541195787208,1,WC,0,NoSA,manufacturing,4,good,66,0.015,0.5,2,less100
51926,2003,5,3405.109090909091,8.133032256516527,1,WC,1,SA,manufacturing,2,sufficient,55,0.036,0.527,2,less100
51926,2004,6,3468.1666666666665,8.151381395184725,1,WC,1,SA,manufacturing,2,sufficient,60,0.017,0.6,2,less100
51926,2005,7,3554.866666666667,8.176072835673688,1,WC,1,SA,manufacturing,4,good,60,0.017,0.483,2,less100
51952,2012,14,978.4727272727273,6.885992914472971,1,WC,0,NoSA,buservices,3,satisfactory,110,0.445,0.164,3,less250
51952,2013,15,2069.855769230769,7.635234207131769,1,WC,0,NoSA,buservices,4,good,104,0.279,0.173,3,less250
51952,2015,17,1825.9107142857142,7.509834163073176,1,WC,0,NoSA,buservices,4,good,112,0.214,0.348,3,less250
51952,2016,18,1441.5089285714287,7.273445711004074,1,WC,0,NoSA,buservices,5,very good,112,0.348,0.339,3,less250
51952,2017,19,2391.82905982906,7.779813649234735,1,WC,0,NoSA,buservices,4,good,117,0.316,0.205,3,less250
51952,2018,20,2295.4444444444443,7.7386817614554095,1,WC,0,NoSA,buservices,4,good,126,0.23,0.246,3,less250
51952,2019,21,2875.671755725191,7.964041580103851,1,WC,0,NoSA,buservices,4,good,131,0.206,0.176,3,less250
51952,2020,22,375.4651162790698,5.928165567498813,1,WC,0,NoSA,health,4,good,129,0.225,0.163,3,less250
51967,2018,20,1167.5,7.062619989543053,1,WC,0,NoSA,manufacturing,2,sufficient,28,0.036,0.25,1,less50
51967,2020,22,1183.3333333333333,7.076090593801352,1,WC,0,NoSA,manufacturing,4,good,36,0.056,0.167,1,less50
51967,2021,23,1479.1944444444443,7.299252924281955,1,WC,0,NoSA,manufacturing,4,good,36,0.083,0.167,1,less50
51970,2014,16,831.7391304347826,6.723518846505149,1,WC,0,NoSA,edu,5,very good,23,0.13,0.13,1,less50
51970,2015,17,1058.608695652174,6.964710773684666,1,WC,0,NoSA,edu,5,very good,23,0.261,0.13,1,less50
51970,2016,18,1100.9565217391305,7.003934646151049,1,WC,0,NoSA,edu,5,very good,23,0.478,0.043,1,less50
51970,2017,19,1009.9629629629629,6.917668938829232,1,WC,0,NoSA,edu,3,satisfactory,27,0.111,0.111,1,less50
51970,2018,20,721.4074074074074,6.581204036516816,1,WC,0,NoSA,edu,5,very good,27,0.074,0.037,1,less50
51970,2020,22,896,6.79794041297493,1,WC,0,NoSA,buservices,5,very good,25,0.24,0.16,1,less50
51970,2021,23,757.4814814814815,6.629999090195561,1,WC,0,NoSA,buservices,4,good,27,0.222,0.222,1,less50
51977,2009,11,4720.304347826087,8.459628556972453,0,NoWC,0,NoSA,manufacturing,4,good,23,0.043,0.304,1,less50
51977,2010,12,3618.9166666666665,8.193929996679854,0,NoWC,0,NoSA,manufacturing,5,very good,24,0.042,0.292,1,less50
51977,2011,13,3340.5384615384614,8.113887289006318,0,NoWC,0,NoSA,manufacturing,5,very good,26,0.077,0.269,1,less50
51984,1998,0,888.2008402122641,6.78919788882948,0,NoWC,0,NoSA,edu,3,satisfactory,53,0.038,0.151,2,less100
51984,1999,1,1151.0823800223213,7.048457978725694,0,NoWC,0,NoSA,edu,5,very good,56,0.018,0.125,2,less100
51984,2000,2,455.88145833333334,6.12223281592366,0,NoWC,0,NoSA,edu,5,very good,150,0.053,0.107,3,less250
51985,2010,12,1186.0091324200914,7.078349279713599,1,WC,1,SA,buservices,4,good,219,0.014,0.105,3,less250
51985,2011,13,1257.391304347826,7.136794460343551,1,WC,1,SA,buservices,5,very good,230,0.03,0.091,3,less250
51985,2012,14,1495.9276018099547,7.310501762851308,1,WC,1,SA,buservices,4,good,221,0.014,0.09,3,less250
51985,2013,15,1545.8937198067633,7.34335748151054,1,WC,1,SA,buservices,4,good,207,0.029,0.106,3,less250
51985,2014,16,1436.3636363636363,7.269869946216687,1,WC,1,SA,buservices,3,satisfactory,220,0.027,0.109,3,less250
51985,2016,18,2653.6574803149606,7.883694148656517,1,WC,1,SA,buservices,3,satisfactory,254,0.02,0.083,4,more250
51985,2017,19,2573.0176678445227,7.85283467889032,0,NoWC,1,SA,buservices,4,good,283,0.018,0.081,4,more250
51985,2018,20,2606.777777777778,7.865870169708747,0,NoWC,1,SA,buservices,5,very good,288,0.017,0.097,4,more250
51985,2019,21,2964.4491228070174,7.994446500850384,0,NoWC,1,SA,buservices,3,satisfactory,285,0.025,0.091,4,more250
51985,2020,22,2022.7620967741937,7.612219231030563,0,NoWC,1,SA,buservices,3,satisfactory,248,0.028,0.085,3,less250
51985,2021,23,2149.082251082251,7.672796170029317,0,NoWC,1,SA,buservices,5,very good,231,0.056,0.069,3,less250
51991,1998,0,558.6515580736544,6.325525947987318,0,NoWC,1,SA,buservices,3,satisfactory,706,0.004,0.079,4,more250
51991,1999,1,667.1896904205607,6.503074398917601,0,NoWC,0,NoSA,buservices,3,satisfactory,642,0.002,0.072,4,more250
51991,2000,2,448.02934695512823,6.10485873686579,0,NoWC,0,NoSA,buservices,1,unsatisfactory,624,0.002,0.069,4,more250
52002,2003,5,1213.4418604651162,7.101216113400954,1,WC,0,NoSA,wholesretail,3,satisfactory,43,0.07,0.767,1,less50
52002,2004,6,2116.232558139535,7.657392691541927,1,WC,0,NoSA,wholesretail,1,unsatisfactory,43,0.07,0.698,1,less50
52002,2005,7,3162.3030303030305,8.059055848187983,1,WC,0,NoSA,wholesretail,2,sufficient,33,0.061,0.606,1,less50
52010,2017,19,4491.873563218391,8.410025168360324,0,NoWC,1,SA,wholesretail,4,good,261,0.004,0.931,4,more250
52010,2018,20,4599.926199261992,8.433795538709788,0,NoWC,1,SA,wholesretail,4,good,271,0.007,0.801,4,more250
52010,2019,21,4624.51282051282,8.439126308292952,0,NoWC,1,SA,wholesretail,4,good,273,0.011,0.799,4,more250
52022,2017,19,1847.6875,7.521690136170718,1,WC,0,NoSA,wholesretail,3,satisfactory,32,0.125,0.812,1,less50
52022,2019,21,1532.888888888889,7.334909396720512,1,WC,0,NoSA,wholesretail,4,good,36,0.111,0.75,1,less50
52022,2020,22,2090.3333333333335,7.645078821874911,1,WC,0,NoSA,wholesretail,3,satisfactory,33,0.091,0.697,1,less50
52022,2021,23,1449.1764705882354,7.2787507227507176,1,WC,0,NoSA,wholesretail,1,unsatisfactory,34,0.088,0.706,1,less50
52030,1998,0,1038.4164459745762,6.945452183627352,1,WC,0,NoSA,manufacturing,2,sufficient,59,0.034,0.949,2,less100
52030,1999,1,1339.5932291666666,7.200121286537812,1,WC,0,NoSA,manufacturing,2,sufficient,60,0.033,0.967,2,less100
52030,2000,2,913.546622983871,6.817334412264854,1,WC,0,NoSA,manufacturing,3,satisfactory,62,0.048,0.952,2,less100
52030,2001,3,1222.1938004032259,7.108402719958362,1,WC,0,NoSA,manufacturing,2,sufficient,62,0.048,0.952,2,less100
52037,2012,14,3571,8.18060094759445,1,WC,0,NoSA,construction,4,good,60,0.033,0.65,2,less100
52037,2013,15,3286.03125,8.097435808594598,1,WC,0,NoSA,construction,2,sufficient,64,0.047,0.562,2,less100
52037,2014,16,3620.484375,8.194363101117311,1,WC,0,NoSA,construction,4,good,64,0.031,0.656,2,less100
52037,2015,17,3419.859375,8.137354710790213,1,WC,0,NoSA,construction,4,good,64,0.031,0.688,2,less100
52037,2016,18,3804.984375,8.244067163848458,1,WC,1,SA,construction,3,satisfactory,64,0.016,0.672,2,less100
52037,2019,21,4572.888888888889,8.427900426159482,1,WC,0,NoSA,construction,4,good,54,0.037,0.611,2,less100
52037,2020,22,4794.763636363637,8.47527969233064,1,WC,0,NoSA,wholesretail,4,good,55,0.036,0.727,2,less100
52038,2000,2,15.373225179950843,2.7326273715790457,0,NoWC,0,NoSA,mining,2,sufficient,89,0.011,0.551,2,less100
52038,2001,3,15.373225179950843,2.7326273715790457,0,NoWC,0,NoSA,mining,2,sufficient,89,0.011,0.596,2,less100
52038,2002,4,6.1063829787234045,1.8093346140495625,0,NoWC,0,NoSA,mining,3,satisfactory,94,0.021,0.5,2,less100
52113,2000,2,1989.96923828125,7.595874459448934,1,WC,0,NoSA,manufacturing,4,good,24,0.167,0.083,1,less50
52113,2001,3,2029.9778645833333,7.615780167830241,1,WC,0,NoSA,manufacturing,4,good,24,0.167,0.083,1,less50
52113,2002,4,1639.64,7.402231984526794,1,WC,0,NoSA,manufacturing,4,good,25,0.2,0.12,1,less50
52113,2003,5,1654.9259259259259,7.41151152906082,1,WC,0,NoSA,manufacturing,2,sufficient,27,0.185,0.111,1,less50
52113,2005,7,1755.896551724138,7.470734861140894,1,WC,0,NoSA,manufacturing,4,good,29,0.172,0.069,1,less50
52113,2006,8,1637.2333333333333,7.400763104375153,1,WC,0,NoSA,manufacturing,4,good,30,0.167,0.067,1,less50
52113,2008,10,1661.65625,7.415570124901761,1,WC,0,NoSA,manufacturing,4,good,32,0.156,0.062,1,less50
52113,2009,11,1906.774193548387,7.5531681893332685,1,WC,0,NoSA,manufacturing,2,sufficient,31,0.161,0.065,1,less50
52113,2010,12,1658.9411764705883,7.413934832340959,1,WC,0,NoSA,manufacturing,4,good,34,0.147,0.088,1,less50
52113,2011,13,1768.3333333333333,7.477792762379973,1,WC,0,NoSA,manufacturing,4,good,33,0.152,0.091,1,less50
52113,2012,14,1746.0588235294117,7.465116426284163,1,WC,0,NoSA,manufacturing,5,very good,34,0.147,0.088,1,less50
52113,2013,15,2165.6363636363635,7.680469529642475,1,WC,0,NoSA,manufacturing,5,very good,33,0.242,0.091,1,less50
52113,2014,16,2219.125,7.704868253026961,1,WC,1,SA,manufacturing,4,good,32,0.219,0.094,1,less50
52113,2015,17,2343.5,7.759400817362761,1,WC,0,NoSA,manufacturing,5,very good,30,0.4,0.1,1,less50
52113,2016,18,1872.857142857143,7.535220427702432,1,WC,0,NoSA,manufacturing,4,good,28,0.286,0.107,1,less50
52113,2017,19,2185,7.68937110752969,1,WC,0,NoSA,manufacturing,4,good,27,0.37,0.111,1,less50
52113,2018,20,2341.0714285714284,7.758363979016642,1,WC,0,NoSA,manufacturing,4,good,28,0.393,0.107,1,less50
52113,2019,21,2380.0714285714284,7.774885778219971,1,WC,0,NoSA,manufacturing,4,good,28,0.286,0.107,1,less50
52113,2020,22,3991.8076923076924,8.29199946300137,1,WC,0,NoSA,manufacturing,4,good,26,0.423,0.115,1,less50
52113,2021,23,3869.25,8.260815968792869,1,WC,0,NoSA,manufacturing,4,good,24,0.458,0.125,1,less50
52115,2001,3,4578.9573063380285,8.42922658881761,0,NoWC,0,NoSA,manufacturing,4,good,71,0.099,0.028,2,less100
52115,2002,4,2489.1111111111113,7.819680942235466,0,NoWC,0,NoSA,manufacturing,4,good,81,0.037,0.037,2,less100
52115,2005,7,1777.0289855072465,7.482698139505721,0,NoWC,1,SA,manufacturing,4,good,69,0.014,0.043,2,less100
52144,2000,2,795.0982071314103,6.678465638007914,0,NoWC,0,NoSA,transcom,3,satisfactory,39,0.051,0.179,1,less50
52144,2001,3,978.5733173076923,6.886095712294547,0,NoWC,0,NoSA,transcom,4,good,39,0.051,0.205,1,less50
52144,2002,4,910.2926829268292,6.813766177389109,0,NoWC,0,NoSA,transcom,3,satisfactory,41,0.073,0.195,1,less50
52144,2003,5,907.375,6.810555815605005,0,NoWC,0,NoSA,transcom,3,satisfactory,40,0.05,0.175,1,less50
52181,2004,6,778.2,6.6569835605504535,1,WC,0,NoSA,health,3,satisfactory,20,0.2,0.2,1,less50
52181,2007,9,715.1904761904761,6.572548907482157,1,WC,0,NoSA,health,3,satisfactory,21,0.095,0.19,1,less50
52181,2009,11,854.15,6.750106822393066,1,WC,0,NoSA,health,3,satisfactory,20,0.1,0.2,1,less50
52181,2010,12,849.55,6.744706797531768,1,WC,0,NoSA,health,3,satisfactory,20,0.1,0.25,1,less50
52191,2003,5,2857.7102803738317,7.957775981893658,0,NoWC,0,NoSA,manufacturing,4,good,107,0.243,0.402,3,less250
52191,2004,6,1880.111111111111,7.539086155732408,0,NoWC,0,NoSA,manufacturing,1,unsatisfactory,108,0.157,0.704,3,less250
52191,2005,7,1586.2988505747126,7.369158814818997,0,NoWC,0,NoSA,manufacturing,3,satisfactory,174,0.109,0.707,3,less250
52199,1998,0,2562.8665413533836,7.848881653745493,0,NoWC,0,NoSA,manufacturing,3,satisfactory,399,0.08,0.243,4,more250
52199,1999,1,3279.985613207547,8.09559431515136,0,NoWC,0,NoSA,manufacturing,4,good,265,0.155,0.442,4,more250
52199,2000,2,2938.1279342723005,7.985527900466618,1,WC,0,NoSA,manufacturing,4,good,213,0.192,0.329,3,less250
52213,2007,9,773.1666666666666,6.650494635523689,1,WC,0,NoSA,manufacturing,5,very good,36,0.139,0.528,1,less50
52213,2008,10,724.1463414634146,6.584993501053497,1,WC,0,NoSA,manufacturing,4,good,41,0.073,0.512,1,less50
52213,2009,11,868.9756097560976,6.767315057847452,1,WC,0,NoSA,manufacturing,4,good,41,0.122,0.585,1,less50
52213,2010,12,1237.076923076923,7.120506555646558,1,WC,0,NoSA,manufacturing,5,very good,39,0.179,0.564,1,less50
52213,2011,13,1537.5142857142857,7.337922291158994,1,WC,0,NoSA,manufacturing,5,very good,35,0.2,0.514,1,less50
52213,2012,14,2417.939393939394,7.790670966319423,1,WC,0,NoSA,manufacturing,4,good,33,0.152,0.515,1,less50
52213,2013,15,1546.3636363636363,7.343661412591537,1,WC,0,NoSA,manufacturing,5,very good,33,0.091,0.515,1,less50
52213,2014,16,1919.6206896551723,7.559882888033515,1,WC,0,NoSA,manufacturing,3,satisfactory,29,0.103,0.517,1,less50
52213,2017,19,2551.5,7.844436700504026,1,WC,0,NoSA,manufacturing,4,good,20,0.15,0.55,1,less50
52233,2010,12,3474.7241379310344,8.153270370079708,0,NoWC,0,NoSA,manufacturing,5,very good,58,0.914,0.362,2,less100
52233,2013,15,4776.936507936508,8.471554722101404,0,NoWC,0,NoSA,manufacturing,5,very good,63,0.937,0.333,2,less100
52233,2015,17,4676.123287671233,8.450224688298965,0,NoWC,0,NoSA,manufacturing,5,very good,73,0.863,0.233,2,less100
52233,2016,18,4840.246575342466,8.4847209437317,0,NoWC,0,NoSA,manufacturing,5,very good,73,0.904,0.233,2,less100
52233,2017,19,4681.847222222223,8.451448016638967,0,NoWC,0,NoSA,manufacturing,1,unsatisfactory,72,0.806,0.236,2,less100
52233,2018,20,5842.324324324324,8.672883997381453,0,NoWC,0,NoSA,manufacturing,3,satisfactory,74,0.865,0.23,2,less100
52233,2020,22,5316.430555555556,8.57855740894537,0,NoWC,0,NoSA,manufacturing,4,good,72,0.931,0.236,2,less100
52233,2021,23,5338.5142857142855,8.58270266959385,0,NoWC,1,SA,manufacturing,4,good,70,0.986,0.214,2,less100
52274,2003,5,1976.9724137931034,7.589321869503768,0,NoWC,0,NoSA,manufacturing,4,good,145,0.276,0.414,3,less250
52274,2004,6,2335.6935483870966,7.756064148864293,0,NoWC,0,NoSA,manufacturing,3,satisfactory,124,0.427,0.565,3,less250
52274,2005,7,2736.306818181818,7.914364413603418,0,NoWC,0,NoSA,manufacturing,4,good,88,0.818,0.511,2,less100
52283,2002,4,737.69,6.603523682152452,0,NoWC,0,NoSA,public,3,satisfactory,400,0.25,0.098,4,more250
52283,2003,5,881.2836257309941,6.781379510256389,0,NoWC,0,NoSA,public,1,unsatisfactory,342,0.515,0.114,4,more250
52283,2004,6,958.0407523510971,6.864890316054723,0,NoWC,0,NoSA,public,4,good,319,0.505,0.11,4,more250
52283,2005,7,971.1194539249146,6.878449482274656,1,WC,0,NoSA,public,3,satisfactory,293,0.584,0.113,4,more250
52296,2014,16,3511.1111111111113,8.163687822238785,1,WC,0,NoSA,buservices,4,good,90,0.722,0.711,2,less100
52296,2015,17,4931.125,8.503322435730446,1,WC,0,NoSA,buservices,4,good,80,0.812,0.75,2,less100
52296,2016,18,5034.220779220779,8.524014032345935,1,WC,0,NoSA,buservices,3,satisfactory,77,0.909,0.701,2,less100
52296,2017,19,5382.7037037037035,8.59094607407812,1,WC,0,NoSA,buservices,3,satisfactory,81,0.864,0.691,2,less100
52296,2018,20,5162.876543209876,8.549249172761465,1,WC,0,NoSA,buservices,4,good,81,0.889,0.864,2,less100
52298,2016,18,2248.8358208955224,7.718167948358879,0,NoWC,0,NoSA,health,5,very good,603,0.393,0.491,4,more250
52298,2017,19,2690.961956521739,7.897654013325501,0,NoWC,0,NoSA,health,4,good,552,0.424,0.525,4,more250
52298,2018,20,2580.501677852349,7.85573910779293,0,NoWC,0,NoSA,health,4,good,596,0.436,0.545,4,more250
52340,2014,16,1437.1929824561403,7.270447172438785,1,WC,0,NoSA,edu,4,good,57,0.246,0.474,2,less100
52340,2015,17,1166.952380952381,7.0621508267859685,1,WC,0,NoSA,edu,4,good,63,0.27,0.476,2,less100
52340,2016,18,1227.9846153846154,7.1131295804401855,1,WC,0,NoSA,edu,5,very good,65,0.323,0.477,2,less100
52340,2017,19,2726.964912280702,7.910944515979057,1,WC,0,NoSA,edu,4,good,57,0.123,0.491,2,less100
52343,2016,18,2306.79274611399,7.74361341716981,0,NoWC,0,NoSA,health,2,sufficient,579,0.024,0.511,4,more250
52343,2017,19,2115.1847826086955,7.656897455327732,0,NoWC,0,NoSA,health,3,satisfactory,552,0.02,0.525,4,more250
52343,2018,20,1919.251677852349,7.559690637930551,0,NoWC,0,NoSA,health,4,good,596,0.013,0.545,4,more250
52390,2014,16,5062,8.529516941105069,0,NoWC,0,NoSA,public,4,good,58,0.328,0.845,2,less100
52390,2015,17,2360,7.7664168980196555,1,WC,0,NoSA,public,5,very good,55,0.273,0.891,2,less100
52390,2016,18,1999.5084745762713,7.600656666625614,1,WC,0,NoSA,public,5,very good,59,0.288,0.966,2,less100
52390,2017,19,2993.0405405405404,8.004045052879755,1,WC,0,NoSA,public,1,unsatisfactory,74,0.351,0.878,2,less100
52394,1999,1,563.0152788765823,6.333306766095755,0,NoWC,0,NoSA,buservices,2,sufficient,1264,0.267,0.027,4,more250
52394,2000,2,542.306109185442,6.295830619107998,0,NoWC,0,NoSA,buservices,3,satisfactory,1154,0.208,0.029,4,more250
52394,2001,3,597.4019294507576,6.392590135523626,0,NoWC,0,NoSA,buservices,3,satisfactory,1056,0.329,0.026,4,more250
52394,2002,4,631.3416009019165,6.447847080401752,0,NoWC,0,NoSA,buservices,3,satisfactory,887,0.327,0.021,4,more250
52394,2003,5,623.4511691884456,6.435270444793224,0,NoWC,0,NoSA,buservices,3,satisfactory,727,0.347,0.026,4,more250
52410,2013,15,4146.1578947368425,8.329937375902217,0,NoWC,0,NoSA,resthotels,3,satisfactory,57,0.018,0.421,2,less100
52410,2015,17,4175.183333333333,8.336913548496494,0,NoWC,0,NoSA,resthotels,3,satisfactory,60,0.017,0.383,2,less100
52410,2017,19,5268.171428571429,8.569438603824109,0,NoWC,0,NoSA,resthotels,4,good,35,0.029,0.314,1,less50
52410,2018,20,5386.323529411765,8.591618340154904,0,NoWC,0,NoSA,resthotels,4,good,34,0.029,0.324,1,less50
52410,2019,21,6114.878787878788,8.71848022582813,0,NoWC,0,NoSA,resthotels,4,good,33,0.03,0.333,1,less50
52430,1998,0,2880.5176056338028,7.96572528115994,0,NoWC,0,NoSA,manufacturing,1,unsatisfactory,355,0.101,0.992,4,more250
52430,1999,1,2448.4399647887326,7.8032063516621655,0,NoWC,0,NoSA,manufacturing,4,good,355,0.11,0.98,4,more250
52430,2001,3,1883.1535447761194,7.540703067964766,0,NoWC,0,NoSA,manufacturing,3,satisfactory,335,0.081,0.982,4,more250
52430,2002,4,1501.3404825737266,7.314113643067516,0,NoWC,0,NoSA,manufacturing,3,satisfactory,373,0.263,0.949,4,more250
52432,2004,6,2212.285714285714,7.701781519891355,0,NoWC,0,NoSA,mining,3,satisfactory,105,0.152,0.952,3,less250
52432,2005,7,2067.564814814815,7.63412677577276,0,NoWC,0,NoSA,mining,2,sufficient,108,0.176,0.963,3,less250
52432,2006,8,3486.442857142857,8.15663725677854,0,NoWC,0,NoSA,mining,4,good,70,0.3,0.757,2,less100
52432,2007,9,2207.2950819672133,7.699523100068397,0,NoWC,0,NoSA,mining,4,good,122,0.213,0.869,3,less250
52450,2016,18,1508.4468085106382,7.3188357967978686,0,NoWC,0,NoSA,transcom,4,good,141,0.34,0.887,3,less250
52450,2017,19,1528.3829787234042,7.331965578847165,0,NoWC,0,NoSA,transcom,2,sufficient,141,0.66,0.879,3,less250
52450,2018,20,1422.0567375886526,7.259859509418582,0,NoWC,0,NoSA,transcom,2,sufficient,141,0.468,0.872,3,less250
52497,2000,2,2447.7955729166665,7.8029431323497676,1,WC,0,NoSA,manufacturing,4,good,36,0.111,0.111,1,less50
52497,2003,5,2605,7.865187954187467,1,WC,0,NoSA,manufacturing,4,good,39,0.128,0.128,1,less50
52497,2004,6,2483.714285714286,7.817510414583697,1,WC,0,NoSA,manufacturing,4,good,42,0.095,0.119,1,less50
52497,2005,7,3023.6666666666665,8.014225501946834,1,WC,0,NoSA,manufacturing,3,satisfactory,45,0.089,0.133,1,less50
52497,2007,9,2442.1923076923076,7.800651401648776,1,WC,0,NoSA,manufacturing,4,good,52,0.077,0.135,2,less100
52497,2010,12,3242.037037037037,8.083957126362703,1,WC,0,NoSA,manufacturing,1,unsatisfactory,54,0.13,0.13,2,less100
52497,2011,13,2737.5,7.914800374124757,1,WC,0,NoSA,manufacturing,3,satisfactory,56,0.161,0.125,2,less100
52497,2012,14,3702.4489795918366,8.216749766058308,1,WC,1,SA,manufacturing,2,sufficient,49,0.082,0.02,1,less50
52497,2013,15,2442.1923076923076,7.800651401648776,1,WC,0,NoSA,manufacturing,4,good,52,0.077,0.115,2,less100
52497,2014,16,3488.846153846154,8.157326345587508,1,WC,0,NoSA,manufacturing,4,good,52,0.058,0.019,2,less100
52497,2020,22,2890.4561403508774,7.969169602683443,1,WC,0,NoSA,manufacturing,4,good,57,0.088,0.018,2,less100
52521,2007,9,3887.275,8.265463676999,1,WC,0,NoSA,edu,3,satisfactory,40,0.225,0.775,1,less50
52521,2008,10,4813.630434782609,8.479206846551646,1,WC,0,NoSA,edu,3,satisfactory,46,0.043,0.804,1,less50
52521,2009,11,5144.272727272727,8.54563928303316,1,WC,0,NoSA,health,3,satisfactory,44,0.159,0.614,1,less50
52521,2010,12,3177.8958333333335,8.063974569131318,1,WC,0,NoSA,health,3,satisfactory,48,0.104,0.812,1,less50
52521,2011,13,2773.4363636363637,7.927842394806738,1,WC,0,NoSA,health,3,satisfactory,55,0.091,0.873,2,less100
52521,2012,14,1984.1129032258063,7.59292719309353,1,WC,0,NoSA,health,4,good,62,0.081,0.79,2,less100
52521,2013,15,2335.2033898305085,7.755854271162057,1,WC,0,NoSA,health,4,good,59,0.085,0.831,2,less100
52521,2014,16,2245.796296296296,7.716815434968095,1,WC,0,NoSA,health,4,good,54,0.093,0.815,2,less100
52521,2015,17,2413.8867924528304,7.788993504307951,1,WC,0,NoSA,health,4,good,53,0.094,0.811,2,less100
52521,2016,18,2607.0526315789475,7.8659756022908764,1,WC,0,NoSA,health,4,good,57,0.088,0.789,2,less100
52521,2017,19,2397.2179487179487,7.782064155923741,1,WC,0,NoSA,health,5,very good,78,0.064,0.731,2,less100
52521,2019,21,2644.4125,7.880204202418452,1,WC,0,NoSA,health,3,satisfactory,80,0.125,0.762,2,less100
52524,2000,2,2806.3733183856502,7.939648294715925,1,WC,0,NoSA,art,4,good,223,0.04,0.09,3,less250
52524,2001,3,2754.8316048034935,7.921111596235593,1,WC,0,NoSA,art,5,very good,229,0.044,0.096,3,less250
52524,2002,4,2466.9603524229074,7.810742045229929,1,WC,1,SA,art,2,sufficient,227,0.044,0.084,3,less250
52524,2003,5,1996.691629955947,7.59924690484534,1,WC,0,NoSA,art,3,satisfactory,227,0.044,0.093,3,less250
52524,2004,6,2232.1428571428573,7.710717325549289,1,WC,0,NoSA,art,3,satisfactory,224,0.045,0.098,3,less250
52524,2005,7,2323.364864864865,7.750771786672213,1,WC,0,NoSA,art,4,good,222,0.036,0.104,3,less250
52537,2007,9,658.0568181818181,6.489291277417778,0,NoWC,0,NoSA,transcom,3,satisfactory,616,0.196,0.109,4,more250
52537,2008,10,623.0316666666666,6.4345973468161795,0,NoWC,0,NoSA,transcom,2,sufficient,600,0.015,0.09,4,more250
52537,2009,11,575,6.354370040797351,0,NoWC,0,NoSA,transcom,3,satisfactory,600,0.222,0.092,4,more250
52537,2011,13,621.9354838709677,6.432836363679391,0,NoWC,0,NoSA,transcom,4,good,465,0.172,0.099,4,more250
52537,2013,15,694.1431670281995,6.542678231779261,0,NoWC,0,NoSA,transcom,5,very good,461,0.336,0.091,4,more250
52537,2014,16,700.6651884700665,6.5520301530663705,0,NoWC,0,NoSA,transcom,5,very good,451,0.182,0.091,4,more250
52537,2015,17,3311.6039387308533,8.105187924637917,0,NoWC,0,NoSA,transcom,5,very good,457,0.414,0.096,4,more250
52537,2016,18,3322.924778761062,8.108600631553413,0,NoWC,0,NoSA,transcom,5,very good,452,0.277,0.091,4,more250
52537,2018,20,4081.2461873638345,8.314157658840864,0,NoWC,0,NoSA,transcom,5,very good,459,0.566,0.094,4,more250
52537,2019,21,4230.2188940092165,8.350009018694164,0,NoWC,0,NoSA,transcom,3,satisfactory,434,0.541,0.085,4,more250
52537,2020,22,4284.264563106796,8.362704185754835,0,NoWC,0,NoSA,wholesretail,4,good,412,0.481,0.09,4,more250
52537,2021,23,4477.123188405797,8.406735973700204,0,NoWC,0,NoSA,wholesretail,2,sufficient,414,0.418,0.092,4,more250
52549,2014,16,1516.6538461538462,7.324261770155783,0,NoWC,0,NoSA,manufacturing,3,satisfactory,26,0.192,0.5,1,less50
52549,2015,17,1476.9259259259259,7.297718129564822,0,NoWC,0,NoSA,manufacturing,3,satisfactory,27,0.222,0.481,1,less50
52549,2016,18,1436.28,7.26981171667328,0,NoWC,0,NoSA,manufacturing,3,satisfactory,25,0.2,0.48,1,less50
52549,2017,19,1458.888888888889,7.285430389960623,0,NoWC,0,NoSA,manufacturing,3,satisfactory,27,0.222,0.444,1,less50
52549,2018,20,1482.607142857143,7.301557400002153,0,NoWC,0,NoSA,manufacturing,3,satisfactory,28,0.179,0.429,1,less50
52630,2009,11,1455.6962025316457,7.2832395548783655,0,NoWC,0,NoSA,health,4,good,237,0.135,0.768,3,less250
52630,2010,12,1026.6245059288538,6.93403152080258,0,NoWC,0,NoSA,health,3,satisfactory,253,0.028,0.83,4,more250
52630,2011,13,1108.0459770114942,7.010353361944053,0,NoWC,0,NoSA,health,3,satisfactory,261,0.027,0.602,4,more250
52630,2012,14,1219.9261992619927,7.10654564348936,0,NoWC,0,NoSA,health,3,satisfactory,271,0.004,0.675,4,more250
52656,1998,0,1261.5949127906977,7.14013200329344,0,NoWC,0,NoSA,wholesretail,1,unsatisfactory,215,0.042,0.126,3,less250
52656,1999,1,1330.258086622807,7.193128252482852,0,NoWC,0,NoSA,wholesretail,1,unsatisfactory,228,0.035,0.114,3,less250
52656,2000,2,1204.250968992248,7.093613050153767,0,NoWC,0,NoSA,wholesretail,1,unsatisfactory,258,0.023,0.085,4,more250
52656,2001,3,1116.9340156794426,7.018342724521687,0,NoWC,0,NoSA,wholesretail,3,satisfactory,287,0.017,0.035,4,more250
52656,2002,4,1060.680412371134,6.966665879640747,0,NoWC,0,NoSA,wholesretail,1,unsatisfactory,291,0.007,0.089,4,more250
52656,2004,6,868.4083601286173,6.766662065005952,1,WC,0,NoSA,wholesretail,1,unsatisfactory,311,0.01,0.103,4,more250
52656,2005,7,828.4509202453987,6.719557595818478,0,NoWC,0,NoSA,wholesretail,1,unsatisfactory,326,0.003,0.092,4,more250
52656,2006,8,885.4918032786885,6.786143200577774,0,NoWC,0,NoSA,wholesretail,1,unsatisfactory,305,0.007,0.089,4,more250
52665,2001,3,7081.339743589743,8.865218398106741,1,WC,0,NoSA,manufacturing,3,satisfactory,78,0.013,0.282,2,less100
52665,2002,4,6021.5053763440865,8.703092569558077,1,WC,0,NoSA,manufacturing,2,sufficient,93,0.032,0.484,2,less100
52665,2004,6,3105.590062111801,8.040959012419865,1,WC,0,NoSA,manufacturing,1,unsatisfactory,161,0.012,0.205,3,less250
52665,2006,8,2718.232044198895,7.9077369642086195,1,WC,1,SA,manufacturing,2,sufficient,181,0.022,0.177,3,less250
52665,2007,9,2133.4894736842107,7.665514168790812,1,WC,1,SA,manufacturing,3,satisfactory,190,0.037,0.147,3,less250
52665,2008,10,2173.3662790697676,7.684032525218873,1,WC,1,SA,manufacturing,4,good,172,0.099,0.157,3,less250
52700,2001,3,825.73296875,6.716271438868975,0,NoWC,0,NoSA,wholesretail,2,sufficient,300,0.067,0.293,4,more250
52700,2002,4,838.1070422535212,6.731145827710677,0,NoWC,0,NoSA,wholesretail,2,sufficient,355,0.07,0.237,4,more250
52700,2003,5,1784.524861878453,7.486907474958943,0,NoWC,0,NoSA,wholesretail,3,satisfactory,181,0.094,0.37,3,less250
52700,2004,6,1094.8017621145375,6.9983285866962275,0,NoWC,0,NoSA,wholesretail,1,unsatisfactory,227,0.097,0.348,3,less250
52705,1998,0,1123.3418288934427,7.024063297462853,0,NoWC,0,NoSA,finance,4,good,61,0.295,0.639,2,less100
52705,1999,1,1893.3808913934427,7.546119341425338,0,NoWC,0,NoSA,finance,4,good,61,0.033,0.639,2,less100
52705,2000,2,766.5103739754098,6.641848232434777,0,NoWC,0,NoSA,finance,4,good,61,0.262,0.672,2,less100
52705,2001,3,1302.2603665865386,7.171856777113131,0,NoWC,0,NoSA,finance,3,satisfactory,52,0.019,0.635,2,less100
52705,2002,4,1240.34,7.123140814563289,1,WC,1,SA,finance,3,satisfactory,50,0.4,0.72,1,less50
52721,2005,7,616.9700956937799,6.424820555459791,0,NoWC,0,NoSA,manufacturing,4,good,836,0.005,0.587,4,more250
52721,2006,8,653.3864541832669,6.482168767674551,0,NoWC,0,NoSA,manufacturing,4,good,753,0.005,0.588,4,more250
52721,2007,9,594.3739002932551,6.387508583107836,0,NoWC,0,NoSA,manufacturing,4,good,682,0.013,0.57,4,more250
52721,2009,11,549.3630573248407,6.308759529545298,0,NoWC,0,NoSA,manufacturing,3,satisfactory,628,0.019,0.503,4,more250
52721,2010,12,494.7352380952381,6.204022746938476,0,NoWC,0,NoSA,manufacturing,3,satisfactory,525,0.023,0.528,4,more250
52735,2015,17,4201.540740740741,8.343206580034515,1,WC,0,NoSA,edu,4,good,135,0.459,0.815,3,less250
52735,2016,18,5641.64705882353,8.637931333565446,1,WC,0,NoSA,edu,4,good,136,0.397,0.838,3,less250
52735,2017,19,6512.584615384615,8.78149167874261,1,WC,0,NoSA,edu,4,good,130,0.538,0.754,3,less250
52735,2018,20,6956.527559055118,8.847435714900637,1,WC,0,NoSA,edu,5,very good,127,0.598,0.709,3,less250
52735,2019,21,7970.136,8.983456835628635,1,WC,0,NoSA,edu,5,very good,125,0.824,0.688,3,less250
52746,2015,17,1970.0098039215686,7.5857937983295844,0,NoWC,0,NoSA,public,4,good,510,0.414,0.524,4,more250
52746,2016,18,2121.194029850746,7.659734430743997,0,NoWC,0,NoSA,public,4,good,603,0.393,0.491,4,more250
52746,2017,19,2548.590579710145,7.8432957715107126,0,NoWC,0,NoSA,public,4,good,552,0.424,0.525,4,more250
52746,2018,20,2365.6761744966443,7.768819168939952,0,NoWC,0,NoSA,public,5,very good,596,0.436,0.545,4,more250
52750,2004,6,1449.7272727272727,7.2791307299496015,1,WC,0,NoSA,construction,2,sufficient,22,0.136,0.318,1,less50
52750,2007,9,2899.076923076923,7.97214766291834,1,WC,0,NoSA,construction,3,satisfactory,26,0.231,0.192,1,less50
52750,2008,10,2958.2608695652175,7.992356830580649,1,WC,0,NoSA,construction,4,good,23,0.13,0.435,1,less50
52750,2009,11,2412.4615384615386,7.78840289047944,1,WC,0,NoSA,manufacturing,4,good,26,0.462,0.423,1,less50
52750,2011,13,2409.766666666667,7.787285202986945,1,WC,0,NoSA,manufacturing,4,good,30,0.467,0.4,1,less50
52750,2012,14,3075.464285714286,8.031211156067352,1,WC,0,NoSA,manufacturing,4,good,28,0.643,0.5,1,less50
52750,2014,16,2907.970588235294,7.975210724515362,1,WC,0,NoSA,manufacturing,4,good,34,0.382,0.471,1,less50
52750,2016,18,2719.6279069767443,7.90825035102661,1,WC,0,NoSA,manufacturing,4,good,43,0.279,0.349,1,less50
52750,2017,19,4957.628571428571,8.508682794788578,1,WC,0,NoSA,manufacturing,4,good,35,0.343,0.343,1,less50
52750,2018,20,5581.40625,8.627196039753658,1,WC,0,NoSA,manufacturing,4,good,32,0.156,0.375,1,less50
52750,2020,22,3502.0588235294117,8.161106309829059,1,WC,0,NoSA,manufacturing,4,good,34,0.294,0.412,1,less50
52750,2021,23,4027,8.300776960851454,1,WC,0,NoSA,manufacturing,5,very good,33,0.455,0.424,1,less50
52756,2015,17,1809.5085324232082,7.500810558341234,0,NoWC,0,NoSA,health,4,good,293,0.075,0.911,4,more250
52756,2016,18,2400.006993006993,7.783226930084706,0,NoWC,0,NoSA,health,5,very good,286,0.066,0.934,4,more250
52756,2017,19,1848.2111436950147,7.521973500921216,0,NoWC,1,SA,health,4,good,341,0.079,0.85,4,more250
52756,2018,20,1694.497311827957,7.435141404635671,1,WC,0,NoSA,health,4,good,372,0.07,0.874,4,more250
52756,2019,21,1744.4905660377358,7.4642178527805845,1,WC,0,NoSA,health,4,good,371,0.059,0.846,4,more250
52834,2006,8,264.63358778625957,5.578346181592637,1,WC,0,NoSA,buservices,4,good,393,0.066,0.115,4,more250
52834,2007,9,248.34418604651162,5.514815630957254,1,WC,0,NoSA,buservices,4,good,430,0.047,0.102,4,more250
52834,2008,10,260.9540816326531,5.5643444594028235,1,WC,0,NoSA,buservices,4,good,392,0.069,0.115,4,more250
52834,2009,11,200.67403314917127,5.301681866012618,1,WC,0,NoSA,buservices,4,good,362,0.077,0.113,4,more250
52834,2010,12,214.86756756756756,5.370021873541395,1,WC,0,NoSA,buservices,2,sufficient,370,0.095,0.116,4,more250
52834,2011,13,202.93939393939394,5.31290738244357,1,WC,0,NoSA,buservices,3,satisfactory,396,0.081,0.101,4,more250
52834,2013,15,212.61520190023754,5.359483968056294,0,NoWC,0,NoSA,buservices,4,good,421,0.088,0.102,4,more250
52860,2000,2,1509.34130130597,7.319428610334788,0,NoWC,0,NoSA,manufacturing,4,good,67,0.03,0.493,2,less100
52860,2012,14,582.7310924369748,6.367725831978906,0,NoWC,0,NoSA,manufacturing,5,very good,119,0.008,0.353,3,less250
52860,2016,18,569.8787878787879,6.345423685370542,0,NoWC,0,NoSA,manufacturing,4,good,132,0.015,0.311,3,less250
52860,2021,23,270.75912408759126,5.601229584621107,0,NoWC,0,NoSA,manufacturing,3,satisfactory,137,0.007,0.38,3,less250
52879,2000,2,1451.359375,7.2802558962359605,0,NoWC,0,NoSA,construction,4,good,49,0.102,0.551,1,less50
52879,2001,3,1513.1193484042553,7.321928592636528,0,NoWC,0,NoSA,construction,2,sufficient,47,0.362,0.532,1,less50
52879,2002,4,2081.4150943396226,7.6408032751903505,0,NoWC,0,NoSA,construction,3,satisfactory,53,0.34,0.528,2,less100
52887,2000,2,1870.5947690217392,7.534011717579209,0,NoWC,0,NoSA,art,4,good,23,0.217,0.043,1,less50
52887,2002,4,1593.5217391304348,7.37370177614302,0,NoWC,0,NoSA,art,4,good,23,0.217,0.13,1,less50
52887,2003,5,1585.391304347826,7.368586535556315,0,NoWC,0,NoSA,art,4,good,23,0.13,0.13,1,less50
52887,2004,6,2487.55,7.819053569333248,0,NoWC,0,NoSA,art,2,sufficient,20,0.25,0.15,1,less50
52887,2006,8,2226.095238095238,7.7080043153296245,0,NoWC,0,NoSA,art,4,good,21,0.286,0.143,1,less50
52887,2007,9,2337.409090909091,7.756798368816851,0,NoWC,0,NoSA,art,4,good,22,0.227,0.136,1,less50
52904,2015,17,3980.89898989899,8.289262949631189,1,WC,0,NoSA,public,4,good,297,0.424,0.38,4,more250
52904,2016,18,2906.4607142857144,7.974691370547636,1,WC,0,NoSA,public,4,good,280,0.468,0.386,4,more250
52904,2017,19,2435.122866894198,7.797752492927143,1,WC,0,NoSA,public,4,good,293,0.413,0.369,4,more250
52904,2018,20,2827.2482993197277,7.9470591852196355,1,WC,0,NoSA,public,4,good,294,0.422,0.361,4,more250
52904,2019,21,2859.3050847457625,7.958333896928496,1,WC,0,NoSA,public,4,good,295,0.42,0.336,4,more250
52904,2020,22,2520.255319148936,7.83211549249583,1,WC,0,NoSA,public,4,good,329,0.401,0.334,4,more250
52904,2021,23,1992.618320610687,7.597204791892832,1,WC,0,NoSA,public,4,good,393,0.336,0.364,4,more250
52907,1998,0,1407.2109375,7.2493649659201465,0,NoWC,0,NoSA,health,3,satisfactory,196,0.51,0.179,3,less250
52907,1999,1,1219.7895720108695,7.106433640892275,0,NoWC,0,NoSA,health,4,good,184,0.554,0.179,3,less250
52907,2000,2,779.8185160427807,6.659061220871344,0,NoWC,0,NoSA,health,5,very good,187,0.578,0.176,3,less250
52907,2001,3,877.4629304846939,6.777034709985811,0,NoWC,0,NoSA,health,5,very good,196,0.561,0.122,3,less250
52907,2002,4,828.6059113300493,6.719744663735702,0,NoWC,0,NoSA,health,5,very good,203,0.552,0.123,3,less250
52907,2003,5,957.8114285714286,6.864650919943637,0,NoWC,0,NoSA,health,1,unsatisfactory,175,0.634,0.131,3,less250
52907,2004,6,1049.0429447852762,6.955633546343148,0,NoWC,0,NoSA,health,4,good,163,0.663,0.123,3,less250
52907,2005,7,1014.560975609756,6.922211261559992,0,NoWC,0,NoSA,health,4,good,164,0.732,0.122,3,less250
52907,2006,8,1165.3148148148148,7.0607465568038315,0,NoWC,0,NoSA,health,4,good,162,0.704,0.123,3,less250
52907,2007,9,803.5568181818181,6.689047896033834,0,NoWC,0,NoSA,health,4,good,176,0.642,0.119,3,less250
52907,2008,10,881.0837988826815,6.781152739327266,0,NoWC,0,NoSA,health,5,very good,179,0.564,0.123,3,less250
52907,2009,11,944.68156424581,6.850847901654862,0,NoWC,0,NoSA,health,5,very good,179,0.609,0.128,3,less250
52907,2010,12,1014.9106145251396,6.92255582309073,0,NoWC,0,NoSA,health,4,good,179,0.615,0.156,3,less250
52907,2011,13,1025.0218579234972,6.93246921614855,0,NoWC,0,NoSA,health,4,good,183,0.634,0.153,3,less250
52907,2012,14,1219.065,7.10583945045509,0,NoWC,0,NoSA,health,4,good,200,0.58,0.155,3,less250
52907,2013,15,1434.9775784753363,7.268904503315791,0,NoWC,0,NoSA,health,4,good,223,0.52,0.085,3,less250
52907,2014,16,1210.727969348659,7.098977085246355,0,NoWC,0,NoSA,health,4,good,261,0.456,0.073,4,more250
52907,2015,17,1443.3717472118958,7.2747371466707245,0,NoWC,0,NoSA,health,4,good,269,0.442,0.089,4,more250
52907,2016,18,1880.605633802817,7.539349149586026,0,NoWC,0,NoSA,health,4,good,213,0.559,0.099,3,less250
52907,2017,19,2286.0864864864866,7.734596676747802,0,NoWC,0,NoSA,health,4,good,185,0.643,0.114,3,less250
52907,2018,20,2323.931216931217,7.751015520688375,0,NoWC,0,NoSA,health,4,good,189,0.683,0.106,3,less250
52907,2019,21,2241.207729468599,7.714770164493231,0,NoWC,0,NoSA,health,4,good,207,0.628,0.111,3,less250
52911,1999,1,1057.3881138392858,6.96355710280691,1,WC,0,NoSA,edu,5,very good,28,0.036,0.857,1,less50
52911,2000,2,817.9306640625,6.706777570250401,1,WC,0,NoSA,edu,3,satisfactory,30,0.033,0.9,1,less50
52911,2001,3,821.7407407407408,6.711424944748253,1,WC,0,NoSA,edu,2,sufficient,27,0.037,0.889,1,less50
52911,2002,4,1082.3103448275863,6.986853243444081,1,WC,0,NoSA,edu,4,good,29,0.034,0.897,1,less50
52913,2002,4,3611.6455696202534,8.191918783924953,1,WC,0,NoSA,wholesretail,3,satisfactory,79,0.025,0.152,2,less100
52913,2006,8,1447.2717391304348,7.277435503838136,1,WC,0,NoSA,wholesretail,2,sufficient,92,0.011,0.196,2,less100
52913,2007,9,915.5140186915888,6.819485676604198,1,WC,0,NoSA,wholesretail,4,good,107,0.009,0.196,3,less250
52913,2008,10,901.8706896551724,6.80447115020159,1,WC,0,NoSA,wholesretail,4,good,116,0.009,0.103,3,less250
52913,2009,11,967.1864406779661,6.874391280052155,1,WC,0,NoSA,wholesretail,4,good,118,0.008,0.119,3,less250
52913,2010,12,860.025641025641,6.756962203949185,1,WC,0,NoSA,wholesretail,3,satisfactory,117,0.009,0.145,3,less250
52913,2011,13,898.6456692913385,6.800888818059228,1,WC,0,NoSA,wholesretail,4,good,127,0.008,0.157,3,less250
52913,2012,14,870.6971830985915,6.769294250614672,1,WC,0,NoSA,wholesretail,4,good,142,0.014,0.148,3,less250
52913,2013,15,854.4765625,6.750489073858827,1,WC,0,NoSA,wholesretail,3,satisfactory,128,0.016,0.164,3,less250
52913,2014,16,827.0144927536232,6.717822219360615,1,WC,0,NoSA,wholesretail,3,satisfactory,138,0.014,0.152,3,less250
52913,2015,17,1127.1925925925925,7.0274853890516935,1,WC,0,NoSA,wholesretail,3,satisfactory,135,0.007,0.119,3,less250
52913,2017,19,797.6709677419354,6.681696191296686,1,WC,0,NoSA,wholesretail,2,sufficient,155,0.019,0.11,3,less250
52913,2019,21,750.8421052631579,6.621195383671543,1,WC,0,NoSA,wholesretail,5,very good,152,0.013,0.158,3,less250
52913,2020,22,702.1275167785235,6.5541150353624955,1,WC,0,NoSA,construction,3,satisfactory,149,0.02,0.121,3,less250
52913,2021,23,880.8523489932886,6.780890017104325,1,WC,0,NoSA,construction,4,good,149,0.013,0.121,3,less250
52918,1998,0,1173.7415364583333,7.067951819811349,1,WC,0,NoSA,finance,3,satisfactory,108,0.056,0.102,3,less250
52918,1999,1,1442.320238095238,7.274008372311887,1,WC,1,SA,finance,2,sufficient,105,0.029,0.162,3,less250
52918,2000,2,1565.3081395348838,7.355837977864612,1,WC,0,NoSA,finance,3,satisfactory,86,0.035,0.174,2,less100
52918,2001,3,686.3074822154472,6.531325752107014,1,WC,0,NoSA,finance,3,satisfactory,123,0.033,0.187,3,less250
52918,2002,4,815.9752066115702,6.704383970448054,1,WC,0,NoSA,finance,3,satisfactory,121,0.107,0.165,3,less250
52921,2000,2,1101.4660823170732,7.004397373500556,0,NoWC,1,SA,manufacturing,3,satisfactory,82,0.146,0.732,2,less100
52921,2001,3,989.3498263888889,6.89704798635846,0,NoWC,1,SA,manufacturing,5,very good,81,0.086,0.765,2,less100
52921,2004,6,855.7368421052631,6.751962901429114,0,NoWC,1,SA,manufacturing,2,sufficient,76,0.105,0.816,2,less100
52923,2008,10,5663.924242424242,8.6418722600059,0,NoWC,1,SA,manufacturing,3,satisfactory,66,0.97,0.621,2,less100
52923,2010,12,3935.3939393939395,8.277766267503674,0,NoWC,1,SA,manufacturing,5,very good,66,0.818,0.576,2,less100
52923,2013,15,4637.68115942029,8.44196977017865,0,NoWC,1,SA,manufacturing,3,satisfactory,69,0.623,0.594,2,less100
52956,2019,21,1246.5121951219512,7.128104686407092,0,NoWC,0,NoSA,buservices,3,satisfactory,41,0.098,0.512,1,less50
52956,2020,22,1133.1951219512196,7.032796463279976,0,NoWC,0,NoSA,buservices,3,satisfactory,41,0.122,0.512,1,less50
52956,2021,23,876.622641509434,6.776076616432162,0,NoWC,0,NoSA,buservices,2,sufficient,53,0.226,0.547,2,less100
52995,2015,17,2927.170731707317,7.981791614921516,1,WC,0,NoSA,wholesretail,4,good,41,0.463,0.049,1,less50
52995,2018,20,1838.6875,7.516807280855293,1,WC,0,NoSA,wholesretail,3,satisfactory,48,0.375,0.062,1,less50
52995,2019,21,2160.6382978723404,7.678158965298472,1,WC,0,NoSA,wholesretail,4,good,47,0.383,0.043,1,less50
53006,2008,10,1583.5384615384614,7.367417154624968,1,WC,0,NoSA,transcom,5,very good,26,0.038,0.654,1,less50
53006,2009,11,7591.166666666667,8.934740569600622,1,WC,0,NoSA,transcom,5,very good,24,0.042,0.708,1,less50
53006,2010,12,5575.458333333333,8.626129805206178,1,WC,0,NoSA,transcom,4,good,24,0.042,0.792,1,less50
53006,2011,13,4955.962962962963,8.508346769549794,1,WC,0,NoSA,transcom,4,good,27,0.037,0.704,1,less50
53006,2012,14,4528.966666666666,8.41824908355268,1,WC,0,NoSA,transcom,4,good,30,0.033,0.6,1,less50
53011,1998,0,1193.213243873979,7.084405152037576,0,NoWC,0,NoSA,health,3,satisfactory,857,0.014,0.208,4,more250
53011,1999,1,612.5413583509513,6.417616463977538,0,NoWC,0,NoSA,health,3,satisfactory,1419,0.013,0.192,4,more250
53011,2000,2,539.5010775862069,6.290644782075633,0,NoWC,0,NoSA,health,1,unsatisfactory,1160,0.011,0.272,4,more250
53011,2001,3,556.3107914462081,6.321327115502135,0,NoWC,0,NoSA,health,3,satisfactory,1134,0.008,0.286,4,more250
53011,2002,4,606.060606060606,6.406979991069647,0,NoWC,0,NoSA,health,1,unsatisfactory,924,0.011,0.291,4,more250
53011,2003,5,623.4511691884456,6.435270444793224,0,NoWC,0,NoSA,health,3,satisfactory,727,0.011,0.363,4,more250
53011,2004,6,562.429696287964,6.3322661418904245,0,NoWC,0,NoSA,health,4,good,889,0.009,0.223,4,more250
53036,2017,19,763.3636363636364,6.637734505385192,1,WC,0,NoSA,construction,3,satisfactory,22,0.091,0.955,1,less50
53036,2018,20,748.0434782608696,6.617461102302431,1,WC,0,NoSA,construction,3,satisfactory,23,0.174,1,1,less50
53036,2019,21,837.9047619047619,6.730904444745187,1,WC,0,NoSA,construction,3,satisfactory,21,0.143,0.952,1,less50
53036,2020,22,379.7083333333333,5.939403414148181,1,WC,0,NoSA,wholesretail,4,good,24,0.083,0.875,1,less50
53055,2006,8,482.12145748987854,6.17819606880086,0,NoWC,1,SA,manufacturing,3,satisfactory,247,0.02,0.522,3,less250
53055,2007,9,607.488,6.409332421933189,0,NoWC,1,SA,manufacturing,2,sufficient,250,0.012,0.64,3,less250
53055,2008,10,534.717299578059,6.281738195233555,0,NoWC,1,SA,manufacturing,1,unsatisfactory,237,0.008,0.536,3,less250
53055,2009,11,552.7603305785124,6.314924508985818,0,NoWC,1,SA,manufacturing,3,satisfactory,242,0.004,0.521,3,less250
53055,2011,13,776.9957081545065,6.655434826741718,0,NoWC,1,SA,manufacturing,1,unsatisfactory,233,0.009,0.536,3,less250
53055,2012,14,769.8559670781893,6.6462034416080105,0,NoWC,1,SA,manufacturing,1,unsatisfactory,243,0.008,0.576,3,less250
53055,2013,15,847.8471074380166,6.742700321703767,0,NoWC,0,NoSA,manufacturing,1,unsatisfactory,242,0.008,0.517,3,less250
53058,2004,6,303,5.713732805509369,1,WC,0,NoSA,buservices,3,satisfactory,21,0.095,0.333,1,less50
53058,2005,7,454.52,6.119241917049808,0,NoWC,0,NoSA,buservices,4,good,25,0.08,0.4,1,less50
53058,2006,8,321.9583333333333,5.774422137585638,0,NoWC,0,NoSA,buservices,4,good,24,0.125,0.25,1,less50
53058,2007,9,594.3461538461538,6.387461900212212,1,WC,0,NoSA,buservices,4,good,26,0.077,0.385,1,less50
53058,2008,10,454.5,6.119197913617533,0,NoWC,0,NoSA,buservices,4,good,26,0.192,0.423,1,less50
53072,2004,6,3050.5,8.023060790591908,1,WC,0,NoSA,resthotels,1,unsatisfactory,30,0.133,0.733,1,less50
53072,2005,7,2736.1666666666665,7.914313193066463,1,WC,0,NoSA,resthotels,1,unsatisfactory,30,0.133,0.733,1,less50
53072,2006,8,2008.4545454545455,7.605120822452657,1,WC,0,NoSA,resthotels,1,unsatisfactory,44,0.023,0.773,1,less50
53072,2007,9,2344.829268292683,7.759967871531627,1,WC,0,NoSA,resthotels,4,good,41,0.049,0.78,1,less50
53072,2008,10,2125.560975609756,7.661791035041917,1,WC,0,NoSA,resthotels,1,unsatisfactory,41,0.171,1,1,less50
53072,2009,11,2170.2195121951218,7.682583599112015,1,WC,0,NoSA,resthotels,4,good,41,0.073,0.829,1,less50
53072,2011,13,2744.810810810811,7.917467430188046,1,WC,0,NoSA,resthotels,3,satisfactory,37,0.108,0.784,1,less50
53072,2012,14,2997.285714285714,8.005462396201388,1,WC,0,NoSA,resthotels,4,good,35,0.543,0.771,1,less50
53072,2013,15,3461.4333333333334,8.14943804045936,1,WC,0,NoSA,resthotels,4,good,30,0.7,0.767,1,less50
53072,2014,16,3624.1,8.195361260601151,1,WC,0,NoSA,resthotels,4,good,30,0.733,0.867,1,less50
53072,2015,17,3913.3,8.272136286790136,1,WC,0,NoSA,resthotels,2,sufficient,30,0.633,0.833,1,less50
53072,2016,18,4033.28125,8.302335529610206,1,WC,0,NoSA,resthotels,4,good,32,0.469,0.594,1,less50
53072,2017,19,4003.46875,8.294916451812185,1,WC,0,NoSA,resthotels,3,satisfactory,32,0.438,0.781,1,less50
53072,2018,20,5220.08,8.560268006429746,1,WC,0,NoSA,resthotels,5,very good,25,0.44,0.8,1,less50
53072,2019,21,5515.458333333333,8.61531003491319,1,WC,0,NoSA,resthotels,4,good,24,0.625,0.833,1,less50
53072,2020,22,7670.55,8.945143599743474,1,WC,0,NoSA,transcom,4,good,20,0.75,0.9,1,less50
53094,2013,15,1447.9638009049775,7.277913573258156,1,WC,1,SA,public,1,unsatisfactory,221,0.027,0.905,3,less250
53094,2014,16,1556.6502463054187,7.350291513527262,1,WC,1,SA,public,2,sufficient,203,0.039,0.857,3,less250
53094,2016,18,1117.02489626556,7.018424087330717,1,WC,1,SA,public,1,unsatisfactory,241,0.008,0.768,3,less250
53114,2008,10,1460.7619047619048,7.286713431161327,0,NoWC,0,NoSA,transcom,2,sufficient,126,0.032,0.246,3,less250
53114,2009,11,1850.65,7.52329220771429,0,NoWC,0,NoSA,transcom,2,sufficient,120,0.092,0.492,3,less250
53114,2010,12,1276.736,7.152062100125946,0,NoWC,0,NoSA,transcom,3,satisfactory,125,0.088,0.264,3,less250
53114,2011,13,1862.705357142857,7.5297852030443,0,NoWC,0,NoSA,transcom,3,satisfactory,112,0.098,0.295,3,less250
53114,2012,14,2046.5346534653465,7.6239032288286,0,NoWC,0,NoSA,transcom,2,sufficient,101,0.218,0.267,3,less250
53122,2001,3,2945.451804577465,7.988017498436929,1,WC,0,NoSA,manufacturing,3,satisfactory,71,0.042,0.07,2,less100
53122,2002,4,2805.9444444444443,7.939495461622659,1,WC,0,NoSA,manufacturing,4,good,72,0.097,0.083,2,less100
53122,2003,5,2601.8513513513512,7.863978528828463,1,WC,0,NoSA,manufacturing,2,sufficient,74,0.041,0.095,2,less100
53122,2004,6,2475.5308641975307,7.814210142587835,1,WC,0,NoSA,manufacturing,3,satisfactory,81,0.049,0.123,2,less100
53140,2009,11,140.16299559471366,4.942805999638868,1,WC,0,NoSA,construction,2,sufficient,227,0.471,0.608,3,less250
53140,2011,13,508.1990291262136,6.2308731604675005,1,WC,0,NoSA,construction,2,sufficient,206,0.456,0.583,3,less250
53140,2012,14,469.6363636363636,6.151958700857415,0,NoWC,0,NoSA,construction,3,satisfactory,198,0.475,0.53,3,less250
53157,2001,3,4653.815670289855,8.445442736350293,0,NoWC,0,NoSA,wholesretail,3,satisfactory,69,0.449,0.058,2,less100
53157,2002,4,2410,7.787382026484701,1,WC,0,NoSA,wholesretail,5,very good,72,0.236,0.097,2,less100
53157,2003,5,2968.0746268656717,7.995668747793836,1,WC,0,NoSA,wholesretail,2,sufficient,67,0.254,0.104,2,less100
53164,2017,19,4933.333333333333,8.503770171084097,1,WC,0,NoSA,manufacturing,5,very good,21,0.524,0.714,1,less50
53164,2018,20,5405.217391304348,8.595119949672325,1,WC,0,NoSA,manufacturing,5,very good,23,0.217,0.696,1,less50
53164,2019,21,4526.869565217391,8.417785934389409,1,WC,0,NoSA,manufacturing,5,very good,23,0.522,0.696,1,less50
53164,2020,22,4614.909090909091,8.437047448131684,1,WC,0,NoSA,manufacturing,5,very good,22,0.227,0.682,1,less50
53165,2013,15,1776.29,7.4822821985103225,0,NoWC,0,NoSA,health,2,sufficient,100,0.02,0.88,2,less100
53165,2014,16,1193.94,7.085014041433629,0,NoWC,1,SA,health,2,sufficient,100,0.02,0.85,2,less100
53165,2015,17,1790.0108695652175,7.489976971199167,0,NoWC,0,NoSA,health,2,sufficient,92,0.022,0.859,2,less100
53165,2016,18,3180.2808988764045,8.064724804853096,0,NoWC,0,NoSA,health,3,satisfactory,89,0.022,0.865,2,less100
53165,2017,19,2081.6404494382023,7.64091153946712,0,NoWC,0,NoSA,health,4,good,89,0.022,0.888,2,less100
53165,2018,20,1946.641304347826,7.573860758480845,0,NoWC,0,NoSA,health,4,good,92,0.033,0.837,2,less100
53165,2019,21,2232.120481927711,7.710707301402662,0,NoWC,0,NoSA,health,1,unsatisfactory,83,0.024,0.807,2,less100
53165,2021,23,1790.0108695652175,7.489976971199167,0,NoWC,0,NoSA,edu,4,good,92,0.011,0.88,2,less100
53168,2007,9,1355.5714285714287,7.211978362918446,1,WC,0,NoSA,manufacturing,4,good,21,0.048,0.857,1,less50
53168,2008,10,1427.45,7.2636449146470285,1,WC,0,NoSA,manufacturing,3,satisfactory,20,0.05,0.9,1,less50
53168,2010,12,1760.1904761904761,7.473177307284508,1,WC,0,NoSA,manufacturing,3,satisfactory,21,0.048,0.952,1,less50
53168,2012,14,1793.8636363636363,7.492127028784187,1,WC,0,NoSA,manufacturing,3,satisfactory,22,0.091,0.864,1,less50
53168,2013,15,2065.8571428571427,7.6333005005594785,1,WC,0,NoSA,manufacturing,3,satisfactory,21,0.095,0.952,1,less50
53168,2014,16,1960.695652173913,7.581054613832261,1,WC,0,NoSA,manufacturing,3,satisfactory,23,0.13,0.957,1,less50
53168,2015,17,1902.5833333333333,7.550967890791453,1,WC,0,NoSA,manufacturing,4,good,24,0.083,0.958,1,less50
53168,2016,18,1927.2727272727273,7.5638611878617334,1,WC,0,NoSA,manufacturing,4,good,22,0.182,0.955,1,less50
53168,2017,19,2122.6190476190477,7.660406005007919,1,WC,0,NoSA,manufacturing,3,satisfactory,21,0.19,0.905,1,less50
53168,2018,20,2513.095238095238,7.829270434993099,1,WC,0,NoSA,manufacturing,4,good,21,0.143,0.857,1,less50
53168,2020,22,2159.4583333333335,7.677612697624816,1,WC,0,NoSA,manufacturing,3,satisfactory,24,0.083,0.833,1,less50
53168,2021,23,2085,7.642524134232902,1,WC,0,NoSA,manufacturing,2,sufficient,28,0.25,0.75,1,less50
53175,2000,2,2041.5434283088234,7.621461383278323,0,NoWC,0,NoSA,manufacturing,4,good,34,0.088,0.206,1,less50
53175,2001,3,1976.4840198863637,7.589074797647827,0,NoWC,0,NoSA,manufacturing,3,satisfactory,33,0.061,0.212,1,less50
53175,2002,4,1615.179487179487,7.387201367053872,0,NoWC,0,NoSA,manufacturing,5,very good,39,0.077,0.308,1,less50
53175,2004,6,1861.8285714285714,7.5293143866966465,1,WC,0,NoSA,manufacturing,1,unsatisfactory,35,0.086,0.229,1,less50
53175,2005,7,1102.35,7.0051995436429895,1,WC,0,NoSA,manufacturing,4,good,40,0.025,0.25,1,less50
53175,2006,8,1063.5714285714287,6.969387796062796,1,WC,0,NoSA,manufacturing,3,satisfactory,42,0.024,0.238,1,less50
53185,2012,14,2310.3186813186812,7.745140751281423,1,WC,1,SA,wholesretail,5,very good,91,0.978,0.967,2,less100
53185,2018,20,4102.091743119266,8.319252303842795,1,WC,1,SA,wholesretail,4,good,109,0.991,0.927,3,less250
53185,2019,21,2215,7.703007682479236,1,WC,1,SA,wholesretail,3,satisfactory,127,0.535,0.795,3,less250
53185,2020,22,3142.0666666666666,8.052636036498384,1,WC,1,SA,manufacturing,3,satisfactory,135,0.452,0.941,3,less250
53217,2008,10,806.0582524271845,6.692156013377885,0,NoWC,0,NoSA,buservices,3,satisfactory,412,0.027,0.092,4,more250
53217,2009,11,793.1034482758621,6.675953664924813,0,NoWC,0,NoSA,buservices,4,good,435,0.005,0.085,4,more250
53217,2011,13,701.9417475728155,6.55385041991722,0,NoWC,0,NoSA,buservices,3,satisfactory,412,0.063,0.109,4,more250
53217,2012,14,96.66584158415841,4.571260098939692,0,NoWC,0,NoSA,buservices,3,satisfactory,404,0.012,0.144,4,more250
53217,2013,15,106.97820163487738,4.67262509066902,0,NoWC,0,NoSA,buservices,4,good,367,0.025,0.101,4,more250
53217,2014,16,118.19395465994963,4.772326958655161,0,NoWC,0,NoSA,buservices,4,good,397,0.003,0.169,4,more250
53217,2015,17,119.3782991202346,4.782297435028306,0,NoWC,0,NoSA,buservices,3,satisfactory,341,0.012,0.138,4,more250
53217,2016,18,130.5612244897959,4.8718422699233175,0,NoWC,0,NoSA,buservices,3,satisfactory,294,0.014,0.122,4,more250
53217,2017,19,210.00396825396825,5.347126426986401,0,NoWC,0,NoSA,buservices,2,sufficient,252,0.04,0.167,4,more250
53238,2001,3,1495.288143382353,7.310074205301592,0,NoWC,0,NoSA,manufacturing,1,unsatisfactory,85,0.824,0.788,2,less100
53238,2002,4,1462.270588235294,7.287745704056666,0,NoWC,0,NoSA,manufacturing,2,sufficient,85,0.141,0.682,2,less100
53238,2004,6,1871.7058823529412,7.534605530566117,0,NoWC,0,NoSA,manufacturing,4,good,85,0.341,0.706,2,less100
53238,2005,7,2425.2195121951218,7.793677319767685,0,NoWC,0,NoSA,manufacturing,3,satisfactory,82,0.329,0.744,2,less100
53238,2006,8,2875.2048192771085,7.963879192181587,0,NoWC,0,NoSA,manufacturing,4,good,83,0.253,0.735,2,less100
53259,2005,7,1322.5307692307692,7.1873024294208,0,NoWC,0,NoSA,edu,3,satisfactory,390,0.674,0.11,4,more250
53259,2006,8,1271.3178294573643,7.147809302444664,0,NoWC,0,NoSA,edu,4,good,387,0.705,0.116,4,more250
53259,2007,9,1044.75,6.951532901328025,0,NoWC,0,NoSA,edu,3,satisfactory,388,0.619,0.124,4,more250
53270,2006,8,1906.0277777777778,7.552776657968274,1,WC,0,NoSA,wholesretail,4,good,36,0.167,0.056,1,less50
53270,2007,9,3122.9583333333335,8.046536015321944,1,WC,0,NoSA,wholesretail,4,good,24,0.542,0.083,1,less50
53270,2008,10,2836.478260869565,7.950318512668705,0,NoWC,0,NoSA,wholesretail,4,good,23,0.043,0,1,less50
53270,2009,11,2639.125,7.878202701808247,0,NoWC,0,NoSA,wholesretail,1,unsatisfactory,24,0.208,0.167,1,less50
53270,2010,12,2960.2083333333335,7.99301492772423,1,WC,0,NoSA,wholesretail,4,good,24,0.292,0.042,1,less50
53274,2017,19,4373,8.38320455141292,0,NoWC,1,SA,wholesretail,4,good,22,0.636,0.318,1,less50
53274,2018,20,3206.866666666667,8.073049623109082,0,NoWC,0,NoSA,wholesretail,4,good,30,0.367,0.2,1,less50
53274,2019,21,2140.1132075471696,7.66861400733968,0,NoWC,0,NoSA,wholesretail,4,good,53,0.208,0.151,2,less100
53274,2020,22,796.1896551724138,6.679837417731765,0,NoWC,0,NoSA,construction,5,very good,58,0.207,0.138,2,less100
53274,2021,23,1656,7.412160334945205,0,NoWC,0,NoSA,construction,4,good,61,0.197,0.148,2,less100
53293,2016,18,2323.71875,7.7509240908548565,1,WC,0,NoSA,wholesretail,2,sufficient,32,0.094,0.094,1,less50
53293,2017,19,2571.4117647058824,7.852210351853917,1,WC,0,NoSA,wholesretail,3,satisfactory,34,0.176,0.382,1,less50
53293,2018,20,3918.782608695652,8.273536325544862,1,WC,0,NoSA,wholesretail,3,satisfactory,23,0.261,0.13,1,less50
53320,2000,2,847.9962737127371,6.742876241575571,0,NoWC,0,NoSA,manufacturing,1,unsatisfactory,738,0.272,0.679,4,more250
53320,2002,4,606.060606060606,6.406979991069647,0,NoWC,0,NoSA,manufacturing,2,sufficient,924,0.314,0.481,4,more250
53320,2003,5,623.4511691884456,6.435270444793224,0,NoWC,1,SA,manufacturing,3,satisfactory,727,0.341,0.557,4,more250
53320,2004,6,562.429696287964,6.3322661418904245,0,NoWC,0,NoSA,manufacturing,1,unsatisfactory,889,0.317,0.541,4,more250
53324,2001,3,2034.053013392857,7.617785639883829,1,WC,1,SA,manufacturing,2,sufficient,42,0.69,0.024,1,less50
53324,2002,4,1580.55,7.365528166713646,0,NoWC,1,SA,manufacturing,3,satisfactory,40,0.7,0,1,less50
53324,2003,5,2058.3953488372094,7.629682001363936,1,WC,0,NoSA,manufacturing,4,good,43,0.14,0.023,1,less50
53324,2004,6,1914.72,7.557326676825206,1,WC,0,NoSA,manufacturing,2,sufficient,50,0.56,0.02,1,less50
53324,2005,7,1752.16,7.468604591527449,1,WC,0,NoSA,manufacturing,3,satisfactory,50,0.4,0.02,1,less50
53354,2010,12,1475.7727272727273,7.296937014491948,1,WC,0,NoSA,public,3,satisfactory,176,0.006,0.216,3,less250
53354,2011,13,1424.6305418719212,7.261667790224959,1,WC,0,NoSA,public,3,satisfactory,203,0.005,0.212,3,less250
53354,2012,14,1574.2857142857142,7.361556933651592,1,WC,0,NoSA,public,3,satisfactory,210,0.014,0.205,3,less250
53354,2013,15,1495.3271028037384,7.310100259754058,1,WC,0,NoSA,public,3,satisfactory,214,0.014,0.196,3,less250
53393,2008,10,1193.659793814433,7.084779323548681,0,NoWC,0,NoSA,manufacturing,3,satisfactory,97,0.34,0.66,2,less100
53393,2009,11,1336.75,7.197996573828841,0,NoWC,0,NoSA,manufacturing,4,good,96,0.354,0.719,2,less100
53393,2010,12,1787.5578947368422,7.488605662707629,0,NoWC,0,NoSA,manufacturing,4,good,95,0.305,0.716,2,less100
53393,2011,13,1532.9719626168223,7.334963589478747,0,NoWC,0,NoSA,manufacturing,4,good,107,0.28,0.682,3,less250
53393,2012,14,1469.921875,7.2929645321019665,0,NoWC,0,NoSA,manufacturing,4,good,128,0.227,0.648,3,less250
53405,2004,6,2911.478260869565,7.976416224606526,1,WC,1,SA,health,3,satisfactory,23,0.478,0.261,1,less50
53405,2005,7,3449.7916666666665,8.146069121728639,1,WC,1,SA,health,1,unsatisfactory,24,0.542,0.25,1,less50
53405,2006,8,2623.6923076923076,7.872337882400403,1,WC,1,SA,health,2,sufficient,26,0.538,0.269,1,less50
53410,2010,12,375.69444444444446,5.928776165258572,1,WC,0,NoSA,buservices,5,very good,36,0.333,0.694,1,less50
53410,2011,13,6025,8.703672758358856,1,WC,0,NoSA,buservices,4,good,48,0.292,0.604,1,less50
53410,2012,14,5155.06,8.547734035568583,1,WC,0,NoSA,buservices,4,good,50,0.22,0.64,1,less50
53410,2013,15,4926.723404255319,8.502429422193071,1,WC,0,NoSA,buservices,4,good,47,0.255,0.638,1,less50
53410,2015,17,4828.056603773585,8.482199306211161,1,WC,0,NoSA,buservices,3,satisfactory,53,0.302,0.736,2,less100
53410,2017,19,5013.6551724137935,8.519920503400298,1,WC,0,NoSA,buservices,3,satisfactory,58,0.259,0.621,2,less100
53410,2018,20,4465.0952380952385,8.404045823003665,1,WC,0,NoSA,buservices,3,satisfactory,63,0.317,0.714,2,less100
53418,2003,5,1861.0869565217392,7.528915981247437,1,WC,0,NoSA,edu,3,satisfactory,23,0.478,0.217,1,less50
53418,2008,10,2582.72,7.856598386136008,1,WC,0,NoSA,edu,3,satisfactory,25,0.8,0.32,1,less50
53418,2009,11,3205.8333333333335,8.07272734595834,1,WC,0,NoSA,edu,3,satisfactory,24,0.917,0.292,1,less50
53418,2010,12,3207.64,8.07329074323796,1,WC,0,NoSA,edu,3,satisfactory,25,0.92,0.28,1,less50
53418,2011,13,3381,8.125926802707886,1,WC,0,NoSA,edu,4,good,25,0.76,0.28,1,less50
53418,2012,14,2292.346153846154,7.737331093414691,1,WC,0,NoSA,edu,2,sufficient,26,0.769,0.346,1,less50
53420,2003,5,1202.3493975903614,7.0920327530475,1,WC,0,NoSA,manufacturing,1,unsatisfactory,83,0.048,0.241,2,less100
53420,2004,6,604.8222222222222,6.404934567282611,1,WC,0,NoSA,manufacturing,1,unsatisfactory,90,0.022,0.267,2,less100
53420,2005,7,697.0121951219512,6.546802907195626,1,WC,0,NoSA,manufacturing,3,satisfactory,82,0.024,0.232,2,less100
53420,2007,9,717.3410852713179,6.575551439160171,1,WC,0,NoSA,manufacturing,4,good,129,0.054,0.403,3,less250
53420,2008,10,761.3076923076923,6.635037602435155,1,WC,0,NoSA,manufacturing,4,good,143,0.028,0.357,3,less250
53420,2010,12,918.7088607594936,6.822969272119876,1,WC,0,NoSA,manufacturing,1,unsatisfactory,158,0.032,0.405,3,less250
53420,2011,13,1321.9571428571428,7.186868601472485,1,WC,0,NoSA,manufacturing,2,sufficient,140,0.043,0.321,3,less250
53420,2012,14,1196.3406593406594,7.087022726178212,1,WC,0,NoSA,manufacturing,3,satisfactory,91,0.055,0.297,2,less100
53420,2013,15,917.1978021978022,6.821323154772639,1,WC,0,NoSA,manufacturing,3,satisfactory,91,0.066,0.297,2,less100
53420,2014,16,865.9909090909091,6.76387441092178,1,WC,0,NoSA,manufacturing,1,unsatisfactory,110,0.045,0.445,3,less250
53420,2015,17,1237.1322314049587,7.120551263530646,1,WC,0,NoSA,manufacturing,1,unsatisfactory,121,0.033,0.521,3,less250
53420,2016,18,1839.5193370165746,7.517259586594266,1,WC,0,NoSA,manufacturing,1,unsatisfactory,181,0.017,0.398,3,less250
53420,2017,19,1279.0437158469945,7.153867980703091,1,WC,0,NoSA,manufacturing,2,sufficient,183,0.06,0.328,3,less250
53420,2019,21,1725.9512195121952,7.453533609084197,1,WC,0,NoSA,manufacturing,3,satisfactory,82,0.085,0.488,2,less100
53420,2020,22,1751.896551724138,7.468454223933508,1,WC,0,NoSA,manufacturing,2,sufficient,58,0.103,0.241,2,less100
53438,2014,16,451.5925925925926,6.112780429555936,1,WC,0,NoSA,wholesretail,3,satisfactory,27,0.074,0.926,1,less50
53438,2015,17,482.28,6.17852485824911,1,WC,0,NoSA,wholesretail,3,satisfactory,25,0.12,0.92,1,less50
53438,2016,18,417.9230769230769,6.035297389089986,1,WC,0,NoSA,wholesretail,3,satisfactory,26,0.115,0.962,1,less50
53438,2017,19,409.46153846153845,6.014842975711221,1,WC,0,NoSA,wholesretail,3,satisfactory,26,0.115,0.962,1,less50
53438,2018,20,393.85714285714283,5.975988261968483,1,WC,0,NoSA,wholesretail,3,satisfactory,28,0.036,0.929,1,less50
53438,2019,21,363.96774193548384,5.8970652426533,1,WC,0,NoSA,wholesretail,2,sufficient,31,0.097,0.935,1,less50
53438,2020,22,352.2258064516129,5.86427246552892,1,WC,0,NoSA,transcom,1,unsatisfactory,31,0.097,0.903,1,less50
53458,2019,21,3256.710144927536,8.088472806820297,1,WC,0,NoSA,buservices,3,satisfactory,69,0.696,0.362,2,less100
53458,2020,22,1946.7066666666667,7.573894334888262,1,WC,0,NoSA,buservices,2,sufficient,75,0.8,0.267,2,less100
53458,2021,23,3467,8.151044945685024,1,WC,0,NoSA,buservices,4,good,63,0.778,0.444,2,less100
53465,2014,16,1735.75,7.459194875633383,1,WC,0,NoSA,health,4,good,32,0.031,0.125,1,less50
53465,2016,18,1893.5625,7.546215254454886,1,WC,0,NoSA,health,4,good,32,0.281,0.125,1,less50
53465,2017,19,2209.125,7.700351788509961,1,WC,0,NoSA,health,4,good,32,0.344,0.125,1,less50
53465,2018,20,1893.5625,7.546215254454886,1,WC,0,NoSA,health,4,good,32,0.25,0.125,1,less50
53465,2019,21,1871.264705882353,7.534369794557922,1,WC,0,NoSA,health,4,good,34,0.471,0.147,1,less50
53465,2020,22,1930.6764705882354,7.5656257233826,1,WC,0,NoSA,buservices,4,good,34,0.529,0.059,1,less50
53466,2000,2,5596.695601851852,8.629931631464892,0,NoWC,0,NoSA,manufacturing,3,satisfactory,27,0.222,0.074,1,less50
53466,2001,3,3597.885127314815,8.188101487184468,0,NoWC,0,NoSA,manufacturing,3,satisfactory,27,0.185,0.074,1,less50
53466,2002,4,4900.642857142857,8.497121670828639,0,NoWC,0,NoSA,manufacturing,3,satisfactory,28,0.179,0.036,1,less50
53466,2005,7,3643.151515151515,8.200604386907216,0,NoWC,0,NoSA,manufacturing,3,satisfactory,33,0.333,0.03,1,less50
53466,2006,8,3646.3636363636365,8.201485685965729,0,NoWC,0,NoSA,manufacturing,3,satisfactory,33,0.273,0.03,1,less50
53466,2007,9,3618.942857142857,8.19393723375764,0,NoWC,0,NoSA,manufacturing,3,satisfactory,35,0.257,0.029,1,less50
53466,2008,10,4523.685714285714,8.41708236406368,0,NoWC,1,SA,manufacturing,4,good,35,0.229,0.057,1,less50
53466,2009,11,2744.3714285714286,7.917307339951957,0,NoWC,0,NoSA,manufacturing,3,satisfactory,35,0.314,0.086,1,less50
53466,2010,12,3064.4193548387098,8.027613386651538,0,NoWC,0,NoSA,manufacturing,2,sufficient,31,0.419,0.097,1,less50
53497,2004,6,2606.090909090909,7.8656066416085375,1,WC,0,NoSA,wholesretail,2,sufficient,22,0.5,0.455,1,less50
53497,2005,7,5820.8,8.669192988323804,1,WC,0,NoSA,wholesretail,2,sufficient,20,0.65,0.4,1,less50
53497,2007,9,4721.083333333333,8.459793572017979,1,WC,0,NoSA,wholesretail,4,good,24,0.208,0.5,1,less50
53501,2010,12,808.1363636363636,6.694730811158256,0,NoWC,0,NoSA,health,3,satisfactory,66,0.47,0.818,2,less100
53501,2011,13,799.3142857142857,6.6837542172537985,0,NoWC,0,NoSA,health,4,good,70,0.386,0.814,2,less100
53501,2012,14,705.9375,6.559526706662322,0,NoWC,0,NoSA,health,5,very good,80,0.35,0.863,2,less100
53501,2014,16,792.4102564102565,6.675079258216471,0,NoWC,0,NoSA,health,4,good,78,0.449,0.756,2,less100
53501,2015,17,803.975,6.6895681741681585,0,NoWC,0,NoSA,health,4,good,80,0.45,0.738,2,less100
53501,2016,18,1226.5802469135801,7.111985289127419,0,NoWC,0,NoSA,health,4,good,81,0.457,0.728,2,less100
53501,2017,19,1264.7209302325582,7.142606768312172,0,NoWC,0,NoSA,health,4,good,86,0.465,0.779,2,less100
53501,2018,20,1234.968085106383,7.118800406709044,0,NoWC,0,NoSA,health,4,good,94,0.457,0.819,2,less100
53501,2019,21,1290.9375,7.163123977591083,0,NoWC,0,NoSA,health,5,very good,96,0.458,0.802,2,less100
53501,2020,22,1344.157894736842,7.203522995385726,0,NoWC,0,NoSA,buservices,5,very good,95,0.421,0.8,2,less100
53501,2021,23,1358.4347826086957,7.214088420801039,0,NoWC,0,NoSA,buservices,4,good,92,0.326,0.772,2,less100
53506,2012,14,2942.1923076923076,7.986910265337915,1,WC,0,NoSA,manufacturing,4,good,26,0.154,0.846,1,less50
53506,2013,15,1699.9333333333334,7.438344313589078,1,WC,0,NoSA,manufacturing,4,good,45,0.089,0.822,1,less50
53506,2014,16,1112.6909090909091,7.01453660299539,1,WC,0,NoSA,manufacturing,5,very good,55,0.036,0.855,2,less100
53506,2016,18,575.0322580645161,6.354426140205517,1,WC,0,NoSA,manufacturing,3,satisfactory,62,0.081,0.855,2,less100
53506,2017,19,1735.4626865671642,7.45902933496536,1,WC,0,NoSA,manufacturing,5,very good,67,0.075,0.836,2,less100
53506,2018,20,1487.4479166666667,7.304817122801178,1,WC,0,NoSA,manufacturing,5,very good,96,0.021,0.927,2,less100
53524,2000,2,3038.124147727273,8.018995547273787,0,NoWC,0,NoSA,manufacturing,4,good,110,0.009,0.745,3,less250
53524,2001,3,2287.593609234234,7.735255718382001,0,NoWC,0,NoSA,manufacturing,4,good,111,0.009,0.739,3,less250
53524,2006,8,1897.9761904761904,7.5485434345580975,0,NoWC,0,NoSA,manufacturing,4,good,126,0.008,0.786,3,less250
53527,2007,9,1540.132743362832,7.33962388868178,0,NoWC,0,NoSA,wholesretail,4,good,113,0.009,0.938,3,less250
53527,2008,10,1573.8195488721803,7.361260777470033,0,NoWC,1,SA,wholesretail,4,good,133,0.015,0.94,3,less250
53527,2009,11,1433.863309352518,7.268127695383654,0,NoWC,1,SA,wholesretail,5,very good,139,0.029,0.942,3,less250
53527,2010,12,1855.2571428571428,7.525778586920795,0,NoWC,1,SA,wholesretail,4,good,140,0.043,0.936,3,less250
53530,2017,19,773.2916666666666,6.650656295230359,1,WC,0,NoSA,health,4,good,24,0.25,0.875,1,less50
53530,2018,20,1420.7272727272727,7.258924183376591,1,WC,0,NoSA,health,4,good,22,0.273,0.818,1,less50
53530,2019,21,1154.6666666666667,7.051566981014216,1,WC,0,NoSA,health,4,good,21,0.286,0.857,1,less50
53530,2020,22,2165.8695652173915,7.680577206549807,1,WC,0,NoSA,edu,5,very good,23,0.304,0.826,1,less50
53530,2021,23,2335.7391304347825,7.756083664096908,1,WC,0,NoSA,edu,5,very good,23,0.261,0.739,1,less50
53560,2015,17,1631.5333333333333,7.397275546920792,1,WC,0,NoSA,resthotels,4,good,30,0.233,0.8,1,less50
53560,2016,18,1721.235294117647,7.450797506283867,1,WC,0,NoSA,resthotels,4,good,34,0.147,0.618,1,less50
53560,2019,21,1783.9574468085107,7.486589460169663,1,WC,0,NoSA,resthotels,5,very good,47,0.128,0.574,1,less50
53561,2006,8,365.66889632107024,5.901728269093737,1,WC,0,NoSA,manufacturing,4,good,299,0.117,0.692,4,more250
53561,2007,9,756.643598615917,6.628892334931936,1,WC,0,NoSA,manufacturing,4,good,289,0.114,0.689,4,more250
53561,2008,10,869.4096385542168,6.7678144049370115,1,WC,0,NoSA,manufacturing,4,good,249,0.201,0.735,3,less250
53572,2003,5,1850.08,7.522984160380652,0,NoWC,0,NoSA,finance,4,good,25,0.08,0.92,1,less50
53572,2005,7,1815.48,7.504105174544744,0,NoWC,0,NoSA,finance,4,good,25,0.08,0.92,1,less50
53572,2006,8,1968.6666666666667,7.5851117736357585,0,NoWC,0,NoSA,finance,4,good,24,0.083,0.833,1,less50
53572,2008,10,2039.576923076923,7.620497674681281,0,NoWC,0,NoSA,finance,5,very good,26,0.077,0.808,1,less50
53572,2009,11,2928.875,7.982373669235597,0,NoWC,0,NoSA,finance,4,good,24,0.083,0.792,1,less50
53572,2010,12,1802.8275862068965,7.4971115925670135,0,NoWC,0,NoSA,finance,5,very good,29,0.034,0.793,1,less50
53591,2014,16,1487.4578313253012,7.30482378832908,0,NoWC,0,NoSA,health,3,satisfactory,83,0.145,0.349,2,less100
53591,2015,17,1543.2386363636363,7.341638497801981,0,NoWC,0,NoSA,health,3,satisfactory,88,0.08,0.409,2,less100
53591,2016,18,1467.7045454545455,7.29145492560394,0,NoWC,0,NoSA,health,4,good,88,0.17,0.42,2,less100
53591,2017,19,1286.03125,7.159316204657841,0,NoWC,0,NoSA,health,3,satisfactory,96,0.135,0.375,2,less100
53591,2018,20,1291.918918918919,7.163883926118585,0,NoWC,0,NoSA,health,4,good,111,0.144,0.36,3,less250
53607,2005,7,2064,7.6324011266014535,1,WC,0,NoSA,wholesretail,3,satisfactory,29,0.207,0.517,1,less50
53607,2006,8,1673.3870967741937,7.422605053047853,1,WC,0,NoSA,wholesretail,3,satisfactory,31,0.355,0.742,1,less50
53607,2007,9,2071.9615384615386,7.636251040688525,1,WC,0,NoSA,wholesretail,3,satisfactory,26,0.269,0.731,1,less50
53612,2001,3,1977.5286038306451,7.589603164179748,0,NoWC,0,NoSA,wholesretail,1,unsatisfactory,31,0.065,0.516,1,less50
53612,2002,4,2566.7741935483873,7.850405211886434,1,WC,0,NoSA,wholesretail,1,unsatisfactory,31,0.032,0.452,1,less50
53612,2004,6,2040.2564102564102,7.620830770241934,1,WC,0,NoSA,wholesretail,1,unsatisfactory,39,0.026,0.436,1,less50
53612,2005,7,2027.906976744186,7.614759494203509,1,WC,0,NoSA,wholesretail,3,satisfactory,43,0.023,0.419,1,less50
53615,2006,8,1490.1904761904761,7.30665922713858,1,WC,0,NoSA,finance,3,satisfactory,21,0.238,0.524,1,less50
53615,2007,9,1539.5333333333333,7.339234619181685,1,WC,0,NoSA,finance,4,good,30,0.067,0.4,1,less50
53615,2008,10,1469.2692307692307,7.292520434241018,1,WC,0,NoSA,finance,3,satisfactory,26,0.231,0.308,1,less50
53628,2001,3,1543.1580171130952,7.341586256136628,0,NoWC,0,NoSA,buservices,4,good,84,0.226,0.75,2,less100
53628,2002,4,1591.6829268292684,7.3725471800035045,1,WC,0,NoSA,buservices,4,good,82,0.329,0.78,2,less100
53628,2004,6,1644.75,7.405343675966107,1,WC,0,NoSA,buservices,3,satisfactory,84,0.369,0.81,2,less100
53628,2005,7,1642.1923076923076,7.403787401115811,1,WC,0,NoSA,buservices,4,good,78,0.436,0.795,2,less100
53628,2007,9,1650.445945945946,7.408800800648467,1,WC,0,NoSA,buservices,4,good,74,0.446,0.797,2,less100
53631,1998,0,2706.6401699029125,7.90346335499496,0,NoWC,0,NoSA,resthotels,3,satisfactory,309,0.735,0.566,4,more250
53631,1999,1,1120.878036437247,7.02186761825683,0,NoWC,0,NoSA,resthotels,3,satisfactory,494,0.472,0.64,4,more250
53631,2001,3,1389.5516244493392,7.236736401748485,0,NoWC,0,NoSA,resthotels,3,satisfactory,454,0.385,0.634,4,more250
53631,2002,4,1342.925659472422,7.202605840912531,0,NoWC,0,NoSA,resthotels,5,very good,417,0.444,0.64,4,more250
53638,2001,3,2229.479391163793,7.7095233803216425,1,WC,0,NoSA,construction,1,unsatisfactory,29,0.448,0.862,1,less50
53638,2002,4,664.3478260869565,6.498805846791361,1,WC,0,NoSA,construction,1,unsatisfactory,46,0.152,0.848,1,less50
53638,2004,6,734.4545454545455,6.599128108681338,1,WC,1,SA,construction,1,unsatisfactory,66,0.03,0.803,2,less100
53638,2005,7,707.7611940298508,6.5621067402284305,1,WC,1,SA,construction,2,sufficient,67,0.075,0.776,2,less100
53638,2006,8,741.5555555555555,6.6087500819751,1,WC,1,SA,construction,2,sufficient,81,0.025,0.667,2,less100
53638,2007,9,713.5,6.570182436916891,1,WC,1,SA,construction,1,unsatisfactory,96,0.042,0.698,2,less100
53638,2008,10,540.4017094017094,6.29231276929664,1,WC,1,SA,construction,1,unsatisfactory,117,0.026,0.692,3,less250
53639,2019,21,3354.9761904761904,8.118199952652192,0,NoWC,0,NoSA,wholesretail,4,good,84,0.393,0.81,2,less100
53639,2020,22,2422.340425531915,7.792489469781827,0,NoWC,0,NoSA,wholesretail,4,good,47,0.894,0.489,1,less50
53639,2021,23,2214.575163398693,7.702815864263295,0,NoWC,0,NoSA,wholesretail,5,very good,153,0.327,0.497,3,less250
53669,2019,21,1987,7.594381242551817,1,WC,0,NoSA,transcom,5,very good,28,0.464,0.821,1,less50
53669,2020,22,1216.1,7.1034042959869534,1,WC,0,NoSA,transcom,4,good,30,0.4,0.833,1,less50
53669,2021,23,1745.9714285714285,7.465066372331767,1,WC,0,NoSA,transcom,5,very good,35,0.343,0.743,1,less50
53674,1998,0,1664.8890625,7.417513771065596,1,WC,0,NoSA,buservices,3,satisfactory,75,0.013,1,2,less100
53674,1999,1,1676.9287109375,7.4247192510433715,1,WC,0,NoSA,buservices,3,satisfactory,80,0.038,1,2,less100
53674,2001,3,1847.0529891304348,7.521346669084101,1,WC,0,NoSA,buservices,3,satisfactory,69,0.014,1,2,less100
53674,2002,4,1611.6567164179105,7.385017945312684,1,WC,0,NoSA,buservices,3,satisfactory,67,0.015,1,2,less100
53676,2008,10,2171.7948717948716,7.683309234510499,1,WC,0,NoSA,wholesretail,4,good,39,0.051,0.077,1,less50
53676,2009,11,2411.189189189189,7.787875344281054,1,WC,0,NoSA,wholesretail,5,very good,37,0.054,0.054,1,less50
53676,2010,12,2384.472222222222,7.77673308836123,1,WC,0,NoSA,wholesretail,2,sufficient,36,0.056,0.056,1,less50
53676,2012,14,2082.7021276595747,7.641421429431607,1,WC,0,NoSA,wholesretail,4,good,47,0.043,0.085,1,less50
53676,2013,15,1878.0576923076924,7.537993379375,1,WC,0,NoSA,wholesretail,4,good,52,0.077,0.115,2,less100
53676,2014,16,1848.313725490196,7.522029002668851,1,WC,0,NoSA,wholesretail,4,good,51,0.098,0.078,2,less100
53676,2015,17,1694.8235294117646,7.435333901953038,1,WC,0,NoSA,wholesretail,4,good,51,0.059,0.078,2,less100
53676,2016,18,1828.5384615384614,7.51127227184372,1,WC,0,NoSA,wholesretail,4,good,52,0.077,0.058,2,less100
53676,2017,19,1822.6470588235295,7.508045151339992,1,WC,0,NoSA,wholesretail,2,sufficient,51,0.078,0.059,2,less100
53676,2018,20,2016.450980392157,7.60909430476536,1,WC,0,NoSA,wholesretail,4,good,51,0.078,0.059,2,less100
53676,2019,21,1950.6274509803923,7.5759063695345485,1,WC,0,NoSA,wholesretail,2,sufficient,51,0.098,0.078,2,less100
53676,2020,22,2058.8867924528304,7.62992072370605,1,WC,0,NoSA,wholesretail,3,satisfactory,53,0.075,0.075,2,less100
53676,2021,23,2184.6,7.689188024409443,1,WC,0,NoSA,wholesretail,2,sufficient,50,0.1,0.08,1,less50
53714,2010,12,2339.963963963964,7.757890808217765,1,WC,0,NoSA,public,1,unsatisfactory,111,0.054,0.225,3,less250
53714,2011,13,2065.714285714286,7.633231346657443,1,WC,0,NoSA,public,2,sufficient,140,0.05,0.307,3,less250
53714,2012,14,2019.5855263157894,7.6106475843497465,1,WC,0,NoSA,public,4,good,152,0.046,0.276,3,less250
53714,2013,15,1952.685534591195,7.5769609013177455,1,WC,0,NoSA,public,3,satisfactory,159,0.05,0.208,3,less250
53714,2014,16,1938.6503067484662,7.569747291762287,1,WC,0,NoSA,public,4,good,163,0.049,0.227,3,less250
53714,2015,17,2440.094674556213,7.799792118582134,1,WC,0,NoSA,public,3,satisfactory,169,0.012,0.213,3,less250
53714,2016,18,2709.160714285714,7.904394166381378,1,WC,0,NoSA,public,4,good,168,0.012,0.292,3,less250
53714,2017,19,2652.1369047619046,7.883120973186709,1,WC,0,NoSA,public,4,good,168,0.03,0.274,3,less250
53714,2019,21,2936.9657142857145,7.9851322574109425,1,WC,0,NoSA,public,4,good,175,0.023,0.286,3,less250
53714,2020,22,2310.050279329609,7.745024569222518,1,WC,0,NoSA,buservices,4,good,179,0.089,0.324,3,less250
53714,2021,23,2080.227513227513,7.64023254807304,1,WC,0,NoSA,buservices,4,good,189,0.101,0.307,3,less250
53738,2010,12,387.39285714285717,5.959439312865014,1,WC,0,NoSA,health,3,satisfactory,112,0.009,0.705,3,less250
53738,2011,13,885.469387755102,6.786117886049482,1,WC,0,NoSA,health,2,sufficient,98,0.02,0.806,2,less100
53738,2014,16,1475.7714285714285,7.296936134477129,0,NoWC,0,NoSA,health,3,satisfactory,70,0.014,0.829,2,less100
53738,2015,17,1320,7.1853870155804165,0,NoWC,0,NoSA,health,3,satisfactory,72,0.042,0.847,2,less100
53738,2017,19,2367.3888888888887,7.769542892127386,1,WC,0,NoSA,health,3,satisfactory,72,0.097,0.806,2,less100
53738,2018,20,9838.52380952381,9.194060959434934,1,WC,0,NoSA,health,3,satisfactory,21,0.095,0.857,1,less50
53738,2021,23,11314.285714285714,9.333821428747203,0,NoWC,0,NoSA,buservices,3,satisfactory,21,0.381,0.857,1,less50
53763,2001,3,1532.095703125,7.334391817752146,0,NoWC,0,NoSA,transcom,3,satisfactory,160,0.625,0.169,3,less250
53763,2002,4,1258.7235294117647,7.137853414545926,0,NoWC,0,NoSA,transcom,3,satisfactory,170,0.647,0.082,3,less250
53763,2003,5,1340.75,7.200984437863035,0,NoWC,0,NoSA,transcom,1,unsatisfactory,156,0.519,0.096,3,less250
53763,2004,6,499.6504201680672,6.213908694232226,0,NoWC,0,NoSA,transcom,2,sufficient,595,0.187,0.066,4,more250
53806,2017,19,2083.5806451612902,7.64184315669432,0,NoWC,0,NoSA,public,4,good,62,0.016,0.581,2,less100
53806,2019,21,3660.16,8.205262141286896,0,NoWC,0,NoSA,public,5,very good,50,0.02,0.58,1,less50
53806,2020,22,4083.2264150943397,8.314642742903425,0,NoWC,0,NoSA,buservices,4,good,53,0.019,0.698,2,less100
53806,2021,23,3991.903846153846,8.292023550506459,0,NoWC,0,NoSA,buservices,4,good,52,0.019,0.596,2,less100
53850,2002,4,1448.3186813186812,7.2781586325143985,0,NoWC,0,NoSA,health,5,very good,273,0.015,0.077,4,more250
53850,2003,5,1717.128,7.448408406750198,0,NoWC,0,NoSA,health,3,satisfactory,250,0.016,0.088,3,less250
53850,2004,6,3759.3984962406016,8.232014249182575,0,NoWC,0,NoSA,health,4,good,133,0.105,0.128,3,less250
53850,2005,7,4262.702479338843,8.357658622947751,0,NoWC,0,NoSA,health,5,very good,121,0.041,0.14,3,less250
53878,1998,0,2639.0681279620853,7.878181151995068,0,NoWC,0,NoSA,buservices,3,satisfactory,211,0.062,0.649,3,less250
53878,1999,1,1830.5336538461538,7.512362817447913,0,NoWC,0,NoSA,buservices,3,satisfactory,221,0.068,0.566,3,less250
53878,2000,2,1957.8392857142858,7.579596738881131,0,NoWC,0,NoSA,buservices,4,good,224,0.058,0.58,3,less250
53892,2017,19,2583.6470588235293,7.856957268431022,1,WC,1,SA,health,4,good,34,0.059,0.529,1,less50
53892,2018,20,2130.942857142857,7.664319816695848,1,WC,0,NoSA,health,4,good,35,0.114,0.543,1,less50
53892,2020,22,2082.7659574468084,7.641452076545417,1,WC,0,NoSA,buservices,4,good,47,0.383,0.574,1,less50
53912,2005,7,1079.05230125523,6.983838436053036,0,NoWC,0,NoSA,finance,4,good,478,0.653,0.63,4,more250
53912,2006,8,1239.294710327456,7.122297714787255,0,NoWC,0,NoSA,finance,4,good,397,0.899,0.582,4,more250
53912,2007,9,888.953947368421,6.790045431436912,0,NoWC,0,NoSA,finance,4,good,456,0.526,0.592,4,more250
53927,1999,1,3204.8599137931033,8.072423659754623,0,NoWC,0,NoSA,manufacturing,2,sufficient,87,0.069,0.299,2,less100
53927,2000,2,3692.4583333333335,8.214047730207362,0,NoWC,0,NoSA,manufacturing,4,good,78,0.064,0.423,2,less100
53927,2001,3,3524.515625,8.167498294457047,0,NoWC,0,NoSA,manufacturing,1,unsatisfactory,82,0.061,0.5,2,less100
53927,2003,5,893.9047619047619,6.795599239190885,0,NoWC,0,NoSA,manufacturing,3,satisfactory,420,0.126,0.252,4,more250
53927,2004,6,689.305954825462,6.535685228800268,0,NoWC,0,NoSA,manufacturing,3,satisfactory,487,0.115,0.119,4,more250
53927,2005,7,648.7802874743327,6.475094119285271,0,NoWC,0,NoSA,manufacturing,3,satisfactory,487,0.115,0.203,4,more250
53935,2010,12,1232.8727272727272,7.117102275835554,1,WC,0,NoSA,manufacturing,3,satisfactory,55,0.164,0.818,2,less100
53935,2013,15,998.3559322033898,6.906109858222956,1,WC,0,NoSA,manufacturing,3,satisfactory,59,0.22,0.797,2,less100
53935,2014,16,880.1551724137931,6.780098224215942,1,WC,1,SA,manufacturing,3,satisfactory,58,0.241,0.759,2,less100
53935,2016,18,445.04,6.098164165767038,1,WC,1,SA,manufacturing,4,good,75,0.053,0.827,2,less100
53935,2018,20,1297.8474576271187,7.168462369269385,1,WC,0,NoSA,manufacturing,4,good,59,0.169,0.746,2,less100
53935,2019,21,968.936507936508,6.876199086458684,1,WC,0,NoSA,manufacturing,4,good,63,0.302,0.714,2,less100
53935,2020,22,1164.344827586207,7.059913828050665,1,WC,0,NoSA,manufacturing,4,good,58,0.31,0.724,2,less100
53935,2021,23,1257.5238095238096,7.136899835809606,0,NoWC,0,NoSA,manufacturing,4,good,63,0.349,0.667,2,less100
53980,2013,15,1499.5294117647059,7.312906612377969,0,NoWC,0,NoSA,construction,1,unsatisfactory,34,0.265,0.353,1,less50
53980,2014,16,1467.3589743589744,7.2912194478401124,0,NoWC,0,NoSA,construction,1,unsatisfactory,39,0.179,0.282,1,less50
53980,2018,20,2667.923076923077,7.889055574881895,0,NoWC,0,NoSA,construction,4,good,39,0.128,0.385,1,less50
53980,2019,21,2875.0263157894738,7.963817106507637,0,NoWC,1,SA,construction,4,good,38,0.132,0.342,1,less50
53980,2020,22,2026.2105263157894,7.61392259170814,0,NoWC,1,SA,construction,1,unsatisfactory,38,0.105,0.342,1,less50
53980,2021,23,2526.885714285714,7.834742880518903,0,NoWC,1,SA,construction,1,unsatisfactory,35,0.143,0.343,1,less50
53994,2006,8,2484.848484848485,7.81796696477991,0,NoWC,0,NoSA,manufacturing,4,good,198,0.025,0.576,3,less250
53994,2007,9,2078.7846153846153,7.639538682387552,0,NoWC,0,NoSA,manufacturing,4,good,195,0.015,0.59,3,less250
53994,2008,10,1344.6726618705036,7.203905888341689,0,NoWC,0,NoSA,manufacturing,4,good,278,0.011,0.586,4,more250
53994,2009,11,1263.7362637362637,7.141827900828537,0,NoWC,0,NoSA,manufacturing,4,good,273,0.018,0.59,4,more250
53994,2010,12,961.9851851851852,6.868999050531725,0,NoWC,0,NoSA,manufacturing,4,good,270,0.011,0.589,4,more250
54007,2008,10,1611.2887931034484,7.384789630366016,0,NoWC,0,NoSA,manufacturing,3,satisfactory,232,0.409,0.776,3,less250
54007,2009,11,1254.5454545454545,7.134528598346925,0,NoWC,0,NoSA,manufacturing,1,unsatisfactory,275,0.455,0.753,4,more250
54007,2010,12,886.4709897610921,6.7872484005130325,0,NoWC,0,NoSA,manufacturing,1,unsatisfactory,293,0.485,0.727,4,more250
54007,2011,13,948.1967213114754,6.854561992659335,0,NoWC,0,NoSA,manufacturing,4,good,305,0.292,0.669,4,more250
54017,2006,8,1365.090909090909,7.218976305467974,1,WC,0,NoSA,public,3,satisfactory,22,0.091,0.045,1,less50
54017,2008,10,1210.9583333333333,7.099167336134849,1,WC,0,NoSA,public,2,sufficient,24,0.125,0.083,1,less50
54017,2009,11,1705.04,7.441343849852983,1,WC,0,NoSA,public,1,unsatisfactory,25,0.16,0.04,1,less50
54021,1998,0,2249.7247121710525,7.7185631375668775,0,NoWC,0,NoSA,public,3,satisfactory,76,0.75,0.145,2,less100
54021,1999,1,1765.8120993589744,7.476365976499151,0,NoWC,0,NoSA,public,5,very good,78,0.679,0.167,2,less100
54021,2000,2,1826.7017227564102,7.5102672823798065,0,NoWC,0,NoSA,public,4,good,78,0.462,0.154,2,less100
54021,2002,4,2832.0243902439024,7.948747067150784,0,NoWC,0,NoSA,public,2,sufficient,82,0.671,0.134,2,less100
54021,2004,6,2663.614457831325,7.887439298150602,0,NoWC,0,NoSA,public,4,good,83,0.639,0.133,2,less100
54021,2005,7,2376.267441860465,7.77328623385375,0,NoWC,0,NoSA,public,4,good,86,0.64,0.14,2,less100
54030,2014,16,1026.892857142857,6.934292878432524,0,NoWC,1,SA,health,4,good,56,0.25,0.75,2,less100
54030,2015,17,988.3387096774194,6.896025462557439,0,NoWC,0,NoSA,health,4,good,62,0.113,0.919,2,less100
54030,2016,18,1732.9411764705883,7.4575753459604055,0,NoWC,0,NoSA,health,4,good,68,0.338,0.75,2,less100
54049,2013,15,1777.7777777777778,7.483119423885699,1,WC,0,NoSA,manufacturing,2,sufficient,180,0.683,0.072,3,less250
54049,2014,16,1612.2448979591836,7.385382833338532,1,WC,0,NoSA,manufacturing,2,sufficient,196,0.648,0.066,3,less250
54049,2015,17,1693.3696682464456,7.43447570930006,1,WC,0,NoSA,manufacturing,3,satisfactory,211,0.81,0.071,3,less250
54049,2016,18,1565.26582278481,7.355810943365133,1,WC,0,NoSA,manufacturing,2,sufficient,237,0.772,0.08,3,less250
54049,2017,19,1605.4274193548388,7.3811453050052425,1,WC,0,NoSA,manufacturing,2,sufficient,248,0.774,0.085,3,less250
54087,2011,13,2641.32,7.879034071182013,1,WC,0,NoSA,construction,3,satisfactory,25,0.08,0.04,1,less50
54087,2012,14,2810.5555555555557,7.941137449389817,1,WC,0,NoSA,construction,2,sufficient,27,0.185,0.037,1,less50
54087,2014,16,2953.714285714286,7.990818737260617,1,WC,0,NoSA,construction,3,satisfactory,28,0.321,0.036,1,less50
54087,2015,17,3503.103448275862,8.161404554099116,1,WC,0,NoSA,construction,4,good,29,0.241,0.034,1,less50
54087,2016,18,3634.777777777778,8.198303254062484,1,WC,0,NoSA,construction,4,good,27,0.296,0.037,1,less50
54087,2017,19,3749.4285714285716,8.22935872640092,1,WC,0,NoSA,construction,3,satisfactory,28,0.393,0.036,1,less50
54087,2019,21,3875.4444444444443,8.262415630550942,1,WC,0,NoSA,construction,3,satisfactory,27,0.333,0.037,1,less50
54087,2020,22,5435.037037037037,8.600621614074324,1,WC,0,NoSA,construction,3,satisfactory,27,0.333,0.074,1,less50
54087,2021,23,5161.037037037037,8.548892814452572,1,WC,0,NoSA,construction,3,satisfactory,27,0.296,0.111,1,less50
54106,1999,1,701.5304176755448,6.553264259508438,0,NoWC,0,NoSA,health,4,good,1239,0.022,0.542,4,more250
54106,2000,2,539.5010775862069,6.290644782075633,0,NoWC,0,NoSA,health,4,good,1160,0.042,0.489,4,more250
54106,2002,4,606.060606060606,6.406979991069647,0,NoWC,0,NoSA,health,4,good,924,0.035,0.527,4,more250
54118,1999,1,556.5582682291666,6.321771870048749,0,NoWC,0,NoSA,art,3,satisfactory,30,0.033,0.833,1,less50
54118,2000,2,679.106784986413,6.520778383214604,0,NoWC,0,NoSA,manufacturing,3,satisfactory,23,0.043,0.783,1,less50
54118,2001,3,820.7451636904761,6.710212663815423,0,NoWC,0,NoSA,manufacturing,4,good,21,0.048,0.857,1,less50
54118,2002,4,928,6.833031732786201,1,WC,0,NoSA,manufacturing,4,good,21,0.048,0.81,1,less50
54122,2010,12,578.4766146993319,6.360398121787846,1,WC,0,NoSA,art,3,satisfactory,449,0.102,0.22,4,more250
54122,2011,13,645.5357142857143,6.4700805368517615,1,WC,0,NoSA,art,4,good,448,0.121,0.301,4,more250
54122,2013,15,727.2727272727273,6.589301547863602,1,WC,0,NoSA,art,3,satisfactory,440,0.03,0.291,4,more250
54122,2014,16,721.4611872146119,6.581278582192603,1,WC,0,NoSA,art,3,satisfactory,438,0.151,0.32,4,more250
54122,2015,17,1416.8192771084337,7.256169692466147,1,WC,0,NoSA,art,2,sufficient,415,0.01,0.27,4,more250
54128,2008,10,646.03125,6.470847877225591,1,WC,0,NoSA,manufacturing,3,satisfactory,32,0.844,0.156,1,less50
54128,2009,11,833.3939393939394,6.72550644681641,1,WC,0,NoSA,manufacturing,4,good,33,0.273,0.091,1,less50
54128,2010,12,602.3243243243244,6.4007960449627745,1,WC,0,NoSA,manufacturing,3,satisfactory,37,0.297,0.081,1,less50
54128,2011,13,502.075,6.218749510922742,1,WC,0,NoSA,manufacturing,5,very good,40,0.475,0.125,1,less50
54128,2012,14,823.439024390244,6.713489502419978,1,WC,0,NoSA,manufacturing,3,satisfactory,41,0.512,0.122,1,less50
54128,2013,15,877.2,6.776735016543733,1,WC,0,NoSA,manufacturing,2,sufficient,40,0.35,0.075,1,less50
54128,2016,18,797.4545454545455,6.681424836739408,1,WC,0,NoSA,manufacturing,4,good,44,0.636,0.114,1,less50
54128,2017,19,1508.7045454545455,7.3190066446701145,1,WC,0,NoSA,manufacturing,4,good,44,0.591,0.159,1,less50
54128,2018,20,2094.2291666666665,7.646940825111294,1,WC,0,NoSA,manufacturing,3,satisfactory,48,0.792,0.146,1,less50
54128,2019,21,1939.4285714285713,7.5701486578587485,1,WC,0,NoSA,manufacturing,3,satisfactory,49,0.653,0.204,1,less50
54128,2020,22,1974.0816326530612,7.587858573065966,1,WC,0,NoSA,manufacturing,4,good,49,0.939,0.204,1,less50
54128,2021,23,1910.695652173913,7.555222670528062,1,WC,0,NoSA,manufacturing,5,very good,46,0.717,0.261,1,less50
54148,2009,11,3194.4444444444443,8.069168468889277,0,NoWC,0,NoSA,manufacturing,2,sufficient,108,0.037,0.685,3,less250
54148,2010,12,1484.2057142857143,7.302635035606586,0,NoWC,0,NoSA,manufacturing,4,good,175,0.017,0.577,3,less250
54148,2011,13,1671.6763005780347,7.421582174768968,0,NoWC,0,NoSA,manufacturing,4,good,173,0.023,0.59,3,less250
54148,2012,14,1867.7966101694915,7.5325147317952315,0,NoWC,0,NoSA,manufacturing,3,satisfactory,177,0.023,0.599,3,less250
54148,2013,15,1767.9558011049724,7.477579243510084,0,NoWC,0,NoSA,manufacturing,4,good,181,0.022,0.602,3,less250
54148,2014,16,1745.8563535911603,7.465000461303223,0,NoWC,0,NoSA,manufacturing,4,good,181,0.017,0.619,3,less250
54148,2015,17,5050.931818181818,8.527328023699814,0,NoWC,0,NoSA,manufacturing,3,satisfactory,176,0.017,0.619,3,less250
54148,2016,18,4475.566666666667,8.406388252114846,0,NoWC,0,NoSA,manufacturing,4,good,180,0.017,0.65,3,less250
54148,2017,19,6593.712643678161,8.79387184422869,0,NoWC,0,NoSA,manufacturing,3,satisfactory,174,0.017,0.632,3,less250
54148,2018,20,5278.898876404494,8.571472808816026,0,NoWC,0,NoSA,manufacturing,3,satisfactory,178,0.017,0.652,3,less250
54148,2019,21,5548.920454545455,8.62135867512592,0,NoWC,0,NoSA,manufacturing,3,satisfactory,176,0.023,0.642,3,less250
54148,2020,22,6055.09604519774,8.708655517991488,0,NoWC,0,NoSA,manufacturing,3,satisfactory,177,0.006,0.638,3,less250
54251,1998,0,2395.674072265625,7.7814199200432075,0,NoWC,0,NoSA,buservices,3,satisfactory,32,0.062,0.188,1,less50
54251,1999,1,1842.1094898897059,7.518666655814033,0,NoWC,0,NoSA,buservices,1,unsatisfactory,34,0.088,0.206,1,less50
54251,2000,2,2180.0754464285715,7.687114763637749,0,NoWC,0,NoSA,buservices,4,good,35,0.086,0.229,1,less50
54256,2009,11,621.5490196078431,6.432214780902144,1,WC,0,NoSA,public,4,good,51,0.353,0.588,2,less100
54256,2010,12,900.82,6.803305459625633,1,WC,0,NoSA,public,4,good,50,0.38,0.56,1,less50
54256,2011,13,610.7692307692307,6.414719196779645,1,WC,0,NoSA,public,5,very good,78,0.256,0.513,2,less100
54256,2013,15,1240.65625,7.123395752475196,1,WC,0,NoSA,public,3,satisfactory,32,0.688,0.5,1,less50
54263,2015,17,1612.3225806451612,7.385431015109581,1,WC,0,NoSA,buservices,5,very good,31,0.645,0.903,1,less50
54263,2016,18,1810.939393939394,7.5016009918012845,1,WC,1,SA,buservices,4,good,33,0.485,0.909,1,less50
54263,2017,19,885.9692307692308,6.786682221750609,1,WC,1,SA,buservices,3,satisfactory,65,0.6,0.923,2,less100
54279,2009,11,3006.742424242424,8.008612520604089,1,WC,0,NoSA,transcom,4,good,66,0.076,0.045,2,less100
54279,2010,12,2188.720588235294,7.691072445810309,1,WC,0,NoSA,transcom,4,good,68,0.088,0.044,2,less100
54279,2011,13,2566.0862068965516,7.850137140439997,1,WC,0,NoSA,transcom,4,good,58,0.086,0.034,2,less100
54279,2012,14,2204.936507936508,7.698453992879757,1,WC,0,NoSA,transcom,4,good,63,0.095,0.016,2,less100
54279,2013,15,2119.742424242424,7.6590498622857215,1,WC,0,NoSA,transcom,4,good,66,0.106,0.03,2,less100
54279,2014,16,2240.5,7.714454334226198,1,WC,0,NoSA,transcom,4,good,62,0.097,0.032,2,less100
54279,2016,18,1903.1147540983607,7.55124716715877,1,WC,0,NoSA,transcom,4,good,61,0.115,0.049,2,less100
54289,2001,3,6992.5,8.852593425076115,0,NoWC,0,NoSA,manufacturing,4,good,78,0.064,0,2,less100
54289,2002,4,7368.421052631579,8.904958722425,0,NoWC,0,NoSA,manufacturing,2,sufficient,76,0.053,0.026,2,less100
54289,2003,5,6043.32,8.706708808790433,0,NoWC,0,NoSA,manufacturing,2,sufficient,75,0.053,0.04,2,less100
54289,2004,6,5880.027027027027,8.679316637315276,0,NoWC,0,NoSA,manufacturing,2,sufficient,74,0.041,0.027,2,less100
54289,2005,7,6052.094594594595,8.708159705089233,0,NoWC,0,NoSA,manufacturing,3,satisfactory,74,0.041,0.027,2,less100
54289,2006,8,5900.575,8.682805082772244,0,NoWC,0,NoSA,manufacturing,3,satisfactory,80,0.088,0.062,2,less100
54289,2007,9,4883.891566265061,8.493697633154701,0,NoWC,0,NoSA,manufacturing,4,good,83,0.048,0.06,2,less100
54301,2008,10,1687.5925925925926,7.431058290925898,0,NoWC,0,NoSA,transcom,3,satisfactory,27,0.074,0.667,1,less50
54301,2009,11,1598.1851851851852,7.376624005209741,0,NoWC,0,NoSA,transcom,3,satisfactory,27,0.074,0.481,1,less50
54301,2010,12,1727.047619047619,7.454168651042524,0,NoWC,0,NoSA,transcom,3,satisfactory,21,0.095,0.667,1,less50
54336,2012,14,3095.3076923076924,8.037642596108663,1,WC,0,NoSA,buservices,4,good,26,0.192,0.654,1,less50
54336,2013,15,2567.76,7.8507892024984605,1,WC,0,NoSA,buservices,5,very good,25,0.2,0.72,1,less50
54336,2014,16,2515.4814814814813,7.830219508139807,1,WC,0,NoSA,buservices,4,good,27,0.074,0.667,1,less50
54336,2016,18,2724.074074074074,7.909883860025254,1,WC,0,NoSA,buservices,4,good,27,0.074,0.481,1,less50
54349,2013,15,1254.9019607843138,7.134812729617483,0,NoWC,0,NoSA,buservices,5,very good,255,0.063,0.482,4,more250
54349,2014,16,1410.7142857142858,7.2518514407140096,0,NoWC,0,NoSA,buservices,4,good,224,0.08,0.42,3,less250
54349,2015,17,1539.8130434782609,7.339416287699265,0,NoWC,0,NoSA,buservices,3,satisfactory,230,0.091,0.443,3,less250
54365,2002,4,1933.225,7.566944871813652,1,WC,0,NoSA,health,4,good,40,0.35,0.325,1,less50
54365,2003,5,1493.56,7.30891781093692,1,WC,0,NoSA,health,4,good,50,0.22,0.56,1,less50
54365,2004,6,1339.448275862069,7.200013073727771,1,WC,0,NoSA,edu,4,good,58,0.069,0.431,2,less100
54379,2008,10,668.7906976744187,6.505471152694124,0,NoWC,0,NoSA,buservices,2,sufficient,43,0.093,0.14,1,less50
54379,2009,11,739.3023255813954,6.605706938211286,0,NoWC,0,NoSA,buservices,2,sufficient,43,0.093,0.14,1,less50
54379,2010,12,614.8604651162791,6.421395356074208,0,NoWC,0,NoSA,buservices,3,satisfactory,43,0.116,0.093,1,less50
54379,2012,14,490.8958333333333,6.196231953216483,0,NoWC,0,NoSA,buservices,3,satisfactory,48,0.042,0.062,1,less50
54379,2013,15,664.3265306122449,6.498773791570899,0,NoWC,0,NoSA,buservices,4,good,49,0.122,0.061,1,less50
54379,2014,16,450.4807692307692,6.110315388525196,0,NoWC,0,NoSA,buservices,5,very good,52,0.077,0.058,2,less100
54379,2015,17,441.1272727272727,6.089333434098394,0,NoWC,0,NoSA,buservices,5,very good,55,0.073,0.073,2,less100
54379,2018,20,550.4,6.310645286619134,0,NoWC,0,NoSA,buservices,4,good,65,0.077,0.062,2,less100
54379,2019,21,451.3939393939394,6.112340438050368,0,NoWC,0,NoSA,buservices,4,good,66,0.106,0.061,2,less100
54379,2020,22,396.7647058823529,5.98334342458564,0,NoWC,0,NoSA,edu,4,good,68,0.088,0.221,2,less100
54379,2021,23,390.56666666666666,5.967598676006,0,NoWC,0,NoSA,edu,4,good,60,0.083,0.1,2,less100
54393,2015,17,478.45098039215685,6.17055376132372,0,NoWC,0,NoSA,wholesretail,4,good,51,0.137,0.627,2,less100
54393,2016,18,560.2244897959183,6.328337578035994,0,NoWC,0,NoSA,wholesretail,3,satisfactory,49,0.143,0.796,1,less50
54393,2017,19,459.93650793650795,6.131088453731662,0,NoWC,0,NoSA,wholesretail,3,satisfactory,63,0.111,0.413,2,less100
54393,2018,20,833.7,6.725873625416567,0,NoWC,0,NoSA,wholesretail,3,satisfactory,50,0.1,0.96,1,less50
54393,2019,21,488.20754716981133,6.190740617015549,0,NoWC,0,NoSA,wholesretail,2,sufficient,53,0.075,0.849,2,less100
54393,2020,22,508.35185185185185,6.231173829582346,0,NoWC,0,NoSA,transcom,3,satisfactory,54,0.074,0.741,2,less100
54415,2012,14,1708.3333333333333,7.4432735153384995,0,NoWC,0,NoSA,public,4,good,111,0.369,0.703,3,less250
54415,2015,17,644.4242424242424,6.468357270744551,0,NoWC,0,NoSA,public,4,good,165,0.315,0.691,3,less250
54415,2016,18,972.7169811320755,6.8800931674510615,0,NoWC,0,NoSA,public,4,good,159,0.327,0.673,3,less250
54417,2002,4,1217.967741935484,7.104938963465497,1,WC,0,NoSA,buservices,4,good,31,0.032,0.065,1,less50
54417,2004,6,1417.3055555555557,7.256512851981416,1,WC,0,NoSA,buservices,4,good,36,0.028,0.056,1,less50
54417,2005,7,1275.575,7.15115233632359,1,WC,0,NoSA,buservices,3,satisfactory,40,0.025,0.125,1,less50
54429,2000,2,1907.9916158536585,7.553806457791899,0,NoWC,0,NoSA,health,4,good,328,0.631,0.747,4,more250
54429,2001,3,846.7871644295302,6.741449381410273,0,NoWC,0,NoSA,health,4,good,745,0.385,0.749,4,more250
54429,2002,4,809.2485549132948,6.696106107093662,0,NoWC,0,NoSA,health,4,good,692,0.419,0.704,4,more250
54429,2003,5,654.9841040462428,6.484610966709074,0,NoWC,0,NoSA,health,3,satisfactory,692,0.364,0.585,4,more250
54431,2014,16,2205.878504672897,7.698881123352478,0,NoWC,0,NoSA,manufacturing,3,satisfactory,107,0.065,0.009,3,less250
54431,2015,17,3259.019047619048,8.089181523441239,0,NoWC,0,NoSA,manufacturing,4,good,105,0.067,0.038,3,less250
54431,2016,18,3693.552380952381,8.214343978796585,0,NoWC,0,NoSA,manufacturing,4,good,105,0.095,0.038,3,less250
54431,2017,19,4802.768421052631,8.47694778502306,0,NoWC,0,NoSA,manufacturing,4,good,95,0.084,0.053,2,less100
54431,2018,20,5763.315789473684,8.659268245957229,0,NoWC,0,NoSA,manufacturing,3,satisfactory,95,0.105,0.063,2,less100
54431,2020,22,6648.663043478261,8.80217106734393,0,NoWC,0,NoSA,manufacturing,3,satisfactory,92,0.38,0.076,2,less100
54431,2021,23,5832.404494382023,8.671184629030616,0,NoWC,0,NoSA,manufacturing,4,good,89,0.011,0.056,2,less100
54448,2017,19,1290.8095238095239,7.163024838373026,0,NoWC,0,NoSA,health,4,good,84,0.131,0.488,2,less100
54448,2018,20,1454.5243902439024,7.28243424661137,0,NoWC,0,NoSA,health,4,good,82,0.146,0.463,2,less100
54448,2019,21,1459.0864197530864,7.285565778950319,0,NoWC,0,NoSA,health,5,very good,81,0.086,0.42,2,less100
54448,2020,22,2886.8875,7.967934211117042,0,NoWC,0,NoSA,health,4,good,80,0.138,0.412,2,less100
54448,2021,23,2168.5555555555557,7.681816582294982,0,NoWC,0,NoSA,health,4,good,81,0.086,0.444,2,less100
54491,2001,3,1122.200439453125,7.023046714916443,1,WC,0,NoSA,construction,3,satisfactory,24,0.042,0.833,1,less50
54491,2002,4,860.7083333333334,6.757755693650307,1,WC,0,NoSA,construction,2,sufficient,24,0.042,0.583,1,less50
54491,2004,6,1187.8,7.07985813558176,1,WC,0,NoSA,construction,2,sufficient,20,0.05,0.35,1,less50
54491,2005,7,1549.3,7.345558495002246,1,WC,0,NoSA,construction,2,sufficient,20,0.05,0.25,1,less50
54491,2019,21,723,6.583409222158765,1,WC,0,NoSA,construction,5,very good,20,0.05,0.6,1,less50
54523,2010,12,159,5.0689042022202315,0,NoWC,0,NoSA,manufacturing,4,good,57,0.053,0.035,2,less100
54523,2011,13,352.45,5.864908768219885,0,NoWC,0,NoSA,manufacturing,4,good,60,0.05,0.05,2,less100
54523,2012,14,335.6666666666667,5.816118604050453,0,NoWC,0,NoSA,manufacturing,4,good,60,0.05,0.05,2,less100
54523,2013,15,546.1864406779661,6.302960383901668,0,NoWC,0,NoSA,manufacturing,3,satisfactory,59,0.034,0.051,2,less100
54523,2016,18,779.6290322580645,6.658818206881095,0,NoWC,0,NoSA,manufacturing,3,satisfactory,62,0.29,0.194,2,less100
54523,2017,19,1068.0454545454545,6.973585579050289,1,WC,0,NoSA,manufacturing,4,good,66,0.258,0.197,2,less100
54538,2005,7,4266.833333333333,8.35862722297668,1,WC,0,NoSA,resthotels,4,good,60,0.95,0.367,2,less100
54538,2006,8,3659.673076923077,8.205129099160793,1,WC,0,NoSA,resthotels,3,satisfactory,104,0.942,0.356,3,less250
54538,2007,9,3317.8194444444443,8.107063052284936,1,WC,0,NoSA,resthotels,4,good,72,0.917,0.375,2,less100
54545,2015,17,1409.03125,7.250657690502981,1,WC,0,NoSA,edu,2,sufficient,64,0.203,0.391,2,less100
54545,2016,18,1262.4923076923078,7.140843068213969,1,WC,0,NoSA,edu,2,sufficient,65,0.262,0.462,2,less100
54545,2017,19,1479.484375,7.299448910784158,1,WC,0,NoSA,edu,3,satisfactory,64,0.219,0.375,2,less100
54563,2016,18,1702.2790697674418,7.439723261478205,0,NoWC,0,NoSA,manufacturing,2,sufficient,301,0.787,0.196,4,more250
54563,2017,19,2679.143790849673,7.893252541433726,0,NoWC,0,NoSA,manufacturing,5,very good,306,0.765,0.232,4,more250
54563,2018,20,2193.7033639143733,7.693346428373678,0,NoWC,0,NoSA,manufacturing,5,very good,327,0.755,0.214,4,more250
54563,2019,21,1476.6167146974065,7.297508746280222,0,NoWC,0,NoSA,manufacturing,4,good,347,0.758,0.207,4,more250
54563,2020,22,2408.6524216524217,7.786822708955736,0,NoWC,0,NoSA,manufacturing,4,good,351,0.801,0.222,4,more250
54569,1998,0,228.49877232142856,5.4315308375470845,0,NoWC,0,NoSA,public,4,good,105,0.276,0.638,3,less250
54569,2000,2,349.8887532552083,5.8576152561168655,0,NoWC,0,NoSA,public,5,very good,96,0.302,0.635,2,less100
54569,2001,3,362.1489902712264,5.892055702486755,0,NoWC,0,NoSA,public,4,good,106,0.274,0.491,3,less250
54569,2002,4,493.94736842105266,6.202428969854169,0,NoWC,0,NoSA,public,4,good,95,0.316,0.642,2,less100
54569,2003,5,406.08653846153845,6.006566285808774,0,NoWC,0,NoSA,public,4,good,104,0.288,0.673,3,less250
54569,2004,6,342.1666666666667,5.835297947790878,0,NoWC,0,NoSA,public,4,good,96,0.312,0.635,2,less100
54569,2005,7,837.9464285714286,6.73095417071956,0,NoWC,0,NoSA,public,5,very good,56,0.518,0.571,2,less100
54569,2006,8,816.0869565217391,6.704520913651405,0,NoWC,0,NoSA,public,3,satisfactory,69,0.42,0.449,2,less100
54569,2007,9,734.4782608695652,6.599160397993579,0,NoWC,0,NoSA,public,4,good,69,0.42,0.507,2,less100
54569,2008,10,952.1014492753624,6.858671593478663,0,NoWC,0,NoSA,public,4,good,69,0.377,0.638,2,less100
54569,2009,11,980.5223880597015,6.888085478684957,0,NoWC,0,NoSA,public,5,very good,67,0.388,0.657,2,less100
54569,2010,12,842.2435897435897,6.736069271386331,0,NoWC,0,NoSA,public,4,good,78,0.321,0.5,2,less100
54569,2011,13,843.5955056179776,6.737673120968306,0,NoWC,0,NoSA,public,5,very good,89,0.292,0.483,2,less100
54569,2012,14,782.0833333333334,6.661961299232609,0,NoWC,0,NoSA,public,4,good,60,0.417,0.533,2,less100
54569,2013,15,824.3648648648649,6.714613229069835,0,NoWC,0,NoSA,public,4,good,74,0.365,0.554,2,less100
54569,2014,16,1156.1304347826087,7.052833875724103,0,NoWC,0,NoSA,public,4,good,69,0.435,0.565,2,less100
54569,2015,17,1126.2,7.026604412820518,0,NoWC,0,NoSA,public,4,good,60,0.433,0.567,2,less100
54569,2016,18,1230.8196721311476,7.115435626527134,0,NoWC,0,NoSA,public,4,good,61,0.59,0.59,2,less100
54569,2019,21,1642.3833333333334,7.403903717901977,0,NoWC,0,NoSA,public,3,satisfactory,60,0.633,0.6,2,less100
54569,2020,22,1970.86,7.5862252746959316,1,WC,0,NoSA,public,4,good,50,0.6,0.42,1,less50
54569,2021,23,3634.2127659574467,8.198147795937158,1,WC,0,NoSA,public,4,good,47,0.681,0.426,1,less50
54589,2019,21,2660.2179487179487,7.886163334027458,0,NoWC,1,SA,manufacturing,5,very good,546,0.031,0.636,4,more250
54589,2020,22,2183.255183413078,7.688572245463967,0,NoWC,1,SA,manufacturing,5,very good,627,0.033,0.566,4,more250
54589,2021,23,2906.669316375199,7.974763139831472,0,NoWC,1,SA,manufacturing,4,good,629,0.035,0.506,4,more250
54591,2008,10,1443.1153846153845,7.274559517195534,1,WC,1,SA,health,4,good,26,0.192,0.577,1,less50
54591,2009,11,2629.074074074074,7.874387000093345,1,WC,0,NoSA,health,4,good,27,0.37,0.556,1,less50
54591,2010,12,3169,8.06117135969092,1,WC,0,NoSA,health,4,good,24,0.583,0.375,1,less50
54591,2011,13,3169,8.06117135969092,1,WC,0,NoSA,health,4,good,24,0.375,0.5,1,less50
54603,2000,2,999.3382393973214,6.9070932993192615,1,WC,1,SA,construction,5,very good,28,0.036,0.071,1,less50
54603,2001,3,1165.8969907407406,7.0612460188747095,1,WC,1,SA,construction,3,satisfactory,27,0.111,0.074,1,less50
54603,2002,4,1330.1666666666667,7.193059526647954,1,WC,0,NoSA,construction,1,unsatisfactory,24,0.083,0,1,less50
54603,2004,6,1572.6206896551723,7.360498735807622,1,WC,1,SA,construction,2,sufficient,29,0.069,0.069,1,less50
54603,2005,7,832,6.723832440821209,1,WC,1,SA,construction,4,good,37,0.054,0.081,1,less50
54603,2007,9,889.8780487804878,6.791084429495412,1,WC,0,NoSA,construction,4,good,41,0.049,0.098,1,less50
54603,2008,10,972.9333333333333,6.8803155632233555,1,WC,1,SA,construction,2,sufficient,45,0.067,0.089,1,less50
54633,2012,14,194.06451612903226,5.26819066114453,1,WC,0,NoSA,wholesretail,3,satisfactory,31,0.032,0.419,1,less50
54633,2014,16,167.1,5.118592435601348,1,WC,0,NoSA,wholesretail,2,sufficient,30,0.167,0.5,1,less50
54633,2015,17,200.53333333333333,5.30098048396752,1,WC,0,NoSA,wholesretail,2,sufficient,30,0.1,0.6,1,less50
54633,2016,18,250.65384615384616,5.524072888310898,1,WC,0,NoSA,wholesretail,3,satisfactory,26,0.115,0.5,1,less50
54633,2017,19,355.0833333333333,5.8723525037119115,1,WC,0,NoSA,wholesretail,3,satisfactory,24,0.208,0.542,1,less50
54633,2019,21,484.5833333333333,6.183289415164764,1,WC,0,NoSA,wholesretail,2,sufficient,24,0.208,0.625,1,less50
54650,2004,6,2096.5365853658536,7.648042017145822,1,WC,0,NoSA,manufacturing,3,satisfactory,41,0.024,0.878,1,less50
54650,2005,7,1818.6829268292684,7.505867851520463,1,WC,0,NoSA,manufacturing,3,satisfactory,41,0.049,0.902,1,less50
54650,2006,8,2568.5714285714284,7.851105158970298,1,WC,0,NoSA,manufacturing,3,satisfactory,28,0.071,0.536,1,less50
54650,2007,9,4661.863636363636,8.447170569138661,1,WC,0,NoSA,manufacturing,3,satisfactory,22,0.136,0.591,1,less50
54650,2009,11,3084.764705882353,8.034230663052263,1,WC,0,NoSA,manufacturing,3,satisfactory,34,0.088,0.794,1,less50
54654,2002,4,2456.1403508771928,7.806346433756891,0,NoWC,0,NoSA,manufacturing,1,unsatisfactory,228,0.395,0.101,3,less250
54654,2004,6,2242.152466367713,7.71519160594421,0,NoWC,0,NoSA,manufacturing,3,satisfactory,223,0.444,0.072,3,less250
54654,2005,7,2410.2196261682243,7.78747315352264,0,NoWC,0,NoSA,manufacturing,3,satisfactory,214,0.472,0.065,3,less250
54654,2006,8,3133.7579617834394,8.049988190126138,0,NoWC,0,NoSA,manufacturing,1,unsatisfactory,157,0.854,0.064,3,less250
54670,2007,9,358.768115942029,5.882676263198264,1,WC,0,NoSA,public,4,good,69,0.145,0.783,2,less100
54670,2009,11,277.65384615384613,5.6263751801176785,1,WC,0,NoSA,public,4,good,52,0.212,0.865,2,less100
54670,2010,12,179.0185185185185,5.187489255900331,1,WC,0,NoSA,public,2,sufficient,54,0.13,0.815,2,less100
54670,2011,13,273.2741935483871,5.610475663113014,1,WC,0,NoSA,public,3,satisfactory,62,0.113,0.806,2,less100
54670,2012,14,408.9148936170213,6.013507050324346,1,WC,0,NoSA,public,1,unsatisfactory,47,0.149,0.745,1,less50
54679,2008,10,433.8240740740741,6.072639092643797,1,WC,0,NoSA,manufacturing,3,satisfactory,108,0.167,0.833,3,less250
54679,2010,12,474.85585585585585,6.163011296624834,1,WC,0,NoSA,manufacturing,3,satisfactory,111,0.333,0.802,3,less250
54679,2011,13,560.6538461538462,6.329103685052531,1,WC,0,NoSA,manufacturing,2,sufficient,130,0.262,0.862,3,less250
54679,2012,14,628.1782178217821,6.4428239125488895,1,WC,0,NoSA,manufacturing,4,good,101,0.356,0.842,3,less250
54679,2013,15,624.7,6.437271534499525,1,WC,0,NoSA,manufacturing,1,unsatisfactory,100,0.52,0.83,2,less100
54679,2014,16,811.8019801980198,6.69925644367014,1,WC,0,NoSA,manufacturing,4,good,101,0.535,0.822,3,less250
54679,2018,20,1067.6041666666667,6.973172320357772,1,WC,0,NoSA,manufacturing,2,sufficient,96,0.635,0.875,2,less100
54679,2019,21,966.4356435643564,6.873614709327751,1,WC,1,SA,manufacturing,4,good,101,0.604,0.871,3,less250
54679,2020,22,1022.5809523809523,6.9300850558158125,1,WC,0,NoSA,manufacturing,3,satisfactory,105,0.029,0.838,3,less250
54697,2006,8,2946.1077844311376,7.98824018305769,1,WC,0,NoSA,manufacturing,4,good,167,0.024,0.108,3,less250
54697,2007,9,2427.323353293413,7.794544428534543,1,WC,0,NoSA,manufacturing,4,good,167,0.024,0.096,3,less250
54697,2008,10,2396.275641025641,7.781670994782789,1,WC,0,NoSA,manufacturing,3,satisfactory,156,0.019,0.096,3,less250
54697,2009,11,3349.5145631067962,8.116570707783861,1,WC,0,NoSA,manufacturing,4,good,103,0.029,0.117,3,less250
54697,2010,12,2497.4615384615386,7.823030110388727,1,WC,0,NoSA,manufacturing,4,good,104,0.038,0.077,3,less250
54697,2011,13,2835.294117647059,7.949900955982476,1,WC,0,NoSA,manufacturing,4,good,102,0.029,0.108,3,less250
54697,2012,14,3306,8.10349427838097,1,WC,0,NoSA,manufacturing,4,good,100,0.03,0.12,2,less100
54709,2002,4,1035.120147874307,6.94227278386485,0,NoWC,0,NoSA,manufacturing,2,sufficient,541,0.013,0.072,4,more250
54709,2003,5,868.2931034482758,6.766529334444105,0,NoWC,0,NoSA,manufacturing,3,satisfactory,522,0.015,0.061,4,more250
54709,2004,6,1010.10101010101,6.917805614835639,0,NoWC,0,NoSA,manufacturing,4,good,495,0.016,0.077,4,more250
54739,1999,1,1974.4320879888269,7.588036085599279,0,NoWC,0,NoSA,finance,3,satisfactory,358,0.011,0.81,4,more250
54739,2000,2,1788.0607142857143,7.488886911692584,0,NoWC,0,NoSA,finance,3,satisfactory,350,0.011,0.786,4,more250
54739,2001,3,1844.609466374269,7.520022862727227,0,NoWC,0,NoSA,finance,3,satisfactory,342,0.009,0.819,4,more250
54739,2002,4,1600,7.3777589082278725,0,NoWC,0,NoSA,finance,2,sufficient,350,0.014,0.817,4,more250
54739,2003,5,1298.707736389685,7.169125000124316,0,NoWC,0,NoSA,finance,4,good,349,0.02,0.802,4,more250
54739,2004,6,1597.444089456869,7.376160186864175,0,NoWC,0,NoSA,finance,3,satisfactory,313,0.042,0.799,4,more250
54739,2005,7,874.2152542372881,6.773326631644727,0,NoWC,0,NoSA,finance,4,good,590,0.022,0.78,4,more250
54739,2006,8,855.6521739130435,6.751863954677095,0,NoWC,0,NoSA,finance,4,good,575,0.033,0.751,4,more250
54739,2007,9,697.6987951807229,6.547787484099387,0,NoWC,0,NoSA,finance,3,satisfactory,581,0.041,0.67,4,more250
54739,2008,10,635.7465986394558,6.454800054133699,0,NoWC,0,NoSA,finance,4,good,588,0.031,0.577,4,more250
54744,1998,0,831.5179086538461,6.7232528361687525,0,NoWC,0,NoSA,wholesretail,2,sufficient,65,0.015,0.846,2,less100
54744,1999,1,910.7131009615384,6.81422792006549,0,NoWC,0,NoSA,wholesretail,2,sufficient,65,0.062,0.723,2,less100
54744,2000,2,997.8215144230769,6.905574417053651,0,NoWC,0,NoSA,wholesretail,2,sufficient,65,0.046,0.738,2,less100
54749,2005,7,1236.8992805755395,7.120362946745691,0,NoWC,0,NoSA,health,5,very good,417,0.748,0.058,4,more250
54749,2006,8,1125.858123569794,7.026300800378855,0,NoWC,0,NoSA,health,3,satisfactory,437,0.817,0.089,4,more250
54749,2007,9,983.8907766990292,6.891514891601772,0,NoWC,0,NoSA,health,4,good,412,0.583,0.083,4,more250
54769,2000,2,2813.952552356021,7.94234537625145,0,NoWC,0,NoSA,wholesretail,3,satisfactory,191,0.068,0.791,3,less250
54769,2001,3,2843.6458333333335,7.952842251991735,0,NoWC,0,NoSA,wholesretail,2,sufficient,189,0.079,0.677,3,less250
54769,2002,4,2886.60103626943,7.96783497692648,0,NoWC,0,NoSA,wholesretail,2,sufficient,193,0.088,0.777,3,less250
54774,2000,2,2141.5863486842104,7.669302117832171,0,NoWC,0,NoSA,construction,3,satisfactory,38,0.026,0.395,1,less50
54774,2001,3,2347.511418269231,7.761111075083041,0,NoWC,0,NoSA,construction,3,satisfactory,39,0.128,0.385,1,less50
54774,2002,4,2984.375,8.001145623669094,0,NoWC,0,NoSA,construction,4,good,40,0.125,0.4,1,less50
54774,2004,6,2096.375,7.647964941651792,0,NoWC,0,NoSA,construction,4,good,40,0.1,0.425,1,less50
54774,2005,7,1336.75,7.197996573828841,0,NoWC,0,NoSA,construction,3,satisfactory,64,0.078,0.5,2,less100
54774,2006,8,890,6.7912214627261855,0,NoWC,0,NoSA,construction,3,satisfactory,63,0.079,0.619,2,less100
54774,2007,9,1093.2413793103449,6.996902304883797,0,NoWC,0,NoSA,construction,3,satisfactory,58,0.086,0.483,2,less100
54774,2008,10,1058.6470588235295,6.964747012264986,0,NoWC,0,NoSA,construction,4,good,51,0.137,0.333,2,less100
54774,2009,11,1199.673076923077,7.089804362761255,0,NoWC,0,NoSA,construction,5,very good,52,0.096,0.327,2,less100
54774,2010,12,1214.0192307692307,7.101691812325305,0,NoWC,0,NoSA,construction,3,satisfactory,52,0.096,0.481,2,less100
54774,2011,13,1180.4833333333333,7.073679238114454,0,NoWC,0,NoSA,construction,3,satisfactory,60,0.083,0.317,2,less100
54774,2016,18,3030.777777777778,8.016574557899474,0,NoWC,0,NoSA,construction,4,good,45,0.244,0.378,1,less50
54774,2018,20,4600.4,8.433898535218427,0,NoWC,0,NoSA,construction,3,satisfactory,45,0.178,0.444,1,less50
54774,2019,21,5240.883720930233,8.564245412127926,0,NoWC,0,NoSA,construction,3,satisfactory,43,0.209,0.395,1,less50
54774,2021,23,5720.511627906977,8.651813525812122,0,NoWC,0,NoSA,construction,4,good,43,0.116,0.465,1,less50
54795,2002,4,4147.428571428572,8.330243799837593,0,NoWC,1,SA,buservices,4,good,21,0.619,0.333,1,less50
54795,2003,5,3809.15,8.245161346118023,0,NoWC,1,SA,buservices,4,good,20,0.9,0.6,1,less50
54795,2004,6,2065.6923076923076,7.633220707171117,0,NoWC,1,SA,buservices,5,very good,39,0.256,0.872,1,less50
54795,2005,7,1514.4117647058824,7.322782368424026,0,NoWC,1,SA,buservices,4,good,51,0.941,0.667,2,less100
54800,2012,14,1243.7857142857142,7.125915003064124,1,WC,0,NoSA,public,3,satisfactory,56,0.018,0.732,2,less100
54800,2013,15,1507.457627118644,7.318179820158968,1,WC,0,NoSA,public,2,sufficient,59,0.068,0.831,2,less100
54800,2014,16,1555.5,7.349552316337692,1,WC,0,NoSA,public,4,good,62,0.323,0.774,2,less100
54803,2001,3,1957.1555397727273,7.579247442915753,1,WC,0,NoSA,construction,1,unsatisfactory,110,0.027,0.355,3,less250
54803,2002,4,1913.7373737373737,7.556813349294935,1,WC,0,NoSA,construction,1,unsatisfactory,99,0.051,0.343,2,less100
54803,2003,5,2151.7115384615386,7.674018868831219,1,WC,0,NoSA,construction,2,sufficient,104,0.038,0.346,3,less250
54803,2004,6,1633.3737373737374,7.398402932292244,1,WC,0,NoSA,construction,1,unsatisfactory,99,0.03,0.384,2,less100
54803,2005,7,1474.09900990099,7.295802241389612,1,WC,0,NoSA,construction,1,unsatisfactory,101,0.03,0.376,3,less250
54818,1998,0,1504.0098998091603,7.315890086808042,0,NoWC,0,NoSA,buservices,3,satisfactory,524,0.513,0.065,4,more250
54818,1999,1,1418.529468911917,7.257376028733092,0,NoWC,0,NoSA,buservices,3,satisfactory,579,0.66,0.079,4,more250
54818,2001,3,1477.4155444964872,7.298049586561208,0,NoWC,0,NoSA,buservices,4,good,427,0.813,0.049,4,more250
54818,2002,4,1349.3975903614457,7.207413542480634,0,NoWC,0,NoSA,buservices,4,good,415,0.699,0.051,4,more250
54825,2004,6,207.9205298013245,5.33715593843178,1,WC,0,NoSA,health,4,good,151,0.046,0.669,3,less250
54825,2005,7,69.33986928104575,4.239020055066836,1,WC,1,SA,health,4,good,153,0.046,0.673,3,less250
54825,2006,8,181.76973684210526,5.202740703871884,1,WC,1,SA,health,4,good,152,0.072,0.671,3,less250
54825,2007,9,216.2049689440994,5.3762268880311925,1,WC,0,NoSA,health,4,good,161,0.068,0.683,3,less250
54825,2008,10,156.47337278106508,5.0528858535303955,1,WC,1,SA,health,4,good,169,0.077,0.68,3,less250
54825,2009,11,108.76300578034682,4.6891712562005745,1,WC,1,SA,health,5,very good,173,0.064,0.676,3,less250
54825,2010,12,72.64835164835165,4.2856307008167285,1,WC,1,SA,health,3,satisfactory,182,0.071,0.67,3,less250
54825,2012,14,40.80864197530864,3.708893872101194,1,WC,1,SA,health,4,good,162,0.302,0.691,3,less250
54826,2015,17,1159.5405405405406,7.055779119896821,0,NoWC,0,NoSA,manufacturing,4,good,111,0.333,0.099,3,less250
54826,2016,18,969.1238938053098,6.876392461101928,0,NoWC,0,NoSA,manufacturing,3,satisfactory,113,0.31,0.088,3,less250
54826,2017,19,1059.0900900900901,6.965165412889683,1,WC,0,NoSA,manufacturing,4,good,111,0.36,0.09,3,less250
54826,2018,20,1646.366972477064,7.4063263044297525,1,WC,0,NoSA,manufacturing,2,sufficient,109,0.376,0.083,3,less250
54826,2021,23,2145.52688172043,7.67114043370309,1,WC,0,NoSA,manufacturing,1,unsatisfactory,93,0.785,0.118,2,less100
54861,2000,2,655.1898828125,6.484925091046777,1,WC,0,NoSA,transcom,3,satisfactory,25,0.08,0.48,1,less50
54861,2003,5,641.6774193548387,6.464085715349483,1,WC,0,NoSA,transcom,4,good,31,0.065,0.355,1,less50
54861,2004,6,687.2068965517242,6.532635406346877,1,WC,0,NoSA,transcom,3,satisfactory,29,0.069,0.207,1,less50
54861,2005,7,770.0769230769231,6.646490409957947,1,WC,0,NoSA,transcom,4,good,26,0.038,0.269,1,less50
54861,2006,8,741.5555555555555,6.6087500819751,1,WC,0,NoSA,transcom,3,satisfactory,27,0.037,0.222,1,less50
54861,2007,9,616,6.423246963533519,1,WC,0,NoSA,transcom,4,good,27,0.111,0.296,1,less50
54861,2008,10,863.3461538461538,6.760815715930064,1,WC,0,NoSA,transcom,3,satisfactory,26,0.115,0.231,1,less50
54861,2009,11,924.3571428571429,6.829098515206412,1,WC,0,NoSA,transcom,4,good,28,0.036,0.214,1,less50
54863,2000,2,1585.6779947916666,7.368767351815802,0,NoWC,0,NoSA,wholesretail,2,sufficient,60,0.05,0.333,2,less100
54863,2001,3,2890.421875,7.969157747961448,0,NoWC,0,NoSA,wholesretail,2,sufficient,46,0.217,0.348,1,less50
54863,2002,4,3264.6170212765956,8.090897736599803,0,NoWC,1,SA,wholesretail,2,sufficient,47,0.255,0.383,1,less50
54907,2002,4,1911.3625,7.55557161751228,0,NoWC,0,NoSA,buservices,5,very good,80,0.188,0.637,2,less100
54907,2003,5,1950.6913580246915,7.575939131299189,0,NoWC,0,NoSA,buservices,1,unsatisfactory,81,0.185,0.642,2,less100
54907,2004,6,1975.075,7.588361651297746,0,NoWC,0,NoSA,buservices,2,sufficient,80,0.188,0.637,2,less100
54907,2005,7,1864.7439024390244,7.530879004921909,0,NoWC,0,NoSA,buservices,4,good,82,0.268,0.524,2,less100
54907,2007,9,1887.7654320987654,7.543149097513723,0,NoWC,0,NoSA,buservices,5,very good,81,0.272,0.568,2,less100
54907,2008,10,1960.371794871795,7.58088942549657,0,NoWC,0,NoSA,buservices,4,good,78,0.282,0.564,2,less100
54910,2007,9,3642.217391304348,8.200347948595228,0,NoWC,0,NoSA,art,2,sufficient,46,0.174,0.043,1,less50
54910,2008,10,4365.183673469388,8.381415546075564,0,NoWC,0,NoSA,art,2,sufficient,49,0.163,0.061,1,less50
54910,2009,11,1817.6792452830189,7.5053158264337245,0,NoWC,0,NoSA,edu,2,sufficient,53,0.17,0.113,2,less100
54910,2010,12,3556.3207547169814,8.176481793554958,0,NoWC,0,NoSA,edu,1,unsatisfactory,53,0.547,0.113,2,less100
54910,2011,13,5456.603773584906,8.604581855714624,0,NoWC,0,NoSA,edu,3,satisfactory,53,0.226,0.057,2,less100
54935,2000,2,2525.047539893617,7.834015169212862,0,NoWC,0,NoSA,finance,4,good,94,0.011,0.628,2,less100
54935,2001,3,2212.18609375,7.7017364882853006,0,NoWC,0,NoSA,finance,4,good,100,0.02,0.64,2,less100
54935,2002,4,2258.7708333333335,7.7225760652544215,0,NoWC,0,NoSA,finance,3,satisfactory,96,0.021,0.615,2,less100
54935,2003,5,2408.2580645161293,7.786658970336011,0,NoWC,0,NoSA,finance,1,unsatisfactory,93,0.011,0.581,2,less100
55031,2011,13,2642.8260869565215,7.879604111060744,1,WC,0,NoSA,manufacturing,4,good,23,0.043,0.826,1,less50
55031,2012,14,852.5333333333333,6.748212309077522,1,WC,0,NoSA,manufacturing,3,satisfactory,75,0.013,0.893,2,less100
55031,2013,15,856.4459459459459,6.75279120537677,1,WC,0,NoSA,manufacturing,3,satisfactory,74,0.027,0.878,2,less100
55031,2014,16,1112.015873015873,7.013929749003501,1,WC,0,NoSA,manufacturing,2,sufficient,63,0.016,0.857,2,less100
55036,2005,7,383.36170212765956,5.9489789355013265,0,NoWC,0,NoSA,manufacturing,3,satisfactory,47,0.319,0.766,1,less50
55036,2006,8,400.3478260869565,5.9923337344725685,1,WC,0,NoSA,manufacturing,3,satisfactory,46,0.326,0.717,1,less50
55036,2007,9,432.9347826086956,6.07058709912665,1,WC,0,NoSA,manufacturing,3,satisfactory,46,0.348,0.761,1,less50
55036,2008,10,412.3953488372093,6.021982473798917,1,WC,0,NoSA,manufacturing,2,sufficient,43,0.395,0.744,1,less50
55036,2009,11,409.1142857142857,6.013994544184593,1,WC,0,NoSA,manufacturing,2,sufficient,35,0.4,0.8,1,less50
55044,1998,0,3413.377068014706,8.135457422738238,0,NoWC,0,NoSA,manufacturing,4,good,68,0.324,0.574,2,less100
55044,1999,1,2744.5021186440677,7.9173549599495905,0,NoWC,0,NoSA,manufacturing,3,satisfactory,59,0.508,0.559,2,less100
55044,2000,2,2760.5744977678573,7.923194088415872,0,NoWC,0,NoSA,manufacturing,3,satisfactory,56,0.589,0.571,2,less100
55044,2001,3,2262.5395408163267,7.724243152025268,0,NoWC,1,SA,manufacturing,3,satisfactory,49,0.673,0.449,1,less50
55087,1999,1,3640.740403543307,8.199942347513115,0,NoWC,0,NoSA,wholesretail,3,satisfactory,127,0.016,0.646,3,less250
55087,2000,2,3012.2741141732286,8.010450592140495,0,NoWC,0,NoSA,wholesretail,3,satisfactory,127,0.008,0.661,3,less250
55087,2002,4,3230.263565891473,8.080319012234861,0,NoWC,0,NoSA,wholesretail,2,sufficient,129,0.008,0.589,3,less250
55113,2001,3,1289.398193359375,7.1619308717272325,1,WC,0,NoSA,manufacturing,3,satisfactory,32,0.25,0.25,1,less50
55113,2002,4,1421.0645161290322,7.259161528986966,1,WC,0,NoSA,manufacturing,3,satisfactory,31,0.258,0.129,1,less50
55113,2003,5,1838.8148148148148,7.516876520683832,1,WC,0,NoSA,manufacturing,3,satisfactory,27,0.481,0.148,1,less50
55113,2004,6,1977.3461538461538,7.589510898307477,1,WC,0,NoSA,manufacturing,2,sufficient,26,0.385,0,1,less50
55113,2005,7,1630.6153846153845,7.396712759125664,1,WC,0,NoSA,manufacturing,1,unsatisfactory,26,0.538,0.115,1,less50
55113,2006,8,2084.92,7.642485764192225,1,WC,0,NoSA,manufacturing,2,sufficient,25,0.4,0.12,1,less50
55113,2007,9,1402.88,7.246282545439486,1,WC,0,NoSA,manufacturing,2,sufficient,25,0.56,0.12,1,less50
55113,2008,10,1808.5185185185185,7.500263291051377,1,WC,0,NoSA,manufacturing,2,sufficient,27,0.519,0.111,1,less50
55113,2009,11,1761.8076923076924,7.474095658830139,1,WC,0,NoSA,manufacturing,4,good,26,0.615,0.115,1,less50
55113,2010,12,1799.3076923076924,7.495157254516173,1,WC,0,NoSA,manufacturing,3,satisfactory,26,0.5,0.115,1,less50
55113,2011,13,2191.7916666666665,7.692474600971998,1,WC,0,NoSA,manufacturing,3,satisfactory,24,0.083,0.125,1,less50
55113,2012,14,2838.5,7.951031022610781,1,WC,0,NoSA,manufacturing,4,good,24,0.625,0,1,less50
55113,2013,15,2886.9166666666665,7.967944314219199,1,WC,0,NoSA,manufacturing,1,unsatisfactory,24,0.208,0.042,1,less50
55113,2014,16,2902.1153846153848,7.973195193031169,1,WC,0,NoSA,manufacturing,1,unsatisfactory,26,0.192,0.115,1,less50
55113,2015,17,2989.4615384615386,8.002848562695979,1,WC,0,NoSA,manufacturing,2,sufficient,26,0.154,0.115,1,less50
55113,2016,18,2364,7.768110378525988,1,WC,0,NoSA,manufacturing,2,sufficient,27,0.148,0.111,1,less50
55113,2017,19,2747,7.918264686095274,1,WC,0,NoSA,manufacturing,2,sufficient,27,0.185,0.111,1,less50
55113,2018,20,2955.730769230769,7.991501198498854,1,WC,0,NoSA,manufacturing,2,sufficient,26,0.115,0.115,1,less50
55113,2020,22,3199.3846153846152,8.070713762602015,1,WC,0,NoSA,manufacturing,4,good,26,0.154,0.038,1,less50
55113,2021,23,3157.76,8.057618194460883,1,WC,0,NoSA,manufacturing,3,satisfactory,25,0.16,0.12,1,less50
55115,2000,2,717.6172458022388,6.575936343067624,0,NoWC,1,SA,construction,5,very good,67,0.164,0.866,2,less100
55115,2001,3,1169.0039645522388,7.063907352871142,0,NoWC,0,NoSA,construction,3,satisfactory,67,0.194,0.881,2,less100
55115,2002,4,1099.0819672131147,7.002230535073838,1,WC,0,NoSA,construction,3,satisfactory,61,0.213,0.836,2,less100
55123,2002,4,2549.809523809524,7.843773938817261,0,NoWC,0,NoSA,construction,2,sufficient,42,0.024,0.143,1,less50
55123,2003,5,2597.232558139535,7.862201756417276,0,NoWC,0,NoSA,construction,1,unsatisfactory,43,0.023,0.14,1,less50
55123,2004,6,2343.6382978723404,7.759459829008499,0,NoWC,0,NoSA,construction,3,satisfactory,47,0.021,0.17,1,less50
55123,2005,7,2200.470588235294,7.696426520215579,0,NoWC,0,NoSA,construction,4,good,51,0.039,0.196,2,less100
55123,2006,8,2260.814814814815,7.723480564816973,0,NoWC,0,NoSA,construction,4,good,54,0.037,0.185,2,less100
55123,2007,9,1771.5230769230768,7.479594950990691,0,NoWC,0,NoSA,construction,3,satisfactory,65,0.046,0.154,2,less100
55123,2008,10,947.7352941176471,6.854075237649996,0,NoWC,0,NoSA,construction,3,satisfactory,68,0.044,0.162,2,less100
55123,2009,11,5354.666666666667,8.585723733823347,0,NoWC,0,NoSA,construction,2,sufficient,24,0.125,0.375,1,less50
55123,2010,12,6227.954545454545,8.736803234509551,0,NoWC,0,NoSA,construction,2,sufficient,22,0.136,0.409,1,less50
55123,2014,16,3308.2051282051284,8.104161063956587,0,NoWC,0,NoSA,construction,3,satisfactory,39,0.436,0.256,1,less50
55123,2015,17,2362.1428571428573,7.76732447636058,0,NoWC,0,NoSA,construction,3,satisfactory,42,0.095,0.19,1,less50
55123,2016,18,2285.7391304347825,7.734444721672749,0,NoWC,0,NoSA,construction,1,unsatisfactory,46,0.087,0.174,1,less50
55123,2017,19,2659.7843137254904,7.886000313422568,0,NoWC,0,NoSA,construction,1,unsatisfactory,51,0.098,0.176,2,less100
55123,2018,20,2123.4313725490197,7.660788631147271,0,NoWC,0,NoSA,construction,1,unsatisfactory,51,0.196,0.216,2,less100
55123,2019,21,2658.3846153846152,7.8854739298526395,0,NoWC,0,NoSA,construction,3,satisfactory,52,0.135,0.192,2,less100
55123,2020,22,2705.918367346939,7.903196640998138,0,NoWC,0,NoSA,construction,3,satisfactory,49,0.102,0.184,1,less50
55123,2021,23,2570.2,7.851738995873041,0,NoWC,0,NoSA,construction,3,satisfactory,50,0.1,0.16,1,less50
55130,2012,14,710.9677419354839,6.566627058781704,0,NoWC,0,NoSA,manufacturing,3,satisfactory,465,0.077,0.258,4,more250
55130,2013,15,653.0612244897959,6.481670883671237,0,NoWC,0,NoSA,manufacturing,3,satisfactory,490,0.041,0.506,4,more250
55130,2014,16,596.2264150943396,6.390620486022882,0,NoWC,0,NoSA,manufacturing,4,good,530,0.104,0.511,4,more250
55133,2004,6,2935.098765432099,7.9844963826098505,0,NoWC,0,NoSA,wholesretail,3,satisfactory,81,0.457,0.556,2,less100
55133,2005,7,2940.9620253164558,7.986492026303497,0,NoWC,0,NoSA,wholesretail,4,good,79,0.405,0.468,2,less100
55133,2006,8,2898.4556962025317,7.971933355585354,0,NoWC,0,NoSA,wholesretail,4,good,79,0.215,0.544,2,less100
55133,2007,9,2964.5,7.994463663147422,0,NoWC,0,NoSA,wholesretail,4,good,72,0.181,0.556,2,less100
55133,2008,10,2011.4875,7.606629777102575,0,NoWC,0,NoSA,wholesretail,4,good,80,0.125,0.55,2,less100
55133,2009,11,2707.9,7.903928705728463,0,NoWC,1,SA,wholesretail,4,good,80,0.262,0.55,2,less100
55160,2015,17,2012.7142857142858,7.607239480997963,0,NoWC,0,NoSA,construction,3,satisfactory,35,0.114,0.543,1,less50
55160,2016,18,1956.8055555555557,7.579068604031267,0,NoWC,0,NoSA,construction,3,satisfactory,36,0.083,0.556,1,less50
55160,2017,19,1886.9,7.542690549793669,0,NoWC,0,NoSA,construction,4,good,40,0.125,0.525,1,less50
55162,2011,13,819.8139534883721,6.709077428525989,1,WC,0,NoSA,resthotels,4,good,86,0.035,0.535,2,less100
55162,2012,14,749.2247191011236,6.619038964020737,1,WC,0,NoSA,resthotels,3,satisfactory,89,0.09,0.528,2,less100
55162,2013,15,670.8555555555556,6.508553846369941,1,WC,0,NoSA,resthotels,3,satisfactory,90,0.067,0.778,2,less100
55172,1999,1,799.7391826923077,6.684285652876705,0,NoWC,0,NoSA,manufacturing,3,satisfactory,39,0.103,0.077,1,less50
55172,2000,2,839.2135416666666,6.732465193351643,0,NoWC,0,NoSA,manufacturing,5,very good,39,0.154,0.077,1,less50
55172,2001,3,984.6686631944444,6.892305202039079,0,NoWC,0,NoSA,manufacturing,4,good,45,0.133,0.067,1,less50
55172,2002,4,1349.8139534883721,7.207722049704661,1,WC,0,NoSA,manufacturing,4,good,43,0.14,0.07,1,less50
55181,2015,17,2191.065789473684,7.6921433662892,1,WC,0,NoSA,manufacturing,1,unsatisfactory,76,0.013,0.368,2,less100
55181,2016,18,2740.5394736842104,7.915910068208093,1,WC,0,NoSA,manufacturing,1,unsatisfactory,76,0.039,0.408,2,less100
55181,2017,19,3014.592105263158,8.0112198115390445,1,WC,0,NoSA,manufacturing,1,unsatisfactory,76,0.105,0.447,2,less100
55188,2008,10,3058.7611940298507,8.02576527442484,0,NoWC,0,NoSA,manufacturing,4,good,67,0.045,0.09,2,less100
55188,2009,11,3210.560606060606,8.074200844508225,0,NoWC,0,NoSA,manufacturing,4,good,66,0.03,0.061,2,less100
55188,2010,12,1898.1363636363637,7.548627822551333,0,NoWC,0,NoSA,manufacturing,5,very good,66,0.015,0.106,2,less100
55188,2011,13,1479.927536231884,7.299748403553999,0,NoWC,0,NoSA,manufacturing,5,very good,69,0.058,0.087,2,less100
55188,2012,14,1588.4264705882354,7.370499164056689,0,NoWC,0,NoSA,manufacturing,5,very good,68,0.044,0.059,2,less100
55188,2013,15,1453.0588235294117,7.281426146941744,0,NoWC,0,NoSA,manufacturing,4,good,68,0.044,0.103,2,less100
55188,2015,17,1512.5441176470588,7.321548358171869,0,NoWC,0,NoSA,manufacturing,4,good,68,0.059,0.103,2,less100
55188,2016,18,1611.7121212121212,7.385052322262395,0,NoWC,0,NoSA,manufacturing,5,very good,66,0.091,0.106,2,less100
55188,2017,19,2192.90625,7.692982997846093,0,NoWC,0,NoSA,manufacturing,4,good,64,0.047,0.047,2,less100
55188,2019,21,2761.6949152542375,7.923599869958913,0,NoWC,0,NoSA,manufacturing,4,good,59,0.136,0.119,2,less100
55188,2020,22,3177.516666666667,8.063855248263595,0,NoWC,0,NoSA,manufacturing,4,good,60,0.183,0.1,2,less100
55188,2021,23,3035.4912280701756,8.018128544785446,0,NoWC,0,NoSA,manufacturing,4,good,57,0.193,0.053,2,less100
55223,2000,2,2053.8998766447367,7.62749564375256,0,NoWC,0,NoSA,manufacturing,3,satisfactory,38,0.026,0.079,1,less50
55223,2001,3,1510.306307164634,7.3200677616641086,0,NoWC,0,NoSA,manufacturing,2,sufficient,41,0.049,0.073,1,less50
55223,2002,4,1529.9767441860465,7.333007814392561,0,NoWC,0,NoSA,manufacturing,1,unsatisfactory,43,0.116,0.07,1,less50
55223,2003,5,1909.6511627906978,7.554675867078099,0,NoWC,0,NoSA,manufacturing,3,satisfactory,43,0.023,0.07,1,less50
55228,2003,5,9911.733333333334,9.201474519530342,0,NoWC,0,NoSA,construction,5,very good,30,0.633,0.633,1,less50
55228,2004,6,10113.357142857143,9.22161231850229,0,NoWC,0,NoSA,construction,5,very good,28,0.643,0.571,1,less50
55228,2006,8,8699.71875,9.07104597653392,0,NoWC,0,NoSA,construction,5,very good,32,0.562,0.656,1,less50
55228,2007,9,5740.025,8.655218844704825,0,NoWC,0,NoSA,construction,5,very good,40,0.425,0.575,1,less50
55228,2008,10,4893.7307692307695,8.49571023007229,0,NoWC,0,NoSA,construction,5,very good,52,0.365,0.577,2,less100
55228,2009,11,4697.928571428572,8.454876961065082,0,NoWC,0,NoSA,construction,4,good,56,0.321,0.589,2,less100
55228,2010,12,4328.933333333333,8.373076447308,0,NoWC,0,NoSA,construction,4,good,60,0.267,0.6,2,less100
55228,2011,13,4275.681818181818,8.360698858286915,0,NoWC,0,NoSA,construction,5,very good,66,0.197,0.591,2,less100
55228,2012,14,4580.424242424242,8.429546902168669,0,NoWC,0,NoSA,construction,5,very good,66,0.227,0.576,2,less100
55228,2013,15,4923.076923076923,8.501689004880273,0,NoWC,0,NoSA,construction,4,good,65,0.2,0.615,2,less100
55228,2014,16,4270.27027027027,8.359432399364879,0,NoWC,0,NoSA,construction,5,very good,74,0.189,0.473,2,less100
55228,2015,17,4993.027397260274,8.515797697619597,0,NoWC,0,NoSA,construction,5,very good,73,0.192,0.603,2,less100
55228,2016,18,3374.9166666666665,8.12412591164377,0,NoWC,0,NoSA,construction,4,good,72,0.194,0.583,2,less100
55228,2017,19,7035.333333333333,8.858700350562925,0,NoWC,0,NoSA,construction,5,very good,66,0.227,0.545,2,less100
55228,2018,20,7350.393939393939,8.902509187967059,0,NoWC,0,NoSA,construction,5,very good,66,0.182,0.545,2,less100
55321,2018,20,1715.3030303030303,7.44734503804573,1,WC,0,NoSA,wholesretail,4,good,33,0.333,0.758,1,less50
55321,2019,21,1932.3714285714286,7.566503247108013,1,WC,0,NoSA,wholesretail,4,good,35,0.257,0.686,1,less50
55321,2020,22,2099.8205128205127,7.649607149973268,1,WC,0,NoSA,wholesretail,4,good,39,0.231,0.692,1,less50
55331,2013,15,2469.730769230769,7.811864423369627,0,NoWC,0,NoSA,health,4,good,78,0.051,0.128,2,less100
55331,2014,16,2237.44,7.713087634147007,0,NoWC,0,NoSA,health,5,very good,75,0.053,0.133,2,less100
55331,2016,18,2519.844155844156,7.831952335674131,0,NoWC,0,NoSA,health,4,good,77,0.091,0.091,2,less100
55331,2017,19,2615.194805194805,7.8690938690187675,0,NoWC,0,NoSA,health,4,good,77,0.416,0.091,2,less100
55331,2018,20,2724.155844155844,7.909913877143843,0,NoWC,0,NoSA,health,4,good,77,0.416,0.13,2,less100
55333,2003,5,823.2767857142857,6.713292457276562,1,WC,0,NoSA,buservices,3,satisfactory,112,0.062,0.304,3,less250
55333,2004,6,878.9381443298969,6.778714524708371,1,WC,0,NoSA,buservices,4,good,97,0.072,0.381,2,less100
55333,2005,7,2064.0227272727275,7.632412137816376,1,WC,0,NoSA,buservices,2,sufficient,44,0.159,0.182,1,less50
55360,2016,18,3408.375,8.133990917107043,1,WC,0,NoSA,manufacturing,2,sufficient,88,0.057,0.386,2,less100
55360,2017,19,5728.236363636363,8.653162972390442,1,WC,0,NoSA,manufacturing,2,sufficient,55,0.091,0.509,2,less100
55360,2018,20,5041.5,8.52545893583327,1,WC,0,NoSA,manufacturing,3,satisfactory,52,0.25,0.5,2,less100
55360,2019,21,4624.653846153846,8.439156803070723,1,WC,0,NoSA,manufacturing,2,sufficient,52,0.288,0.346,2,less100
55360,2020,22,4734.228070175439,8.462573965967833,1,WC,0,NoSA,manufacturing,2,sufficient,57,0.316,0.491,2,less100
55360,2021,23,4164.785714285715,8.334420104126302,1,WC,0,NoSA,manufacturing,3,satisfactory,70,0.171,0.429,2,less100
55363,1999,1,1972.199508101852,7.586904700482242,0,NoWC,0,NoSA,manufacturing,2,sufficient,108,0.13,0.074,3,less250
55363,2000,2,1167.8844610091744,7.0629492381263725,1,WC,0,NoSA,manufacturing,3,satisfactory,109,0.128,0.073,3,less250
55363,2001,3,1066.8908482142858,6.9725039482379385,1,WC,0,NoSA,manufacturing,3,satisfactory,105,0.133,0.067,3,less250
55377,1998,0,5439.275265957447,8.601401107805406,0,NoWC,0,NoSA,buservices,3,satisfactory,188,0.064,0.191,3,less250
55377,1999,1,868.3278596403596,6.76656936182236,0,NoWC,0,NoSA,buservices,3,satisfactory,1001,0.027,0.239,4,more250
55377,2000,2,539.5010775862069,6.290644782075633,0,NoWC,0,NoSA,art,2,sufficient,1160,0.028,0.297,4,more250
55377,2001,3,556.3107914462081,6.321327115502135,0,NoWC,0,NoSA,art,4,good,1134,0.034,0.25,4,more250
55377,2002,4,606.060606060606,6.406979991069647,0,NoWC,0,NoSA,art,2,sufficient,924,0.04,0.316,4,more250
55382,2004,6,2169.913043478261,7.682442373601762,1,WC,0,NoSA,public,3,satisfactory,23,0.13,0.913,1,less50
55382,2005,7,3011.4347826086955,8.010171916133952,1,WC,0,NoSA,public,5,very good,23,0.174,0.957,1,less50
55382,2006,8,2664,7.88758403166028,1,WC,0,NoSA,public,1,unsatisfactory,24,0.125,0.958,1,less50
55382,2007,9,2557.44,7.846762037140024,1,WC,0,NoSA,public,1,unsatisfactory,25,0.2,0.96,1,less50
55427,2019,21,1784.875,7.487103663750459,0,NoWC,0,NoSA,manufacturing,2,sufficient,32,0.031,0.125,1,less50
55427,2020,22,1793.7272727272727,7.492051009171091,0,NoWC,0,NoSA,manufacturing,4,good,33,0.061,0.152,1,less50
55427,2021,23,973.5625,6.880962024086824,0,NoWC,0,NoSA,manufacturing,4,good,32,0.062,0.156,1,less50
55441,2004,6,2099.3214285714284,7.649369442242308,0,NoWC,0,NoSA,manufacturing,3,satisfactory,56,0.071,0.554,2,less100
55441,2006,8,1881.0806451612902,7.53960170193929,0,NoWC,0,NoSA,manufacturing,2,sufficient,62,0.952,0.565,2,less100
55441,2007,9,1865.920634920635,7.531509848305896,0,NoWC,0,NoSA,manufacturing,2,sufficient,63,0.873,0.667,2,less100
55441,2008,10,1939.3809523809523,7.570124104424336,0,NoWC,0,NoSA,manufacturing,1,unsatisfactory,63,0.921,0.587,2,less100
55461,2010,12,2422.9285714285716,7.792732240988096,0,NoWC,0,NoSA,health,1,unsatisfactory,28,0.036,0.036,1,less50
55461,2011,13,2506.4827586206898,7.826635758012711,0,NoWC,0,NoSA,health,4,good,29,0.034,0.034,1,less50
55461,2014,16,2799.8518518518517,7.937321784710599,0,NoWC,0,NoSA,health,1,unsatisfactory,27,0.296,0.037,1,less50
55471,2002,4,927.1810344827586,6.83214883720327,1,WC,1,SA,wholesretail,3,satisfactory,232,0.009,0.328,3,less250
55471,2003,5,585.4155844155844,6.372321995727114,1,WC,1,SA,wholesretail,3,satisfactory,231,0.009,0.32,3,less250
55471,2004,6,567.6150442477876,6.34144344995188,1,WC,1,SA,wholesretail,4,good,226,0.009,0.332,3,less250
55473,2013,15,4155.8441558441555,8.332270852922225,0,NoWC,0,NoSA,wholesretail,4,good,77,0.143,0.571,2,less100
55473,2014,16,3224.4897959183672,8.078530013898478,0,NoWC,0,NoSA,wholesretail,4,good,98,0.112,0.551,2,less100
55473,2015,17,4788.955555555555,8.474067619772411,0,NoWC,0,NoSA,wholesretail,4,good,90,0.011,0.6,2,less100
55473,2017,19,4585.989795918367,8.430761238364866,0,NoWC,0,NoSA,wholesretail,4,good,98,0.112,0.561,2,less100
55473,2018,20,5252.131313131313,8.56638923761038,0,NoWC,0,NoSA,wholesretail,4,good,99,0.03,0.576,2,less100
55494,2006,8,2411.764705882353,7.788114001630229,0,NoWC,0,NoSA,manufacturing,4,good,204,0.196,0.118,3,less250
55494,2007,9,1859.4633027522937,7.528043178162209,0,NoWC,0,NoSA,manufacturing,3,satisfactory,218,0.206,0.156,3,less250
55494,2009,11,1487.0689655172414,7.304562324347187,0,NoWC,0,NoSA,manufacturing,3,satisfactory,232,0.246,0.121,3,less250
55502,2009,11,7737.72972972973,8.953863606985667,0,NoWC,0,NoSA,construction,4,good,37,0.027,0.865,1,less50
55502,2010,12,6659.897435897436,8.803859363400454,0,NoWC,0,NoSA,construction,2,sufficient,39,0.026,0.846,1,less50
55502,2011,13,6572.727272727273,8.790684135348485,0,NoWC,1,SA,construction,4,good,44,0.023,0.818,1,less50
55502,2012,14,7346.666666666667,8.902001974598742,0,NoWC,0,NoSA,construction,3,satisfactory,45,0.022,0.756,1,less50
55502,2013,15,6808.510638297872,8.825928673065851,0,NoWC,0,NoSA,construction,1,unsatisfactory,47,0.043,0.894,1,less50
55502,2015,17,5147.351851851852,8.5462376578859,0,NoWC,0,NoSA,construction,1,unsatisfactory,54,0.056,0.815,2,less100
55516,2016,18,5529.2677165354335,8.617810665591715,1,WC,0,NoSA,buservices,4,good,127,0.11,0.071,3,less250
55516,2017,19,5346.234375,8.584147736927543,1,WC,0,NoSA,buservices,3,satisfactory,128,0.18,0.117,3,less250
55516,2018,20,5753,8.657476736863293,1,WC,0,NoSA,buservices,4,good,135,0.2,0.081,3,less250
55516,2019,21,6090.029629629629,8.714408225984329,1,WC,0,NoSA,buservices,3,satisfactory,135,0.289,0.104,3,less250
55537,2005,7,1134.8181818181818,7.0342277248526806,1,WC,0,NoSA,buservices,3,satisfactory,22,0.091,0.091,1,less50
55537,2006,8,841.9047619047619,6.735666898468211,1,WC,0,NoSA,buservices,4,good,21,0.095,0.095,1,less50
55537,2007,9,1377.6666666666667,7.228146525843623,1,WC,0,NoSA,buservices,4,good,21,0.095,0.095,1,less50
55537,2018,20,1955.2307692307693,7.578263505980479,1,WC,0,NoSA,buservices,4,good,26,0.038,0.038,1,less50
55538,2011,13,2863.8695652173915,7.9599289841724055,0,NoWC,0,NoSA,transcom,5,very good,46,0.043,0.174,1,less50
55538,2012,14,3243.860465116279,8.084519401090812,0,NoWC,0,NoSA,transcom,4,good,43,0.047,0.186,1,less50
55538,2013,15,3316.4883720930234,8.106661782881678,0,NoWC,0,NoSA,transcom,4,good,43,0.233,0.209,1,less50
55538,2014,16,3364.086956521739,8.120911869903148,1,WC,0,NoSA,transcom,4,good,46,0.174,0.239,1,less50
55564,2015,17,1030.5846153846153,6.937881507958732,1,WC,1,SA,health,3,satisfactory,130,0.046,0.254,3,less250
55564,2016,18,1198.3488372093022,7.088699919269243,1,WC,1,SA,health,4,good,129,0.101,0.287,3,less250
55564,2017,19,1504.5036496350365,7.316218321879744,1,WC,0,NoSA,health,3,satisfactory,137,0.153,0.27,3,less250
55564,2018,20,1288.2272727272727,7.161022345078928,1,WC,0,NoSA,health,3,satisfactory,132,0.152,0.28,3,less250
55569,2001,3,5391.935363247863,8.592659664992077,1,WC,0,NoSA,transcom,3,satisfactory,117,0.051,0.231,3,less250
55569,2002,4,4273.075,8.360088987561134,1,WC,0,NoSA,transcom,2,sufficient,120,0.05,0.2,3,less250
55569,2004,6,2251.68345323741,7.719433416874155,1,WC,0,NoSA,transcom,5,very good,139,0.043,0.252,3,less250
55569,2005,7,2155.637931034483,7.6758419824133775,1,WC,1,SA,transcom,3,satisfactory,174,0.04,0.178,3,less250
55591,2012,14,918.374358974359,6.822605105940316,1,WC,0,NoSA,manufacturing,4,good,195,0.056,0.533,3,less250
55591,2013,15,1448.9776119402984,7.278613491504492,1,WC,0,NoSA,manufacturing,3,satisfactory,134,0.09,0.493,3,less250
55591,2014,16,1095.9767441860465,6.999401248474487,1,WC,0,NoSA,manufacturing,1,unsatisfactory,129,0.178,0.543,3,less250
55591,2020,22,4524.19,8.417193834585763,1,WC,0,NoSA,manufacturing,3,satisfactory,100,0.09,0.66,2,less100
55596,2004,6,3225.8064516129034,8.078938260485081,0,NoWC,0,NoSA,manufacturing,3,satisfactory,155,0.039,0.716,3,less250
55596,2005,7,2491.8028169014083,7.820761750332624,0,NoWC,0,NoSA,manufacturing,1,unsatisfactory,142,0.035,0.634,3,less250
55596,2007,9,2895.45,7.970895818341994,0,NoWC,0,NoSA,manufacturing,4,good,140,0.036,0.65,3,less250
55598,2000,2,2220.39453125,7.705440175855848,1,WC,0,NoSA,construction,2,sufficient,28,0.214,0.679,1,less50
55598,2001,3,1604.961181640625,7.380854849377942,1,WC,0,NoSA,construction,2,sufficient,32,0.281,0.75,1,less50
55598,2002,4,2180.78125,7.687438463143018,1,WC,0,NoSA,construction,2,sufficient,32,0.312,0.688,1,less50
55598,2003,5,1666.121212121212,7.418253576455449,1,WC,0,NoSA,construction,4,good,33,0.242,0.636,1,less50
55598,2004,6,1432.5483870967741,7.267210226096456,1,WC,0,NoSA,construction,1,unsatisfactory,31,0.194,0.71,1,less50
55598,2005,7,2945.5,7.988033860961742,1,WC,0,NoSA,construction,2,sufficient,28,0.286,0.643,1,less50
55598,2006,8,3334.730769230769,8.112147226224637,1,WC,0,NoSA,construction,1,unsatisfactory,26,0.385,0.769,1,less50
55598,2007,9,4440.88,8.398607833985801,1,WC,0,NoSA,construction,4,good,25,0.32,0.48,1,less50
55598,2008,10,4137.478260869565,8.327841765501017,1,WC,0,NoSA,construction,2,sufficient,23,0.348,0.609,1,less50
55598,2009,11,3126.086956521739,8.047537327779988,1,WC,0,NoSA,construction,1,unsatisfactory,23,0.435,0.826,1,less50
55598,2010,12,1119.5529411764705,7.0206847249398505,1,WC,0,NoSA,construction,2,sufficient,85,0.624,0.812,2,less100
55598,2011,13,1020.035294117647,6.927592507755803,1,WC,0,NoSA,construction,3,satisfactory,85,0.635,0.812,2,less100
55598,2012,14,2006.2564102564102,7.6040257820166035,1,WC,0,NoSA,construction,4,good,39,0.308,0.821,1,less50
55598,2013,15,1828.945945945946,7.511495094070022,1,WC,0,NoSA,construction,1,unsatisfactory,37,0.351,0.838,1,less50
55598,2015,17,2480.730769230769,7.816308460766226,1,WC,0,NoSA,construction,1,unsatisfactory,26,0.5,0.731,1,less50
55598,2016,18,2876,7.964155718840937,1,WC,0,NoSA,construction,2,sufficient,25,0.04,0.72,1,less50
55598,2017,19,3612.625,8.192189933898174,1,WC,0,NoSA,construction,4,good,24,0.375,0.708,1,less50
55598,2019,21,3700.75,8.216290780793601,1,WC,0,NoSA,construction,3,satisfactory,20,0.25,0.7,1,less50
55598,2021,23,2819.6190476190477,7.944357065309959,1,WC,0,NoSA,wholesretail,2,sufficient,21,0.429,0.762,1,less50
55619,2004,6,1254.212927756654,7.134263505627679,0,NoWC,0,NoSA,health,3,satisfactory,263,0.015,0.745,4,more250
55619,2005,7,1249.7692307692307,7.130714197868214,0,NoWC,0,NoSA,health,3,satisfactory,247,0.077,0.713,3,less250
55619,2006,8,2024.6913580246915,7.613172552133896,0,NoWC,0,NoSA,health,3,satisfactory,243,0.078,0.72,3,less250
55619,2007,9,1595.9173228346456,7.375203973932762,0,NoWC,0,NoSA,health,5,very good,254,0.031,0.693,4,more250
55623,2003,5,683.6296296296297,6.527416293821193,1,WC,0,NoSA,buservices,2,sufficient,27,0.074,0.037,1,less50
55623,2004,6,656.2857142857143,6.486596234193731,1,WC,0,NoSA,buservices,3,satisfactory,28,0.107,0.036,1,less50
55623,2005,7,614.6666666666666,6.421080115448429,1,WC,0,NoSA,buservices,3,satisfactory,30,0.033,0.033,1,less50
55623,2008,10,537.4242424242424,6.286787805741242,1,WC,0,NoSA,buservices,3,satisfactory,33,0.091,0.121,1,less50
55636,2019,21,1596,7.3752557780097545,1,WC,0,NoSA,buservices,4,good,45,0.244,0.089,1,less50
55636,2020,22,1702.2272727272727,7.439692832960845,1,WC,0,NoSA,buservices,5,very good,44,0.25,0.068,1,less50
55636,2021,23,1954.2857142857142,7.577780042121228,1,WC,0,NoSA,buservices,4,good,42,0.286,0.071,1,less50
55643,2015,17,1434.3879310344828,7.268493508308567,1,WC,0,NoSA,health,3,satisfactory,116,0.017,0.034,3,less250
55643,2016,18,2459.896551724138,7.807874575897533,1,WC,0,NoSA,health,3,satisfactory,58,0.034,0.034,2,less100
55643,2018,20,5415.969696969697,8.597107219482236,1,WC,0,NoSA,health,3,satisfactory,33,0.061,0.061,1,less50
55670,1998,0,883.6432926829268,6.78405346613897,0,NoWC,0,NoSA,public,4,good,82,0.39,0.073,2,less100
55670,1999,1,915.6843950320513,6.819671758395966,0,NoWC,0,NoSA,public,4,good,78,0.397,0.077,2,less100
55670,2000,2,1057.9605928308824,6.964098364872846,0,NoWC,0,NoSA,public,4,good,68,0.618,0.074,2,less100
55691,2013,15,1820.7142857142858,7.5069841677549025,0,NoWC,0,NoSA,transcom,4,good,63,0.714,0.063,2,less100
55691,2014,16,1291.047619047619,7.163209275563465,0,NoWC,0,NoSA,transcom,4,good,63,0.873,0.048,2,less100
55691,2015,17,1489.6666666666667,7.306307660265342,0,NoWC,0,NoSA,transcom,4,good,63,0.698,0.048,2,less100
55691,2016,18,1177.3225806451612,7.070998139926685,0,NoWC,0,NoSA,transcom,4,good,62,0.726,0.048,2,less100
55691,2017,19,1425.1166666666666,7.262008960696504,0,NoWC,0,NoSA,transcom,4,good,60,0.667,0.05,2,less100
55691,2018,20,1431.593220338983,7.2665432431576775,0,NoWC,0,NoSA,transcom,3,satisfactory,59,0.932,0.051,2,less100
55691,2019,21,2032.5254237288136,7.617034349943396,0,NoWC,0,NoSA,transcom,3,satisfactory,59,0.932,0.051,2,less100
55691,2021,23,1801.982456140351,7.49664270234972,0,NoWC,0,NoSA,transcom,5,very good,57,0.333,0.088,2,less100
55709,2002,4,6186.719512195122,8.730160259477485,0,NoWC,0,NoSA,health,3,satisfactory,82,0.171,0.049,2,less100
55709,2004,6,6024.096385542169,8.703522769607732,0,NoWC,1,SA,health,3,satisfactory,83,0.024,0.06,2,less100
55709,2005,7,6140.321428571428,8.722632369701179,0,NoWC,0,NoSA,health,3,satisfactory,84,0.214,0.048,2,less100
55709,2006,8,6000,8.699514748210191,0,NoWC,1,SA,health,2,sufficient,82,0.171,0.049,2,less100
55714,2012,14,1567,7.356918242356021,1,WC,0,NoSA,wholesretail,3,satisfactory,20,0.3,0.3,1,less50
55714,2013,15,1464.7272727272727,7.289424342159973,1,WC,0,NoSA,wholesretail,4,good,22,0.091,0.636,1,less50
55714,2015,17,1475.344827586207,7.296647022865681,1,WC,0,NoSA,wholesretail,4,good,29,0.172,0.517,1,less50
55714,2017,19,1508.9354838709678,7.319159703626537,1,WC,0,NoSA,wholesretail,3,satisfactory,31,0.194,0.581,1,less50
55727,2004,6,2707.7444444444445,7.90387125898978,1,WC,0,NoSA,resthotels,1,unsatisfactory,90,0.111,0.389,2,less100
55727,2005,7,2776.2183908045977,7.928844989571411,0,NoWC,0,NoSA,resthotels,2,sufficient,87,0.046,0.379,2,less100
55727,2006,8,2953.909090909091,7.990884687705476,1,WC,0,NoSA,resthotels,3,satisfactory,88,0.08,0.375,2,less100
55727,2007,9,2880.5851063829787,7.965748714433934,0,NoWC,0,NoSA,resthotels,2,sufficient,94,0.074,0.383,2,less100
55727,2009,11,3783.987341772152,8.23853358496854,0,NoWC,0,NoSA,resthotels,3,satisfactory,79,0.101,0.38,2,less100
55727,2010,12,3658.2535211267605,8.204741132488785,0,NoWC,0,NoSA,resthotels,3,satisfactory,71,0.324,0.366,2,less100
55727,2011,13,3660.759493670886,8.205425916799726,0,NoWC,0,NoSA,resthotels,3,satisfactory,79,0.114,0.329,2,less100
55727,2014,16,3853.6585365853657,8.256778245304796,0,NoWC,0,NoSA,resthotels,4,good,82,0.378,0.305,2,less100
55727,2015,17,4887.158536585366,8.494366337215709,0,NoWC,0,NoSA,resthotels,5,very good,82,0.463,0.305,2,less100
55727,2016,18,4722.813953488372,8.46016007752346,0,NoWC,0,NoSA,resthotels,4,good,86,0.337,0.291,2,less100
55727,2017,19,3778.2558139534885,8.237017757244384,0,NoWC,0,NoSA,resthotels,5,very good,86,0.314,0.256,2,less100
55727,2018,20,2916.032967032967,7.977979398631502,0,NoWC,0,NoSA,resthotels,4,good,91,0.484,0.231,2,less100
55734,1999,1,1185.806531377899,7.078178439250929,0,NoWC,0,NoSA,health,3,satisfactory,733,0.18,0.027,4,more250
55734,2000,2,777.4177018633541,6.65597778875748,0,NoWC,0,NoSA,health,3,satisfactory,805,0.227,0.029,4,more250
55734,2001,3,854.81902100271,6.750889775189361,0,NoWC,0,NoSA,health,3,satisfactory,738,0.299,0.027,4,more250
55745,2018,20,2080.4384615384615,7.640333949296983,0,NoWC,0,NoSA,construction,4,good,130,0.262,0.946,3,less250
55745,2019,21,2072.9692307692308,7.636737269474311,1,WC,0,NoSA,construction,4,good,130,0.185,0.938,3,less250
55745,2020,22,2179.6875,7.686936796883885,1,WC,0,NoSA,wholesretail,4,good,128,0.188,0.953,3,less250
55760,1998,0,408.4566639957265,6.012385822982797,0,NoWC,0,NoSA,finance,4,good,117,0.376,0.573,3,less250
55760,1999,1,534.5223335597826,6.281373513614216,0,NoWC,1,SA,finance,4,good,92,0.641,0.63,2,less100
55760,2000,2,690.55765625,6.537499468639363,0,NoWC,0,NoSA,finance,5,very good,75,0.867,0.627,2,less100
55770,2018,20,1178.7967479674796,7.072249492094447,0,NoWC,0,NoSA,health,1,unsatisfactory,123,0.415,0.13,3,less250
55770,2019,21,1275.8083333333334,7.1513352436358195,0,NoWC,0,NoSA,health,3,satisfactory,120,0.467,0.125,3,less250
55770,2020,22,740.7903225806451,6.60771761977559,0,NoWC,0,NoSA,edu,2,sufficient,124,0.113,0.121,3,less250
55770,2021,23,1008.64,6.916358167789405,0,NoWC,0,NoSA,edu,3,satisfactory,125,0.056,0.096,3,less250
55813,2015,17,1130.629411764706,7.030529758200283,0,NoWC,0,NoSA,buservices,3,satisfactory,510,0.341,0.524,4,more250
55813,2016,18,650.5091210613599,6.477755319470491,0,NoWC,0,NoSA,buservices,5,very good,603,0.295,0.474,4,more250
55813,2017,19,1184.3514492753623,7.076950603556247,0,NoWC,0,NoSA,buservices,5,very good,552,0.332,0.525,4,more250
55813,2018,20,1029.6828859060402,6.937006156058468,0,NoWC,1,SA,buservices,4,good,596,0.24,0.545,4,more250
55831,2014,16,1696.0243902439024,7.436042197288479,1,WC,0,NoSA,health,4,good,82,0.061,0.463,2,less100
55831,2015,17,1990.5833333333333,7.59618300709196,1,WC,0,NoSA,health,3,satisfactory,72,0.028,0.472,2,less100
55831,2016,18,2517.3606557377047,7.830966272807689,1,WC,0,NoSA,health,3,satisfactory,61,0.049,0.492,2,less100
55831,2017,19,2193.7,7.693344894931641,1,WC,0,NoSA,health,2,sufficient,70,0.071,0.529,2,less100
55841,2001,3,2362.9423564189187,7.767662882652766,1,WC,0,NoSA,manufacturing,4,good,37,0.351,0.486,1,less50
55841,2002,4,1811.1818181818182,7.501734849410453,1,WC,0,NoSA,manufacturing,4,good,44,0.682,0.386,1,less50
55841,2004,6,1645.7142857142858,7.405929785194569,1,WC,0,NoSA,manufacturing,4,good,49,0.245,0.265,1,less50
55841,2005,7,1767.5094339622642,7.477326735217454,1,WC,0,NoSA,manufacturing,4,good,53,0.17,0.245,2,less100
55862,2012,14,937.207100591716,6.8429042829938815,1,WC,0,NoSA,transcom,1,unsatisfactory,169,0.024,0.527,3,less250
55862,2014,16,1034.1497005988024,6.941334822731006,1,WC,0,NoSA,transcom,1,unsatisfactory,167,0.024,0.515,3,less250
55862,2015,17,1061.2173913043478,6.967172010467356,1,WC,0,NoSA,transcom,1,unsatisfactory,161,0.031,0.516,3,less250
55862,2016,18,1413.0765027322404,7.253524523279933,0,NoWC,0,NoSA,transcom,3,satisfactory,183,0.033,0.525,3,less250
55862,2018,20,1985.0977011494253,7.593423411632672,0,NoWC,0,NoSA,transcom,4,good,174,0.034,0.546,3,less250
55872,2014,16,8518.181818181818,9.049958195428143,1,WC,0,NoSA,transcom,4,good,22,0.5,1,1,less50
55872,2015,17,5027.636363636364,8.52270524482673,1,WC,0,NoSA,transcom,3,satisfactory,22,0.091,1,1,less50
55872,2016,18,4570.227272727273,8.427318214101852,1,WC,0,NoSA,transcom,3,satisfactory,22,0.273,1,1,less50
55872,2017,19,5248.409090909091,8.565680279359679,1,WC,0,NoSA,transcom,1,unsatisfactory,22,0.227,1,1,less50
55874,2001,3,3795.3510802469136,8.241532196814836,0,NoWC,0,NoSA,manufacturing,4,good,81,0.272,0.025,2,less100
55874,2002,4,3816.0506329113923,8.2469713010628,0,NoWC,0,NoSA,manufacturing,3,satisfactory,79,0.278,0.038,2,less100
55874,2003,5,3625.875,8.195850917471821,0,NoWC,0,NoSA,manufacturing,4,good,80,0.325,0.025,2,less100
55874,2004,6,3650.2875,8.202561210597858,0,NoWC,0,NoSA,manufacturing,3,satisfactory,80,0.05,0.038,2,less100
55874,2005,7,3735.75,8.225703880621502,0,NoWC,0,NoSA,manufacturing,3,satisfactory,80,0.338,0.025,2,less100
55874,2006,8,3342.366666666667,8.114434417878789,0,NoWC,0,NoSA,manufacturing,3,satisfactory,90,0.067,0.033,2,less100
55874,2007,9,3470.035294117647,8.151920044104639,0,NoWC,0,NoSA,manufacturing,4,good,85,0.071,0.024,2,less100
55874,2008,10,2952.7093023255816,7.990478435423668,0,NoWC,0,NoSA,manufacturing,3,satisfactory,86,0.07,0.035,2,less100
55874,2009,11,2833.543209876543,7.9492832251410235,0,NoWC,0,NoSA,manufacturing,3,satisfactory,81,0.333,0.049,2,less100
55874,2010,12,2848.6071428571427,7.954585431994759,0,NoWC,0,NoSA,manufacturing,3,satisfactory,84,0.095,0.048,2,less100
55874,2011,13,2930,7.982757702011113,0,NoWC,0,NoSA,manufacturing,3,satisfactory,86,0.372,0.035,2,less100
55874,2012,14,3152.53164556962,8.055961106034408,1,WC,0,NoSA,manufacturing,4,good,79,0.342,0.025,2,less100
55874,2013,15,3065.987341772152,8.028124930842726,0,NoWC,0,NoSA,manufacturing,4,good,79,0.38,0.025,2,less100
55874,2014,16,3288.518987341772,8.098192586585698,0,NoWC,0,NoSA,manufacturing,4,good,79,0.367,0.025,2,less100
55874,2015,17,3493.4615384615386,8.158648368474777,0,NoWC,0,NoSA,manufacturing,4,good,78,0.372,0.038,2,less100
55874,2016,18,3977.4347826086955,8.288392363498936,0,NoWC,0,NoSA,manufacturing,4,good,69,0.928,0.043,2,less100
55874,2018,20,4209.295774647887,8.345050638254069,0,NoWC,0,NoSA,manufacturing,4,good,71,0.521,0.056,2,less100
55874,2019,21,4185.714285714285,8.339432645949845,0,NoWC,0,NoSA,manufacturing,4,good,70,0.529,0.043,2,less100
55874,2020,22,3756.4102564102564,8.231219061309613,0,NoWC,0,NoSA,manufacturing,3,satisfactory,78,0.41,0.051,2,less100
55874,2021,23,4677,8.450412157725886,0,NoWC,0,NoSA,manufacturing,3,satisfactory,71,0.423,0.056,2,less100
55882,2004,6,5593.690476190476,8.62939454083859,1,WC,1,SA,edu,3,satisfactory,84,0.583,0.083,2,less100
55882,2005,7,5285.073170731707,8.572641743190845,1,WC,0,NoSA,buservices,4,good,82,0.72,0.122,2,less100
55882,2006,8,4339.317073170731,8.375472258300357,1,WC,0,NoSA,buservices,4,good,82,0.72,0.122,2,less100
55901,2018,20,2303.0833333333335,7.742004083852676,1,WC,0,NoSA,health,4,good,48,0.125,0.25,1,less50
55901,2019,21,1900.0384615384614,7.549629407864627,1,WC,0,NoSA,health,4,good,52,0.115,0.327,2,less100
55901,2020,22,1633.625,7.3985567509172,1,WC,0,NoSA,art,4,good,56,0.196,0.161,2,less100
55901,2021,23,2117.1785714285716,7.6578396187483,1,WC,0,NoSA,art,4,good,56,0.214,0.161,2,less100
55968,1998,0,392.0269717261905,5.971330642847433,0,NoWC,0,NoSA,manufacturing,4,good,84,0.25,0.512,2,less100
55968,1999,1,637.3111436631945,6.457257987909089,0,NoWC,0,NoSA,manufacturing,3,satisfactory,72,0.708,0.486,2,less100
55968,2000,2,292.58527113970587,5.67875614945063,0,NoWC,0,NoSA,buservices,3,satisfactory,85,0.294,0.506,2,less100
55972,2013,15,1300.8130081300812,7.170744738843546,0,NoWC,0,NoSA,edu,2,sufficient,246,0.13,0.215,3,less250
55972,2015,17,6686.797520661157,8.80789034204734,0,NoWC,1,SA,edu,4,good,242,0.12,0.169,3,less250
55972,2017,19,5420.128630705394,8.59787482675455,0,NoWC,1,SA,edu,3,satisfactory,241,0.129,0.191,3,less250
55972,2018,20,6028.848,8.704311226693735,0,NoWC,1,SA,edu,4,good,250,0.14,0.144,3,less250
55974,2015,17,957.15625,6.863966648763163,1,WC,0,NoSA,public,2,sufficient,32,0.062,0.5,1,less50
55974,2016,18,1231.842105263158,7.116265974567731,1,WC,0,NoSA,public,2,sufficient,38,0.105,0.421,1,less50
55974,2017,19,1903.4893617021276,7.551443986997966,1,WC,0,NoSA,public,4,good,47,0.085,0.447,1,less50
55974,2018,20,1649.75,7.408379040263531,1,WC,0,NoSA,public,4,good,60,0.1,0.35,2,less100
55974,2019,21,2532.9166666666665,7.837126750394822,0,NoWC,0,NoSA,public,5,very good,60,0.033,0.383,2,less100
55976,2000,2,517.1490803006329,6.248331189422604,0,NoWC,1,SA,health,4,good,158,0.291,0.956,3,less250
55976,2001,3,418.3129155585106,6.036229754276798,0,NoWC,1,SA,health,2,sufficient,188,0.261,0.968,3,less250
55976,2002,4,407.3157894736842,6.009588780104019,0,NoWC,1,SA,health,4,good,190,0.126,0.937,3,less250
55976,2003,5,349.3277777777778,5.856010672778531,0,NoWC,1,SA,health,4,good,180,0.061,0.95,3,less250
55976,2004,6,292.4593023255814,5.678325519642973,0,NoWC,0,NoSA,health,4,good,172,0.041,0.93,3,less250
56038,2003,5,3667.0384615384614,8.207139656573306,1,WC,0,NoSA,manufacturing,2,sufficient,26,0.808,0.5,1,less50
56038,2004,6,3609.4285714285716,8.19130474833467,1,WC,0,NoSA,manufacturing,4,good,28,0.857,0.714,1,less50
56038,2005,7,2992.722222222222,8.003938694398395,1,WC,0,NoSA,manufacturing,4,good,36,0.917,0.583,1,less50
56074,2002,4,1585.5048076923076,7.368658126261605,0,NoWC,0,NoSA,manufacturing,5,very good,208,0.058,0.712,3,less250
56074,2003,5,1630.3509615384614,7.39655058445139,0,NoWC,0,NoSA,manufacturing,2,sufficient,208,0.077,0.726,3,less250
56074,2004,6,1393.2090163934427,7.2393650101859794,0,NoWC,0,NoSA,manufacturing,2,sufficient,244,0.057,0.689,3,less250
56074,2005,7,1926.1050228310503,7.5632551198595035,0,NoWC,0,NoSA,manufacturing,3,satisfactory,219,0.091,0.584,3,less250
56074,2006,8,1633.8388625592418,7.398687655232316,0,NoWC,0,NoSA,manufacturing,3,satisfactory,211,0.057,0.588,3,less250
56074,2007,9,1693.7368421052631,7.434692516099099,0,NoWC,0,NoSA,manufacturing,3,satisfactory,209,0.043,0.703,3,less250
56076,2002,4,1372.340206185567,7.22427274124002,0,NoWC,0,NoSA,buservices,4,good,97,0.351,0.299,2,less100
56076,2004,6,1438.731182795699,7.271516881094403,0,NoWC,0,NoSA,buservices,5,very good,93,0.366,0.29,2,less100
56076,2005,7,1454.184,7.2822001975423065,0,NoWC,0,NoSA,buservices,4,good,125,0.288,0.288,3,less250
56086,2005,7,1742.5236486486488,7.463089714220432,0,NoWC,0,NoSA,buservices,2,sufficient,296,0.361,0.547,4,more250
56086,2006,8,5064.309278350515,8.529973035882954,0,NoWC,0,NoSA,buservices,2,sufficient,97,0.289,0.526,2,less100
56086,2007,9,3974.1470588235293,8.287565427667028,0,NoWC,1,SA,buservices,3,satisfactory,102,0.284,0.529,3,less250
56086,2008,10,3429.532110091743,8.140179119803182,0,NoWC,1,SA,buservices,4,good,109,0.165,0.56,3,less250
56102,2017,19,5869.841666666666,8.677582939147737,0,NoWC,0,NoSA,manufacturing,3,satisfactory,120,0.083,0.408,3,less250
56102,2018,20,4937.81512605042,8.50467823017033,0,NoWC,0,NoSA,manufacturing,2,sufficient,119,0.05,0.462,3,less250
56102,2019,21,6420.89247311828,8.767312401526791,0,NoWC,0,NoSA,manufacturing,2,sufficient,93,0.065,0.495,2,less100
56103,2001,3,675.9511274857955,6.516120776810792,1,WC,0,NoSA,manufacturing,2,sufficient,22,0.091,0.045,1,less50
56103,2002,4,7932.318181818182,8.978700602528823,1,WC,0,NoSA,manufacturing,3,satisfactory,22,0.091,0.045,1,less50
56103,2003,5,3217,8.076204527239026,1,WC,0,NoSA,manufacturing,3,satisfactory,22,0.091,0.045,1,less50
56103,2004,6,2657.185185185185,7.885022640427502,1,WC,0,NoSA,manufacturing,3,satisfactory,27,0.074,0.037,1,less50
56103,2005,7,1696.638888888889,7.436404448771251,1,WC,0,NoSA,manufacturing,3,satisfactory,36,0.056,0.083,1,less50
56103,2006,8,2441.740740740741,7.800466482261726,1,WC,0,NoSA,manufacturing,3,satisfactory,27,0.074,0.037,1,less50
56103,2007,9,3159.8888888888887,8.058292144218747,1,WC,0,NoSA,manufacturing,3,satisfactory,27,0.037,0.037,1,less50
56108,2006,8,1390.5294117647059,7.237439825384665,1,WC,0,NoSA,buservices,4,good,51,0.02,0.471,2,less100
56108,2007,9,2025.754716981132,7.613697609849111,1,WC,0,NoSA,buservices,3,satisfactory,53,0.019,0.491,2,less100
56108,2008,10,2092.8888888888887,7.6463006340272255,1,WC,0,NoSA,buservices,3,satisfactory,54,0.074,0.426,2,less100
56108,2009,11,2344.037037037037,7.759629951355791,1,WC,0,NoSA,buservices,5,very good,54,0.056,0.5,2,less100
56108,2010,12,2031.0943396226414,7.616330010340444,1,WC,0,NoSA,buservices,5,very good,53,0.057,0.453,2,less100
56108,2011,13,2950.910714285714,7.9898691183976895,1,WC,0,NoSA,buservices,3,satisfactory,56,0.036,0.411,2,less100
56108,2012,14,2075.1525423728813,7.637789944359318,1,WC,0,NoSA,buservices,4,good,59,0.051,0.475,2,less100
56108,2013,15,1866.688524590164,7.531921297588448,1,WC,0,NoSA,buservices,3,satisfactory,61,0.082,0.541,2,less100
56108,2014,16,2154.9661016949153,7.675530272342164,1,WC,0,NoSA,buservices,4,good,59,0.085,0.492,2,less100
56108,2015,17,1670.9354838709678,7.421138918556779,1,WC,0,NoSA,buservices,3,satisfactory,62,0.081,0.516,2,less100
56108,2016,18,1621.1311475409836,7.390879423793666,1,WC,0,NoSA,buservices,3,satisfactory,61,0.082,0.508,2,less100
56108,2017,19,1942.453125,7.571706950676507,1,WC,0,NoSA,buservices,3,satisfactory,64,0.094,0.531,2,less100
56108,2018,20,1666.2615384615385,7.418337796277068,1,WC,0,NoSA,buservices,3,satisfactory,65,0.092,0.585,2,less100
56108,2019,21,2172.714285714286,7.683732487817055,1,WC,0,NoSA,buservices,3,satisfactory,63,0.095,0.603,2,less100
56108,2020,22,1645.439393939394,7.405762736310021,1,WC,0,NoSA,public,4,good,66,0.091,0.591,2,less100
56108,2021,23,2285.25,7.734230706533928,1,WC,0,NoSA,public,3,satisfactory,68,0.103,0.574,2,less100
56120,2005,7,2158.10460251046,7.676985616612981,0,NoWC,0,NoSA,manufacturing,5,very good,239,0.377,0.234,3,less250
56120,2006,8,2058.5774058577404,7.6297704435429345,0,NoWC,0,NoSA,manufacturing,3,satisfactory,239,0.502,0.377,3,less250
56120,2007,9,757.6878504672898,6.630271494055291,0,NoWC,0,NoSA,manufacturing,4,good,535,0.243,0.49,4,more250
56137,2000,2,2165.624755859375,7.680464169643774,0,NoWC,0,NoSA,construction,4,good,32,0.25,0.781,1,less50
56137,2001,3,2942.2840401785716,7.986941443128716,0,NoWC,0,NoSA,construction,4,good,28,0.321,0.893,1,less50
56137,2002,4,4037.5384615384614,8.303390493563176,0,NoWC,0,NoSA,construction,4,good,26,0.231,0.923,1,less50
56138,2004,6,2058.3493975903616,7.629659677294955,0,NoWC,0,NoSA,public,3,satisfactory,166,0.753,0.795,3,less250
56138,2005,7,1698.721590909091,7.437631241798856,0,NoWC,0,NoSA,public,3,satisfactory,176,0.591,0.812,3,less250
56138,2006,8,1740.929347826087,7.462174357569721,0,NoWC,0,NoSA,public,3,satisfactory,184,0.538,0.63,3,less250
56143,2011,13,2488.252747252747,7.819336035215887,1,WC,0,NoSA,health,3,satisfactory,91,0.758,0.363,2,less100
56143,2012,14,3496.8888888888887,8.15962896329262,1,WC,0,NoSA,health,3,satisfactory,90,0.689,0.389,2,less100
56143,2013,15,3414.0652173913045,8.135659006098496,1,WC,0,NoSA,health,2,sufficient,92,0.717,0.402,2,less100
56143,2015,17,2373.3,7.772036670695461,1,WC,0,NoSA,health,3,satisfactory,100,0.41,0.39,2,less100
56143,2017,19,3224.589285714286,8.078560867852868,1,WC,0,NoSA,health,3,satisfactory,112,0.438,0.393,3,less250
56143,2018,20,4092.196581196581,8.316837166288236,1,WC,0,NoSA,health,3,satisfactory,117,0.701,0.35,3,less250
56143,2019,21,4041.008695652174,8.304249616932672,1,WC,0,NoSA,health,4,good,115,0.661,0.357,3,less250
56148,1998,0,1752.2706234256927,7.468667724993405,0,NoWC,0,NoSA,public,4,good,397,0.02,0.224,4,more250
56148,1999,1,1741.4871231155778,7.462494695644684,0,NoWC,0,NoSA,public,4,good,398,0.126,0.281,4,more250
56148,2000,2,1415.8851809954751,7.255510184098345,0,NoWC,0,NoSA,public,4,good,442,0.002,0.271,4,more250
56148,2002,4,1176.4705882352941,7.070274208479912,0,NoWC,0,NoSA,public,4,good,476,0.032,0.284,4,more250
56209,2002,4,1537.2391304347825,7.337743314022946,0,NoWC,0,NoSA,manufacturing,3,satisfactory,46,0.022,0.696,1,less50
56209,2003,5,2357.125,7.7651979350470866,1,WC,0,NoSA,manufacturing,3,satisfactory,48,0.125,0.792,1,less50
56209,2004,6,1571.4166666666667,7.359732826938922,1,WC,0,NoSA,manufacturing,2,sufficient,48,0.062,0.729,1,less50
56209,2005,7,1964.2708333333333,7.582876378253132,1,WC,0,NoSA,manufacturing,3,satisfactory,48,0.062,0.729,1,less50
56209,2006,8,1728.5416666666667,7.45503336475044,1,WC,0,NoSA,manufacturing,3,satisfactory,48,0.021,0.729,1,less50
56209,2007,9,2671.3958333333335,7.8903563988103125,1,WC,0,NoSA,manufacturing,3,satisfactory,48,0.062,0.729,1,less50
56209,2008,10,2715.4,7.906694551166181,1,WC,0,NoSA,manufacturing,3,satisfactory,50,0.06,0.72,1,less50
56209,2009,11,2160.6875,7.678181737072674,1,WC,0,NoSA,manufacturing,3,satisfactory,48,0.083,0.708,1,less50
56209,2011,13,1441.695652173913,7.273575236049916,1,WC,0,NoSA,manufacturing,3,satisfactory,46,0.065,0.696,1,less50
56209,2012,14,2604.0476190476193,7.864822290045903,1,WC,0,NoSA,manufacturing,3,satisfactory,42,0.071,0.667,1,less50
56209,2015,17,2718.906976744186,7.907985231742761,1,WC,0,NoSA,manufacturing,3,satisfactory,43,0.093,0.698,1,less50
56209,2017,19,2427.31914893617,7.794542696436972,1,WC,0,NoSA,manufacturing,2,sufficient,47,0.213,0.681,1,less50
56209,2018,20,2435.2884615384614,7.797820493197822,1,WC,0,NoSA,manufacturing,3,satisfactory,52,0.154,0.654,2,less100
56209,2019,21,2009.344262295082,7.6055637101619,1,WC,0,NoSA,manufacturing,2,sufficient,61,0.131,0.639,2,less100
56209,2020,22,2377.532258064516,7.773818362388285,1,WC,0,NoSA,manufacturing,2,sufficient,62,0.129,0.484,2,less100
56210,2010,12,921.049645390071,6.825513938591986,1,WC,0,NoSA,buservices,4,good,282,0.117,0.259,4,more250
56210,2011,13,2332.2580645161293,7.75459220366171,1,WC,0,NoSA,buservices,4,good,124,0.306,0.25,3,less250
56210,2012,14,2732.2314049586776,7.91287391877232,1,WC,0,NoSA,buservices,4,good,121,0.273,0.306,3,less250
56210,2013,15,3333.3333333333335,8.111728083308073,1,WC,0,NoSA,buservices,4,good,96,0.26,0.396,2,less100
56210,2014,16,2724.137931034483,7.909907301462685,1,WC,0,NoSA,buservices,2,sufficient,116,0.319,0.19,3,less250
56222,2013,15,1084.4571428571428,6.988834811604235,0,NoWC,0,NoSA,manufacturing,3,satisfactory,70,0.043,0.043,2,less100
56222,2015,17,1609.3977272727273,7.383615305552919,0,NoWC,0,NoSA,manufacturing,4,good,88,0.023,0.068,2,less100
56222,2016,18,1485.2247191011236,7.3033213657822,0,NoWC,0,NoSA,manufacturing,4,good,89,0.022,0.09,2,less100
56222,2018,20,1923.3240740740741,7.5618102566495224,0,NoWC,0,NoSA,manufacturing,3,satisfactory,108,0.046,0.093,3,less250
56222,2019,21,1869.6633663366338,7.533513675641647,0,NoWC,0,NoSA,manufacturing,3,satisfactory,101,0.059,0.139,3,less250
56231,2015,17,792.75,6.675507913418457,1,WC,0,NoSA,manufacturing,3,satisfactory,32,0.188,0.688,1,less50
56231,2016,18,835.3870967741935,6.727895206377827,1,WC,0,NoSA,manufacturing,2,sufficient,31,0.161,0.452,1,less50
56231,2017,19,998.25,6.90600374594333,1,WC,0,NoSA,manufacturing,4,good,32,0.031,0.438,1,less50
56231,2018,20,993.2142857142857,6.900946437052807,0,NoWC,0,NoSA,manufacturing,4,good,28,0.143,0.393,1,less50
56231,2019,21,939.5454545454545,6.845396199317498,0,NoWC,0,NoSA,manufacturing,4,good,33,0.121,0.485,1,less50
56231,2020,22,804.46875,6.690182121675504,1,WC,0,NoSA,manufacturing,3,satisfactory,32,0.188,0.375,1,less50
56231,2021,23,1085.8181818181818,6.990089066420656,0,NoWC,0,NoSA,manufacturing,4,good,22,0.273,0.318,1,less50
56257,2018,20,2004.1935483870968,7.602997038572593,1,WC,0,NoSA,health,5,very good,62,0.258,0.532,2,less100
56257,2019,21,3732.0285714285715,8.224707217733366,1,WC,0,NoSA,health,4,good,35,0.914,0.514,1,less50
56257,2020,22,5404.096774193548,8.594912606801602,1,WC,0,NoSA,buservices,4,good,31,0.452,0.71,1,less50
56302,2014,16,1637.6774193548388,7.401034309337831,1,WC,0,NoSA,buservices,5,very good,31,0.323,0.452,1,less50
56302,2016,18,3448.8611111111113,8.14579934280479,1,WC,0,NoSA,buservices,4,good,36,0.25,0.528,1,less50
56302,2017,19,3564.609756097561,8.178809861526352,1,WC,0,NoSA,buservices,4,good,41,0.293,0.488,1,less50
56302,2018,20,913.84,6.817655501425691,1,WC,0,NoSA,buservices,4,good,50,0.2,0.54,1,less50
56332,2015,17,3335.4890510948903,8.112374589606299,0,NoWC,0,NoSA,buservices,4,good,137,0.015,0.679,3,less250
56332,2017,19,1889.7032967032967,7.544175109858845,0,NoWC,0,NoSA,buservices,5,very good,182,0.005,0.648,3,less250
56332,2018,20,2006.72049689441,7.604257074969843,0,NoWC,0,NoSA,buservices,4,good,161,0.019,0.565,3,less250
56349,2000,2,1566.23224852071,7.356428172400295,0,NoWC,1,SA,mining,1,unsatisfactory,338,0.959,0.036,4,more250
56349,2002,4,1824.1042345276874,7.508844315124135,0,NoWC,1,SA,mining,4,good,307,0.945,0.055,4,more250
56349,2003,5,1546.924914675768,7.344024313309676,0,NoWC,1,SA,mining,3,satisfactory,293,0.86,0.058,4,more250
56355,2016,18,2753.0729166666665,7.920472991049269,0,NoWC,0,NoSA,wholesretail,4,good,96,0.073,0.062,2,less100
56355,2018,20,3169.4574468085107,8.061315699796742,0,NoWC,0,NoSA,wholesretail,5,very good,94,0.032,0.064,2,less100
56355,2019,21,2536.336956521739,7.838476176021681,0,NoWC,0,NoSA,wholesretail,3,satisfactory,92,0.065,0.087,2,less100
56355,2020,22,2083.4803921568628,7.641795039806399,0,NoWC,0,NoSA,wholesretail,4,good,102,0.059,0.088,3,less250
56365,2016,18,1427.85,7.2639250953654235,1,WC,0,NoSA,wholesretail,3,satisfactory,20,0.1,0.15,1,less50
56365,2018,20,1632.4782608695652,7.397854544596111,1,WC,0,NoSA,wholesretail,4,good,23,0.043,0.174,1,less50
56365,2019,21,2047.2608695652175,7.624258017485436,1,WC,0,NoSA,wholesretail,4,good,23,0.043,0.174,1,less50
56365,2020,22,1611.6666666666667,7.385024119219285,1,WC,0,NoSA,wholesretail,4,good,21,0.095,0.143,1,less50
56365,2021,23,1394.7391304347825,7.240462673495617,1,WC,0,NoSA,wholesretail,4,good,23,0.087,0.13,1,less50
56406,2017,19,3388.64,8.12818393993929,0,NoWC,1,SA,public,4,good,75,0.56,0.2,2,less100
56406,2018,20,3702.5205479452056,8.216769095875428,0,NoWC,1,SA,public,4,good,73,0.425,0.233,2,less100
56406,2019,21,3648.1111111111113,8.201964808820053,0,NoWC,0,NoSA,public,4,good,81,0.42,0.198,2,less100
56406,2020,22,2735.0619469026547,7.913909364289766,0,NoWC,0,NoSA,public,4,good,113,0.257,0.204,3,less250
56406,2021,23,2829.221238938053,7.947756772180898,0,NoWC,0,NoSA,public,4,good,113,0.292,0.177,3,less250
56414,2017,19,1956.8111111111111,7.579071443121566,1,WC,0,NoSA,buservices,4,good,90,0.222,0.344,2,less100
56414,2018,20,2463.0813953488373,7.8091684448131575,1,WC,0,NoSA,buservices,4,good,86,0.209,0.337,2,less100
56414,2019,21,2358.764705882353,7.765893331271636,1,WC,0,NoSA,buservices,4,good,85,0.247,0.341,2,less100
56414,2020,22,2317.4886363636365,7.748239394025027,1,WC,0,NoSA,buservices,5,very good,88,0.25,0.352,2,less100
56429,2012,14,1883.575,7.540926845824322,1,WC,0,NoSA,public,3,satisfactory,40,0.8,0.025,1,less50
56429,2013,15,1838.0697674418604,7.516471260542273,1,WC,0,NoSA,public,3,satisfactory,43,0.581,0.023,1,less50
56429,2014,16,2047.15,7.624203860944348,1,WC,0,NoSA,public,3,satisfactory,40,0.6,0.025,1,less50
56429,2015,17,2247.4193548387098,7.717537883539018,1,WC,0,NoSA,public,3,satisfactory,31,0.806,0,1,less50
56439,2007,9,2543.4418604651164,7.841273505918266,1,WC,0,NoSA,transcom,4,good,43,0.047,0.047,1,less50
56439,2008,10,3468.3488372093025,8.151433920272451,1,WC,0,NoSA,transcom,4,good,43,0.023,0.093,1,less50
56439,2010,12,2910.0243902439024,7.975916741657528,1,WC,0,NoSA,transcom,4,good,41,0.024,0.122,1,less50
56439,2011,13,4624.46511627907,8.439115992724231,1,WC,0,NoSA,transcom,5,very good,43,0.023,0.116,1,less50
56439,2012,14,3350.217391304348,8.116780515640329,1,WC,0,NoSA,transcom,1,unsatisfactory,46,0.043,0.109,1,less50
56439,2013,15,3281.0434782608695,8.09591678440054,1,WC,0,NoSA,transcom,1,unsatisfactory,46,0.043,0.043,1,less50
56439,2014,16,4455.897959183673,8.401983881700321,1,WC,0,NoSA,transcom,1,unsatisfactory,49,0.102,0.041,1,less50
56439,2015,17,4156.7692307692305,8.332493424305223,1,WC,1,SA,transcom,1,unsatisfactory,52,0.058,0.038,2,less100
56439,2016,18,2745.6428571428573,7.917770518562428,1,WC,0,NoSA,transcom,1,unsatisfactory,56,0.071,0.054,2,less100
56439,2017,19,4067.8793103448274,8.310877088671518,1,WC,0,NoSA,transcom,2,sufficient,58,0.069,0.017,2,less100
56439,2018,20,4145.542372881356,8.329788908920355,1,WC,0,NoSA,transcom,2,sufficient,59,0.034,0.034,2,less100
56439,2020,22,3370.3728813559323,8.122778664512074,1,WC,0,NoSA,transcom,3,satisfactory,59,0.085,0.034,2,less100
56439,2021,23,3470.5283018867926,8.152062109734658,1,WC,0,NoSA,transcom,2,sufficient,53,0.075,0.038,2,less100
56488,2002,4,514.5,6.243195555274104,1,WC,0,NoSA,edu,3,satisfactory,50,0.1,0.16,1,less50
56488,2004,6,564.9411764705883,6.336721613284928,1,WC,0,NoSA,edu,4,good,51,0.059,0.196,2,less100
56488,2005,7,514.5,6.243195555274104,1,WC,0,NoSA,edu,3,satisfactory,52,0.096,0.212,2,less100
56488,2006,8,457.3333333333333,6.125412519617721,1,WC,0,NoSA,edu,2,sufficient,54,0.093,0.204,2,less100
56488,2007,9,505.4736842105263,6.2254959781747035,1,WC,0,NoSA,edu,2,sufficient,57,0.123,0.246,2,less100
56498,2017,19,3130.760563380282,8.049031245511845,0,NoWC,0,NoSA,public,4,good,71,0.479,0.789,2,less100
56498,2018,20,2064.2150537634407,7.632505313888615,0,NoWC,0,NoSA,public,3,satisfactory,93,0.376,0.774,2,less100
56498,2019,21,2210.2083333333335,7.700842058545426,0,NoWC,0,NoSA,public,3,satisfactory,96,0.302,0.792,2,less100
56500,2000,2,5909.358203125,8.68429250943136,1,WC,0,NoSA,resthotels,3,satisfactory,20,0.3,0.65,1,less50
56500,2001,3,6774.10625,8.82086271822666,1,WC,0,NoSA,resthotels,4,good,20,0.1,0.55,1,less50
56500,2002,4,3636.1481481481483,8.198680199282544,0,NoWC,0,NoSA,resthotels,4,good,27,0.37,0.593,1,less50
56500,2004,6,3122.448275862069,8.046372676886413,0,NoWC,0,NoSA,resthotels,2,sufficient,29,0.379,0.621,1,less50
56500,2005,7,4554.8387096774195,8.423945399556132,0,NoWC,0,NoSA,resthotels,2,sufficient,31,0.161,0.645,1,less50
56500,2006,8,5310.4857142857145,8.577438581669607,0,NoWC,0,NoSA,resthotels,3,satisfactory,35,0.4,0.857,1,less50
56500,2007,9,3411.342105263158,8.134861072101621,0,NoWC,0,NoSA,resthotels,5,very good,38,0.368,0.684,1,less50
56507,2004,6,2063.08,7.631955290797331,1,WC,0,NoSA,wholesretail,3,satisfactory,25,0.52,0.48,1,less50
56507,2005,7,991.8461538461538,6.8995680084090285,1,WC,0,NoSA,wholesretail,3,satisfactory,26,0.5,0.577,1,less50
56507,2006,8,955.1111111111111,6.861827680426182,1,WC,0,NoSA,wholesretail,4,good,27,0.741,0.556,1,less50
56507,2008,10,2292.296296296296,7.737309343605234,1,WC,0,NoSA,wholesretail,2,sufficient,27,0.778,0.519,1,less50
56507,2009,11,2690.9565217391305,7.897651993680413,1,WC,0,NoSA,wholesretail,2,sufficient,23,0.957,0.565,1,less50
56507,2011,13,4036.4347826086955,8.303117101788578,1,WC,0,NoSA,wholesretail,2,sufficient,23,0.913,0.565,1,less50
56507,2012,14,4973.464285714285,8.511871915650689,1,WC,0,NoSA,wholesretail,1,unsatisfactory,28,0.714,0.429,1,less50
56507,2013,15,4268.413793103448,8.358997560183035,1,WC,0,NoSA,wholesretail,2,sufficient,29,0.655,0.414,1,less50
56507,2014,16,4126.133333333333,8.325096008507353,1,WC,0,NoSA,wholesretail,3,satisfactory,30,0.733,0.433,1,less50
56507,2015,17,5656.806451612903,8.640614780795127,1,WC,0,NoSA,wholesretail,4,good,31,0.871,0.419,1,less50
56507,2016,18,3993.032258064516,8.292306185684362,1,WC,0,NoSA,wholesretail,4,good,31,0.839,0.419,1,less50
56507,2017,19,2832.2,7.948809073788959,1,WC,0,NoSA,wholesretail,4,good,35,0.657,0.429,1,less50
56507,2018,20,3077,8.031710375322042,1,WC,0,NoSA,wholesretail,4,good,36,0.583,0.417,1,less50
56507,2019,21,3148.054054054054,8.054539780309206,1,WC,0,NoSA,wholesretail,3,satisfactory,37,0.568,0.432,1,less50
56507,2020,22,3590.027027027027,8.18591500987377,1,WC,0,NoSA,wholesretail,3,satisfactory,37,0.568,0.432,1,less50
56507,2021,23,3195.243902439024,8.069418702689536,1,WC,0,NoSA,wholesretail,4,good,41,0.561,0.415,1,less50
56516,2004,6,1257.9257425742574,7.1372194073577875,0,NoWC,1,SA,finance,2,sufficient,202,0.064,0.525,3,less250
56516,2005,7,1502.0738916256157,7.3146020266037794,0,NoWC,0,NoSA,finance,2,sufficient,203,0.266,0.65,3,less250
56516,2006,8,1547.8223350253807,7.344604276907578,0,NoWC,0,NoSA,finance,4,good,197,0.259,0.538,3,less250
56541,2003,5,1451.2295081967213,7.2801664128067936,1,WC,0,NoSA,health,3,satisfactory,61,0.18,0.115,2,less100
56541,2004,6,1720.76,7.450521332681027,1,WC,0,NoSA,health,3,satisfactory,50,0.22,0.14,1,less50
56541,2005,7,1633.5185185185185,7.398491567688538,1,WC,0,NoSA,health,3,satisfactory,54,0.13,0.222,2,less100
56588,1998,0,1681.881167763158,7.427668188669188,0,NoWC,0,NoSA,construction,2,sufficient,608,0.189,0.12,4,more250
56588,1999,1,1468.2368032094594,7.291817506253575,0,NoWC,0,NoSA,construction,1,unsatisfactory,592,0.204,0.118,4,more250
56588,2002,4,947.5465313028765,6.853876045305234,0,NoWC,0,NoSA,construction,1,unsatisfactory,591,0.222,0.117,4,more250
56588,2003,5,785.526863084922,6.666354655818643,0,NoWC,0,NoSA,construction,4,good,577,0.222,0.113,4,more250
56588,2004,6,967.1179883945841,6.8743205028959,0,NoWC,0,NoSA,construction,2,sufficient,517,0.207,0.093,4,more250
56598,2006,8,586.0299850074963,6.373370957222698,1,WC,0,NoSA,transcom,3,satisfactory,667,0.112,0.036,4,more250
56598,2007,9,599.6494082840237,6.396345164908334,1,WC,0,NoSA,transcom,4,good,676,0.022,0.037,4,more250
56598,2008,10,600.9951768488746,6.398586909293146,1,WC,0,NoSA,transcom,2,sufficient,622,0.148,0.045,4,more250
56598,2009,11,549.3630573248407,6.308759529545298,1,WC,0,NoSA,transcom,4,good,628,0.084,0.046,4,more250
56598,2010,12,494.7352380952381,6.204022746938476,1,WC,0,NoSA,transcom,3,satisfactory,525,0.253,0.059,4,more250
56601,2004,6,1848.7014925373135,7.5222387757023235,1,WC,0,NoSA,health,2,sufficient,67,0.373,0.06,2,less100
56601,2005,7,3118.2272727272725,8.045019937508888,1,WC,0,NoSA,health,2,sufficient,66,0.515,0.061,2,less100
56601,2006,8,3675.0535714285716,8.209322988800166,1,WC,0,NoSA,health,2,sufficient,56,0.661,0.054,2,less100
56601,2007,9,3675.0535714285716,8.209322988800166,1,WC,0,NoSA,health,3,satisfactory,56,0.714,0.054,2,less100
56614,2003,5,3710.762711864407,8.21899271718503,0,NoWC,0,NoSA,wholesretail,2,sufficient,59,0.831,0.068,2,less100
56614,2010,12,2960.6521739130435,7.9931648520739085,0,NoWC,1,SA,wholesretail,5,very good,69,0.217,0.058,2,less100
56614,2011,13,2752.041095890411,7.92009813204145,0,NoWC,1,SA,wholesretail,4,good,73,0.315,0.068,2,less100
56620,2004,6,3026.8333333333335,8.015272247490444,1,WC,0,NoSA,manufacturing,3,satisfactory,36,0.083,0.917,1,less50
56620,2005,7,2766.675,7.925401517160236,1,WC,1,SA,manufacturing,4,good,40,0.05,0.85,1,less50
56620,2006,8,3490.4,8.1577716218094,1,WC,1,SA,manufacturing,4,good,40,0.025,0.8,1,less50
56620,2007,9,3432.8372093023254,8.141142372963223,1,WC,1,SA,manufacturing,4,good,43,0.047,0.837,1,less50
56621,1998,0,1693.0194536423842,7.434268872700541,0,NoWC,1,SA,finance,3,satisfactory,604,0.162,0.278,4,more250
56621,1999,1,1522.2350043782837,7.327934931481571,0,NoWC,1,SA,finance,3,satisfactory,571,0.233,0.282,4,more250
56621,2000,2,1101.7979753521126,7.004698647454892,0,NoWC,1,SA,finance,3,satisfactory,568,0.218,0.287,4,more250
56621,2001,3,1100.971095113438,7.003947883075093,0,NoWC,1,SA,finance,3,satisfactory,573,0.134,0.295,4,more250
56621,2002,4,958.9041095890411,6.865791079883105,0,NoWC,1,SA,finance,2,sufficient,584,0.178,0.277,4,more250
56621,2004,6,892.8571428571429,6.794426593675134,0,NoWC,0,NoSA,finance,3,satisfactory,560,0.154,0.284,4,more250
56621,2005,7,995.7277992277992,6.903473926285009,0,NoWC,1,SA,finance,3,satisfactory,518,0.195,0.29,4,more250
56624,1998,0,2020.3624089805826,7.6110321846895586,0,NoWC,0,NoSA,construction,4,good,103,0.029,0.117,3,less250
56624,2000,2,1751.4398148148148,7.468193479965972,0,NoWC,0,NoSA,construction,4,good,108,0.009,0.12,3,less250
56624,2001,3,1891.367115825688,7.545055188274877,0,NoWC,0,NoSA,construction,2,sufficient,109,0.018,0.101,3,less250
56632,2005,7,8079.95744680851,8.997141885017177,0,NoWC,0,NoSA,transcom,3,satisfactory,47,0.362,0.064,1,less50
56632,2006,8,8611.468085106382,9.060850092190595,0,NoWC,0,NoSA,transcom,3,satisfactory,47,0.191,0.085,1,less50
56632,2007,9,5811.134615384615,8.667531117421072,0,NoWC,0,NoSA,transcom,3,satisfactory,52,0.25,0.077,2,less100
56632,2008,10,7022.34,8.856851774809977,0,NoWC,0,NoSA,transcom,4,good,50,0.38,0.06,1,less50
56632,2009,11,6556.392156862745,8.788195754557815,0,NoWC,0,NoSA,transcom,4,good,51,0.51,0.078,2,less100
56632,2010,12,3643.3818181818183,8.200667600240592,0,NoWC,0,NoSA,transcom,3,satisfactory,55,0.145,0.055,2,less100
56641,2001,3,4043.4741847826085,8.304859548141218,1,WC,0,NoSA,health,4,good,23,0.174,0.565,1,less50
56641,2003,5,2163.88,7.67965818556374,1,WC,0,NoSA,health,3,satisfactory,25,0.12,0.52,1,less50
56641,2004,6,2139.92,7.6685237241395585,1,WC,0,NoSA,health,4,good,25,0.12,0.84,1,less50
56641,2005,7,2139.92,7.6685237241395585,1,WC,0,NoSA,health,5,very good,25,0.2,0.68,1,less50
56641,2008,10,744.95,6.613317102033348,1,WC,0,NoSA,health,5,very good,40,0.125,0.55,1,less50
56655,2008,10,401.9504950495049,5.996328934392828,0,NoWC,0,NoSA,buservices,3,satisfactory,101,0.257,0.089,3,less250
56655,2009,11,579.952380952381,6.362945998363688,0,NoWC,0,NoSA,buservices,4,good,105,0.019,0.171,3,less250
56655,2010,12,360.4392523364486,5.887323433056752,0,NoWC,0,NoSA,buservices,3,satisfactory,107,0.346,0.178,3,less250
56655,2011,13,388.32173913043476,5.961834220569505,0,NoWC,0,NoSA,buservices,3,satisfactory,115,0.339,0.217,3,less250
56655,2012,14,578.6842105263158,6.3607569238224215,0,NoWC,0,NoSA,buservices,3,satisfactory,114,0.281,0.219,3,less250
56655,2013,15,498.85593220338984,6.212317341046632,0,NoWC,0,NoSA,buservices,3,satisfactory,118,0.203,0.161,3,less250
56655,2014,16,654.7903225806451,6.484315066188996,0,NoWC,0,NoSA,buservices,3,satisfactory,124,0.25,0.161,3,less250
56683,2012,14,4555.451612903225,8.42407995141014,1,WC,0,NoSA,manufacturing,3,satisfactory,31,0.097,0.387,1,less50
56683,2013,15,3086.342857142857,8.034742127575864,1,WC,0,NoSA,manufacturing,3,satisfactory,35,0.086,0.371,1,less50
56683,2014,16,4774.939393939394,8.471136560465569,1,WC,0,NoSA,manufacturing,4,good,33,0.03,0.455,1,less50
56694,2013,15,1442.3260869565217,7.2740124274788815,1,WC,0,NoSA,construction,4,good,92,0.587,0.88,2,less100
56694,2014,16,1709.5824175824175,7.444004419430771,1,WC,0,NoSA,construction,4,good,91,0.593,0.868,2,less100
56694,2015,17,1906.525,7.553037492245999,1,WC,0,NoSA,construction,4,good,120,0.342,0.867,3,less250
56694,2016,18,1814.2105263157894,7.50340568034447,1,WC,0,NoSA,construction,2,sufficient,114,0.509,0.991,3,less250
56694,2017,19,1715.875,7.447678433571824,1,WC,0,NoSA,construction,3,satisfactory,112,0.464,0.857,3,less250
56722,2000,2,702.3641777663935,6.554452041257267,0,NoWC,0,NoSA,construction,1,unsatisfactory,61,0.016,0.803,2,less100
56722,2002,4,950.063492063492,6.856528816112355,1,WC,0,NoSA,construction,4,good,63,0.063,0.794,2,less100
56722,2003,5,894.3793103448276,6.79612996969234,1,WC,0,NoSA,construction,4,good,58,0.069,0.845,2,less100
56722,2004,6,1662.611111111111,7.416144604047778,1,WC,0,NoSA,construction,1,unsatisfactory,54,0.037,0.815,2,less100
56722,2005,7,979.0925925925926,6.886626216804487,1,WC,0,NoSA,construction,1,unsatisfactory,54,0.019,0.87,2,less100
56722,2006,8,2071.8846153846152,7.6362139142730765,1,WC,0,NoSA,construction,3,satisfactory,26,0.077,0.423,1,less50
56722,2007,9,2992.72,8.003937951856026,1,WC,0,NoSA,construction,2,sufficient,25,0.16,0.48,1,less50
56722,2008,10,2553.76,7.845322061934248,1,WC,0,NoSA,construction,3,satisfactory,25,0.16,0.68,1,less50
56722,2009,11,2949.3478260869565,7.989339348990259,1,WC,0,NoSA,construction,3,satisfactory,23,0.217,0.739,1,less50
56739,2001,3,1630.9921875,7.396943812603411,1,WC,0,NoSA,manufacturing,3,satisfactory,53,0.019,0.849,2,less100
56739,2002,4,1511.2545454545455,7.320695409669423,1,WC,0,NoSA,manufacturing,5,very good,55,0.018,0.855,2,less100
56739,2004,6,1653.1803278688524,7.410456183140727,1,WC,0,NoSA,manufacturing,2,sufficient,61,0.016,0.869,2,less100
56740,2015,17,3361.194092827004,8.120051574592981,0,NoWC,0,NoSA,buservices,4,good,237,0.131,0.072,3,less250
56740,2016,18,3502.7008928571427,8.161289633556217,0,NoWC,0,NoSA,buservices,4,good,224,0.254,0.089,3,less250
56740,2017,19,3228.435483870968,8.079752928552919,0,NoWC,0,NoSA,buservices,4,good,248,0.125,0.081,3,less250
56740,2018,20,3447.3141592920356,8.145350702280336,0,NoWC,0,NoSA,buservices,4,good,226,0.248,0.106,3,less250
56740,2019,21,3640.4200913242007,8.19985436367605,0,NoWC,0,NoSA,buservices,3,satisfactory,219,0.26,0.105,3,less250
56772,2009,11,944.0326086956521,6.850160708658702,1,WC,1,SA,wholesretail,3,satisfactory,92,0.033,0.207,2,less100
56772,2010,12,1076.183908045977,6.9811766443752115,1,WC,1,SA,wholesretail,2,sufficient,87,0.092,0.218,2,less100
56772,2012,14,1205.4588235294118,7.09461553986607,1,WC,1,SA,wholesretail,4,good,85,0.365,0.176,2,less100
56772,2013,15,1309.060975609756,7.177065346650635,1,WC,1,SA,wholesretail,4,good,82,0.439,0.195,2,less100
56772,2015,17,1588.593023255814,7.370604012433008,1,WC,1,SA,wholesretail,4,good,86,0.372,0.221,2,less100
56776,2007,9,542.9629629629629,6.2970411094363135,1,WC,0,NoSA,edu,3,satisfactory,27,0.037,0.593,1,less50
56776,2008,10,834.4090909090909,6.726723798772334,1,WC,0,NoSA,edu,2,sufficient,22,0.045,0.955,1,less50
56776,2009,11,616.375,6.42385554454429,1,WC,0,NoSA,edu,4,good,24,0.167,0.958,1,less50
56776,2010,12,954.0952380952381,6.8607634967540845,1,WC,0,NoSA,edu,3,satisfactory,21,0.143,0.952,1,less50
56776,2011,13,969.6666666666666,6.876952369827092,1,WC,0,NoSA,edu,3,satisfactory,21,0.238,0.952,1,less50
56777,1998,0,689.4117005813954,6.535838626061449,0,NoWC,0,NoSA,manufacturing,3,satisfactory,43,0.093,0.163,1,less50
56777,1999,1,665.1472323803191,6.5000084182257,0,NoWC,0,NoSA,manufacturing,2,sufficient,47,0.064,0.085,1,less50
56777,2001,3,538.9953776041667,6.289706994998693,0,NoWC,0,NoSA,manufacturing,3,satisfactory,60,0.067,0.017,2,less100
56777,2003,5,472.02985074626866,6.157042226692296,1,WC,0,NoSA,manufacturing,2,sufficient,67,0.015,0.104,2,less100
56777,2004,6,451.8,6.113239604033903,1,WC,0,NoSA,manufacturing,3,satisfactory,70,0.057,0.071,2,less100
56804,2004,6,2202.643171806167,7.697413359922926,1,WC,0,NoSA,manufacturing,3,satisfactory,227,0.379,0.419,3,less250
56804,2005,7,2081.995575221239,7.641082123918688,1,WC,0,NoSA,manufacturing,4,good,226,0.385,0.345,3,less250
56804,2007,9,1627.0082987551866,7.394498207854577,1,WC,0,NoSA,manufacturing,4,good,241,0.378,0.378,3,less250
56804,2008,10,1564.0962343096235,7.355063450100815,0,NoWC,0,NoSA,manufacturing,4,good,239,0.347,0.209,3,less250
56804,2011,13,1040.2877697841727,6.94725265557611,1,WC,0,NoSA,manufacturing,4,good,278,0.284,0.198,4,more250
56804,2013,15,1126.7605633802816,7.0271020366147035,1,WC,0,NoSA,manufacturing,4,good,284,0.264,0.25,4,more250
56804,2014,16,1101.0452961672474,7.004015276809428,1,WC,0,NoSA,manufacturing,4,good,287,0.265,0.206,4,more250
56804,2015,17,2218.8614864864867,7.7047494993918955,1,WC,0,NoSA,manufacturing,5,very good,296,0.22,0.26,4,more250
56804,2016,18,2125.5113268608416,7.661767676818211,1,WC,0,NoSA,manufacturing,4,good,309,0.194,0.443,4,more250
56804,2019,21,3286.438775510204,8.097559818444516,1,WC,0,NoSA,manufacturing,4,good,294,0.201,0.296,4,more250
56804,2020,22,2404.580745341615,7.78513084108199,1,WC,0,NoSA,manufacturing,4,good,322,0.189,0.326,4,more250
56804,2021,23,3381.1869436201782,8.125982093583984,1,WC,0,NoSA,manufacturing,4,good,337,0.19,0.32,4,more250
56831,2005,7,4964.909090909091,8.510150266323544,0,NoWC,0,NoSA,mining,3,satisfactory,22,0.318,0.045,1,less50
56831,2006,8,4103.090909090909,8.319495848933485,0,NoWC,0,NoSA,mining,3,satisfactory,22,0.227,0.045,1,less50
56831,2007,9,5358.36,8.586413237097178,0,NoWC,0,NoSA,mining,4,good,25,0.2,0.08,1,less50
56831,2008,10,3993,8.292298107063221,0,NoWC,0,NoSA,mining,4,good,32,0.156,0.094,1,less50
56862,2013,15,1061.320610687023,6.967269270806308,0,NoWC,0,NoSA,transcom,3,satisfactory,131,0.74,0.847,3,less250
56862,2014,16,1262.3953488372092,7.140766265703651,0,NoWC,0,NoSA,transcom,4,good,129,0.736,0.845,3,less250
56862,2015,17,1346.3308823529412,7.205138306408086,0,NoWC,0,NoSA,transcom,3,satisfactory,136,0.669,0.838,3,less250
56862,2017,19,1386.855072463768,7.234793924922983,0,NoWC,0,NoSA,transcom,4,good,138,0.717,0.841,3,less250
56862,2018,20,1758.6690647482014,7.472312588747507,0,NoWC,0,NoSA,transcom,4,good,139,0.619,0.813,3,less250
56862,2019,21,1988.5342465753424,7.595153086815431,0,NoWC,0,NoSA,transcom,4,good,146,0.555,0.829,3,less250
56862,2021,23,2380.523178807947,7.775075565536528,0,NoWC,0,NoSA,wholesretail,4,good,151,0.914,0.808,3,less250
56884,2007,9,2243.90625,7.715973487694993,1,WC,0,NoSA,manufacturing,4,good,32,0.562,0.844,1,less50
56884,2009,11,1175.7567567567567,7.069667267571781,1,WC,0,NoSA,manufacturing,4,good,37,0.649,0.838,1,less50
56884,2011,13,3390.7954545454545,8.128819820207651,1,WC,0,NoSA,manufacturing,4,good,44,0.818,0.795,1,less50
56905,2008,10,3074.151515151515,8.030784212132895,1,WC,0,NoSA,manufacturing,4,good,33,0.303,0.303,1,less50
56905,2009,11,2805.6315789473683,7.939383954446744,1,WC,0,NoSA,manufacturing,4,good,38,0.289,0.342,1,less50
56905,2011,13,2621.3720930232557,7.871453159299548,1,WC,0,NoSA,manufacturing,4,good,43,0.279,0.372,1,less50
56905,2012,14,2875.4897959183672,7.96397830251888,1,WC,0,NoSA,manufacturing,4,good,49,0.224,0.367,1,less50
56905,2013,15,3016.673076923077,8.011909872970481,1,WC,0,NoSA,manufacturing,4,good,52,0.231,0.365,2,less100
56905,2015,17,3481.9827586206898,8.155357168742265,1,WC,0,NoSA,manufacturing,4,good,58,0.276,0.534,2,less100
56905,2016,18,2309.8196721311474,7.744924736456196,1,WC,0,NoSA,manufacturing,4,good,61,0.246,0.426,2,less100
56905,2018,20,3867.8039215686276,8.260442162829289,1,WC,0,NoSA,manufacturing,4,good,51,0.392,0.392,2,less100
56905,2019,21,2767.660714285714,7.92575773490597,1,WC,0,NoSA,manufacturing,4,good,56,0.321,0.411,2,less100
56905,2020,22,3295.877192982456,8.10042763092455,1,WC,0,NoSA,manufacturing,4,good,57,0.263,0.421,2,less100
56905,2021,23,2903.3636363636365,7.9736252184478404,1,WC,0,NoSA,manufacturing,5,very good,55,0.436,0.4,2,less100
56906,2013,15,1560.9756097560976,7.353066295637501,0,NoWC,0,NoSA,manufacturing,3,satisfactory,205,0.141,0.395,3,less250
56906,2014,16,1549.0196078431372,7.345377498724833,0,NoWC,0,NoSA,manufacturing,2,sufficient,204,0.01,0.373,3,less250
56906,2015,17,2480.652380952381,7.816276861401282,0,NoWC,0,NoSA,manufacturing,2,sufficient,210,0.271,0.4,3,less250
56924,2010,12,2865.65625,7.960552660510778,1,WC,0,NoSA,wholesretail,3,satisfactory,32,0.031,0.188,1,less50
56924,2011,13,2945.9032258064517,7.988170747130156,1,WC,0,NoSA,wholesretail,3,satisfactory,31,0.065,0.194,1,less50
56924,2012,14,3250.65625,8.086612178016985,1,WC,0,NoSA,wholesretail,3,satisfactory,32,0.062,0.188,1,less50
56924,2013,15,2725.764705882353,7.910504293741103,1,WC,0,NoSA,wholesretail,3,satisfactory,34,0.059,0.235,1,less50
56924,2014,16,2564.285714285714,7.8494352448611115,1,WC,0,NoSA,wholesretail,3,satisfactory,35,0.086,0.143,1,less50
56924,2015,17,3041.3823529411766,8.020067412408068,1,WC,0,NoSA,wholesretail,3,satisfactory,34,0.118,0.176,1,less50
56924,2016,18,3383.90625,8.126786016441644,1,WC,0,NoSA,wholesretail,3,satisfactory,32,0.031,0.188,1,less50
56924,2017,19,1891.969696969697,7.545373733082766,1,WC,0,NoSA,wholesretail,4,good,33,0.091,0.242,1,less50
56924,2018,20,3163.121212121212,8.059314544456054,1,WC,0,NoSA,wholesretail,2,sufficient,33,0.061,0.242,1,less50
56924,2019,21,3098.764705882353,8.038758829084763,1,WC,0,NoSA,wholesretail,3,satisfactory,34,0.059,0.235,1,less50
56924,2020,22,2672.7272727272725,7.8908546805284026,1,WC,0,NoSA,wholesretail,2,sufficient,33,0.061,0.242,1,less50
56924,2021,23,2899.4117647058824,7.9722631556432075,1,WC,0,NoSA,wholesretail,2,sufficient,34,0.059,0.235,1,less50
56933,2006,8,3000,8.006367567650246,1,WC,0,NoSA,wholesretail,2,sufficient,164,0.043,0.598,3,less250
56933,2007,9,2581.9299363057326,7.85629243560299,1,WC,0,NoSA,wholesretail,2,sufficient,157,0.051,0.669,3,less250
56933,2008,10,2381.0127388535034,7.775281196684018,1,WC,0,NoSA,wholesretail,2,sufficient,157,0.038,0.669,3,less250
56933,2009,11,2300,7.7406644019172415,1,WC,0,NoSA,wholesretail,1,unsatisfactory,150,0.08,0.68,3,less250
56933,2010,12,1952.9022556390978,7.577071881308346,1,WC,0,NoSA,wholesretail,2,sufficient,133,0.075,0.654,3,less250
56957,2016,18,2240.6190476190477,7.714507467212762,1,WC,0,NoSA,buservices,3,satisfactory,21,0.095,0.095,1,less50
56957,2017,19,2244.0476190476193,7.716036487026889,1,WC,0,NoSA,buservices,4,good,21,0.095,0.095,1,less50
56957,2018,20,2244.0476190476193,7.716036487026889,1,WC,0,NoSA,buservices,4,good,21,0.095,0.095,1,less50
56970,2008,10,1894.0357142857142,7.5464651301076895,0,NoWC,0,NoSA,health,4,good,56,0.018,0.839,2,less100
56970,2009,11,1983.581818181818,7.592659488502098,0,NoWC,0,NoSA,health,4,good,55,0.018,0.782,2,less100
56970,2010,12,1810.2,7.50119261539307,0,NoWC,0,NoSA,health,3,satisfactory,55,0.036,0.745,2,less100
56970,2012,14,2092.464285714286,7.646097734458971,0,NoWC,0,NoSA,health,4,good,56,0.036,0.786,2,less100
56970,2013,15,2203.981818181818,7.698020920774994,0,NoWC,0,NoSA,health,4,good,55,0.036,0.782,2,less100
56970,2015,17,2155,7.675546002537848,0,NoWC,0,NoSA,health,4,good,60,0.083,0.75,2,less100
56970,2016,18,2253.125,7.720073420473314,0,NoWC,0,NoSA,health,4,good,64,0.078,0.688,2,less100
56970,2017,19,2809.5,7.940761810552253,0,NoWC,0,NoSA,health,4,good,64,0.062,0.75,2,less100
56970,2018,20,2124.095890410959,7.6611015274872925,0,NoWC,0,NoSA,health,4,good,73,0.164,0.671,2,less100
56970,2019,21,2151.2537313432836,7.673806082024319,0,NoWC,0,NoSA,health,4,good,67,0.075,0.582,2,less100
56994,2017,19,1816.621951219512,7.5047339846786425,1,WC,0,NoSA,manufacturing,4,good,82,0.707,0.659,2,less100
56994,2018,20,3284.8307692307694,8.097070413375805,1,WC,0,NoSA,manufacturing,4,good,65,0.815,0.662,2,less100
56994,2019,21,2565.4761904761904,7.8498993896826255,1,WC,0,NoSA,manufacturing,4,good,84,0.917,0.69,2,less100
56994,2021,23,2310.242105263158,7.745107605497148,1,WC,0,NoSA,manufacturing,4,good,95,0.674,0.284,2,less100
56997,2013,15,2612.0416666666665,7.867887442285425,1,WC,0,NoSA,manufacturing,4,good,24,0.208,0.708,1,less50
56997,2014,16,2650.269230769231,7.882416510336382,1,WC,0,NoSA,manufacturing,4,good,26,0.115,0.538,1,less50
56997,2016,18,2358.151515151515,7.765633334822448,1,WC,0,NoSA,manufacturing,4,good,33,0.121,0.818,1,less50
56997,2017,19,2521.34375,7.832547272513655,1,WC,0,NoSA,manufacturing,4,good,32,0.062,0.719,1,less50
56997,2018,20,4002.96,8.294789366437028,1,WC,0,NoSA,manufacturing,4,good,25,0.08,0.16,1,less50
57029,2014,16,3419.896551724138,8.137365581565293,1,WC,0,NoSA,transcom,3,satisfactory,58,0.672,0.241,2,less100
57029,2015,17,2750.1052631578946,7.919394467440013,1,WC,0,NoSA,transcom,4,good,57,0.088,0.246,2,less100
57029,2016,18,3331.734375,8.111248280721219,1,WC,0,NoSA,transcom,5,very good,64,0.406,0.344,2,less100
57045,2000,2,3539.205078125,8.171657426709773,1,WC,0,NoSA,edu,4,good,36,0.111,0.806,1,less50
57045,2001,3,2374.118080357143,7.7723813129205155,1,WC,0,NoSA,edu,3,satisfactory,35,0.229,0.771,1,less50
57045,2002,4,3095.6,8.037737027396304,1,WC,0,NoSA,edu,3,satisfactory,35,0.314,0.829,1,less50
57059,1998,0,2378.1017441860463,7.774057861947748,0,NoWC,0,NoSA,manufacturing,4,good,430,0.105,0.974,4,more250
57059,1999,1,2021.3864825581395,7.611538932449973,0,NoWC,0,NoSA,manufacturing,4,good,430,0.121,0.965,4,more250
57059,2000,2,1254.1508016032064,7.134213970424525,0,NoWC,0,NoSA,manufacturing,5,very good,499,0.088,0.966,4,more250
57059,2001,3,1282.2285315040651,7.156354883297524,0,NoWC,0,NoSA,manufacturing,5,very good,492,0.085,0.957,4,more250
57060,1998,0,1008.4111742424243,6.916131276413044,0,NoWC,0,NoSA,manufacturing,2,sufficient,990,0.365,0.391,4,more250
57060,1999,1,862.2978050595239,6.759600692506267,0,NoWC,0,NoSA,manufacturing,1,unsatisfactory,1008,0.37,0.419,4,more250
57060,2000,2,667.8988794023479,6.5041367839376205,0,NoWC,0,NoSA,manufacturing,5,very good,937,0.346,0.392,4,more250
57060,2001,3,653.0604943064183,6.481669765577315,0,NoWC,0,NoSA,manufacturing,2,sufficient,966,0.359,0.396,4,more250
57060,2006,8,1020.7468879668049,6.9282898814238445,0,NoWC,0,NoSA,manufacturing,4,good,482,0.654,0.498,4,more250
57083,2006,8,360.62295081967216,5.887832954943751,1,WC,0,NoSA,health,2,sufficient,61,0.033,0.082,2,less100
57083,2007,9,524.3898305084746,6.262235359078459,1,WC,0,NoSA,health,4,good,59,0.034,0.051,2,less100
57083,2008,10,519,6.251903883165888,1,WC,0,NoSA,health,4,good,48,0.021,0.104,1,less50
57083,2009,11,1312.8541666666667,7.1799587993350125,1,WC,0,NoSA,health,1,unsatisfactory,48,0.021,0.104,1,less50
57083,2010,12,1238.8478260869565,7.121937054140196,1,WC,0,NoSA,health,2,sufficient,46,0.022,0.109,1,less50
57090,2010,12,1218.7,7.1055399958294565,0,NoWC,0,NoSA,health,4,good,40,0.05,0.125,1,less50
57090,2011,13,938.219512195122,6.843983943157439,0,NoWC,0,NoSA,health,4,good,41,0.024,0.146,1,less50
57090,2012,14,1266.1836734693877,7.143762673910159,0,NoWC,0,NoSA,health,4,good,49,0.041,0.122,1,less50
57090,2013,15,1629.5438596491229,7.396055413932031,0,NoWC,0,NoSA,health,3,satisfactory,57,0.053,0.14,2,less100
57090,2014,16,1315.542372881356,7.182004310437736,0,NoWC,0,NoSA,health,4,good,59,0.051,0.102,2,less100
57090,2015,17,1162.4857142857143,7.058315848599522,0,NoWC,0,NoSA,health,3,satisfactory,70,0.057,0.114,2,less100
57090,2016,18,1195.6323529411766,7.086430490047997,0,NoWC,0,NoSA,health,4,good,68,0.044,0.118,2,less100
57090,2018,20,1957.921052631579,7.579638501864685,0,NoWC,0,NoSA,health,4,good,76,0.039,0.105,2,less100
57090,2019,21,1443.095744680851,7.274545907702913,0,NoWC,0,NoSA,health,5,very good,94,0.043,0.085,2,less100
57090,2020,22,1243.0388349514562,7.1253143339441865,0,NoWC,0,NoSA,buservices,5,very good,103,0.039,0.126,3,less250
57090,2021,23,1491.6545454545455,7.30764121605557,0,NoWC,0,NoSA,buservices,4,good,110,0.018,0.118,3,less250
57099,2005,7,1823.0125,7.508245631484558,1,WC,0,NoSA,buservices,5,very good,160,0.019,0.156,3,less250
57099,2006,8,2087.31875,7.64363562660808,1,WC,0,NoSA,buservices,5,very good,160,0.031,0.175,3,less250
57099,2007,9,2203.0597826086955,7.697602483342313,1,WC,0,NoSA,buservices,4,good,184,0.011,0.174,3,less250
57104,2001,3,696.8760190217391,6.546607516920762,0,NoWC,0,NoSA,manufacturing,3,satisfactory,69,0.014,0.609,2,less100
57104,2003,5,1500.0454545454545,7.313250689661477,0,NoWC,0,NoSA,manufacturing,1,unsatisfactory,22,0.045,0.5,1,less50
57104,2004,6,1239.1379310344828,7.122171199916069,0,NoWC,0,NoSA,manufacturing,2,sufficient,29,0.034,0.034,1,less50
57104,2005,7,731.8285714285714,6.595546294496604,0,NoWC,0,NoSA,manufacturing,2,sufficient,35,0.029,0.057,1,less50
57128,2016,18,4200.46511627907,8.342950540111227,0,NoWC,0,NoSA,buservices,3,satisfactory,43,0.023,0.163,1,less50
57128,2017,19,3720.7272727272725,8.2216744315802,0,NoWC,0,NoSA,buservices,3,satisfactory,44,0.023,0.205,1,less50
57128,2018,20,3816.468085106383,8.247080688857531,0,NoWC,0,NoSA,buservices,3,satisfactory,47,0.021,0.255,1,less50
57128,2019,21,3681.0204081632655,8.210945277553618,0,NoWC,0,NoSA,buservices,3,satisfactory,49,0.041,0.163,1,less50
57128,2020,22,2790.25,7.933886476535824,0,NoWC,0,NoSA,buservices,2,sufficient,64,0.016,0.266,2,less100
57144,1998,0,1244.0505839646464,7.126127934823436,1,WC,0,NoSA,transcom,4,good,99,0.717,0.04,2,less100
57144,1999,1,1119.6466224747476,7.020768398856059,1,WC,0,NoSA,transcom,3,satisfactory,99,0.646,0.04,2,less100
57144,2001,3,1539.5105794270833,7.339219839329955,1,WC,0,NoSA,transcom,3,satisfactory,96,0.167,0.042,2,less100
57166,2009,11,2366.6451612903224,7.7692286875412755,1,WC,1,SA,wholesretail,2,sufficient,31,0.161,0.032,1,less50
57166,2011,13,1641.8260869565217,7.403564369029327,1,WC,0,NoSA,wholesretail,3,satisfactory,46,0.043,0.065,1,less50
57166,2012,14,1198.7962962962963,7.089073245928473,1,WC,0,NoSA,wholesretail,2,sufficient,54,0.037,0.056,2,less100
57166,2013,15,1161.6333333333334,7.0575823397102315,1,WC,1,SA,wholesretail,5,very good,60,0.05,0.067,2,less100
57166,2014,16,1159.4328358208954,7.055686229895736,1,WC,0,NoSA,wholesretail,2,sufficient,67,0.06,0.045,2,less100
57166,2015,17,899.1,6.801394262990727,1,WC,0,NoSA,wholesretail,3,satisfactory,90,0.011,0.056,2,less100
57166,2016,18,764.2291666666666,6.638867700558585,1,WC,0,NoSA,wholesretail,3,satisfactory,96,0.01,0.052,2,less100
57166,2019,21,599.9626168224299,6.396867347979141,1,WC,1,SA,wholesretail,4,good,107,0.019,0.047,3,less250
57166,2020,22,612.0769230769231,6.416857965915998,1,WC,1,SA,wholesretail,3,satisfactory,104,0.135,0.038,3,less250
57166,2021,23,691.9130434782609,6.53946028800833,1,WC,1,SA,wholesretail,3,satisfactory,92,0.163,0.054,2,less100
57198,2008,10,1657.549019607843,7.413095296046741,1,WC,0,NoSA,health,2,sufficient,51,0.275,0.725,2,less100
57198,2009,11,1883.8367346938776,7.541065792513844,1,WC,0,NoSA,health,4,good,49,0.245,0.531,1,less50
57198,2010,12,2065.408163265306,7.633083143619009,1,WC,0,NoSA,health,1,unsatisfactory,49,0.245,0.551,1,less50
57198,2011,13,2094.938775510204,7.647279607829065,1,WC,0,NoSA,health,2,sufficient,49,0.245,0.388,1,less50
57198,2012,14,1968.204081632653,7.584876772252316,1,WC,0,NoSA,health,2,sufficient,49,0.265,0.49,1,less50
57198,2013,15,2382.061224489796,7.775721452561334,1,WC,1,SA,health,2,sufficient,49,0.286,0.612,1,less50
57217,2004,6,2442.265306122449,7.800681291735216,0,NoWC,1,SA,public,4,good,98,0.051,0.561,2,less100
57217,2006,8,3225.7526881720432,8.078921593679524,0,NoWC,0,NoSA,public,4,good,93,0.054,0.57,2,less100
57217,2007,9,2745.3896103896104,7.917678278440038,0,NoWC,0,NoSA,public,4,good,77,0.078,0.545,2,less100
57217,2008,10,2576.7586206896553,7.854287539478262,0,NoWC,0,NoSA,public,4,good,58,0.103,0.621,2,less100
57217,2009,11,2629.8214285714284,7.874671224985058,0,NoWC,0,NoSA,public,5,very good,56,0.107,0.625,2,less100
57217,2010,12,2774.2413793103447,7.928132611981178,0,NoWC,0,NoSA,public,4,good,58,0.086,0.672,2,less100
57217,2011,13,2612.9836065573772,7.868247991699699,0,NoWC,0,NoSA,public,4,good,61,0.066,0.689,2,less100
57217,2012,14,2874.4210526315787,7.963606559955474,0,NoWC,0,NoSA,public,4,good,57,0.053,0.649,2,less100
57217,2013,15,2844.8823529411766,7.953276993487892,0,NoWC,0,NoSA,public,5,very good,51,0.039,0.647,2,less100
57217,2014,16,3020.1481481481483,8.01306116484392,0,NoWC,0,NoSA,public,4,good,54,0.093,0.667,2,less100
57217,2015,17,3146.8076923076924,8.054143786937829,0,NoWC,0,NoSA,public,4,good,52,0.038,0.654,2,less100
57217,2016,18,3019.58,8.012873027849707,0,NoWC,0,NoSA,public,4,good,50,0.04,0.7,1,less50
57217,2017,19,2823.348484848485,7.945678865497883,0,NoWC,0,NoSA,public,2,sufficient,132,0.015,0.735,3,less250
57217,2019,21,3165.874125874126,8.060184481556497,0,NoWC,0,NoSA,public,4,good,143,0.014,0.629,3,less250
57217,2020,22,3173.464912280702,8.062579302211699,0,NoWC,0,NoSA,public,4,good,114,0.026,0.579,3,less250
57217,2021,23,3075.7063492063494,8.031289860920968,0,NoWC,0,NoSA,public,4,good,126,0.024,0.611,3,less250
57229,2004,6,903.88,6.806696608218164,0,NoWC,0,NoSA,manufacturing,5,very good,25,0.12,0.84,1,less50
57229,2010,12,1255.4074074074074,7.135215426302066,0,NoWC,0,NoSA,manufacturing,5,very good,27,0.074,0.481,1,less50
57229,2011,13,1007.8148148148148,6.915539716292068,0,NoWC,0,NoSA,manufacturing,5,very good,27,0.074,0.481,1,less50
57229,2012,14,1743.6296296296296,7.4637242135839434,0,NoWC,0,NoSA,manufacturing,4,good,27,0.037,0.519,1,less50
57229,2013,15,2964.1481481481483,7.994344967673016,0,NoWC,0,NoSA,manufacturing,4,good,27,0.148,0.519,1,less50
57229,2016,18,2185.75,7.689714298061,0,NoWC,0,NoSA,manufacturing,3,satisfactory,28,0.179,0.536,1,less50
57229,2017,19,3026.4285714285716,8.015138514005347,0,NoWC,0,NoSA,manufacturing,2,sufficient,28,0.214,0.536,1,less50
57229,2019,21,3362.714285714286,8.120503749973015,0,NoWC,0,NoSA,manufacturing,3,satisfactory,28,0.179,0.5,1,less50
57238,2015,17,977.08,6.884568532006801,0,NoWC,0,NoSA,manufacturing,5,very good,25,0.04,0.6,1,less50
57238,2016,18,807.9615384615385,6.694514456474199,0,NoWC,0,NoSA,manufacturing,4,good,26,0.192,0.615,1,less50
57238,2017,19,1332.3636363636363,7.194709814115541,0,NoWC,0,NoSA,manufacturing,4,good,22,0.364,0.545,1,less50
57238,2019,21,1274.4347826086957,7.150258051544707,1,WC,0,NoSA,manufacturing,5,very good,23,0.217,0.478,1,less50
57246,2004,6,1187.3061224489795,7.079442257273443,1,WC,0,NoSA,wholesretail,4,good,49,0.02,0.857,1,less50
57246,2005,7,1592.5593220338983,7.37309763763723,1,WC,0,NoSA,wholesretail,4,good,59,0.034,0.881,2,less100
57246,2006,8,1983.3392857142858,7.592537211067542,1,WC,0,NoSA,wholesretail,3,satisfactory,56,0.018,0.857,2,less100
57246,2007,9,2077.785714285714,7.6390580452088654,1,WC,0,NoSA,wholesretail,3,satisfactory,56,0.018,0.821,2,less100
57246,2008,10,1928.1166666666666,7.564298985096298,1,WC,1,SA,wholesretail,3,satisfactory,60,0.017,0.85,2,less100
57246,2009,11,1915.9354838709678,7.557961285662716,1,WC,0,NoSA,wholesretail,1,unsatisfactory,62,0.032,0.823,2,less100
57248,1999,1,1618.614874301676,7.3893260466287165,0,NoWC,1,SA,public,4,good,537,0.305,0.808,4,more250
57248,2000,2,1187.5166034155598,7.079619517634681,0,NoWC,1,SA,public,4,good,527,0.307,0.808,4,more250
57248,2001,3,1251.6992807539682,7.132257331718464,0,NoWC,0,NoSA,public,4,good,504,0.327,0.788,4,more250
57248,2002,4,1093.75,6.997367437671824,0,NoWC,1,SA,public,3,satisfactory,512,0.328,0.797,4,more250
57248,2003,5,972.637339055794,6.880011288201097,0,NoWC,1,SA,public,3,satisfactory,466,0.38,0.695,4,more250
57259,2012,14,1532.9285714285713,7.334935283806223,1,WC,0,NoSA,manufacturing,3,satisfactory,42,0.024,0.071,1,less50
57259,2014,16,1248.5384615384614,7.1297289154435335,1,WC,0,NoSA,manufacturing,1,unsatisfactory,39,0.026,0.077,1,less50
57259,2015,17,2164.1428571428573,7.679779653103011,1,WC,1,SA,manufacturing,3,satisfactory,35,0.057,0.086,1,less50
57267,2018,20,1878.7068965517242,7.538338998183492,1,WC,0,NoSA,wholesretail,3,satisfactory,58,0.017,0.931,2,less100
57267,2019,21,2024.5964912280701,7.6131256960939355,1,WC,0,NoSA,wholesretail,3,satisfactory,57,0.018,0.93,2,less100
57267,2020,22,1555.1851851851852,7.3493499076739095,1,WC,0,NoSA,wholesretail,4,good,54,0.037,0.963,2,less100
57267,2021,23,2165.3389830508477,7.6803322023375715,1,WC,0,NoSA,wholesretail,4,good,59,0.034,0.983,2,less100
57316,2001,3,1047.1959252450981,6.953871323492912,1,WC,0,NoSA,public,4,good,51,0.098,0.902,2,less100
57316,2002,4,829.8301886792453,6.721221087906138,1,WC,0,NoSA,public,4,good,53,0.019,0.811,2,less100
57316,2003,5,916.2826086956521,6.820324841867061,1,WC,0,NoSA,public,3,satisfactory,46,0.043,0.826,1,less50
57316,2004,6,995.9565217391304,6.903703603759425,1,WC,0,NoSA,public,1,unsatisfactory,46,0.043,0.804,1,less50
57316,2005,7,808.4705882352941,6.69514430016782,1,WC,0,NoSA,public,2,sufficient,51,0.078,0.843,2,less100
57316,2006,8,1099.525,7.002633547344324,1,WC,0,NoSA,public,2,sufficient,40,0.05,0.825,1,less50
57316,2007,9,1072.7073170731708,6.977940934753953,1,WC,0,NoSA,public,3,satisfactory,41,0.049,0.854,1,less50
57326,2000,2,1760.4546875,7.473327399837285,0,NoWC,0,NoSA,public,1,unsatisfactory,80,0.713,0.375,2,less100
57326,2001,3,2099.2596153846152,7.649339997443615,0,NoWC,0,NoSA,public,1,unsatisfactory,78,0.731,0.359,2,less100
57326,2002,4,2074.2763157894738,7.637367608357721,0,NoWC,0,NoSA,public,3,satisfactory,76,0.697,0.342,2,less100
57332,2014,16,2981.132075471698,8.000058398456982,0,NoWC,0,NoSA,public,3,satisfactory,106,0.038,0.009,3,less250
57332,2015,17,4800.703125,8.476517670543194,0,NoWC,0,NoSA,public,3,satisfactory,128,0.477,0.094,3,less250
57332,2016,18,5217.350427350428,8.559744971046507,0,NoWC,0,NoSA,public,3,satisfactory,117,0.744,0.06,3,less250
57386,2014,16,2012.7388535031846,7.607251687220741,0,NoWC,0,NoSA,buservices,5,very good,157,0.968,0.618,3,less250
57386,2015,17,4553.856209150327,8.423729671498567,0,NoWC,0,NoSA,buservices,5,very good,153,0.399,0.699,3,less250
57386,2017,19,4192.225806451613,8.340987090593002,0,NoWC,0,NoSA,buservices,5,very good,186,0.21,0.801,3,less250
57414,2014,16,999.9629629629629,6.907718241259212,1,WC,0,NoSA,health,4,good,108,0.213,0.287,3,less250
57414,2015,17,949.0743801652893,6.85548717295195,1,WC,1,SA,health,4,good,121,0.165,0.306,3,less250
57414,2016,18,6174.096774193548,8.728117879411815,1,WC,1,SA,health,4,good,124,0.185,0.282,3,less250
57414,2017,19,2228.6692307692306,7.709159928820948,1,WC,1,SA,health,4,good,130,0.008,0.277,3,less250
57414,2018,20,4221.992647058823,8.348062486829019,1,WC,1,SA,health,4,good,136,0.118,0.272,3,less250
57414,2019,21,1651.7808219178082,7.409609270895006,1,WC,1,SA,health,1,unsatisfactory,146,0.123,0.295,3,less250
57427,2002,4,763.2,6.637520120134077,1,WC,0,NoSA,health,4,good,35,0.4,0.771,1,less50
57427,2003,5,1047.1739130434783,6.953850303135171,1,WC,0,NoSA,health,3,satisfactory,23,0.826,0.739,1,less50
57427,2005,7,3969.84,8.286481070602076,1,WC,0,NoSA,health,4,good,25,0.6,0.72,1,less50
57448,2002,4,1145.1953488372094,7.043330511774226,0,NoWC,0,NoSA,manufacturing,1,unsatisfactory,215,0.163,0.614,3,less250
57448,2003,5,1286.004854368932,7.159295679571881,0,NoWC,0,NoSA,manufacturing,3,satisfactory,206,0.204,0.631,3,less250
57448,2005,7,1353.2205128205128,7.21024259554167,0,NoWC,0,NoSA,manufacturing,2,sufficient,195,0.062,0.641,3,less250
57457,2012,14,721.1111111111111,6.580793232361916,0,NoWC,0,NoSA,construction,5,very good,45,0.111,0.311,1,less50
57457,2013,15,711.3404255319149,6.567151113432426,0,NoWC,0,NoSA,construction,4,good,47,0.106,0.34,1,less50
57457,2014,16,524.4375,6.262326259630288,0,NoWC,0,NoSA,construction,4,good,48,0.104,0.333,1,less50
57464,2000,2,6938.142780172414,8.84478940676049,1,WC,0,NoSA,construction,4,good,29,0.103,0.103,1,less50
57464,2003,5,1733.2222222222222,7.457737511282649,1,WC,0,NoSA,construction,1,unsatisfactory,27,0.111,0.111,1,less50
57464,2004,6,1277.5757575757575,7.152719621748764,1,WC,0,NoSA,construction,3,satisfactory,33,0.091,0.121,1,less50
57494,2012,14,2690.9495798319326,7.897649413959747,0,NoWC,0,NoSA,public,4,good,119,0.311,0.739,3,less250
57494,2013,15,2500,7.824046010856292,0,NoWC,0,NoSA,public,2,sufficient,128,0.266,0.766,3,less250
57494,2014,16,1976.9006622516556,7.589285575196856,0,NoWC,0,NoSA,public,4,good,151,0.272,0.775,3,less250
57494,2015,17,2308.1623376623374,7.744206962096551,0,NoWC,0,NoSA,public,3,satisfactory,154,0.299,0.779,3,less250
57494,2016,18,4181.109677419355,8.338331963353895,0,NoWC,0,NoSA,public,2,sufficient,155,0.342,0.781,3,less250
57494,2017,19,4926.302469135802,8.502343979380846,0,NoWC,0,NoSA,public,3,satisfactory,162,0.309,0.784,3,less250
57494,2018,20,4452.307692307692,8.401177823283884,0,NoWC,0,NoSA,public,3,satisfactory,169,0.343,0.817,3,less250
57494,2019,21,5184.683615819209,8.553464099673478,0,NoWC,0,NoSA,public,2,sufficient,177,0.316,0.825,3,less250
57531,2019,21,4206.220779220779,8.344319846378305,0,NoWC,0,NoSA,health,1,unsatisfactory,77,0.584,0.065,2,less100
57531,2020,22,2734.038961038961,7.913535267745254,0,NoWC,0,NoSA,buservices,3,satisfactory,77,0.455,0.078,2,less100
57531,2021,23,4258.206896551724,8.356603434350871,0,NoWC,0,NoSA,buservices,1,unsatisfactory,87,0.322,0.115,2,less100
57554,2011,13,1530.1587301587301,7.333126754207104,1,WC,0,NoSA,finance,4,good,189,0.032,0.683,3,less250
57554,2012,14,2092.4050632911394,7.646069431342094,1,WC,0,NoSA,finance,4,good,158,0.038,0.741,3,less250
57554,2013,15,2119.205298013245,7.6587964379609845,1,WC,0,NoSA,finance,4,good,151,0.04,0.768,3,less250
57554,2014,16,2092.7152317880796,7.646217655754125,1,WC,0,NoSA,finance,4,good,151,0.04,0.722,3,less250
57630,2001,3,339.60595703125,5.827785995600336,0,NoWC,0,NoSA,edu,4,good,52,0.135,0.346,2,less100
57630,2002,4,357.5507246376812,5.879277239167449,0,NoWC,0,NoSA,edu,3,satisfactory,69,0.072,0.304,2,less100
57630,2004,6,483.7450980392157,6.181558111040382,0,NoWC,0,NoSA,health,3,satisfactory,51,0.098,0.353,2,less100
57630,2005,7,909.4313725490196,6.812819538870442,0,NoWC,0,NoSA,health,3,satisfactory,51,0.098,0.333,2,less100
57630,2006,8,1122.2745098039215,7.0231127173023,0,NoWC,0,NoSA,health,3,satisfactory,51,0.059,0.314,2,less100
57630,2007,9,1457.7954545454545,7.284680610919829,0,NoWC,0,NoSA,health,4,good,44,0.091,0.318,1,less50
57647,2004,6,464.59016393442624,6.141155649071361,1,WC,0,NoSA,health,2,sufficient,61,0.049,0.311,2,less100
57647,2005,7,475.2647058823529,6.163871924356086,1,WC,0,NoSA,health,2,sufficient,68,0.044,0.382,2,less100
57647,2006,8,417.95384615384614,6.035371010528582,1,WC,0,NoSA,health,2,sufficient,65,0.046,0.323,2,less100
57647,2007,9,422.24590163934425,6.045587849635701,1,WC,0,NoSA,health,2,sufficient,61,0.049,0.295,2,less100
57647,2008,10,552.2222222222222,6.313950541754455,1,WC,0,NoSA,health,2,sufficient,63,0.079,0.302,2,less100
57647,2009,11,548.109375,6.306474856448756,1,WC,0,NoSA,health,2,sufficient,64,0.062,0.297,2,less100
57675,2010,12,1676.5636363636363,7.42450152305267,1,WC,0,NoSA,health,4,good,55,0.164,0.291,2,less100
57675,2011,13,1776.732142857143,7.482531081203223,1,WC,0,NoSA,health,4,good,56,0.107,0.304,2,less100
57675,2012,14,1922.2181818181818,7.561235101203144,1,WC,0,NoSA,health,4,good,55,0.127,0.309,2,less100
57675,2013,15,2053.5438596491226,7.627322291653609,1,WC,0,NoSA,health,4,good,57,0.246,0.316,2,less100
57675,2014,16,1430.2380952380952,7.265596209560838,1,WC,0,NoSA,health,3,satisfactory,84,0.214,0.286,2,less100
57675,2016,18,2783.0408163265306,7.931299427723239,1,WC,0,NoSA,health,4,good,49,0.347,0.184,1,less50
57675,2017,19,2961.6363636363635,7.993497220119179,1,WC,0,NoSA,health,4,good,44,0.364,0.159,1,less50
57675,2018,20,3207.2380952380954,8.073165439294076,1,WC,0,NoSA,health,3,satisfactory,42,0.262,0.167,1,less50
57675,2019,21,2435.25,7.797804699651065,1,WC,0,NoSA,health,2,sufficient,44,0.364,0.25,1,less50
57677,2011,13,2126,7.661997558901893,1,WC,0,NoSA,manufacturing,1,unsatisfactory,20,0.15,0.6,1,less50
57677,2013,15,2126,7.661997558901893,1,WC,0,NoSA,manufacturing,2,sufficient,20,0.4,0.7,1,less50
57677,2014,16,2173.25,7.683979021959174,1,WC,0,NoSA,manufacturing,4,good,20,0.3,0.5,1,less50
57677,2017,19,1079.857142857143,6.984584036236863,1,WC,0,NoSA,manufacturing,5,very good,21,0.286,0.524,1,less50
57677,2018,20,903.7826086956521,6.806588854366341,1,WC,0,NoSA,manufacturing,3,satisfactory,23,0.739,0.435,1,less50
57677,2019,21,1079.857142857143,6.984584036236863,1,WC,0,NoSA,manufacturing,3,satisfactory,21,0.524,0.286,1,less50
57677,2020,22,1979.7619047619048,7.5907318663377055,1,WC,0,NoSA,manufacturing,4,good,21,0.381,0.333,1,less50
57677,2021,23,1717.9545454545455,7.448889644367961,1,WC,0,NoSA,manufacturing,4,good,22,0.364,0.273,1,less50
57687,2019,21,2768.5185185185187,7.926067625248604,1,WC,0,NoSA,health,4,good,27,0.519,0.963,1,less50
57687,2020,22,2635.7586206896553,7.876926321129755,1,WC,0,NoSA,edu,4,good,29,0.379,0.966,1,less50
57687,2021,23,3108.3793103448274,8.041856747266362,1,WC,0,NoSA,edu,2,sufficient,29,0.379,0.931,1,less50
57733,2014,16,1301.344827586207,7.171153491499693,1,WC,0,NoSA,public,3,satisfactory,29,0.241,0.207,1,less50
57733,2015,17,1495.9666666666667,7.310527876646255,1,WC,0,NoSA,public,4,good,30,0.333,0.3,1,less50
57733,2016,18,1621.0357142857142,7.390820553748191,1,WC,0,NoSA,public,4,good,28,0.214,0.214,1,less50
57733,2017,19,1964.3703703703704,7.582927050753825,1,WC,0,NoSA,public,4,good,27,0.259,0.259,1,less50
57733,2019,21,2455.4814814814813,7.806078143802106,1,WC,0,NoSA,public,4,good,27,0.296,0.185,1,less50
57752,2009,11,2247.222222222222,7.717450164590473,0,NoWC,0,NoSA,manufacturing,3,satisfactory,81,0.025,0.914,2,less100
57752,2010,12,2050.340425531915,7.625761119580893,0,NoWC,0,NoSA,manufacturing,2,sufficient,94,0.043,0.979,2,less100
57752,2011,13,1731.8,7.4569166090137005,0,NoWC,0,NoSA,manufacturing,3,satisfactory,115,0.035,0.957,3,less250
57752,2013,15,2091.6666666666665,7.6457164753318745,0,NoWC,0,NoSA,manufacturing,2,sufficient,129,0.039,0.922,3,less250
57752,2014,16,1262.6125,7.140938266090442,0,NoWC,0,NoSA,manufacturing,2,sufficient,160,0.025,0.956,3,less250
57752,2016,18,1226.3662790697674,7.111810831313448,0,NoWC,0,NoSA,manufacturing,2,sufficient,172,0.029,0.942,3,less250
57752,2017,19,1372.7384615384615,7.224562900761035,0,NoWC,0,NoSA,manufacturing,1,unsatisfactory,195,0.026,0.908,3,less250
57752,2018,20,1537.4666666666667,7.337891319228851,0,NoWC,0,NoSA,manufacturing,3,satisfactory,195,0.051,0.856,3,less250
57752,2019,21,1406.26267281106,7.248690877688878,0,NoWC,0,NoSA,manufacturing,4,good,217,0.046,0.899,3,less250
57778,2016,18,1435.7058823529412,7.269411911327276,1,WC,1,SA,manufacturing,3,satisfactory,34,0.206,0.588,1,less50
57778,2017,19,1204.235294117647,7.093600033783408,1,WC,1,SA,manufacturing,3,satisfactory,34,0.353,0.529,1,less50
57778,2018,20,1535.8055555555557,7.33681031425906,1,WC,1,SA,manufacturing,3,satisfactory,36,0.472,0.583,1,less50
57778,2019,21,1056.9268292682927,6.9631207585623445,1,WC,1,SA,manufacturing,3,satisfactory,41,0.463,0.707,1,less50
57778,2020,22,1307.1951219512196,7.175638992421312,1,WC,1,SA,manufacturing,3,satisfactory,41,0.463,0.707,1,less50
57778,2021,23,1093.3902439024391,6.997038463705195,1,WC,1,SA,manufacturing,2,sufficient,41,0.488,0.659,1,less50
57800,2007,9,1214.3923076923077,7.10199907237584,0,NoWC,0,NoSA,art,4,good,130,0.385,0.223,3,less250
57800,2008,10,1397.2654867256638,7.242272381806877,0,NoWC,0,NoSA,art,4,good,113,0.796,0.46,3,less250
57800,2009,11,1189.0462962962963,7.080906833103731,0,NoWC,1,SA,transcom,3,satisfactory,108,0.917,0.454,3,less250
57800,2011,13,1346.3009708737864,7.205116089127161,0,NoWC,1,SA,transcom,4,good,103,0.767,0.447,3,less250
57817,2015,17,1605.4274193548388,7.3811453050052425,1,WC,0,NoSA,manufacturing,4,good,248,0.698,0.798,3,less250
57817,2016,18,1954.6190476190477,7.577950592878765,1,WC,0,NoSA,manufacturing,5,very good,210,0.862,0.767,3,less250
57817,2017,19,2150.0309278350514,7.673237506057804,1,WC,0,NoSA,manufacturing,5,very good,194,0.99,0.799,3,less250
57817,2018,20,2849.054347826087,7.954742410421995,1,WC,0,NoSA,manufacturing,4,good,184,0.946,0.717,3,less250
57817,2019,21,1821.698795180723,7.507524748665714,1,WC,0,NoSA,manufacturing,5,very good,166,0.958,0.753,3,less250
57928,2017,19,2450.264705882353,7.803951340919812,1,WC,0,NoSA,manufacturing,3,satisfactory,34,0.029,0.118,1,less50
57928,2018,20,2422.2972972972975,7.792471665257697,1,WC,0,NoSA,manufacturing,4,good,37,0.081,0.081,1,less50
57928,2019,21,2243.128205128205,7.715626690768259,1,WC,0,NoSA,manufacturing,3,satisfactory,39,0.026,0.103,1,less50
57970,2015,17,3985.7099697885196,8.2904707359048,1,WC,0,NoSA,health,4,good,331,0.136,0.169,4,more250
57970,2017,19,3479.0854430379745,8.15452473450485,1,WC,0,NoSA,health,5,very good,316,0.142,0.149,4,more250
57970,2018,20,4438.537267080746,8.398080156796375,1,WC,0,NoSA,health,5,very good,322,0.236,0.189,4,more250
57970,2019,21,5708.379807692308,8.649690515922718,1,WC,0,NoSA,health,5,very good,208,0.293,0.212,3,less250
57970,2020,22,13327.528301886792,9.497586972265234,1,WC,0,NoSA,buservices,5,very good,106,0.5,0.17,3,less250
57972,2019,21,3528.5040322580644,8.168629273208566,0,NoWC,1,SA,buservices,4,good,248,0.06,0.125,3,less250
57972,2020,22,3317.8443579766536,8.10707056126458,0,NoWC,1,SA,health,4,good,257,0.016,0.121,4,more250
57972,2021,23,3343.866666666667,8.114883101001373,0,NoWC,1,SA,public,2,sufficient,255,0.043,0.125,4,more250
58003,2015,17,1277,7.152268856032539,1,WC,0,NoSA,wholesretail,3,satisfactory,62,0.032,0.532,2,less100
58003,2016,18,1310.5692307692307,7.178216849120304,1,WC,0,NoSA,wholesretail,4,good,65,0.046,0.415,2,less100
58003,2017,19,2019.3731343283582,7.6105424126926575,1,WC,0,NoSA,wholesretail,4,good,67,0.015,0.463,2,less100
58003,2018,20,2281.9384615384615,7.732780563160275,1,WC,0,NoSA,wholesretail,4,good,65,0.015,0.662,2,less100
58003,2019,21,1196.6567164179105,7.08728687780854,1,WC,0,NoSA,wholesretail,3,satisfactory,67,0.015,0.642,2,less100
58041,2015,17,2222.731707317073,7.706492217214633,1,WC,0,NoSA,wholesretail,4,good,41,0.024,0.098,1,less50
58041,2016,18,2285.923076923077,7.734525194148645,1,WC,0,NoSA,wholesretail,3,satisfactory,39,0.051,0.077,1,less50
58041,2017,19,2425.6585365853657,7.793858327983941,1,WC,0,NoSA,wholesretail,3,satisfactory,41,0.024,0.098,1,less50
58041,2018,20,2091.5333333333333,7.6456527282801545,1,WC,0,NoSA,wholesretail,4,good,45,0.022,0.089,1,less50
58041,2019,21,2135.3777777777777,7.666398855104766,1,WC,0,NoSA,wholesretail,4,good,45,0.044,0.111,1,less50
58041,2021,23,1999.560975609756,7.600682923250632,1,WC,0,NoSA,wholesretail,4,good,41,0.024,0.268,1,less50
58044,2003,5,1012.4912280701755,6.92016913530877,1,WC,0,NoSA,edu,4,good,57,0.14,0.491,2,less100
58044,2004,6,978.1694915254237,6.8856829592376005,1,WC,0,NoSA,edu,3,satisfactory,59,0.017,0.559,2,less100
58044,2005,7,1691.179487179487,7.433181485891212,1,WC,0,NoSA,edu,5,very good,39,0.077,0.615,1,less50
58044,2006,8,1421.4827586206898,7.25945580201341,1,WC,0,NoSA,edu,4,good,29,0.31,0.586,1,less50
58044,2007,9,1766.6857142857143,7.47686059248514,1,WC,0,NoSA,edu,4,good,35,0.229,0.714,1,less50
58044,2008,10,1696.658536585366,7.436416029068534,1,WC,0,NoSA,edu,5,very good,41,0.049,0.732,1,less50
58044,2009,11,1290.3541666666667,7.162672007477984,1,WC,0,NoSA,health,3,satisfactory,48,0.042,0.604,1,less50
58044,2010,12,936.1041666666666,6.841726759459201,1,WC,0,NoSA,health,4,good,48,0.042,0.625,1,less50
58059,2009,11,4031.0731707317073,8.301787914957309,0,NoWC,1,SA,public,5,very good,41,0.024,0.073,1,less50
58059,2010,12,3559.75,8.177445596661103,0,NoWC,1,SA,public,3,satisfactory,52,0.019,0.154,2,less100
58059,2011,13,1888.84,7.543718163014239,0,NoWC,1,SA,public,3,satisfactory,75,0.08,0.093,2,less100
58059,2012,14,2056.215189873418,7.628622285433447,0,NoWC,1,SA,public,3,satisfactory,79,0.177,0.114,2,less100
58059,2014,16,2110.382716049383,7.654624592036309,0,NoWC,1,SA,public,4,good,81,0.16,0.062,2,less100
58065,2000,2,638.0764739046392,6.458458141215842,1,WC,0,NoSA,art,3,satisfactory,194,0.103,0.201,3,less250
58065,2001,3,880.5447809278351,6.780540785164117,1,WC,0,NoSA,art,3,satisfactory,194,0.077,0.206,3,less250
58065,2003,5,1034.2108108108107,6.941393913215173,1,WC,0,NoSA,art,2,sufficient,185,0.103,0.195,3,less250
58065,2004,6,1004.4368421052632,6.9121823073208475,1,WC,0,NoSA,art,3,satisfactory,190,0.074,0.205,3,less250
58065,2005,7,929.6875,6.8348485081740495,1,WC,0,NoSA,art,4,good,192,0.083,0.198,3,less250
58069,2010,12,2995.4736842105262,8.004857656377904,0,NoWC,0,NoSA,buservices,3,satisfactory,57,0.035,0.263,2,less100
58069,2011,13,4491.486486486487,8.409938991978658,0,NoWC,0,NoSA,buservices,3,satisfactory,37,0.027,0.081,1,less50
58069,2012,14,5494.833333333333,8.611563535774161,0,NoWC,0,NoSA,buservices,4,good,36,0.028,0.167,1,less50
58069,2013,15,6088.515151515152,8.714159513490431,0,NoWC,0,NoSA,buservices,4,good,33,0.091,0.061,1,less50
58089,1998,0,1471.3435251798562,7.293931225070564,0,NoWC,0,NoSA,health,4,good,695,0.597,0.718,4,more250
58089,1999,1,1257.8816027496382,7.137184317369911,0,NoWC,0,NoSA,health,3,satisfactory,691,0.535,0.7,4,more250
58089,2001,3,942.984211509716,6.849049539661604,0,NoWC,0,NoSA,health,3,satisfactory,669,0.478,0.71,4,more250
58089,2002,4,833.3333333333334,6.725433722188183,0,NoWC,0,NoSA,health,3,satisfactory,672,0.432,0.69,4,more250
58089,2004,6,872.6003490401396,6.771477660689589,0,NoWC,0,NoSA,health,2,sufficient,573,0.492,0.686,4,more250
58091,2004,6,1292.4788732394366,7.164317260592851,0,NoWC,0,NoSA,wholesretail,2,sufficient,71,0.408,0.901,2,less100
58091,2005,7,1486.338028169014,7.30407067462382,0,NoWC,0,NoSA,wholesretail,3,satisfactory,71,0.282,0.901,2,less100
58091,2006,8,1369.641791044776,7.2223045182432,0,NoWC,0,NoSA,wholesretail,4,good,67,0.09,0.851,2,less100
58096,2012,14,4071.285714285714,8.311714128866543,1,WC,0,NoSA,public,4,good,42,0.643,0.071,1,less50
58096,2013,15,3444.3333333333335,8.144485647546245,1,WC,0,NoSA,public,3,satisfactory,57,0.632,0.07,2,less100
58096,2014,16,3373.4444444444443,8.123689591707317,1,WC,0,NoSA,public,3,satisfactory,63,0.286,0.063,2,less100
58096,2015,17,3214.390625,8.07539307749345,1,WC,0,NoSA,public,3,satisfactory,64,0.391,0.062,2,less100
58096,2016,18,3256.046875,8.088269123517573,1,WC,0,NoSA,public,4,good,64,0.25,0.062,2,less100
58096,2017,19,3382.34375,8.126324165334228,1,WC,0,NoSA,public,4,good,64,0.312,0.078,2,less100
58098,2002,4,1181.452380952381,7.074499791923398,1,WC,0,NoSA,wholesretail,3,satisfactory,42,0.548,0.429,1,less50
58098,2003,5,1524.5,7.329421766428309,1,WC,1,SA,wholesretail,3,satisfactory,42,0.452,0.405,1,less50
58098,2004,6,1493.6190476190477,7.308957344970947,1,WC,0,NoSA,wholesretail,2,sufficient,42,0.548,0.381,1,less50
58098,2005,7,1945.8648648648648,7.573461817819221,1,WC,0,NoSA,wholesretail,2,sufficient,37,0.595,0.351,1,less50
58098,2006,8,2227.657142857143,7.708705703593874,1,WC,0,NoSA,wholesretail,2,sufficient,35,0.657,0.371,1,less50
58098,2007,9,2018.1142857142856,7.609918832468672,1,WC,0,NoSA,wholesretail,3,satisfactory,35,0.543,0.371,1,less50
58098,2008,10,2590.342857142857,7.85954552320772,1,WC,0,NoSA,wholesretail,2,sufficient,35,0.714,0.514,1,less50
58106,2003,5,789.9545454545455,6.671975406406418,0,NoWC,0,NoSA,health,5,very good,22,0.091,0.591,1,less50
58106,2004,6,507.25,6.229003978705924,0,NoWC,0,NoSA,health,3,satisfactory,20,0.1,0.5,1,less50
58106,2006,8,894.6666666666666,6.796451209423463,0,NoWC,0,NoSA,health,4,good,21,0.095,0.619,1,less50
58106,2010,12,1028.857142857143,6.936203895153508,0,NoWC,0,NoSA,health,4,good,21,0.048,0.524,1,less50
58124,2010,12,2356.404761904762,7.764892330484381,0,NoWC,1,SA,health,1,unsatisfactory,42,0.333,0.119,1,less50
58124,2011,13,2618.2380952380954,7.870256887803653,0,NoWC,1,SA,health,2,sufficient,42,0.262,0.167,1,less50
58124,2012,14,2617.7073170731705,7.87005414383864,0,NoWC,1,SA,health,1,unsatisfactory,41,0.341,0.171,1,less50
58124,2013,15,2620.8571428571427,7.871256697014288,0,NoWC,1,SA,health,4,good,42,0.548,0.167,1,less50
58124,2014,16,2906.2380952380954,7.974614773065116,0,NoWC,1,SA,health,3,satisfactory,42,0.405,0.143,1,less50
58124,2015,17,3141.8809523809523,8.05257692897648,0,NoWC,1,SA,health,4,good,42,0.333,0.143,1,less50
58130,2001,3,2237.0795656028367,7.712926528851719,0,NoWC,1,SA,wholesretail,4,good,282,0.004,0.798,4,more250
58130,2002,4,1887.681660899654,7.543104720677253,0,NoWC,1,SA,wholesretail,3,satisfactory,289,0.003,0.758,4,more250
58130,2004,6,1792.1146953405018,7.491151595582963,0,NoWC,1,SA,wholesretail,1,unsatisfactory,279,0.022,0.563,4,more250
58130,2005,7,1314.1851851851852,7.180972121523333,0,NoWC,1,SA,wholesretail,4,good,270,0.022,0.781,4,more250
58130,2006,8,1783.626213592233,7.486403769658235,0,NoWC,1,SA,wholesretail,4,good,206,0.005,0.767,3,less250
58130,2007,9,1787.9396984924624,7.48881922948938,0,NoWC,1,SA,wholesretail,4,good,199,0.005,0.849,3,less250
58157,2004,6,2081.3008130081303,7.640748368089282,0,NoWC,1,SA,wholesretail,3,satisfactory,123,0.39,0.228,3,less250
58157,2005,7,2508.6181818181817,7.8274873553591675,0,NoWC,0,NoSA,wholesretail,3,satisfactory,110,0.591,0.255,3,less250
58157,2006,8,2834.03305785124,7.949456084914859,0,NoWC,0,NoSA,wholesretail,2,sufficient,121,0.579,0.207,3,less250
58157,2008,10,2598.6260869565217,7.862738156248598,0,NoWC,0,NoSA,wholesretail,3,satisfactory,115,0.6,0.217,3,less250
58157,2009,11,2875,7.963807953231451,0,NoWC,0,NoSA,wholesretail,4,good,120,0.617,0.225,3,less250
58157,2010,12,2164.4666666666667,7.679929266748053,0,NoWC,0,NoSA,wholesretail,4,good,120,0.575,0.225,3,less250
58157,2011,13,2080.5755395683454,7.640399836136055,0,NoWC,0,NoSA,wholesretail,4,good,139,0.439,0.309,3,less250
58157,2012,14,2361.4285714285716,7.767022041759756,0,NoWC,0,NoSA,wholesretail,4,good,140,0.364,0.307,3,less250
58157,2014,16,2393.939393939394,7.7806955699826785,0,NoWC,0,NoSA,wholesretail,3,satisfactory,132,0.508,0.25,3,less250
58157,2015,17,3778.2384615384617,8.237013164528664,0,NoWC,0,NoSA,wholesretail,4,good,130,0.438,0.254,3,less250
58157,2016,18,3269.2380952380954,8.09231223834482,0,NoWC,0,NoSA,wholesretail,4,good,147,0.347,0.224,3,less250
58157,2018,20,2378.0242424242424,7.7740252716580756,0,NoWC,0,NoSA,wholesretail,5,very good,165,0.497,0.321,3,less250
58157,2019,21,1867.7929292929293,7.532512761088053,0,NoWC,0,NoSA,wholesretail,4,good,198,0.126,0.263,3,less250
58157,2020,22,1883.039800995025,7.540642665446528,0,NoWC,0,NoSA,transcom,5,very good,201,0.323,0.209,3,less250
58157,2021,23,1351.4193548387098,7.208910693080565,0,NoWC,0,NoSA,transcom,4,good,186,0.355,0.349,3,less250
58169,2000,2,1203.047554347826,7.092613244992089,0,NoWC,0,NoSA,health,1,unsatisfactory,23,0.174,0.217,1,less50
58169,2002,4,1657.5238095238096,7.413080086677093,1,WC,0,NoSA,health,2,sufficient,21,0.571,0.095,1,less50
58169,2012,14,1359.7,7.21501936616164,1,WC,0,NoSA,health,2,sufficient,20,0.3,0.2,1,less50
58194,2011,13,2183.1290322580644,7.688514462571387,1,WC,0,NoSA,health,4,good,31,0.032,0.161,1,less50
58194,2012,14,2078.323529411765,7.63931685223126,0,NoWC,0,NoSA,health,1,unsatisfactory,34,0.059,0.118,1,less50
58194,2013,15,1797,7.493873886783559,0,NoWC,0,NoSA,health,3,satisfactory,36,0.056,0.139,1,less50
58194,2014,16,1754.7894736842106,7.4701041706897335,0,NoWC,0,NoSA,health,2,sufficient,38,0.026,0.184,1,less50
58194,2016,18,2476.5581395348836,7.814625028245711,1,WC,0,NoSA,health,4,good,43,0.047,0.209,1,less50
58194,2017,19,2654,7.8838232148921525,1,WC,0,NoSA,health,3,satisfactory,45,0.067,0.267,1,less50
58194,2018,20,3483.3846153846152,8.155759690736463,1,WC,0,NoSA,health,2,sufficient,39,0.077,0.179,1,less50
58211,2007,9,2016.7313432835822,7.609233332892223,0,NoWC,0,NoSA,wholesretail,4,good,201,0.1,0.09,3,less250
58211,2018,20,4256.673640167364,8.356243298611018,0,NoWC,0,NoSA,wholesretail,4,good,239,0.05,0.075,3,less250
58211,2019,21,4888,8.494538500851432,0,NoWC,0,NoSA,wholesretail,3,satisfactory,217,0.046,0.088,3,less250
58251,2010,12,1118.2857142857142,7.0195521794606535,1,WC,0,NoSA,buservices,4,good,42,0.238,0.024,1,less50
58251,2014,16,4473.119047619048,8.405841217793427,1,WC,0,NoSA,buservices,4,good,42,0.31,0.071,1,less50
58251,2015,17,8051.5952380952385,8.993625517003288,1,WC,0,NoSA,buservices,4,good,42,0.286,0.048,1,less50
58251,2016,18,9801.934782608696,9.190335071969363,1,WC,0,NoSA,buservices,4,good,46,0.13,0.065,1,less50
58269,2016,18,3386.125,8.127441478727564,1,WC,0,NoSA,wholesretail,3,satisfactory,32,0.438,0.219,1,less50
58269,2017,19,3221.3783783783783,8.077564614762936,1,WC,0,NoSA,wholesretail,3,satisfactory,37,0.378,0.189,1,less50
58269,2018,20,3250.675,8.086617946066415,1,WC,0,NoSA,wholesretail,5,very good,40,0.4,0.175,1,less50
58269,2019,21,3521.55,8.166656512579626,1,WC,0,NoSA,wholesretail,5,very good,40,0.425,0.125,1,less50
58269,2020,22,4334.2307692307695,8.374299426924914,1,WC,0,NoSA,wholesretail,4,good,39,0.41,0.205,1,less50
58269,2021,23,4385.833333333333,8.386134928559825,1,WC,0,NoSA,wholesretail,4,good,42,0.452,0.095,1,less50
58317,2011,13,1305.6190476190477,7.174432573272423,1,WC,0,NoSA,construction,3,satisfactory,21,0.143,0.286,1,less50
58317,2012,14,1042.125,6.949017176730777,1,WC,0,NoSA,construction,3,satisfactory,24,0.167,0.25,1,less50
58317,2013,15,1465.6521739130435,7.290055592298957,1,WC,0,NoSA,construction,2,sufficient,23,0.043,0.261,1,less50
58317,2014,16,1106.3478260869565,7.008819622773496,1,WC,0,NoSA,construction,3,satisfactory,23,0.174,0.261,1,less50
58317,2015,17,1864.7391304347825,7.530876445851818,1,WC,0,NoSA,construction,3,satisfactory,23,0.174,0.217,1,less50
58317,2016,18,1978.8260869565217,7.5902590624870525,1,WC,0,NoSA,construction,3,satisfactory,23,0.13,0.217,1,less50
58317,2019,21,2219.6923076923076,7.7051238651218386,1,WC,0,NoSA,construction,3,satisfactory,26,0.038,0.346,1,less50
58320,2005,7,2232.844155844156,7.711031458022698,0,NoWC,0,NoSA,manufacturing,4,good,231,0.056,0.074,3,less250
58320,2006,8,2148.471615720524,7.672511991920206,0,NoWC,0,NoSA,manufacturing,3,satisfactory,229,0.057,0.083,3,less250
58320,2007,9,1754.8181818181818,7.470120530429504,0,NoWC,0,NoSA,manufacturing,3,satisfactory,231,0.061,0.091,3,less250
58320,2008,10,1597.517094017094,7.376205886674624,0,NoWC,0,NoSA,manufacturing,4,good,234,0.06,0.107,3,less250
58320,2009,11,1487.0689655172414,7.304562324347187,0,NoWC,0,NoSA,manufacturing,4,good,232,0.073,0.099,3,less250
58320,2010,12,1149.274336283186,7.046886010257814,0,NoWC,0,NoSA,manufacturing,3,satisfactory,226,0.08,0.097,3,less250
58325,2009,11,5201.076923076923,8.556620983718867,0,NoWC,0,NoSA,wholesretail,3,satisfactory,26,0.692,0.115,1,less50
58325,2011,13,3505.9166666666665,8.162207296421364,0,NoWC,0,NoSA,wholesretail,3,satisfactory,36,0.278,0.111,1,less50
58325,2012,14,3440.0263157894738,8.143234400276985,0,NoWC,0,NoSA,wholesretail,2,sufficient,38,0.474,0.105,1,less50
58325,2013,15,3756.3333333333335,8.23119858328424,0,NoWC,0,NoSA,wholesretail,1,unsatisfactory,36,0.472,0.083,1,less50
58325,2014,16,2504.222222222222,7.825733475176075,1,WC,0,NoSA,wholesretail,2,sufficient,36,0.5,0.083,1,less50
58325,2015,17,2567.969696969697,7.850870864494783,1,WC,0,NoSA,wholesretail,2,sufficient,33,0.545,0.091,1,less50
58325,2016,18,2575.7714285714287,7.853904352142772,1,WC,0,NoSA,wholesretail,1,unsatisfactory,35,0.286,0.086,1,less50
58325,2017,19,2797.8275862068967,7.936598532957585,1,WC,0,NoSA,wholesretail,2,sufficient,29,0.621,0.103,1,less50
58325,2018,20,3977.294117647059,8.288356997124188,1,WC,0,NoSA,wholesretail,2,sufficient,34,0.412,0.088,1,less50
58325,2019,21,5008.472222222223,8.5188862019093,1,WC,0,NoSA,wholesretail,3,satisfactory,36,0.444,0.083,1,less50
58325,2020,22,6628.85294117647,8.799187057831263,1,WC,0,NoSA,wholesretail,3,satisfactory,34,0.5,0.088,1,less50
58361,2001,3,3549.7341452205883,8.174627990994908,0,NoWC,0,NoSA,buservices,4,good,34,0.118,0.088,1,less50
58361,2003,5,2360.52,7.766637212731638,0,NoWC,0,NoSA,buservices,4,good,25,0.52,0.12,1,less50
58361,2004,6,3808.590909090909,8.245014559579397,1,WC,0,NoSA,buservices,4,good,22,0.318,0.136,1,less50
58361,2006,8,2097.7,7.648596785404743,1,WC,0,NoSA,buservices,4,good,30,0.233,0.167,1,less50
58361,2007,9,2685.21875,7.895517474760313,1,WC,0,NoSA,construction,3,satisfactory,32,0.094,0.094,1,less50
58361,2008,10,3051.21875,8.023296379950503,1,WC,0,NoSA,construction,3,satisfactory,32,0.094,0.188,1,less50
58366,1999,1,1020.13916015625,6.927694328498118,0,NoWC,1,SA,health,4,good,32,0.062,0.562,1,less50
58366,2000,2,1105.1573486328125,7.007743000767141,0,NoWC,0,NoSA,health,4,good,32,0.094,0.594,1,less50
58366,2001,3,1360.2018612132354,7.21538839507852,0,NoWC,0,NoSA,health,3,satisfactory,34,0.118,0.559,1,less50
58401,2007,9,224.70833333333334,5.414803264989281,1,WC,0,NoSA,wholesretail,4,good,24,0.042,0.5,1,less50
58401,2009,11,307.84,5.729580167477342,1,WC,0,NoSA,wholesretail,4,good,25,0.04,0.48,1,less50
58401,2010,12,378.85714285714283,5.93715920225044,1,WC,0,NoSA,wholesretail,5,very good,21,0.048,0.429,1,less50
58404,2015,17,650.6891891891892,6.478032092238425,0,NoWC,0,NoSA,wholesretail,4,good,74,0.027,0.216,2,less100
58404,2016,18,1146.5217391304348,7.044488063418183,0,NoWC,0,NoSA,wholesretail,3,satisfactory,69,0.087,0.319,2,less100
58404,2017,19,1089.3970588235295,6.993379665132757,0,NoWC,0,NoSA,wholesretail,4,good,68,0.235,0.603,2,less100
58404,2018,20,1456,7.283448228756631,0,NoWC,0,NoSA,wholesretail,3,satisfactory,50,0.26,0.58,1,less50
58404,2019,21,1286.0833333333333,7.159356703112831,0,NoWC,0,NoSA,wholesretail,3,satisfactory,36,0.417,0.417,1,less50
58410,2002,4,2077.1428571428573,7.638748602032197,0,NoWC,0,NoSA,wholesretail,3,satisfactory,21,0.143,0.524,1,less50
58410,2003,5,1782.7083333333333,7.485889022504209,1,WC,0,NoSA,wholesretail,2,sufficient,24,0.083,0.5,1,less50
58410,2006,8,1914.7272727272727,7.557330475142172,1,WC,0,NoSA,wholesretail,3,satisfactory,22,0.227,0.5,1,less50
58416,2019,21,5509.788461538462,8.614281509674672,1,WC,0,NoSA,health,1,unsatisfactory,104,0.394,0.365,3,less250
58416,2020,22,4606.585714285714,8.435242235623397,1,WC,0,NoSA,buservices,2,sufficient,140,0.157,0.336,3,less250
58416,2021,23,2281.7220077220077,7.732685703422977,1,WC,0,NoSA,buservices,1,unsatisfactory,259,0.189,0.309,4,more250
58441,2002,4,1844.8360655737704,7.520145699179385,0,NoWC,0,NoSA,wholesretail,4,good,61,0.131,0.59,2,less100
58441,2004,6,1132.551724137931,7.0322285288422055,1,WC,0,NoSA,wholesretail,1,unsatisfactory,58,0.086,0.603,2,less100
58441,2005,7,1757.1016949152543,7.4714209663728255,1,WC,0,NoSA,wholesretail,2,sufficient,59,0.136,0.508,2,less100
58441,2006,8,1728.9298245614036,7.455257897561399,1,WC,0,NoSA,wholesretail,2,sufficient,57,0.14,0.561,2,less100
58449,2012,14,715.4507042253521,6.572912699663325,0,NoWC,0,NoSA,wholesretail,1,unsatisfactory,142,0.19,0.669,3,less250
58449,2013,15,799.296052631579,6.683731406088037,0,NoWC,0,NoSA,wholesretail,2,sufficient,152,0.243,0.776,3,less250
58449,2014,16,818.25,6.70716791338129,1,WC,0,NoSA,wholesretail,1,unsatisfactory,160,0.288,0.856,3,less250
58449,2015,17,855.6862745098039,6.751903807222681,0,NoWC,0,NoSA,wholesretail,3,satisfactory,153,0.307,0.758,3,less250
58449,2016,18,779.9468085106383,6.659225723141176,0,NoWC,0,NoSA,wholesretail,2,sufficient,188,0.271,0.915,3,less250
58449,2017,19,861.5376344086021,6.758718739759744,0,NoWC,0,NoSA,wholesretail,3,satisfactory,186,0.376,0.839,3,less250
58449,2018,20,864.7889908256881,6.762485535931396,0,NoWC,0,NoSA,wholesretail,2,sufficient,218,0.344,0.821,3,less250
58449,2019,21,1021.0402010050251,6.928577191537443,0,NoWC,0,NoSA,wholesretail,2,sufficient,199,0.377,0.864,3,less250
58503,2011,13,1018.3098591549295,6.92589953110554,0,NoWC,0,NoSA,manufacturing,4,good,284,0.095,0.518,4,more250
58503,2012,14,1450,7.27931883541462,0,NoWC,0,NoSA,manufacturing,3,satisfactory,228,0.316,0.961,3,less250
58503,2013,15,1489.9579439252336,7.306503172987622,0,NoWC,0,NoSA,manufacturing,4,good,214,0.369,0.963,3,less250
58529,2007,9,6645.295081967213,8.801664376777987,0,NoWC,0,NoSA,manufacturing,2,sufficient,61,0.066,0.016,2,less100
58529,2008,10,5340.271428571428,8.583031759982967,0,NoWC,0,NoSA,manufacturing,3,satisfactory,70,0.043,0,2,less100
58529,2009,11,7187.5,8.880098685105606,0,NoWC,0,NoSA,manufacturing,2,sufficient,48,0.062,0.042,1,less50
58529,2010,12,3658.2535211267605,8.204741132488785,0,NoWC,0,NoSA,manufacturing,3,satisfactory,71,0.042,0.028,2,less100
58529,2011,13,4449.2307692307695,8.400486499371109,0,NoWC,0,NoSA,manufacturing,3,satisfactory,65,0.015,0.015,2,less100
58529,2012,14,5332.258064516129,8.581530079323969,0,NoWC,0,NoSA,manufacturing,2,sufficient,62,0.048,0,2,less100
58529,2013,15,6530.6122448979595,8.784255976665282,0,NoWC,0,NoSA,manufacturing,3,satisfactory,49,0.061,0,1,less50
58529,2014,16,6196.078431372549,8.731671859844724,0,NoWC,0,NoSA,manufacturing,3,satisfactory,51,0.078,0.078,2,less100
58529,2015,17,15098.08695652174,9.622323323155877,0,NoWC,0,NoSA,manufacturing,4,good,46,0.087,0,1,less50
58535,2000,2,846.1941829819277,6.7407488639795785,0,NoWC,0,NoSA,manufacturing,4,good,166,0.018,0.608,3,less250
58535,2001,3,1101.187074829932,7.004144035849344,0,NoWC,1,SA,manufacturing,3,satisfactory,147,0.034,0.565,3,less250
58535,2002,4,919.9251700680272,6.824292329852483,0,NoWC,1,SA,manufacturing,5,very good,147,0.075,0.578,3,less250
58535,2003,5,1043.8531468531469,6.950674094614718,0,NoWC,0,NoSA,manufacturing,3,satisfactory,143,0.028,0.643,3,less250
58535,2004,6,1209.0869565217392,7.09762077236396,0,NoWC,0,NoSA,manufacturing,4,good,138,0.051,0.587,3,less250
58535,2005,7,1161.6739130434783,7.0576172724211,0,NoWC,0,NoSA,manufacturing,3,satisfactory,138,0.058,0.587,3,less250
58535,2006,8,1221.7067669172932,7.108004149330005,0,NoWC,0,NoSA,manufacturing,3,satisfactory,133,0.098,0.609,3,less250
58535,2007,9,1277.9850746268658,7.1530399561735605,0,NoWC,0,NoSA,manufacturing,4,good,134,0.097,0.634,3,less250
58535,2008,10,1210.2222222222222,7.098559276457431,0,NoWC,0,NoSA,manufacturing,4,good,144,0.076,0.618,3,less250
58535,2009,11,1125.3262411347519,7.0258282647187125,0,NoWC,0,NoSA,manufacturing,5,very good,141,0.106,0.489,3,less250
58535,2010,12,1136.4927536231885,7.035702267225802,1,WC,0,NoSA,manufacturing,2,sufficient,138,0.087,0.486,3,less250
58535,2011,13,1019.8623188405797,6.927422915638647,1,WC,0,NoSA,manufacturing,3,satisfactory,138,0.036,0.355,3,less250
58538,2001,3,1383.4808836996338,7.232357981783948,1,WC,0,NoSA,public,4,good,273,0.048,0.755,4,more250
58538,2002,4,1456.1705426356589,7.283565352828424,1,WC,0,NoSA,public,2,sufficient,258,0.054,0.841,4,more250
58538,2003,5,1456.1705426356589,7.283565352828424,1,WC,0,NoSA,public,3,satisfactory,258,0.031,0.686,4,more250
58547,2019,21,3598.982673267327,8.188406493748833,0,NoWC,0,NoSA,manufacturing,5,very good,404,0.022,0.252,4,more250
58547,2020,22,3298.3093525179856,8.10116529875637,0,NoWC,0,NoSA,manufacturing,5,very good,417,0.012,0.185,4,more250
58547,2021,23,3274.793450881612,8.09401007764736,0,NoWC,0,NoSA,manufacturing,4,good,397,0.013,0.29,4,more250
58615,2019,21,6399.258064516129,8.763937335208306,0,NoWC,1,SA,buservices,3,satisfactory,31,0.065,0.032,1,less50
58615,2020,22,4312.54347826087,8.369283143204358,0,NoWC,0,NoSA,edu,4,good,46,0.087,0.065,1,less50
58615,2021,23,4174.611111111111,8.336776485907246,0,NoWC,0,NoSA,edu,5,very good,54,0.037,0.074,2,less100
58642,2003,5,114.08,4.736899956665986,1,WC,0,NoSA,buservices,2,sufficient,25,0.04,0.28,1,less50
58642,2006,8,112.0909090909091,4.7193102303659735,1,WC,0,NoSA,buservices,2,sufficient,22,0.045,0.273,1,less50
58642,2007,9,146,4.983606621708336,1,WC,0,NoSA,buservices,3,satisfactory,22,0.182,0.364,1,less50
58642,2008,10,153.36363636363637,5.032811809747598,1,WC,0,NoSA,buservices,3,satisfactory,22,0.091,0.364,1,less50
58642,2009,11,172.4090909090909,5.149870088330583,1,WC,0,NoSA,buservices,3,satisfactory,22,0.045,0.318,1,less50
58642,2011,13,131.54166666666666,4.879323658210046,1,WC,0,NoSA,buservices,4,good,24,0.042,0.458,1,less50
58642,2012,14,137.04166666666666,4.920285015841111,1,WC,0,NoSA,buservices,4,good,24,0.083,0.375,1,less50
58645,2015,17,1765.8333333333333,7.476378001474345,1,WC,0,NoSA,resthotels,4,good,36,0.028,0.806,1,less50
58645,2016,18,2293.3030303030305,7.737748428641325,1,WC,0,NoSA,resthotels,4,good,33,0.03,0.758,1,less50
58645,2019,21,2858.9666666666667,7.958215533166085,1,WC,0,NoSA,resthotels,4,good,30,0.033,0.733,1,less50
58645,2020,22,2522.625,7.83305530501388,1,WC,0,NoSA,finance,4,good,32,0.031,0.719,1,less50
58645,2021,23,3027.15625,8.01537892645397,1,WC,0,NoSA,finance,2,sufficient,32,0.031,0.5,1,less50
58710,2013,15,1338.9121338912134,7.199612722844399,0,NoWC,0,NoSA,wholesretail,4,good,239,0.004,0.13,3,less250
58710,2014,16,1264,7.142036574706803,0,NoWC,0,NoSA,wholesretail,4,good,250,0.004,0.1,3,less250
58710,2016,18,2699.599078341014,7.900858551463434,0,NoWC,0,NoSA,wholesretail,4,good,217,0.005,0.106,3,less250
58710,2017,19,2733.0382978723405,7.913169198955512,0,NoWC,0,NoSA,wholesretail,4,good,235,0.004,0.089,3,less250
58710,2018,20,3059.487684729064,8.026002757638427,0,NoWC,0,NoSA,wholesretail,4,good,203,0.005,0.089,3,less250
58710,2019,21,3054.5714285714284,8.024394576518132,0,NoWC,0,NoSA,wholesretail,4,good,203,0.005,0.103,3,less250
58711,2012,14,2248.516129032258,7.718025779425976,1,WC,0,NoSA,wholesretail,4,good,31,0.258,0.097,1,less50
58711,2014,16,2423.9285714285716,7.7931448795226,1,WC,0,NoSA,wholesretail,1,unsatisfactory,28,0.464,0.071,1,less50
58711,2015,17,1773.1666666666667,7.480522304288311,1,WC,0,NoSA,wholesretail,1,unsatisfactory,30,0.267,0.067,1,less50
58711,2016,18,2683.5185185185187,7.894884092475696,1,WC,0,NoSA,wholesretail,1,unsatisfactory,27,0.296,0.111,1,less50
58711,2017,19,2258.925925925926,7.722644725282271,1,WC,0,NoSA,wholesretail,1,unsatisfactory,27,0.296,0.111,1,less50
58711,2018,20,2017.7307692307693,7.609728777360287,1,WC,0,NoSA,wholesretail,1,unsatisfactory,26,0.308,0.115,1,less50
58711,2019,21,2335.230769230769,7.755865995725268,1,WC,0,NoSA,wholesretail,3,satisfactory,26,0.423,0.115,1,less50
58711,2020,22,2180.76,7.68742871888117,1,WC,0,NoSA,wholesretail,3,satisfactory,25,0.52,0.12,1,less50
58711,2021,23,3263.4545454545455,8.090541589819717,1,WC,0,NoSA,wholesretail,5,very good,22,0.5,0.136,1,less50
58750,2000,2,1435.3698394495414,7.269177822827009,0,NoWC,0,NoSA,mining,3,satisfactory,436,0.103,0.842,4,more250
58750,2001,3,1446.9184346330276,7.277191356440799,0,NoWC,0,NoSA,mining,3,satisfactory,436,0.161,0.853,4,more250
58750,2002,4,996.44128113879,6.904190212817641,0,NoWC,0,NoSA,mining,3,satisfactory,562,0.078,0.845,4,more250
58780,1998,0,1005.2621951219512,6.913003677135732,1,WC,1,SA,public,2,sufficient,82,0.317,0.512,2,less100
58780,2001,3,1444.0699013157894,7.275220726394564,1,WC,1,SA,public,3,satisfactory,76,0.566,0.684,2,less100
58780,2002,4,1997.9859154929577,7.599894909880828,1,WC,1,SA,public,4,good,71,0.563,0.732,2,less100
58780,2004,6,1970.72131147541,7.5861549026732895,1,WC,1,SA,public,3,satisfactory,61,0.607,0.754,2,less100
58780,2005,7,2421.063492063492,7.791962182147042,1,WC,1,SA,public,3,satisfactory,63,0.556,0.857,2,less100
58780,2007,9,1674.2272727272727,7.423107008098814,1,WC,1,SA,public,3,satisfactory,66,0.576,0.818,2,less100
58780,2008,10,1956.1739130434783,7.578745759241187,1,WC,1,SA,public,4,good,69,0.536,0.855,2,less100
58780,2009,11,1774.5211267605634,7.4812858777697295,1,WC,0,NoSA,public,3,satisfactory,71,0.549,0.563,2,less100
58780,2010,12,1958.5492957746478,7.579959322957439,1,WC,0,NoSA,public,3,satisfactory,71,0.62,0.803,2,less100
58780,2011,13,1646.9411764705883,7.406675013978554,1,WC,0,NoSA,public,3,satisfactory,68,0.588,0.706,2,less100
58780,2012,14,2442.955882352941,7.8009640122952275,1,WC,0,NoSA,public,3,satisfactory,68,0.574,0.853,2,less100
58780,2013,15,2418.7083333333335,7.790988930100859,1,WC,0,NoSA,public,3,satisfactory,72,0.542,0.778,2,less100
58780,2014,16,2938.5352112676055,7.9856665087161876,1,WC,0,NoSA,public,3,satisfactory,71,0.62,0.732,2,less100
58780,2015,17,2102.96,7.651101155074828,1,WC,0,NoSA,public,3,satisfactory,75,0.613,0.747,2,less100
58780,2016,18,2459.3521126760565,7.807653225407876,1,WC,0,NoSA,public,5,very good,71,0.648,0.761,2,less100
58780,2017,19,2826.855072463768,7.946920090890885,1,WC,0,NoSA,public,4,good,69,0.667,0.754,2,less100
58780,2018,20,4469.384615384615,8.405006008193912,1,WC,0,NoSA,public,4,good,65,0.615,0.692,2,less100
58780,2019,21,5064.459016393443,8.530002602763858,1,WC,0,NoSA,public,5,very good,61,0.787,0.754,2,less100
58793,1998,0,1331.38359375,7.193973976535475,0,NoWC,0,NoSA,manufacturing,3,satisfactory,50,0.56,0.18,1,less50
58793,1999,1,1033.337386592742,6.94054902430654,0,NoWC,0,NoSA,manufacturing,3,satisfactory,62,0.468,0.161,2,less100
58793,2000,2,1052.2077414772727,6.958645846689593,0,NoWC,0,NoSA,construction,3,satisfactory,66,0.379,0.152,2,less100
58800,2002,4,723.9,6.584653261299096,1,WC,0,NoSA,construction,1,unsatisfactory,30,0.167,0.2,1,less50
58800,2003,5,978.7142857142857,6.886239756947585,1,WC,0,NoSA,construction,3,satisfactory,28,0.179,0.25,1,less50
58800,2005,7,1085.3846153846155,6.989689687385323,1,WC,0,NoSA,construction,4,good,26,0.269,0.192,1,less50
58800,2006,8,1181.857142857143,7.07484233013487,1,WC,0,NoSA,construction,4,good,21,0.238,0.429,1,less50
58800,2007,9,1904.5,7.551974785918659,1,WC,0,NoSA,construction,4,good,24,0.208,0.333,1,less50
58803,2015,17,3063.68085106383,8.02737236455541,1,WC,0,NoSA,resthotels,3,satisfactory,47,0.021,0.362,1,less50
58803,2016,18,2038.66,7.6200480082643125,1,WC,0,NoSA,resthotels,5,very good,50,0.08,0.5,1,less50
58803,2018,20,1603.22,7.379769385862633,1,WC,0,NoSA,resthotels,3,satisfactory,50,0.06,0.52,1,less50
58803,2019,21,1767.2142857142858,7.4771597358862065,1,WC,0,NoSA,resthotels,4,good,56,0.071,0.571,2,less100
58837,2000,2,1044.7767111853088,6.951558468060593,0,NoWC,0,NoSA,buservices,4,good,599,0.005,0.828,4,more250
58837,2001,3,1067.438980541455,6.973017582383735,0,NoWC,0,NoSA,buservices,2,sufficient,591,0.003,0.846,4,more250
58837,2002,4,903.2258064516129,6.805972584672195,0,NoWC,0,NoSA,buservices,2,sufficient,620,0.005,0.785,4,more250
58837,2004,6,877.1929824561404,6.776727016575733,0,NoWC,0,NoSA,buservices,2,sufficient,570,0.009,0.844,4,more250
58837,2005,7,1015.3287401574803,6.92296772096601,0,NoWC,0,NoSA,buservices,3,satisfactory,508,0.006,0.819,4,more250
58837,2006,8,947.9768786127167,6.854330112308556,0,NoWC,0,NoSA,buservices,2,sufficient,519,0.01,0.817,4,more250
58837,2008,10,707.9905303030303,6.562430718326064,0,NoWC,0,NoSA,buservices,2,sufficient,528,0.008,0.642,4,more250
58841,2000,2,1725.9973958333333,7.453560362855058,0,NoWC,0,NoSA,public,5,very good,33,0.242,0.091,1,less50
58841,2001,3,1510.1858428030303,7.3199879969398935,0,NoWC,0,NoSA,public,5,very good,33,0.212,0.091,1,less50
58841,2002,4,2429.92,7.79561361398196,0,NoWC,0,NoSA,public,5,very good,25,0.32,0.08,1,less50
58851,2008,10,243.83783783783784,5.496503405324117,1,WC,0,NoSA,manufacturing,3,satisfactory,111,0.009,0.045,3,less250
58851,2011,13,475.8791208791209,6.165163874248295,1,WC,0,NoSA,manufacturing,2,sufficient,91,0.044,0.055,2,less100
58851,2013,15,771.528735632184,6.6483739175544105,1,WC,1,SA,manufacturing,2,sufficient,87,0.023,0.046,2,less100
58851,2014,16,679.2941176470588,6.52105419672661,1,WC,1,SA,manufacturing,2,sufficient,102,0.039,0.029,3,less250
58853,2001,3,731.5785079656863,6.595204539329719,1,WC,0,NoSA,manufacturing,3,satisfactory,51,0.02,0.216,2,less100
58853,2002,4,760.1458333333334,6.633510300837532,1,WC,0,NoSA,manufacturing,1,unsatisfactory,48,0.021,0.042,1,less50
58853,2003,5,744.6326530612245,6.612891013634797,1,WC,0,NoSA,manufacturing,1,unsatisfactory,49,0.02,0.163,1,less50
58853,2005,7,1073.137254901961,6.978341651413638,1,WC,0,NoSA,manufacturing,2,sufficient,51,0.02,0.196,2,less100
58853,2007,9,842,6.7357800142423265,1,WC,0,NoSA,manufacturing,2,sufficient,52,0.115,0.192,2,less100
58853,2011,13,930.7755102040817,6.836018120600791,1,WC,0,NoSA,manufacturing,3,satisfactory,49,0.061,0.204,1,less50
58853,2012,14,930.0588235294117,6.835247835253929,1,WC,0,NoSA,manufacturing,3,satisfactory,51,0.078,0.176,2,less100
58853,2013,15,912.16,6.815815413283271,1,WC,0,NoSA,manufacturing,3,satisfactory,50,0.02,0.16,1,less50
58853,2014,16,729.74,6.592688306317277,1,WC,0,NoSA,manufacturing,3,satisfactory,50,0.08,0.16,1,less50
58853,2015,17,1003.38,6.911129579621086,1,WC,0,NoSA,manufacturing,4,good,50,0.12,0.16,1,less50
58853,2016,18,1094.6,6.998144278709818,1,WC,0,NoSA,manufacturing,4,good,50,0.24,0.16,1,less50
58853,2017,19,1325.2264150943397,7.189338603138598,1,WC,0,NoSA,manufacturing,4,good,53,0.358,0.132,2,less100
58853,2018,20,1243.8545454545454,7.125970341587111,1,WC,0,NoSA,manufacturing,4,good,55,0.364,0.127,2,less100
58853,2019,21,1368.25,7.2212878300240275,1,WC,0,NoSA,manufacturing,4,good,52,0.288,0.135,2,less100
58853,2021,23,1824.32,7.508962593843217,1,WC,0,NoSA,manufacturing,4,good,50,0.3,0.16,1,less50
58861,2016,18,1081.3055555555557,6.9859244377867675,1,WC,0,NoSA,construction,3,satisfactory,36,0.194,0.722,1,less50
58861,2017,19,723.6410256410256,6.584295448488059,1,WC,0,NoSA,construction,4,good,39,0.179,0.744,1,less50
58861,2018,20,1122.8974358974358,7.023667620111139,1,WC,0,NoSA,construction,4,good,39,0.077,0.692,1,less50
58861,2020,22,237.3658536585366,5.469602637199105,1,WC,0,NoSA,construction,3,satisfactory,41,0.244,0.659,1,less50
58866,2004,6,4998.354838709677,8.516864105015182,0,NoWC,0,NoSA,edu,4,good,31,0.032,0.032,1,less50
58866,2012,14,4286.925,8.363324971693368,0,NoWC,0,NoSA,edu,5,very good,40,0.025,0.025,1,less50
58866,2013,15,3541.690476190476,8.172359427790987,0,NoWC,0,NoSA,edu,4,good,42,0.024,0.024,1,less50
58866,2014,16,4532.128205128205,8.418946910611014,0,NoWC,0,NoSA,edu,4,good,39,0.026,0.051,1,less50
58866,2016,18,5312.542857142857,8.577825880427023,0,NoWC,0,NoSA,edu,4,good,35,0.029,0.114,1,less50
58866,2020,22,5583.756756756757,8.62761708274068,0,NoWC,0,NoSA,buservices,3,satisfactory,37,0.081,0.108,1,less50
58866,2021,23,5998.032258064516,8.69918673743129,0,NoWC,0,NoSA,buservices,4,good,31,0.065,0.097,1,less50
58874,2002,4,88.02985074626865,4.477675969984255,0,NoWC,0,NoSA,wholesretail,2,sufficient,67,0.09,0.896,2,less100
58874,2004,6,302.55357142857144,5.712258357422957,0,NoWC,0,NoSA,wholesretail,2,sufficient,56,0.036,0.893,2,less100
58874,2005,7,302,5.71042701737487,0,NoWC,0,NoSA,wholesretail,2,sufficient,49,0.122,0.816,1,less50
58906,2017,19,1533.2727272727273,7.335159767336216,1,WC,0,NoSA,buservices,4,good,22,0.091,0.455,1,less50
58906,2020,22,393.2432432432432,5.974428359955414,1,WC,0,NoSA,manufacturing,4,good,37,0.027,0.568,1,less50
58906,2021,23,490.7894736842105,6.196015265345576,1,WC,0,NoSA,manufacturing,4,good,38,0.053,0.684,1,less50
58910,2002,4,850.3030303030303,6.745592792189972,0,NoWC,0,NoSA,manufacturing,4,good,99,0.02,0.303,2,less100
58910,2004,6,551.7103448275863,6.313023170922939,0,NoWC,0,NoSA,manufacturing,3,satisfactory,145,0.041,0.579,3,less250
58910,2005,7,541.048951048951,6.2935097572835925,0,NoWC,0,NoSA,manufacturing,3,satisfactory,143,0.007,0.406,3,less250
58910,2006,8,562.4265734265734,6.332260589427457,0,NoWC,0,NoSA,manufacturing,4,good,143,0.007,0.364,3,less250
58910,2007,9,444.34806629834253,6.096608188421539,0,NoWC,0,NoSA,manufacturing,4,good,181,0.011,0.453,3,less250
58910,2009,11,485.9125,6.186028566538877,0,NoWC,0,NoSA,manufacturing,4,good,160,0.031,0.588,3,less250
58910,2010,12,562.9870967741936,6.333256709181127,0,NoWC,0,NoSA,manufacturing,5,very good,155,0.026,0.548,3,less250
58910,2012,14,2030.969696969697,7.61626864121782,0,NoWC,0,NoSA,manufacturing,1,unsatisfactory,33,0.03,0.485,1,less50
58910,2013,15,2655.866666666667,7.884526308533009,0,NoWC,0,NoSA,manufacturing,4,good,30,0.033,0.5,1,less50
58910,2014,16,2350.5862068965516,7.762420025774004,0,NoWC,0,NoSA,manufacturing,4,good,29,0.034,0.586,1,less50
58910,2015,17,2290.6666666666665,7.736598174995981,0,NoWC,0,NoSA,manufacturing,4,good,36,0.111,0.611,1,less50
58910,2016,18,2767.837837837838,7.925821730425259,0,NoWC,0,NoSA,manufacturing,2,sufficient,37,0.054,0.568,1,less50
58910,2017,19,2497.8048780487807,7.823167576365176,0,NoWC,0,NoSA,manufacturing,3,satisfactory,41,0.049,0.488,1,less50
58910,2018,20,2309.6923076923076,7.744869594510713,0,NoWC,0,NoSA,manufacturing,3,satisfactory,52,0.077,0.654,2,less100
58910,2019,21,1629.622950819672,7.396103948527015,0,NoWC,0,NoSA,manufacturing,5,very good,61,0.098,0.574,2,less100
58914,2000,2,6089.098684210527,8.714255350442349,0,NoWC,0,NoSA,health,3,satisfactory,95,0.653,0.074,2,less100
58914,2001,3,5895.854556074766,8.682004765327926,0,NoWC,0,NoSA,health,2,sufficient,107,0.579,0.065,3,less250
58914,2002,4,5233.644859813084,8.562863228249427,0,NoWC,0,NoSA,health,3,satisfactory,107,0.579,0.065,3,less250
58914,2003,5,5036.1,8.524387251996478,0,NoWC,0,NoSA,health,1,unsatisfactory,90,0.689,0.078,2,less100
58914,2004,6,5813.953488372093,8.668016081150821,0,NoWC,0,NoSA,health,2,sufficient,86,0.721,0.093,2,less100
58924,2004,6,1275.978494623656,7.151468610019493,0,NoWC,1,SA,buservices,2,sufficient,93,0.032,0.355,2,less100
58924,2006,8,3564.0285714285715,8.17864680523325,0,NoWC,1,SA,buservices,3,satisfactory,35,0.143,0.429,1,less50
58924,2007,9,3560.5142857142855,8.1776602756917,0,NoWC,1,SA,buservices,5,very good,35,0.114,0.514,1,less50
58924,2008,10,3591.568181818182,8.186344205552444,0,NoWC,1,SA,buservices,4,good,44,0.091,0.432,1,less50
58924,2010,12,7531.125,8.926799712024952,0,NoWC,1,SA,buservices,2,sufficient,24,0.125,0.5,1,less50
58979,2002,4,543.3870967741935,6.297821951355507,0,NoWC,0,NoSA,wholesretail,3,satisfactory,31,0.903,0.226,1,less50
58979,2003,5,1004.3548387096774,6.912100662821406,0,NoWC,1,SA,wholesretail,5,very good,31,0.903,0.29,1,less50
58979,2004,6,745.6333333333333,6.614233969095957,0,NoWC,0,NoSA,wholesretail,3,satisfactory,30,0.5,0.133,1,less50
59028,2005,7,3030.5874125874125,8.01651174525432,1,WC,0,NoSA,buservices,2,sufficient,143,0.112,0.741,3,less250
59028,2006,8,3110.725352112676,8.042611210169452,1,WC,0,NoSA,buservices,3,satisfactory,142,0.148,0.838,3,less250
59028,2007,9,2486.8895705521472,7.818788040144536,1,WC,1,SA,buservices,4,good,163,0.141,0.847,3,less250
59028,2008,10,2443.2614379084966,7.8010890806398905,0,NoWC,1,SA,buservices,4,good,153,0.144,0.712,3,less250
59028,2009,11,4367.088607594937,8.381851843546475,0,NoWC,1,SA,transcom,3,satisfactory,79,0.253,0.759,2,less100
59028,2010,12,2734.063157894737,7.913544117929559,0,NoWC,1,SA,transcom,2,sufficient,95,0.232,0.779,2,less100
59028,2011,13,2780.769230769231,7.930482870125374,0,NoWC,1,SA,transcom,4,good,104,0.221,0.587,3,less250
59028,2012,14,2448.8888888888887,7.8033896859306315,0,NoWC,1,SA,transcom,4,good,135,0.185,0.681,3,less250
59028,2014,16,2569.1056910569105,7.851313137196632,0,NoWC,1,SA,transcom,4,good,123,0.171,0.659,3,less250
59028,2015,17,3553.496551724138,8.175687341877888,0,NoWC,0,NoSA,transcom,3,satisfactory,145,0.097,0.669,3,less250
59028,2016,18,3470.1708860759495,8.151959118436093,0,NoWC,0,NoSA,transcom,4,good,158,0.12,0.69,3,less250
59028,2017,19,3605.85,8.190312805560298,0,NoWC,0,NoSA,transcom,4,good,140,0.179,0.671,3,less250
59028,2018,20,3921.1409395973155,8.274137946455646,0,NoWC,0,NoSA,wholesretail,4,good,149,0.188,0.617,3,less250
59028,2021,23,4473.139705882353,8.40584583609564,0,NoWC,0,NoSA,transcom,4,good,136,0.176,0.64,3,less250
59048,2008,10,3433.4823529411765,8.141330288376976,0,NoWC,0,NoSA,wholesretail,5,very good,85,0.047,0.235,2,less100
59048,2010,12,2763.148936170213,7.924126227260096,0,NoWC,0,NoSA,wholesretail,3,satisfactory,94,0.064,0.277,2,less100
59048,2011,13,3178.021978021978,8.064014262749897,0,NoWC,0,NoSA,wholesretail,4,good,91,0.055,0.264,2,less100
59048,2012,14,3673.3333333333335,8.208854794038796,0,NoWC,0,NoSA,wholesretail,4,good,90,0.056,0.267,2,less100
59092,2012,14,2644.2105263157896,7.880127821975639,1,WC,0,NoSA,resthotels,4,good,114,0.447,0.167,3,less250
59092,2013,15,2523.5304347826086,7.8334141662515195,1,WC,0,NoSA,resthotels,4,good,115,0.574,0.174,3,less250
59092,2014,16,2737.7924528301887,7.914907200502703,1,WC,0,NoSA,resthotels,4,good,106,0.557,0.142,3,less250
59092,2015,17,2697.809090909091,7.90019527477899,1,WC,0,NoSA,resthotels,3,satisfactory,110,0.791,0.236,3,less250
59092,2016,18,2824.313559322034,7.946020626203603,1,WC,0,NoSA,resthotels,2,sufficient,118,0.568,0.195,3,less250
59092,2017,19,2243.387387387387,7.715742229098229,1,WC,0,NoSA,resthotels,1,unsatisfactory,111,0.685,0.225,3,less250
59092,2019,21,2279.3217391304347,7.731633194854161,1,WC,0,NoSA,resthotels,2,sufficient,115,0.948,0.2,3,less250
59092,2020,22,2113.8870967741937,7.656283757612375,1,WC,1,SA,finance,4,good,124,0.661,0.161,3,less250
59092,2021,23,3069.3360655737706,8.029216551907117,1,WC,1,SA,finance,2,sufficient,122,0.877,0.172,3,less250
59095,2018,20,3351.5,8.117163285798012,0,NoWC,0,NoSA,buservices,4,good,28,0.75,0.786,1,less50
59095,2019,21,2403.6129032258063,7.784728260737012,0,NoWC,0,NoSA,buservices,5,very good,31,0.677,0.645,1,less50
59095,2020,22,2173.2,7.683956014677368,0,NoWC,0,NoSA,buservices,4,good,35,0.629,0.629,1,less50
59099,2013,15,671.8620689655172,6.510053064939959,1,WC,0,NoSA,buservices,5,very good,29,0.483,0,1,less50
59099,2014,16,1088.9642857142858,6.9929823269078355,1,WC,0,NoSA,buservices,4,good,28,0.429,0,1,less50
59099,2015,17,714.6428571428571,6.571782917402575,1,WC,0,NoSA,buservices,4,good,28,0.393,0,1,less50
59099,2016,18,530.8571428571429,6.2744929508784155,1,WC,0,NoSA,buservices,1,unsatisfactory,35,0.143,0.029,1,less50
59101,2013,15,2105.2631578947367,7.652195753929632,0,NoWC,0,NoSA,health,4,good,152,0.026,0.605,3,less250
59101,2014,16,2012.7388535031846,7.607251687220741,0,NoWC,0,NoSA,health,4,good,157,0.019,0.586,3,less250
59101,2015,17,4184.451612903225,8.339130937994248,0,NoWC,0,NoSA,health,4,good,155,0.019,0.594,3,less250
59101,2017,19,4322.355828220859,8.371555863206137,1,WC,0,NoSA,health,4,good,163,0.006,0.613,3,less250
59125,2013,15,1904.7619047619048,7.55211229537265,1,WC,0,NoSA,buservices,5,very good,168,0.47,0.726,3,less250
59125,2015,17,2925.6893203883496,7.9812853969913355,1,WC,0,NoSA,buservices,5,very good,206,0.427,0.65,3,less250
59125,2016,18,2986.6285714285714,8.00190046211748,1,WC,0,NoSA,buservices,4,good,210,0.357,0.676,3,less250
59140,2013,15,619.7965367965368,6.429391257723544,0,NoWC,0,NoSA,transcom,3,satisfactory,231,0.26,0.558,3,less250
59140,2014,16,1037.4891304347825,6.944558775360607,0,NoWC,0,NoSA,transcom,4,good,276,0.217,0.627,4,more250
59140,2015,17,1010.4527687296417,6.918153795256146,0,NoWC,0,NoSA,transcom,3,satisfactory,307,0.195,0.629,4,more250
59140,2016,18,1046.5627009646303,6.95326645501204,0,NoWC,0,NoSA,transcom,3,satisfactory,311,0.196,0.611,4,more250
59140,2017,19,937.0892307692308,6.8427785079809675,0,NoWC,0,NoSA,transcom,4,good,325,0.206,0.557,4,more250
59146,1999,1,325.6449890136719,5.785807797229837,1,WC,0,NoSA,manufacturing,2,sufficient,32,0.062,0.094,1,less50
59146,2000,2,386.4727478027344,5.957061355328667,1,WC,0,NoSA,wholesretail,4,good,32,0.062,0.031,1,less50
59146,2004,6,544.25,6.299408700114657,1,WC,0,NoSA,wholesretail,3,satisfactory,24,0.083,0.125,1,less50
59148,2001,3,1054.0766826923077,6.960420480432387,1,WC,0,NoSA,wholesretail,3,satisfactory,195,0.021,0.062,3,less250
59148,2002,4,1409.3670212765958,7.25089596149655,1,WC,0,NoSA,wholesretail,4,good,188,0.021,0.064,3,less250
59148,2003,5,787.1538461538462,6.668423713625219,1,WC,0,NoSA,wholesretail,3,satisfactory,195,0.031,0.062,3,less250
59148,2004,6,1116.013422818792,7.01751817048433,1,WC,1,SA,wholesretail,4,good,149,0.034,0.067,3,less250
59148,2006,8,897.0484848484848,6.799109912825992,1,WC,1,SA,wholesretail,5,very good,165,0.03,0.061,3,less250
59148,2007,9,908.0914634146342,6.811345104161161,1,WC,1,SA,wholesretail,5,very good,164,0.037,0.061,3,less250
59148,2008,10,874.8969696969697,6.774106130506917,1,WC,0,NoSA,wholesretail,4,good,165,0.036,0.061,3,less250
59158,1998,0,1384.455010775862,7.2330618471577015,0,NoWC,0,NoSA,construction,4,good,58,0.052,0.741,2,less100
59158,1999,1,1377.7356770833333,7.22819661683439,0,NoWC,0,NoSA,construction,5,very good,60,0.067,0.5,2,less100
59158,2000,2,1495.7491918103449,7.3103824919459734,0,NoWC,0,NoSA,manufacturing,4,good,58,0.069,0.483,2,less100
59158,2002,4,1821.5535714285713,7.507445026627483,1,WC,0,NoSA,manufacturing,4,good,56,0.071,0.393,2,less100
59158,2003,5,2136.480769230769,7.666915253981444,0,NoWC,0,NoSA,manufacturing,4,good,52,0.058,0.442,2,less100
59158,2004,6,2305.7735849056603,7.743171510798486,0,NoWC,0,NoSA,manufacturing,4,good,53,0.057,0.358,2,less100
59158,2005,7,2181.54,7.687786328402896,0,NoWC,0,NoSA,manufacturing,4,good,50,0.06,0.48,1,less50
59158,2007,9,2524.9166666666665,7.8339633378645095,0,NoWC,0,NoSA,manufacturing,4,good,48,0.083,0.396,1,less50
59158,2008,10,2693.25,7.898503921774302,0,NoWC,0,NoSA,manufacturing,5,very good,60,0.067,0.35,2,less100
59158,2009,11,2611.9827586206898,7.867864889540191,0,NoWC,0,NoSA,manufacturing,5,very good,58,0.069,0.431,2,less100
59158,2010,12,2176.655172413793,7.685544652920948,0,NoWC,0,NoSA,manufacturing,5,very good,58,0.069,0.362,2,less100
59158,2011,13,2704.6610169491523,7.902731866218539,0,NoWC,0,NoSA,manufacturing,5,very good,59,0.085,0.39,2,less100
59158,2012,14,2366.6417910447763,7.769227263479907,0,NoWC,0,NoSA,manufacturing,4,good,67,0.09,0.418,2,less100
59158,2013,15,2493.359375,7.821386226764586,0,NoWC,0,NoSA,manufacturing,4,good,64,0.125,0.453,2,less100
59158,2014,16,2565,7.84971375760487,0,NoWC,0,NoSA,manufacturing,4,good,63,0.127,0.381,2,less100
59158,2015,17,2980.2295081967213,7.9997555927072534,0,NoWC,0,NoSA,manufacturing,4,good,61,0.148,0.41,2,less100
59158,2016,18,3081.2542372881358,8.033092012974846,0,NoWC,0,NoSA,manufacturing,5,very good,59,0.136,0.407,2,less100
59158,2017,19,3826.230769230769,8.249635464237391,0,NoWC,0,NoSA,manufacturing,5,very good,52,0.096,0.365,2,less100
59158,2018,20,4081.1020408163267,8.314122338968815,0,NoWC,0,NoSA,manufacturing,4,good,49,0.102,0.388,1,less50
59158,2019,21,4190.297872340426,8.340527101640019,0,NoWC,0,NoSA,manufacturing,4,good,47,0.106,0.426,1,less50
59158,2020,22,5708.521739130435,8.649715379312763,0,NoWC,0,NoSA,construction,4,good,46,0.087,0.435,1,less50
59158,2021,23,4099.279411764706,8.31856648401787,0,NoWC,0,NoSA,construction,5,very good,68,0.059,0.412,2,less100
59278,2003,5,198.95454545454547,5.293076383832579,1,WC,0,NoSA,wholesretail,3,satisfactory,22,0.091,0.727,1,less50
59278,2005,7,635.4761904761905,6.454374624115202,1,WC,0,NoSA,wholesretail,5,very good,21,0.476,1,1,less50
59278,2009,11,928.8,6.833893430383681,1,WC,0,NoSA,wholesretail,5,very good,20,0.4,1,1,less50
59278,2010,12,1345.2,7.204297979866115,1,WC,0,NoSA,wholesretail,5,very good,20,0.55,1,1,less50
59278,2011,13,1484.4761904761904,7.302817255325573,1,WC,0,NoSA,wholesretail,5,very good,21,0.524,1,1,less50
59278,2012,14,1698.4545454545455,7.437474025661467,1,WC,0,NoSA,wholesretail,4,good,22,0.5,1,1,less50
59278,2013,15,2669,7.889459149404524,1,WC,0,NoSA,wholesretail,4,good,22,0.5,1,1,less50
59278,2014,16,1899.8695652173913,7.549540512912437,1,WC,0,NoSA,wholesretail,3,satisfactory,23,0.609,1,1,less50
59278,2015,17,2029.1304347826087,7.615362623014712,1,WC,0,NoSA,wholesretail,4,good,23,0.783,0.957,1,less50
59278,2016,18,2846.9583333333335,7.954006451882333,1,WC,0,NoSA,wholesretail,3,satisfactory,24,0.625,1,1,less50
59278,2017,19,4483.92,8.408252942819692,1,WC,0,NoSA,wholesretail,4,good,25,0.64,0.96,1,less50
59278,2021,23,4697.44,8.454772958454585,1,WC,0,NoSA,wholesretail,4,good,25,0.56,0.92,1,less50
59279,2014,16,1434,7.2682230211595655,1,WC,0,NoSA,art,5,very good,128,0.023,0.625,3,less250
59279,2015,17,1531.5573770491803,7.334040390180373,1,WC,0,NoSA,art,5,very good,122,0.025,0.648,3,less250
59279,2016,18,1708.78125,7.443535676093316,1,WC,0,NoSA,art,3,satisfactory,128,0.023,0.602,3,less250
59279,2017,19,1802.5772357723577,7.496972717490675,1,WC,0,NoSA,art,5,very good,123,0.024,0.553,3,less250
59279,2018,20,1813.9918699186992,7.503285148812061,1,WC,0,NoSA,art,4,good,123,0.016,0.724,3,less250
59279,2019,21,1784.968,7.487155766882178,1,WC,0,NoSA,art,3,satisfactory,125,0.016,0.76,3,less250
59279,2020,22,1604.5474452554745,7.380597030231437,1,WC,0,NoSA,buservices,5,very good,137,0.022,0.562,3,less250
59279,2021,23,1385.993710691824,7.234172641999166,1,WC,0,NoSA,buservices,1,unsatisfactory,159,0.019,0.56,3,less250
59299,2019,21,4214.613636363636,8.34631320226389,0,NoWC,0,NoSA,buservices,3,satisfactory,88,0.307,0.705,2,less100
59299,2020,22,2846.3372093023254,7.953788256979637,0,NoWC,0,NoSA,buservices,3,satisfactory,86,0.291,0.442,2,less100
59299,2021,23,450.1067961165049,6.109484879310657,0,NoWC,0,NoSA,buservices,2,sufficient,103,0.233,0.476,3,less250
59337,2013,15,3368.301369863014,8.122163851722217,1,WC,0,NoSA,buservices,3,satisfactory,73,0.123,0.493,2,less100
59337,2015,17,327.8510638297872,5.792559431571795,1,WC,0,NoSA,buservices,2,sufficient,141,0.099,0.482,3,less250
59337,2017,19,1910.4820143884892,7.555110852756533,1,WC,0,NoSA,buservices,3,satisfactory,139,0.079,0.475,3,less250
59339,2011,13,3812.3611111111113,8.246003990379588,0,NoWC,0,NoSA,construction,4,good,36,0.056,0.111,1,less50
59339,2013,15,5344.227272727273,8.583772242891373,0,NoWC,0,NoSA,construction,2,sufficient,22,0.045,0.091,1,less50
59339,2014,16,4990.545454545455,8.515300492299861,0,NoWC,0,NoSA,construction,3,satisfactory,22,0.091,0.091,1,less50
59349,2014,16,3439.3653846153848,8.143042252132233,0,NoWC,0,NoSA,buservices,4,good,52,0.192,0.865,2,less100
59349,2015,17,3512.4347826086955,8.164064746240786,0,NoWC,0,NoSA,buservices,4,good,46,0.043,0.848,1,less50
59349,2017,19,3021.269230769231,8.013432297167226,0,NoWC,0,NoSA,buservices,4,good,52,0.058,0.788,2,less100
59352,2018,20,2442.5666666666666,7.800804677983209,1,WC,0,NoSA,manufacturing,5,very good,30,0.033,0.133,1,less50
59352,2019,21,2611.6857142857143,7.86775115937648,1,WC,0,NoSA,manufacturing,4,good,35,0.4,0.086,1,less50
59352,2020,22,2275.3888888888887,7.729906256947385,1,WC,0,NoSA,manufacturing,5,very good,36,0.333,0.083,1,less50
59352,2021,23,3555.3055555555557,8.176196289473605,1,WC,0,NoSA,manufacturing,4,good,36,0.417,0.083,1,less50
59361,2001,3,6008.156547619048,8.70087324963231,0,NoWC,0,NoSA,construction,2,sufficient,105,0.276,0.6,3,less250
59361,2002,4,3435.5828220858893,8.14194186190457,0,NoWC,0,NoSA,construction,2,sufficient,163,0.209,0.571,3,less250
59361,2003,5,2730.4156626506024,7.9122091339702,0,NoWC,0,NoSA,construction,3,satisfactory,166,0.235,0.518,3,less250
59361,2004,6,2488.216049382716,7.819321286657609,0,NoWC,0,NoSA,construction,1,unsatisfactory,162,0.148,0.549,3,less250
59455,2001,3,1316.440234375,7.182686580545448,1,WC,0,NoSA,transcom,3,satisfactory,30,0.033,0.033,1,less50
59455,2002,4,1706.1666666666667,7.442004417691716,0,NoWC,0,NoSA,transcom,3,satisfactory,24,0.042,0.042,1,less50
59455,2003,5,753.3650793650794,6.624549943460431,1,WC,0,NoSA,transcom,4,good,63,0.016,0.032,2,less100
59455,2005,7,734.5961538461538,6.599320897660117,1,WC,0,NoSA,transcom,4,good,52,0.019,0.019,2,less100
59455,2006,8,657.6481481481482,6.488670059048507,1,WC,0,NoSA,transcom,3,satisfactory,54,0.019,0.019,2,less100
59455,2007,9,729.98,6.593017136506851,1,WC,0,NoSA,transcom,4,good,50,0.02,0.02,1,less50
59460,2014,16,3894.483870967742,8.267316438861569,0,NoWC,0,NoSA,health,3,satisfactory,31,0.161,1,1,less50
59460,2015,17,3772.78125,8.235567740546987,0,NoWC,0,NoSA,health,3,satisfactory,32,0.125,0.969,1,less50
59460,2016,18,4801.71875,8.476729205719842,0,NoWC,0,NoSA,health,3,satisfactory,32,0.062,0.969,1,less50
59460,2017,19,4425.548387096775,8.395149479050836,0,NoWC,0,NoSA,health,3,satisfactory,31,0.065,0.935,1,less50
59460,2018,20,4779.580645161291,8.472108090499095,0,NoWC,0,NoSA,health,4,good,31,0.065,0.968,1,less50
59460,2019,21,5683.678571428572,8.645353937904515,0,NoWC,0,NoSA,health,3,satisfactory,28,0.179,1,1,less50
59460,2020,22,4311.75,8.36909913317151,0,NoWC,0,NoSA,health,3,satisfactory,28,0.143,1,1,less50
59501,2017,19,2101.391304347826,7.650354930218049,0,NoWC,0,NoSA,health,3,satisfactory,69,0.014,0.507,2,less100
59501,2018,20,1962.894117647059,7.5821752537728235,0,NoWC,0,NoSA,health,4,good,85,0.024,0.424,2,less100
59501,2019,21,3028.378787878788,8.015782701805858,0,NoWC,0,NoSA,health,4,good,66,0.03,0.455,2,less100
59501,2020,22,2547.8030303030305,7.842986710055241,0,NoWC,0,NoSA,buservices,4,good,66,0.03,0.348,2,less100
59501,2021,23,2443.4533333333334,7.80116761823986,0,NoWC,0,NoSA,buservices,3,satisfactory,75,0.027,0.48,2,less100
59503,2013,15,2267.3478260869565,7.7263660688605,1,WC,0,NoSA,manufacturing,3,satisfactory,23,0.304,0.87,1,less50
59503,2014,16,1203.2307692307693,7.09276552570002,1,WC,0,NoSA,manufacturing,4,good,26,0.115,0.769,1,less50
59503,2015,17,1376.4615384615386,7.227271382646005,1,WC,0,NoSA,manufacturing,4,good,26,0.192,0.808,1,less50
59503,2016,18,2105.4615384615386,7.6522899802594235,1,WC,0,NoSA,manufacturing,4,good,26,0.269,0.115,1,less50
59503,2017,19,1769.7692307692307,7.478604438971432,1,WC,0,NoSA,manufacturing,2,sufficient,26,0.192,0.885,1,less50
59503,2018,20,2131.1153846153848,7.664400776393175,1,WC,0,NoSA,manufacturing,3,satisfactory,26,0.192,0.885,1,less50
59503,2019,21,2575.259259259259,7.853705491237102,1,WC,0,NoSA,manufacturing,4,good,27,0.185,0.778,1,less50
59503,2020,22,2726.740740740741,7.910862307090514,1,WC,0,NoSA,manufacturing,4,good,27,0.259,0.815,1,less50
59503,2021,23,1758.2307692307693,7.472063337679582,1,WC,0,NoSA,manufacturing,2,sufficient,26,0.115,0.846,1,less50
59533,2009,11,2542.681818181818,7.84097463694182,0,NoWC,0,NoSA,public,2,sufficient,22,0.045,0.045,1,less50
59533,2010,12,2741.4285714285716,7.916234439946432,0,NoWC,0,NoSA,public,3,satisfactory,21,0.381,0.048,1,less50
59533,2012,14,2791.2727272727275,7.934252945449111,0,NoWC,0,NoSA,edu,4,good,22,0.455,0.045,1,less50
59533,2013,15,2002.4347826086957,7.602119110426496,0,NoWC,0,NoSA,edu,4,good,23,0.522,0.043,1,less50
59533,2014,16,1960.7391304347825,7.581076788502137,0,NoWC,0,NoSA,edu,4,good,23,0.522,0.087,1,less50
59533,2015,17,1994.0869565217392,7.597941558659069,0,NoWC,0,NoSA,edu,4,good,23,0.522,0.087,1,less50
59533,2016,18,1977.391304347826,7.589533731935322,0,NoWC,0,NoSA,edu,4,good,23,0.565,0.087,1,less50
59533,2018,20,2509.4615384615386,7.827823482602379,0,NoWC,0,NoSA,edu,4,good,26,0.5,0.038,1,less50
59548,2018,20,1048.1952662721894,6.954825170303861,0,NoWC,0,NoSA,health,4,good,169,0.059,0.183,3,less250
59548,2019,21,1220.0056818181818,7.1066107949444755,0,NoWC,0,NoSA,health,4,good,176,0.034,0.159,3,less250
59548,2021,23,3092.288732394366,8.036666785811525,0,NoWC,0,NoSA,buservices,4,good,142,0.049,0.155,3,less250
59559,1998,0,1231.4179832713755,7.115921616293956,0,NoWC,0,NoSA,construction,4,good,538,0.002,0.874,4,more250
59559,1999,1,1211.6219429347825,7.099715189697886,0,NoWC,0,NoSA,construction,4,good,552,0.002,0.87,4,more250
59559,2000,2,842.2897039030955,6.736124021458284,0,NoWC,0,NoSA,construction,5,very good,743,0.003,0.763,4,more250
59589,2006,8,1397.6216216216217,7.242527229236543,0,NoWC,0,NoSA,manufacturing,4,good,37,0.108,0.027,1,less50
59589,2007,9,2065.4814814814813,7.633118641161905,0,NoWC,0,NoSA,manufacturing,4,good,27,0.111,0.037,1,less50
59589,2008,10,1390.5714285714287,7.237470041338087,1,WC,0,NoSA,manufacturing,4,good,35,0.143,0.057,1,less50
59589,2009,11,1068.7567567567567,6.974251342342571,0,NoWC,0,NoSA,construction,4,good,37,0.216,0.054,1,less50
59589,2010,12,1751.3939393939395,7.468167286647022,0,NoWC,0,NoSA,construction,4,good,33,0.121,0.061,1,less50
59589,2011,13,1871.923076923077,7.534721564806018,0,NoWC,0,NoSA,construction,3,satisfactory,26,0.154,0.077,1,less50
59589,2012,14,2196.9166666666665,7.694810141153927,0,NoWC,0,NoSA,construction,1,unsatisfactory,24,0.167,0.083,1,less50
59589,2013,15,2048.2,7.624716637641337,0,NoWC,0,NoSA,construction,2,sufficient,25,0.12,0.08,1,less50
59589,2014,16,2216.269230769231,7.703580534516809,0,NoWC,0,NoSA,construction,4,good,26,0.154,0.077,1,less50
59589,2016,18,2230.72,7.7100796822980335,0,NoWC,0,NoSA,construction,4,good,25,0.2,0.08,1,less50
59589,2018,20,2583.190476190476,7.856780532611037,0,NoWC,0,NoSA,construction,4,good,21,0.143,0.095,1,less50
59589,2021,23,4913.5,8.499741797802482,0,NoWC,0,NoSA,manufacturing,2,sufficient,20,0.5,0.1,1,less50
59607,2007,9,1509.2380952380952,7.31936022977933,1,WC,0,NoSA,mining,3,satisfactory,21,0.048,0.81,1,less50
59607,2008,10,1489.1818181818182,7.30598213280626,1,WC,0,NoSA,mining,4,good,22,0.045,0.909,1,less50
59607,2011,13,1109.1935483870968,7.01138849726879,1,WC,0,NoSA,mining,3,satisfactory,31,0.032,0.839,1,less50
59607,2012,14,1097.4193548387098,7.000716661464707,1,WC,0,NoSA,mining,4,good,31,0.032,0.806,1,less50
59607,2014,16,1139.4516129032259,7.038302384338091,1,WC,0,NoSA,mining,4,good,31,0.032,0.742,1,less50
59607,2019,21,1175.8095238095239,7.069712145790364,1,WC,0,NoSA,mining,4,good,42,0.048,0.714,1,less50
59627,2002,4,1205.6451612903227,7.094770106207841,0,NoWC,0,NoSA,manufacturing,4,good,155,0.006,0.742,3,less250
59627,2003,5,2330.561224489796,7.753864386435236,0,NoWC,0,NoSA,manufacturing,4,good,98,0.01,0.796,2,less100
59627,2004,6,2406.1020408163267,7.785763306614658,0,NoWC,0,NoSA,manufacturing,4,good,98,0.01,0.765,2,less100
59627,2005,7,2260.851063829787,7.723496598294876,0,NoWC,0,NoSA,manufacturing,4,good,94,0.032,0.766,2,less100
59627,2006,8,2675.237113402062,7.891793295925903,0,NoWC,0,NoSA,manufacturing,4,good,97,0.01,0.763,2,less100
59659,2013,15,1854.3636363636363,7.525296863012093,1,WC,0,NoSA,health,5,very good,22,0.682,0.545,1,less50
59659,2014,16,1951.9545454545455,7.576586480561822,1,WC,0,NoSA,health,3,satisfactory,22,0.636,0.591,1,less50
59659,2015,17,2254.55,7.720705675481703,1,WC,0,NoSA,health,5,very good,20,0.6,0.5,1,less50
59659,2016,18,3220.75,8.077369530671634,1,WC,0,NoSA,health,3,satisfactory,20,0.95,0.55,1,less50
59674,2017,19,1858.573883161512,7.527564743136805,0,NoWC,0,NoSA,manufacturing,3,satisfactory,291,0.66,0.131,4,more250
59674,2018,20,2109.3245901639343,7.654123075778976,0,NoWC,0,NoSA,manufacturing,3,satisfactory,305,0.659,0.115,4,more250
59674,2020,22,2220.598784194529,7.70553216110787,0,NoWC,0,NoSA,manufacturing,4,good,329,0.696,0.122,4,more250
59674,2021,23,2306.012084592145,7.743274941314902,0,NoWC,0,NoSA,manufacturing,3,satisfactory,331,0.773,0.127,4,more250
59699,2015,17,834.9302325581396,6.727348167537453,1,WC,0,NoSA,wholesretail,4,good,43,0.163,0.977,1,less50
59699,2018,20,1340.5,7.200797957676014,1,WC,0,NoSA,wholesretail,5,very good,46,0.196,0.957,1,less50
59699,2019,21,1172.9347826086957,7.067264248308739,1,WC,0,NoSA,wholesretail,4,good,46,0.196,0.978,1,less50
59703,2015,17,548.3684210526316,6.306947362245743,1,WC,0,NoSA,manufacturing,3,satisfactory,38,0.026,0.868,1,less50
59703,2016,18,768.3684210526316,6.64426933303354,0,NoWC,0,NoSA,manufacturing,4,good,38,0.026,0.895,1,less50
59703,2017,19,1028.8157894736842,6.936163700832228,1,WC,0,NoSA,manufacturing,4,good,38,0.026,0.789,1,less50
59703,2018,20,1148.6857142857143,7.0463737106552164,1,WC,0,NoSA,manufacturing,4,good,35,0.029,0.914,1,less50
59751,2019,21,1685.5172413793102,7.429827763859003,1,WC,0,NoSA,buservices,5,very good,29,0.414,0.172,1,less50
59751,2020,22,1602.5,7.379320188794825,1,WC,0,NoSA,finance,4,good,26,0.308,0.308,1,less50
59751,2021,23,1566.357142857143,7.356507911121778,1,WC,0,NoSA,finance,4,good,28,0.393,0.214,1,less50
59790,2013,15,770.6451612903226,6.647228035834709,0,NoWC,0,NoSA,manufacturing,3,satisfactory,93,0.054,0.237,2,less100
59790,2014,16,1233.032258064516,7.117231665080444,1,WC,0,NoSA,manufacturing,5,very good,93,0.054,0.333,2,less100
59790,2015,17,632.2738095238095,6.449322543241663,1,WC,0,NoSA,manufacturing,4,good,84,0.06,0.357,2,less100
59830,2011,13,861.1969696969697,6.758323246785654,1,WC,0,NoSA,construction,4,good,66,0.015,0.182,2,less100
59830,2013,15,3510.1447368421054,8.1634125511773,1,WC,0,NoSA,construction,4,good,76,0.013,0.145,2,less100
59830,2014,16,3717.6470588235293,8.220846236078733,1,WC,0,NoSA,construction,4,good,85,0.012,0.129,2,less100
59874,2011,13,1362.3551401869158,7.216970201756251,1,WC,0,NoSA,manufacturing,3,satisfactory,107,0.009,0.402,3,less250
59874,2012,14,1415.2621359223301,7.2550700479885215,1,WC,0,NoSA,manufacturing,4,good,103,0.01,0.417,3,less250
59874,2013,15,1471.7403846153845,7.294200914586797,1,WC,0,NoSA,manufacturing,4,good,104,0.077,0.337,3,less250
59877,2011,13,3012.5,8.01052557779891,1,WC,0,NoSA,manufacturing,4,good,96,0.021,0.708,2,less100
59877,2012,14,3373.469387755102,8.123696985698489,0,NoWC,0,NoSA,manufacturing,4,good,98,0.02,0.704,2,less100
59877,2013,15,3106.7961165048546,8.041347286546273,0,NoWC,0,NoSA,manufacturing,4,good,103,0.087,0.699,3,less250
59881,2000,2,7785.7349537037035,8.960048486196644,0,NoWC,0,NoSA,manufacturing,3,satisfactory,54,0.37,0.574,2,less100
59881,2002,4,4464.988372093023,8.404021889072723,0,NoWC,0,NoSA,manufacturing,3,satisfactory,86,0.349,0.314,2,less100
59881,2004,6,2921.3802816901407,7.9798114827842035,0,NoWC,0,NoSA,manufacturing,4,good,142,0.225,0.394,3,less250
59881,2005,7,2436.4691358024693,7.798305194771549,0,NoWC,0,NoSA,manufacturing,4,good,162,0.346,0.309,3,less250
59894,2017,19,1305.658536585366,7.174462818211957,1,WC,0,NoSA,wholesretail,5,very good,41,0.463,0.488,1,less50
59894,2018,20,1667.6052631578948,7.419143902128967,1,WC,0,NoSA,wholesretail,4,good,38,0.605,0.605,1,less50
59894,2019,21,1053.2727272727273,6.959657478858199,1,WC,0,NoSA,wholesretail,4,good,44,0.545,0.591,1,less50
59897,2008,10,1204.0923076923077,7.093481290448491,0,NoWC,0,NoSA,manufacturing,2,sufficient,65,0.031,0.431,2,less100
59897,2009,11,1226.1339285714287,7.111621350800206,0,NoWC,0,NoSA,manufacturing,2,sufficient,112,0.027,0.607,3,less250
59897,2010,12,1203.5,7.092989257223127,0,NoWC,0,NoSA,manufacturing,2,sufficient,112,0.062,0.598,3,less250
59943,2012,14,1846.8028169014085,7.521211215919416,1,WC,0,NoSA,public,3,satisfactory,71,0.127,0.408,2,less100
59943,2013,15,3231.887323943662,8.080821556392076,1,WC,0,NoSA,public,3,satisfactory,71,0.169,0.577,2,less100
59943,2014,16,3770.549295774648,8.23497597162557,1,WC,0,NoSA,public,3,satisfactory,71,0.155,0.761,2,less100
59956,1998,0,3649.6460597826085,8.202385471952077,1,WC,0,NoSA,resthotels,2,sufficient,23,0.174,0.304,1,less50
59956,1999,1,3585.434375,8.184634910268503,1,WC,0,NoSA,resthotels,3,satisfactory,20,0.05,0.2,1,less50
59956,2000,2,2072.644675925926,7.636580692016173,1,WC,0,NoSA,resthotels,4,good,27,0.037,0.222,1,less50
59956,2001,3,2367.596003605769,7.769630374863536,1,WC,0,NoSA,resthotels,4,good,26,0.5,0.846,1,less50
59975,2015,17,3265.087121212121,8.091041724727315,0,NoWC,0,NoSA,health,2,sufficient,264,0.019,0.087,4,more250
59975,2017,19,2855.6233333333334,7.957045428673972,0,NoWC,0,NoSA,health,3,satisfactory,300,0.023,0.08,4,more250
59975,2018,20,5645.516556291391,8.638616979269077,0,NoWC,0,NoSA,health,1,unsatisfactory,151,0.152,0.252,3,less250
60002,2012,14,1416.9615384615386,7.256270096387611,0,NoWC,0,NoSA,manufacturing,1,unsatisfactory,26,0.808,0.808,1,less50
60002,2013,15,1770.9565217391305,7.4792750873624065,0,NoWC,0,NoSA,manufacturing,1,unsatisfactory,23,0.826,0.522,1,less50
60002,2014,16,1228.04,7.113174681466492,0,NoWC,0,NoSA,manufacturing,3,satisfactory,25,0.76,0.48,1,less50
60002,2015,17,1356.7083333333333,7.212816701827624,1,WC,0,NoSA,manufacturing,2,sufficient,24,0.083,0.458,1,less50
60021,2017,19,949.2857142857143,6.855709822092033,1,WC,0,NoSA,transcom,5,very good,63,0.175,0.873,2,less100
60021,2018,20,820.7972972972973,6.710276181644633,1,WC,0,NoSA,transcom,4,good,74,0.162,0.878,2,less100
60021,2019,21,572.1917808219179,6.34947421634283,1,WC,0,NoSA,transcom,4,good,73,0.151,0.822,2,less100
60031,1998,0,654.8472222222222,6.484401959912895,0,NoWC,0,NoSA,manufacturing,2,sufficient,378,0.005,0.146,4,more250
60031,2000,2,959.9200102880659,6.866849958373762,1,WC,0,NoSA,wholesretail,3,satisfactory,243,0.008,0.177,3,less250
60031,2001,3,1902.0951152912621,7.550711249894546,1,WC,0,NoSA,wholesretail,3,satisfactory,206,0.01,0.184,3,less250
60070,2017,19,1823.0315789473684,7.508256097045014,0,NoWC,1,SA,transcom,3,satisfactory,95,0.274,0.116,2,less100
60070,2018,20,2278.7894736842104,7.731399648359224,0,NoWC,1,SA,transcom,3,satisfactory,95,0.021,0.116,2,less100
60070,2019,21,3495.3333333333335,8.159184024464368,0,NoWC,0,NoSA,transcom,4,good,96,0.208,0.104,2,less100
60070,2021,23,2420.9139784946237,7.791900424912596,0,NoWC,0,NoSA,wholesretail,3,satisfactory,93,0.828,0.118,2,less100
60137,2013,15,2406.0150375939847,7.785727146554155,0,NoWC,0,NoSA,manufacturing,3,satisfactory,133,0.534,0.752,3,less250
60137,2014,16,2375.93984962406,7.773148364347295,0,NoWC,0,NoSA,manufacturing,2,sufficient,133,0.398,0.466,3,less250
60137,2015,17,5633.525925925926,8.6364907996928455,0,NoWC,0,NoSA,manufacturing,3,satisfactory,135,0.356,0.467,3,less250
60173,2005,7,1251.9101941747572,7.132425819194966,1,WC,0,NoSA,art,1,unsatisfactory,412,0.022,0.51,4,more250
60173,2007,9,976.778313253012,6.8842597207206,1,WC,0,NoSA,art,2,sufficient,415,0.012,0.494,4,more250
60173,2008,10,887.9311163895487,6.788894168349945,0,NoWC,0,NoSA,art,1,unsatisfactory,421,0.029,0.515,4,more250
60173,2009,11,817.5355450236967,6.706294381977485,1,WC,0,NoSA,art,1,unsatisfactory,422,0.102,0.514,4,more250
60183,2007,9,2247.7655172413793,7.717691898296233,0,NoWC,0,NoSA,public,3,satisfactory,145,0.814,0.814,3,less250
60183,2009,11,2315.4362416107383,7.747353390068038,0,NoWC,0,NoSA,public,3,satisfactory,149,0.503,0.826,3,less250
60183,2010,12,1419.3224043715848,7.257934856688679,0,NoWC,0,NoSA,public,4,good,183,0.399,0.781,3,less250
60183,2011,13,858.160237388724,6.754790838914385,0,NoWC,0,NoSA,public,5,very good,337,0.217,0.846,4,more250
60183,2013,15,922.1902017291067,6.82675149482905,0,NoWC,0,NoSA,public,5,very good,347,0.196,0.85,4,more250
60183,2014,16,880.2228412256268,6.7801751040807705,0,NoWC,0,NoSA,public,5,very good,359,0.164,0.811,4,more250
60183,2015,17,1373.3104395604396,7.224979483313532,0,NoWC,0,NoSA,public,5,very good,364,0.143,0.734,4,more250
60183,2016,18,730.0833333333334,6.5931586828783635,0,NoWC,0,NoSA,public,4,good,372,0.159,0.796,4,more250
60183,2017,19,802.6595174262735,6.687930610859981,0,NoWC,0,NoSA,public,4,good,373,0.147,0.777,4,more250
60183,2018,20,796.3989361702128,6.680100236390823,0,NoWC,0,NoSA,public,4,good,376,0.13,0.856,4,more250
60183,2019,21,808.545918367347,6.69523747192185,0,NoWC,0,NoSA,public,4,good,392,0.125,0.821,4,more250
60183,2020,22,817.8,6.706617807930542,0,NoWC,0,NoSA,public,4,good,400,0.115,0.845,4,more250
60183,2021,23,872.4453333333333,6.771299996908314,0,NoWC,0,NoSA,public,4,good,375,0.325,0.805,4,more250
60188,2015,17,2748.2894736842104,7.918733987563032,1,WC,0,NoSA,health,4,good,38,0.026,0.079,1,less50
60188,2017,19,2236.6326530612246,7.712726733906826,1,WC,0,NoSA,health,5,very good,49,0.02,0.061,1,less50
60188,2019,21,2062.7843137254904,7.6318119577875505,1,WC,1,SA,health,2,sufficient,51,0.02,0.078,2,less100
60188,2020,22,2027.7627118644068,7.61468835188132,1,WC,0,NoSA,buservices,3,satisfactory,59,0.017,0.068,2,less100
60188,2021,23,2336.2741935483873,7.756312714435098,1,WC,1,SA,buservices,3,satisfactory,62,0.016,0.065,2,less100
60195,2011,13,2614.9523809523807,7.869001166372371,1,WC,0,NoSA,manufacturing,4,good,21,0.952,0.619,1,less50
60195,2012,14,3268.714285714286,8.092152001777036,0,NoWC,0,NoSA,manufacturing,3,satisfactory,21,0.952,0.333,1,less50
60195,2016,18,2816.1153846153848,7.943113691088844,0,NoWC,0,NoSA,manufacturing,4,good,26,0.923,0.385,1,less50
60195,2017,19,1438.2285714285715,7.271167476573535,0,NoWC,0,NoSA,manufacturing,4,good,35,0.743,0.514,1,less50
60195,2018,20,1775.078947368421,7.481600178311086,1,WC,0,NoSA,manufacturing,4,good,38,0.737,0.553,1,less50
60195,2020,22,1771.9347826086957,7.479827326090829,1,WC,0,NoSA,manufacturing,4,good,46,0.63,0.478,1,less50
60239,1999,1,4031.7352430555557,8.30195214367052,0,NoWC,0,NoSA,buservices,3,satisfactory,36,0.056,0.111,1,less50
60239,2000,2,2490.8480113636365,7.8203784982917455,0,NoWC,0,NoSA,buservices,4,good,77,0.026,0.078,2,less100
60239,2001,3,2869.5221354166665,7.961900791551306,0,NoWC,0,NoSA,buservices,4,good,84,0.024,0.071,2,less100
60239,2002,4,4304.457142857143,8.36740630969048,0,NoWC,0,NoSA,buservices,4,good,70,0.029,0.071,2,less100
60259,2001,3,1443.6074084668192,7.274900404694242,0,NoWC,0,NoSA,manufacturing,2,sufficient,437,0.112,0.217,4,more250
60259,2002,4,1287.3563218390805,7.160346031622648,0,NoWC,0,NoSA,manufacturing,4,good,435,0.667,0.228,4,more250
60259,2004,6,1259.4458438287154,7.138427096717138,0,NoWC,0,NoSA,manufacturing,3,satisfactory,397,0.71,0.194,4,more250
60259,2005,7,1286.2518703241894,7.159487741237923,0,NoWC,0,NoSA,manufacturing,4,good,401,0.778,0.175,4,more250
60260,2015,17,3670.6949152542375,8.208136273329643,1,WC,0,NoSA,health,4,good,59,0.847,0.492,2,less100
60260,2016,18,2576.3611111111113,7.85413326028429,1,WC,0,NoSA,health,4,good,72,0.472,0.486,2,less100
60260,2017,19,2579.753424657534,7.855449101510219,1,WC,0,NoSA,health,1,unsatisfactory,73,0.548,0.356,2,less100
60260,2018,20,2489.32183908046,7.819765598580778,1,WC,0,NoSA,edu,4,good,87,0.437,0.494,2,less100
60260,2019,21,2450.112244897959,7.803889116733397,1,WC,0,NoSA,edu,4,good,98,0.48,0.48,2,less100
60260,2020,22,3361.027777777778,8.120002092426978,1,WC,0,NoSA,buservices,4,good,72,0.806,0.569,2,less100
60260,2021,23,1307.2815533980583,7.175705110010109,1,WC,0,NoSA,buservices,2,sufficient,103,0.563,0.476,3,less250
60264,2000,2,1627.1012369791667,7.394555328380475,1,WC,0,NoSA,health,1,unsatisfactory,72,0.014,0.069,2,less100
60264,2001,3,1821.914161392405,7.507642964411734,1,WC,0,NoSA,health,1,unsatisfactory,79,0.013,0.127,2,less100
60264,2002,4,2020.0897435897436,7.610897216928053,1,WC,0,NoSA,health,1,unsatisfactory,78,0.026,0.064,2,less100
60264,2003,5,2001.8333333333333,7.601818706326435,1,WC,0,NoSA,health,4,good,78,0.026,0.064,2,less100
60264,2005,7,1761.5641025641025,7.473957388015613,1,WC,0,NoSA,health,3,satisfactory,78,0.026,0.038,2,less100
60264,2006,8,2126.890410958904,7.6624162910515015,1,WC,0,NoSA,health,3,satisfactory,73,0.027,0.055,2,less100
60264,2009,11,2379.774647887324,7.774761076420912,1,WC,0,NoSA,health,5,very good,71,0.014,0.056,2,less100
60264,2010,12,1842.3333333333333,7.518788163165153,1,WC,0,NoSA,health,4,good,69,0.029,0.043,2,less100
60264,2011,13,2124.592105263158,7.661335112469272,1,WC,0,NoSA,health,5,very good,76,0.026,0.053,2,less100
60264,2014,16,2349.2337662337663,7.761844497048288,1,WC,0,NoSA,health,4,good,77,0.026,0.052,2,less100
60264,2015,17,2362.1428571428573,7.76732447636058,1,WC,0,NoSA,health,4,good,77,0.065,0.052,2,less100
60264,2016,18,2484.7702702702704,7.817935487685962,1,WC,0,NoSA,health,4,good,74,0.041,0.054,2,less100
60269,2002,4,1441.4137931034484,7.273379711685188,1,WC,0,NoSA,mining,4,good,29,0.172,0.207,1,less50
60269,2004,6,626.7586206896551,6.440561491534404,1,WC,0,NoSA,mining,2,sufficient,29,0.31,0.241,1,less50
60269,2005,7,1253.551724137931,7.133736180518806,1,WC,0,NoSA,mining,3,satisfactory,29,0.31,0.172,1,less50
60287,2017,19,5676.5625,8.644101134849622,1,WC,0,NoSA,health,3,satisfactory,48,0.375,0.479,1,less50
60287,2018,20,3234.4,8.08159871832656,1,WC,0,NoSA,health,4,good,55,0.418,0.418,2,less100
60287,2019,21,3234.4,8.08159871832656,1,WC,0,NoSA,health,2,sufficient,55,0.4,0.509,2,less100
60287,2020,22,3138.364864864865,8.051457199594614,1,WC,0,NoSA,edu,3,satisfactory,74,0.284,0.581,2,less100
60304,2016,18,2293.0246913580245,7.7376270509455995,0,NoWC,0,NoSA,buservices,5,very good,243,0.333,0.621,3,less250
60304,2017,19,2619.227467811159,7.8706346936614375,0,NoWC,0,NoSA,buservices,5,very good,233,0.378,0.639,3,less250
60304,2019,21,2801.6974789915967,7.937980754969549,0,NoWC,0,NoSA,buservices,5,very good,238,0.584,0.643,3,less250
60304,2020,22,3462.5474137931033,8.149759843916092,0,NoWC,0,NoSA,buservices,4,good,232,0.483,0.659,3,less250
60318,2014,16,1160.3962264150944,7.056516800272894,1,WC,1,SA,manufacturing,3,satisfactory,106,0.009,0.509,3,less250
60318,2015,17,1208.7238805970148,7.097320437927635,1,WC,0,NoSA,manufacturing,3,satisfactory,134,0.015,0.478,3,less250
60318,2016,18,1084.0545454545454,6.988463499418654,1,WC,0,NoSA,manufacturing,3,satisfactory,110,0.018,0.373,3,less250
60347,1998,0,1692.1993876080692,7.433784374599346,0,NoWC,0,NoSA,public,1,unsatisfactory,347,0.02,0.288,4,more250
60347,1999,1,2049.991008254717,7.625590685905623,0,NoWC,0,NoSA,public,2,sufficient,424,0.002,0.288,4,more250
60347,2000,2,1236.8008893280632,7.120283396888578,0,NoWC,0,NoSA,public,2,sufficient,506,0.02,0.403,4,more250
60347,2001,3,1104.8273861646235,7.007444390133823,0,NoWC,0,NoSA,public,2,sufficient,571,0.011,0.387,4,more250
60347,2002,4,931.7803660565723,6.837097128176124,0,NoWC,0,NoSA,public,3,satisfactory,601,0.007,0.403,4,more250
60384,2000,2,697.3431490384615,6.547277612476616,1,WC,0,NoSA,manufacturing,3,satisfactory,26,0.077,0.192,1,less50
60384,2002,4,743,6.610696044717759,1,WC,0,NoSA,manufacturing,3,satisfactory,30,0.067,0.167,1,less50
60384,2003,5,655.5882352941177,6.4855329017637535,1,WC,0,NoSA,manufacturing,2,sufficient,34,0.059,0.147,1,less50
60384,2004,6,1045.8387096774193,6.952574435486129,1,WC,0,NoSA,manufacturing,2,sufficient,31,0.065,0.097,1,less50
60384,2005,7,978.2068965517242,6.8857211983275155,1,WC,0,NoSA,manufacturing,3,satisfactory,29,0.069,0.103,1,less50
60384,2006,8,733.6551724137931,6.598039125875734,1,WC,0,NoSA,manufacturing,3,satisfactory,29,0.069,0.103,1,less50
60384,2007,9,1048.103448275862,6.9547375701963485,1,WC,0,NoSA,manufacturing,2,sufficient,29,0.034,0.103,1,less50
60384,2008,10,1467.344827586207,7.2912098068175615,1,WC,0,NoSA,manufacturing,3,satisfactory,29,0.034,0.103,1,less50
60384,2009,11,1350.857142857143,7.208494590590566,1,WC,0,NoSA,manufacturing,5,very good,21,0.048,0.143,1,less50
60384,2011,13,1929.8095238095239,7.5651765847018515,1,WC,0,NoSA,manufacturing,3,satisfactory,21,0.048,0.143,1,less50
60384,2012,14,1477.5416666666667,7.2981349496722405,1,WC,0,NoSA,manufacturing,4,good,24,0.042,0.125,1,less50
60384,2015,17,2228.96,7.709290387957915,1,WC,0,NoSA,manufacturing,2,sufficient,25,0.08,0.12,1,less50
60384,2016,18,1418.44,7.257312955151986,1,WC,0,NoSA,manufacturing,3,satisfactory,25,0.08,0.12,1,less50
60413,2003,5,3959.6666666666665,8.28391512562143,0,NoWC,0,NoSA,wholesretail,2,sufficient,33,0.091,0.061,1,less50
60413,2004,6,3826.2702702702704,8.249645787931383,0,NoWC,0,NoSA,wholesretail,4,good,37,0.108,0.081,1,less50
60413,2005,7,2977.431818181818,7.998816401951927,0,NoWC,0,NoSA,wholesretail,4,good,44,0.023,0.091,1,less50
60413,2006,8,2664.2391304347825,7.887673791308482,0,NoWC,0,NoSA,wholesretail,3,satisfactory,46,0.065,0.087,1,less50
60413,2007,9,2785.340909090909,7.932125553879316,0,NoWC,0,NoSA,wholesretail,3,satisfactory,44,0.023,0.068,1,less50
60413,2008,10,2817.3555555555554,7.943553977716174,0,NoWC,0,NoSA,wholesretail,4,good,45,0.178,0.067,1,less50
60424,2016,18,395.03846153846155,5.9789831311443224,0,NoWC,0,NoSA,manufacturing,4,good,156,0.513,0.686,3,less250
60424,2017,19,597.19375,6.392241600104579,0,NoWC,0,NoSA,manufacturing,3,satisfactory,160,0.688,0.725,3,less250
60424,2019,21,3112.448484848485,8.043164989583298,0,NoWC,0,NoSA,manufacturing,3,satisfactory,165,0.182,0.703,3,less250
60424,2020,22,3159.828025477707,8.058272882782829,0,NoWC,0,NoSA,manufacturing,2,sufficient,157,0.07,0.694,3,less250
60424,2021,23,3874.7125748502995,8.262226764804222,0,NoWC,0,NoSA,manufacturing,2,sufficient,167,0.132,0.683,3,less250
60457,2010,12,2045.6818181818182,7.62348642033287,1,WC,0,NoSA,transcom,3,satisfactory,66,0.015,0.561,2,less100
60457,2011,13,1810.0923076923077,7.5011331216845125,1,WC,0,NoSA,transcom,4,good,65,0.062,0.831,2,less100
60457,2012,14,2178.189655172414,7.68624937737515,1,WC,0,NoSA,transcom,3,satisfactory,58,0.034,0.517,2,less100
60457,2013,15,1609.855072463768,7.3838994368234765,1,WC,0,NoSA,transcom,3,satisfactory,69,0.087,0.362,2,less100
60457,2016,18,3995.342857142857,8.292884676080583,1,WC,0,NoSA,transcom,4,good,35,0.114,0.486,1,less50
60457,2017,19,4490.925,8.40981397288149,1,WC,0,NoSA,transcom,3,satisfactory,40,0.175,0.375,1,less50
60457,2018,20,3860.054054054054,8.258436466001774,1,WC,0,NoSA,transcom,4,good,37,0.189,0.432,1,less50
60457,2019,21,4369.7555555555555,8.382462349581298,1,WC,0,NoSA,transcom,3,satisfactory,45,0.133,0.422,1,less50
60457,2020,22,4712.466666666666,8.457966758344865,1,WC,0,NoSA,resthotels,4,good,45,0.156,0.378,1,less50
60457,2021,23,4233.468085106383,8.350776814399465,1,WC,0,NoSA,resthotels,4,good,47,0.128,0.362,1,less50
60468,2012,14,3207.235294117647,8.073164565919045,0,NoWC,0,NoSA,manufacturing,4,good,34,0.471,0.088,1,less50
60468,2013,15,3834.818181818182,8.251877302460555,0,NoWC,0,NoSA,manufacturing,5,very good,33,0.485,0.091,1,less50
60468,2014,16,3983.25,8.289853347970618,0,NoWC,0,NoSA,manufacturing,4,good,32,0.469,0.094,1,less50
60468,2015,17,4226.387096774193,8.349102792839151,0,NoWC,0,NoSA,manufacturing,3,satisfactory,31,0.484,0.097,1,less50
60468,2016,18,6322.818181818182,8.751920302595073,0,NoWC,0,NoSA,manufacturing,3,satisfactory,33,0.697,0.091,1,less50
60470,2006,8,2287.05,7.735018056486026,0,NoWC,0,NoSA,wholesretail,4,good,80,0.025,0.912,2,less100
60470,2007,9,2569.867469879518,7.851609608419317,0,NoWC,0,NoSA,wholesretail,5,very good,83,0.024,0.843,2,less100
60470,2008,10,2696.858823529412,7.899842976026007,0,NoWC,0,NoSA,wholesretail,4,good,85,0.024,0.8,2,less100
60470,2009,11,2187.6813186813188,7.690597503336735,0,NoWC,0,NoSA,wholesretail,4,good,91,0.022,0.802,2,less100
60470,2010,12,2083.5054945054944,7.641807088010696,0,NoWC,0,NoSA,wholesretail,3,satisfactory,91,0.033,0.802,2,less100
60470,2013,15,2875.9438202247193,7.964136184653178,0,NoWC,0,NoSA,wholesretail,4,good,89,0.056,0.888,2,less100
60470,2015,17,3061.2395833333335,8.026575205511167,0,NoWC,0,NoSA,wholesretail,4,good,96,0.073,0.885,2,less100
60470,2017,19,2257.1349206349205,7.721851553779161,0,NoWC,0,NoSA,wholesretail,4,good,126,0.04,0.857,3,less250
60470,2018,20,1943.9179104477612,7.572460756992869,0,NoWC,0,NoSA,wholesretail,4,good,134,0.037,0.851,3,less250
60470,2020,22,1877.0333333333333,7.537447795263843,0,NoWC,0,NoSA,wholesretail,3,satisfactory,150,0.047,0.887,3,less250
60470,2021,23,2182.8881578947367,7.68840412202389,0,NoWC,0,NoSA,wholesretail,3,satisfactory,152,0.026,0.882,3,less250
60485,2004,6,782.4726134585289,6.662458923026794,0,NoWC,0,NoSA,manufacturing,2,sufficient,639,0.163,0.753,4,more250
60485,2005,7,955.1611111111112,6.861880028986172,0,NoWC,0,NoSA,manufacturing,2,sufficient,540,0.526,0.909,4,more250
60485,2006,8,909.4269870609982,6.812814716627964,0,NoWC,0,NoSA,manufacturing,2,sufficient,541,0.66,0.939,4,more250
60487,2016,18,2227.376811594203,7.708579854378727,1,WC,0,NoSA,buservices,4,good,69,0.188,0.043,2,less100
60487,2017,19,2741.6901408450703,7.916329848939169,1,WC,0,NoSA,buservices,3,satisfactory,71,0.225,0.056,2,less100
60487,2018,20,2580.774647887324,7.855844883968435,1,WC,0,NoSA,buservices,5,very good,71,0.282,0.07,2,less100
60487,2019,21,2708.2027027027025,7.9040404845183545,1,WC,0,NoSA,buservices,4,good,74,0.23,0.054,2,less100
60487,2021,23,2005.4782608695652,7.603637845395468,1,WC,0,NoSA,buservices,1,unsatisfactory,69,0.261,0.058,2,less100
60533,2000,2,1774.4056490384614,7.481220800224072,0,NoWC,0,NoSA,manufacturing,4,good,156,0.026,0.827,3,less250
60533,2001,3,1755.361661585366,7.4704301896468515,0,NoWC,0,NoSA,manufacturing,2,sufficient,164,0.085,0.628,3,less250
60533,2002,4,2135.049295774648,7.6662450147519765,0,NoWC,0,NoSA,manufacturing,3,satisfactory,142,0.021,0.641,3,less250
60548,2014,16,3345.8636363636365,8.11548012649144,1,WC,0,NoSA,wholesretail,4,good,22,0.136,0.045,1,less50
60548,2017,19,3879.090909090909,8.263356103383675,1,WC,0,NoSA,wholesretail,3,satisfactory,22,0.045,0.045,1,less50
60548,2018,20,4653.136363636364,8.445296758020927,1,WC,0,NoSA,wholesretail,3,satisfactory,22,0.136,0.045,1,less50
60552,2002,4,977.6065573770492,6.885107296022749,1,WC,0,NoSA,wholesretail,4,good,61,0.115,0.016,2,less100
60552,2004,6,771.1206896551724,6.647844897830501,1,WC,0,NoSA,wholesretail,4,good,58,0.069,0.017,2,less100
60552,2005,7,2429.5185185185187,7.795448376174808,1,WC,0,NoSA,wholesretail,4,good,27,0.296,0,1,less50
60552,2007,9,2129.7714285714287,7.663769942415438,1,WC,0,NoSA,wholesretail,4,good,35,0.4,0,1,less50
60552,2008,10,1612.3111111111111,7.385423901412246,1,WC,0,NoSA,wholesretail,4,good,45,0.289,0.022,1,less50
60552,2009,11,2437.404761904762,7.798689130069598,1,WC,0,NoSA,wholesretail,4,good,42,0.333,0.024,1,less50
60552,2010,12,2421.025641025641,7.791946547970631,1,WC,0,NoSA,wholesretail,4,good,39,0.359,0,1,less50
60552,2011,13,2166.7,7.680960551712661,1,WC,0,NoSA,wholesretail,4,good,50,0.26,0.04,1,less50
60552,2012,14,2190.6326530612246,7.6919456637683385,1,WC,0,NoSA,wholesretail,4,good,49,0.327,0.041,1,less50
60552,2013,15,2683.525,7.894886507765029,1,WC,0,NoSA,wholesretail,4,good,40,0.475,0.025,1,less50
60552,2014,16,2587.2916666666665,7.858366919034188,1,WC,0,NoSA,wholesretail,4,good,48,0.271,0.062,1,less50
60552,2015,17,2588.2708333333335,7.8587452998105185,1,WC,0,NoSA,wholesretail,4,good,48,0.5,0.062,1,less50
60552,2016,18,2014.6486486486488,7.608200091260628,1,WC,0,NoSA,health,4,good,37,0.27,0.054,1,less50
60552,2019,21,4117.571428571428,8.32301880945966,1,WC,0,NoSA,health,4,good,35,0.943,0.171,1,less50
60572,2004,6,2488.8297872340427,7.819567914024359,1,WC,0,NoSA,manufacturing,5,very good,47,0.043,0,1,less50
60572,2005,7,2151.96,7.674134333748333,1,WC,0,NoSA,manufacturing,3,satisfactory,50,0.02,0.02,1,less50
60572,2006,8,3814.7027027027025,8.246618012163678,1,WC,0,NoSA,manufacturing,1,unsatisfactory,37,0.027,0.027,1,less50
60669,2012,14,2249.793103448276,7.718593536947447,1,WC,0,NoSA,wholesretail,3,satisfactory,29,0.103,0.069,1,less50
60669,2013,15,2682.375,7.894457875096657,1,WC,0,NoSA,wholesretail,4,good,24,0.25,0.083,1,less50
60669,2014,16,2874.478260869565,7.9636264622828135,1,WC,0,NoSA,wholesretail,2,sufficient,23,0.217,0.087,1,less50
60671,2007,9,1912.6043956043957,7.556221150147872,0,NoWC,0,NoSA,transcom,5,very good,182,0.121,0.302,3,less250
60671,2009,11,898.4375,6.80065714342577,0,NoWC,0,NoSA,transcom,5,very good,384,0.076,0.195,4,more250
60671,2010,12,1006.7286821705426,6.914461424608482,0,NoWC,0,NoSA,transcom,4,good,258,0.043,0.244,4,more250
60671,2012,14,1371.7842323651453,7.2238675308784055,0,NoWC,0,NoSA,transcom,4,good,241,0.004,0.232,3,less250
60671,2013,15,1134.7517730496454,7.034169203837796,0,NoWC,0,NoSA,transcom,4,good,282,0.018,0.252,4,more250
60671,2015,17,788.1176470588235,6.669647377011997,0,NoWC,0,NoSA,transcom,3,satisfactory,510,0.071,0.306,4,more250
60671,2016,18,686.8988391376452,6.532187031216435,0,NoWC,0,NoSA,transcom,3,satisfactory,603,0.041,0.274,4,more250
60671,2017,19,891.9873188405797,6.793451915932518,0,NoWC,0,NoSA,transcom,4,good,552,0.047,0.306,4,more250
60671,2018,20,780.6140939597316,6.660080909873978,0,NoWC,0,NoSA,transcom,3,satisfactory,596,0.07,0.334,4,more250
60680,1999,1,1427.8732358870968,7.263941368572018,1,WC,0,NoSA,construction,1,unsatisfactory,31,0.065,0.161,1,less50
60680,2000,2,1302.9366179435483,7.172375932767167,0,NoWC,0,NoSA,construction,2,sufficient,31,0.065,0.258,1,less50
60680,2001,3,1392.7943157327586,7.23906730726584,0,NoWC,0,NoSA,construction,1,unsatisfactory,29,0.034,0.207,1,less50
60680,2002,4,1335.896551724138,7.197357919754421,1,WC,0,NoSA,construction,2,sufficient,29,0.138,0.207,1,less50
60680,2003,5,1393.7586206896551,7.239759420437483,1,WC,0,NoSA,construction,1,unsatisfactory,29,0.069,0.241,1,less50
60680,2004,6,1346.0344827586207,7.204918128567917,1,WC,0,NoSA,construction,4,good,29,0.069,0.207,1,less50
60680,2005,7,1251.2413793103449,7.131891440943635,1,WC,0,NoSA,construction,2,sufficient,29,0.069,0.138,1,less50
60680,2006,8,1256.0714285714287,7.135744215292824,0,NoWC,0,NoSA,construction,1,unsatisfactory,28,0.071,0.179,1,less50
60680,2008,10,1566.2222222222222,7.3564217708397415,1,WC,0,NoSA,construction,3,satisfactory,27,0.037,0.185,1,less50
60680,2009,11,1529.9655172413793,7.33300047638177,1,WC,0,NoSA,construction,4,good,29,0.069,0.207,1,less50
60680,2010,12,2316.5,7.747812704856703,1,WC,0,NoSA,construction,3,satisfactory,28,0.071,0.214,1,less50
60680,2011,13,1757.1923076923076,7.471472534498319,1,WC,0,NoSA,construction,3,satisfactory,26,0.038,0.192,1,less50
60680,2012,14,1661.892857142857,7.415712507117656,1,WC,0,NoSA,construction,4,good,28,0.036,0,1,less50
60680,2013,15,1635.6153846153845,7.399774394545164,1,WC,0,NoSA,construction,4,good,26,0.077,0.231,1,less50
60680,2014,16,1952.0384615384614,7.576629470435922,1,WC,0,NoSA,construction,4,good,26,0.077,0.231,1,less50
60680,2015,17,2022.48,7.612079760132207,1,WC,0,NoSA,construction,5,very good,25,0.08,0.24,1,less50
60680,2016,18,2151.32,7.673836886217743,1,WC,0,NoSA,construction,3,satisfactory,25,0.08,0.24,1,less50
60680,2017,19,1803.5925925925926,7.497535839526183,1,WC,0,NoSA,construction,3,satisfactory,27,0.074,0.185,1,less50
60680,2020,22,1886.0357142857142,7.542232399538878,1,WC,0,NoSA,construction,5,very good,28,0.179,0.25,1,less50
60680,2021,23,2056.103448275862,7.628567940618554,1,WC,0,NoSA,construction,2,sufficient,29,0.069,0.207,1,less50
60682,1998,0,3066.8368389423076,8.028401963788903,0,NoWC,0,NoSA,public,1,unsatisfactory,208,0.173,0.077,3,less250
60682,1999,1,2218.5606715425533,7.704613918447067,0,NoWC,0,NoSA,public,1,unsatisfactory,188,0.191,0.09,3,less250
60682,2000,2,2973.900883838384,7.997629798905338,0,NoWC,0,NoSA,public,1,unsatisfactory,198,0.172,0.096,3,less250
60756,2002,4,667.4794520547945,6.503508606362074,0,NoWC,1,SA,wholesretail,2,sufficient,73,0.247,0.671,2,less100
60756,2004,6,656.8470588235294,6.487451204206671,0,NoWC,1,SA,wholesretail,3,satisfactory,85,0.082,0.659,2,less100
60756,2005,7,1042.9315068493152,6.949790783476579,0,NoWC,1,SA,wholesretail,2,sufficient,73,0.096,0.438,2,less100
60756,2006,8,1156.7674418604652,7.0533847060053665,0,NoWC,1,SA,wholesretail,2,sufficient,86,0.058,0.547,2,less100
60770,1998,0,1398.5680534638554,7.243204173212703,1,WC,0,NoSA,buservices,4,good,166,0.12,0.705,3,less250
60770,1999,1,553.7972842261905,6.316798706835691,1,WC,0,NoSA,buservices,3,satisfactory,210,0.1,0.286,3,less250
60770,2000,2,1043.924926035503,6.950742855929262,1,WC,0,NoSA,buservices,4,good,169,0.178,0.615,3,less250
60770,2002,4,1708.945945945946,7.443632053560933,1,WC,0,NoSA,buservices,3,satisfactory,111,0.369,0.378,3,less250
60770,2003,5,1336.68345323741,7.197946790085376,1,WC,0,NoSA,buservices,5,very good,139,0.338,0.504,3,less250
60770,2004,6,973.4023668639053,6.880797528939345,1,WC,0,NoSA,buservices,3,satisfactory,169,0.266,0.515,3,less250
60770,2005,7,844.1942857142857,6.7383826644487845,1,WC,0,NoSA,buservices,1,unsatisfactory,175,0.257,0.509,3,less250
60770,2008,10,836.17903930131,6.728842751999,1,WC,0,NoSA,buservices,4,good,229,0.961,0.175,3,less250
60784,2000,2,1066.6819751381215,6.972308151708712,0,NoWC,0,NoSA,manufacturing,4,good,181,0.011,0.271,3,less250
60784,2001,3,820.3090741978609,6.709681188995382,0,NoWC,0,NoSA,manufacturing,3,satisfactory,187,0.011,0.294,3,less250
60784,2002,4,972.6267605633802,6.880000412050742,0,NoWC,0,NoSA,manufacturing,2,sufficient,142,0.014,0.232,3,less250
60784,2003,5,1061.076923076923,6.9670396365297,0,NoWC,0,NoSA,manufacturing,2,sufficient,156,0.013,0.192,3,less250
60784,2004,6,1165.4733333333334,7.06088257819118,0,NoWC,0,NoSA,manufacturing,4,good,150,0.027,0.167,3,less250
60784,2005,7,1288.1176470588234,7.160937243377154,0,NoWC,0,NoSA,manufacturing,3,satisfactory,153,0.026,0.196,3,less250
60784,2006,8,1862.0584795321638,7.529437864181725,1,WC,0,NoSA,manufacturing,4,good,171,0.018,0.392,3,less250
60788,2007,9,2357.823529411765,7.7654942392007875,1,WC,0,NoSA,transcom,2,sufficient,51,0.039,0.196,2,less100
60788,2008,10,2510.612244897959,7.828281924651733,1,WC,1,SA,transcom,3,satisfactory,49,0.224,0.041,1,less50
60788,2009,11,2684.7916666666665,7.895358412374546,1,WC,1,SA,transcom,4,good,48,0.042,0.042,1,less50
60788,2010,12,3147.0416666666665,8.054218137099625,1,WC,1,SA,transcom,4,good,48,0.104,0.042,1,less50
60788,2013,15,2468.2181818181816,7.811251785420191,1,WC,1,SA,transcom,4,good,55,0.127,0.291,2,less100
60788,2014,16,2664.6478873239435,7.88782720303915,1,WC,1,SA,transcom,4,good,71,0.056,0.169,2,less100
60788,2015,17,2168.710144927536,7.681887866547653,1,WC,1,SA,transcom,4,good,69,0.101,0.058,2,less100
60810,2007,9,370.405,5.914597001601001,1,WC,0,NoSA,manufacturing,2,sufficient,200,0.075,0.445,3,less250
60810,2008,10,893.8162162162162,6.795500179337919,1,WC,0,NoSA,manufacturing,3,satisfactory,185,0.097,0.551,3,less250
60810,2009,11,926.6178861788618,6.831541275816819,1,WC,1,SA,manufacturing,4,good,123,0.171,0.252,3,less250
60810,2010,12,829.0992907801418,6.720339919712498,1,WC,0,NoSA,manufacturing,4,good,141,0.135,0.348,3,less250
60815,2009,11,810.1428571428571,6.697210598958715,1,WC,0,NoSA,edu,4,good,28,0.536,0.179,1,less50
60815,2010,12,2209.464285714286,7.700505360472873,1,WC,0,NoSA,edu,4,good,28,0.679,0.179,1,less50
60815,2015,17,773.3125,6.650683235974195,1,WC,0,NoSA,edu,3,satisfactory,32,0.5,0.188,1,less50
60815,2017,19,644.4375,6.468377843278162,1,WC,0,NoSA,edu,4,good,32,0.562,0.219,1,less50
60818,2019,21,2310.8804780876494,7.745383890238372,0,NoWC,0,NoSA,manufacturing,3,satisfactory,251,0.57,0.231,4,more250
60818,2020,22,2511.281124497992,7.828548310078419,0,NoWC,0,NoSA,manufacturing,3,satisfactory,249,0.313,0.233,3,less250
60818,2021,23,3258.246231155779,8.088944363702044,0,NoWC,0,NoSA,manufacturing,2,sufficient,199,0.432,0.236,3,less250
60829,2007,9,531.3913043478261,6.275498669525711,1,WC,0,NoSA,wholesretail,5,very good,23,0.652,0.957,1,less50
60829,2008,10,436.5,6.0787883752796565,1,WC,0,NoSA,wholesretail,3,satisfactory,24,0.667,0.875,1,less50
60829,2009,11,134.24,4.8996292427188965,1,WC,0,NoSA,wholesretail,5,very good,25,0.44,0.96,1,less50
60829,2010,12,480.5217391304348,6.174872470114158,1,WC,0,NoSA,wholesretail,3,satisfactory,23,0.783,0.913,1,less50
60841,2002,4,1743,7.463363045520021,1,WC,0,NoSA,edu,4,good,24,0.042,0.375,1,less50
60841,2003,5,1143.304347826087,7.041677899414906,1,WC,0,NoSA,edu,3,satisfactory,23,0.087,0.348,1,less50
60841,2004,6,1539.6521739130435,7.33931180880179,1,WC,1,SA,edu,3,satisfactory,23,0.043,0.348,1,less50
60857,2016,18,1399.9358288770054,7.2441816780364,0,NoWC,0,NoSA,health,4,good,187,0.401,0.182,3,less250
60857,2017,19,1643.5578947368422,7.4046186189741565,0,NoWC,0,NoSA,health,2,sufficient,190,0.332,0.174,3,less250
60857,2018,20,1719.1182795698924,7.449566810211724,0,NoWC,0,NoSA,health,1,unsatisfactory,186,0.301,0.161,3,less250
60857,2019,21,1065.1162790697674,6.970839254408713,0,NoWC,0,NoSA,health,3,satisfactory,172,0.36,0.151,3,less250
60857,2020,22,2150.9754601226996,7.673676720612554,0,NoWC,0,NoSA,buservices,3,satisfactory,163,0.466,0.135,3,less250
60861,2001,3,3123.051670792079,8.046565902388629,1,WC,0,NoSA,manufacturing,4,good,202,0.005,0.074,3,less250
60861,2003,5,2336.3350515463917,7.756338763263415,1,WC,0,NoSA,manufacturing,3,satisfactory,194,0.005,0.082,3,less250
60861,2004,6,2439.0243902439024,7.799353398265921,1,WC,0,NoSA,manufacturing,2,sufficient,205,0.005,0.088,3,less250
60861,2005,7,2516.0341463414634,7.830439189406084,1,WC,0,NoSA,manufacturing,4,good,205,0.005,0.078,3,less250
60880,1998,0,1394.9576171875,7.240619311849481,1,WC,1,SA,edu,2,sufficient,80,0.338,0.838,2,less100
60880,1999,1,1524.2429166666666,7.329253117682929,1,WC,1,SA,edu,1,unsatisfactory,75,0.24,0.773,2,less100
60880,2000,2,1330.1326069078948,7.193033920687668,1,WC,1,SA,edu,1,unsatisfactory,76,0.513,0.895,2,less100
60880,2001,3,1759.8400974025974,7.4729782301562215,1,WC,1,SA,edu,2,sufficient,77,0.468,0.896,2,less100
60880,2002,4,956.695652173913,6.863485318066199,1,WC,1,SA,edu,3,satisfactory,69,0.493,0.884,2,less100
60880,2004,6,1979.0181818181818,7.590356132936907,1,WC,1,SA,edu,1,unsatisfactory,55,0.255,0.836,2,less100
60882,2013,15,1325.4722222222222,7.189524069056999,0,NoWC,0,NoSA,wholesretail,3,satisfactory,36,0.028,0.139,1,less50
60882,2014,16,1927.96,7.564217728067304,0,NoWC,0,NoSA,wholesretail,4,good,25,0.04,0.16,1,less50
60882,2015,17,1927.96,7.564217728067304,0,NoWC,0,NoSA,wholesretail,4,good,25,0.04,0.24,1,less50
60882,2016,18,2065.6428571428573,7.6331967679129935,0,NoWC,0,NoSA,wholesretail,4,good,28,0.107,0.143,1,less50
60882,2017,19,2475.054054054054,7.814017514786141,0,NoWC,0,NoSA,wholesretail,4,good,37,0.054,0.297,1,less50
60882,2018,20,2214.5135135135133,7.70278802563116,0,NoWC,0,NoSA,wholesretail,4,good,37,0.054,0.324,1,less50
60882,2019,21,2214.5135135135133,7.70278802563116,0,NoWC,0,NoSA,wholesretail,4,good,37,0.054,0.432,1,less50
60882,2020,22,3194.885714285714,8.069306595995252,0,NoWC,0,NoSA,wholesretail,4,good,35,0.086,0.457,1,less50
60948,2015,17,2807.625,7.940094209218959,1,WC,0,NoSA,public,2,sufficient,24,0.833,0.208,1,less50
60948,2016,18,3207.44,8.073228390157386,1,WC,0,NoSA,public,3,satisfactory,25,0.08,0.16,1,less50
60948,2017,19,3008.1875,8.009093016903657,1,WC,0,NoSA,public,2,sufficient,32,0.438,0.188,1,less50
60948,2018,20,2406.53125,7.785941674322678,1,WC,0,NoSA,public,2,sufficient,32,0.719,0.188,1,less50
60948,2019,21,3910.625,8.271452486752628,1,WC,0,NoSA,public,2,sufficient,32,0.812,0.188,1,less50
60954,2004,6,385.34285714285716,5.954133476027444,1,WC,0,NoSA,manufacturing,3,satisfactory,35,0.143,0.8,1,less50
60954,2006,8,1252.4,7.132816989452251,1,WC,0,NoSA,manufacturing,2,sufficient,20,0.15,0.9,1,less50
60954,2008,10,1487.44,7.304811800471807,1,WC,0,NoSA,manufacturing,4,good,25,0.04,0.76,1,less50
60961,2012,14,3985.4266666666667,8.29039965366524,0,NoWC,0,NoSA,health,1,unsatisfactory,75,0.173,0.867,2,less100
60961,2013,15,4050.6329113924053,8.306628422308888,0,NoWC,0,NoSA,health,3,satisfactory,79,0.228,0.937,2,less100
60961,2015,17,3215.4457831325303,8.075721284332637,0,NoWC,0,NoSA,health,2,sufficient,83,0.217,0.904,2,less100
60961,2016,18,3254.6585365853657,8.087842644864983,0,NoWC,0,NoSA,health,3,satisfactory,82,0.232,0.915,2,less100
60961,2017,19,1439.3595505617977,7.271953537082208,0,NoWC,0,NoSA,health,3,satisfactory,89,0.225,0.854,2,less100
60961,2018,20,1394.3163265306123,7.24015948561432,0,NoWC,0,NoSA,health,4,good,98,0.204,0.847,2,less100
60961,2020,22,3035.127450980392,8.01800869634513,1,WC,0,NoSA,buservices,4,good,102,0.225,0.814,3,less250
60961,2021,23,1950.2884615384614,7.575732569611461,1,WC,0,NoSA,buservices,4,good,104,0.221,0.769,3,less250
60966,2015,17,1323.32,7.1878990093956165,0,NoWC,1,SA,buservices,3,satisfactory,75,0.173,0.493,2,less100
60966,2018,20,1741.2105263157894,7.462335855097377,0,NoWC,0,NoSA,buservices,4,good,57,0.439,0.526,2,less100
60966,2021,23,5122.548387096775,8.541407326060979,0,NoWC,0,NoSA,buservices,4,good,31,0.194,0.516,1,less50
60968,1998,0,2791.541845493562,7.934349354963536,0,NoWC,0,NoSA,public,3,satisfactory,233,0.021,0.961,3,less250
60968,1999,1,2241.7382305194806,7.715006839687665,0,NoWC,0,NoSA,public,4,good,231,0.022,0.957,3,less250
60968,2000,2,2564.84118852459,7.849651840882841,0,NoWC,0,NoSA,public,4,good,244,0.029,0.943,3,less250
60968,2001,3,3062.409890776699,8.026957431000252,0,NoWC,0,NoSA,public,4,good,206,0.024,0.966,3,less250
61038,2004,6,1516.8541666666667,7.324393842009402,1,WC,0,NoSA,wholesretail,2,sufficient,48,0.042,0.417,1,less50
61038,2005,7,2301.4375,7.7412892066860834,1,WC,0,NoSA,wholesretail,3,satisfactory,32,0.062,0.438,1,less50
61038,2009,11,3018.5833333333335,8.012542905386734,1,WC,0,NoSA,wholesretail,4,good,24,0.5,0.708,1,less50
61038,2010,12,4393.454545454545,8.387871109020207,1,WC,0,NoSA,wholesretail,1,unsatisfactory,22,0.182,0.273,1,less50
61054,2004,6,1499.2676056338028,7.3127320049403535,1,WC,0,NoSA,buservices,4,good,71,0.352,0.225,2,less100
61054,2005,7,1189.7714285714285,7.0815164908257255,1,WC,0,NoSA,buservices,3,satisfactory,70,0.371,0.214,2,less100
61054,2007,9,1284.8285714285714,7.158380580981173,1,WC,0,NoSA,buservices,4,good,70,0.371,0.243,2,less100
61054,2008,10,1131.4583333333333,7.031262640121,1,WC,0,NoSA,buservices,4,good,48,0.542,0.167,1,less50
61054,2009,11,982.0204081632653,6.889612090382169,1,WC,0,NoSA,buservices,4,good,49,0.469,0.224,1,less50
61054,2010,12,731.530612244898,6.595139068176346,1,WC,0,NoSA,buservices,4,good,49,0.469,0.204,1,less50
61054,2011,13,868.96,6.767297094286535,1,WC,0,NoSA,buservices,3,satisfactory,50,0.44,0.28,1,less50
61054,2013,15,1167.673076923077,7.06276822431426,1,WC,0,NoSA,buservices,3,satisfactory,52,0.481,0.308,2,less100
61054,2014,16,1118.8,7.020011961327804,1,WC,0,NoSA,buservices,3,satisfactory,50,0.48,0.32,1,less50
61054,2015,17,1194.82,7.08575082540507,1,WC,0,NoSA,buservices,4,good,50,0.48,0.32,1,less50
61054,2016,18,1292.58,7.164395500018391,1,WC,0,NoSA,buservices,4,good,50,0.42,0.32,1,less50
61054,2018,20,1462.2115384615386,7.287705320993132,1,WC,0,NoSA,buservices,4,good,52,0.346,0.327,2,less100
61054,2019,21,1434.622641509434,7.268657126022438,1,WC,0,NoSA,buservices,4,good,53,0.34,0.321,2,less100
61054,2020,22,1064.9019607843138,6.970638018304565,1,WC,0,NoSA,buservices,4,good,51,0.373,0.275,2,less100
61054,2021,23,1531.56,7.3340421027825995,1,WC,0,NoSA,buservices,4,good,50,0.36,0.34,1,less50
61059,2001,3,963.6829545454545,6.870762355189614,0,NoWC,0,NoSA,manufacturing,4,good,55,0.018,0.618,2,less100
61059,2002,4,908.4423076923077,6.811731383004545,0,NoWC,0,NoSA,manufacturing,3,satisfactory,52,0.135,0.654,2,less100
61059,2003,5,822.1176470588235,6.711883507757676,0,NoWC,0,NoSA,manufacturing,4,good,51,0.078,0.627,2,less100
61059,2004,6,872.3584905660377,6.771200452459617,0,NoWC,0,NoSA,manufacturing,3,satisfactory,53,0.075,0.585,2,less100
61059,2005,7,753.6,6.624861723262153,0,NoWC,0,NoSA,manufacturing,4,good,55,0.036,0.618,2,less100
61151,2014,16,1587.9396984924624,7.370192667844557,1,WC,0,NoSA,construction,2,sufficient,199,0.09,0.618,3,less250
61151,2017,19,2267.9467680608363,7.726630193699551,1,WC,0,NoSA,construction,3,satisfactory,263,0.103,0.418,4,more250
61151,2018,20,2488.4624505928855,7.819420309011725,1,WC,0,NoSA,construction,3,satisfactory,253,0.138,0.375,4,more250
61161,2004,6,1858.08,7.527298975497447,1,WC,0,NoSA,health,3,satisfactory,25,0.08,0.72,1,less50
61161,2005,7,1935.52,7.568131303211538,1,WC,0,NoSA,health,4,good,25,0.08,0.76,1,less50
61161,2006,8,2103.8260869565215,7.651512912150589,1,WC,0,NoSA,health,3,satisfactory,23,0.087,0.261,1,less50
61173,2017,19,1379.358024691358,7.229373470413377,1,WC,0,NoSA,manufacturing,5,very good,81,0.012,0.481,2,less100
61173,2018,20,1692.8484848484848,7.434167883059391,1,WC,0,NoSA,manufacturing,4,good,66,0.015,0.409,2,less100
61173,2019,21,1838.6607142857142,7.516792712904299,1,WC,0,NoSA,manufacturing,5,very good,56,0.036,0.339,2,less100
61175,1998,0,1349.8967696629213,7.207783401592377,0,NoWC,0,NoSA,resthotels,1,unsatisfactory,89,0.337,0.685,2,less100
61175,1999,1,1375.339480377907,7.226455874447457,0,NoWC,0,NoSA,resthotels,1,unsatisfactory,86,0.279,0.698,2,less100
61175,2000,2,1597.3137538580247,7.376078593450647,0,NoWC,0,NoSA,resthotels,2,sufficient,81,0.642,0.704,2,less100
61175,2001,3,2052.3587662337663,7.626745028354283,0,NoWC,0,NoSA,resthotels,1,unsatisfactory,77,0.247,0.701,2,less100
61175,2002,4,1928,7.564238475170491,0,NoWC,0,NoSA,resthotels,1,unsatisfactory,75,0.253,0.693,2,less100
61180,1999,1,1564.55322265625,7.355355581486042,1,WC,0,NoSA,manufacturing,1,unsatisfactory,24,0.042,0.792,1,less50
61180,2003,5,1197.391304347826,7.087900556353496,1,WC,0,NoSA,manufacturing,2,sufficient,23,0.043,0.652,1,less50
61180,2004,6,1252.7826086956522,7.133122443192269,1,WC,0,NoSA,manufacturing,2,sufficient,23,0.043,0.739,1,less50
61180,2005,7,1006.4782608695652,6.9142126461079565,1,WC,0,NoSA,manufacturing,1,unsatisfactory,23,0.087,0.739,1,less50
61207,2000,2,1601.5861191860465,7.37874974168152,0,NoWC,1,SA,health,3,satisfactory,258,0.496,0.593,4,more250
61207,2001,3,1660.0300090252708,7.414590958913256,0,NoWC,1,SA,health,3,satisfactory,277,0.502,0.625,4,more250
61207,2002,4,1135.5551839464883,7.034876959172733,0,NoWC,1,SA,health,2,sufficient,299,0.482,0.582,4,more250
61208,2016,18,3214.608695652174,8.075460917180898,1,WC,0,NoSA,construction,1,unsatisfactory,23,0.043,0.174,1,less50
61208,2018,20,2676.25,7.8921718399038925,1,WC,0,NoSA,construction,1,unsatisfactory,28,0.036,0.071,1,less50
61208,2019,21,2518.1290322580644,7.831271457238175,1,WC,0,NoSA,construction,1,unsatisfactory,31,0.032,0.129,1,less50
61295,2013,15,842.8961038961039,6.736843704731636,1,WC,0,NoSA,edu,4,good,77,0.104,0.442,2,less100
61295,2014,16,1132.53,7.032209347072558,1,WC,0,NoSA,edu,4,good,100,0.29,0.45,2,less100
61295,2015,17,824.9772727272727,6.7153558377458555,1,WC,0,NoSA,edu,4,good,132,0.22,0.455,3,less250
61295,2016,18,1011.8761061946902,6.919561417644091,1,WC,0,NoSA,edu,2,sufficient,113,0.274,0.451,3,less250
61389,2018,20,1839.409090909091,7.517199652779474,1,WC,0,NoSA,health,5,very good,22,0.136,0.136,1,less50
61389,2019,21,2009.6666666666667,7.605724149821296,1,WC,0,NoSA,health,4,good,24,0.208,0.125,1,less50
61389,2020,22,2307.7727272727275,7.74403815106041,1,WC,0,NoSA,art,4,good,22,0.136,0.136,1,less50
61389,2021,23,2192.1153846153848,7.692622285649397,1,WC,0,NoSA,art,5,very good,26,0.115,0.115,1,less50
61403,2007,9,1438.1904761904761,7.271140988612311,1,WC,0,NoSA,wholesretail,2,sufficient,63,0.476,0.143,2,less100
61403,2008,10,1478.5555555555557,7.298820914207523,1,WC,0,NoSA,wholesretail,2,sufficient,63,0.397,0.143,2,less100
61403,2009,11,1427.111111111111,7.263407477873185,1,WC,0,NoSA,wholesretail,3,satisfactory,72,0.528,0.125,2,less100
61403,2011,13,1477.1764705882354,7.297887754465574,1,WC,0,NoSA,wholesretail,3,satisfactory,68,0.618,0.132,2,less100
61403,2012,14,1731.688524590164,7.456852237263032,1,WC,0,NoSA,wholesretail,3,satisfactory,61,0.525,0.148,2,less100
61403,2013,15,2774.7758620689656,7.92832525249283,1,WC,0,NoSA,wholesretail,3,satisfactory,58,0.569,0.155,2,less100
61403,2016,18,2513.735294117647,7.829525090892782,1,WC,0,NoSA,wholesretail,4,good,68,0.265,0.118,2,less100
61429,2018,20,4204.966666666666,8.344021645304682,1,WC,0,NoSA,transcom,5,very good,30,0.033,0.133,1,less50
61429,2019,21,3942.15625,8.279483124167111,1,WC,0,NoSA,transcom,5,very good,32,0.062,0.125,1,less50
61429,2020,22,2742.366666666667,7.9165765735260125,1,WC,0,NoSA,transcom,5,very good,30,0.1,0.133,1,less50
61429,2021,23,3217.7,8.076422097600584,1,WC,0,NoSA,public,5,very good,30,0.1,0.133,1,less50
61446,2009,11,2198.2368421052633,7.695410882618663,1,WC,0,NoSA,public,4,good,38,0.026,0.184,1,less50
61446,2010,12,1488.340909090909,7.305417294724211,1,WC,0,NoSA,public,2,sufficient,44,0.045,0.25,1,less50
61446,2011,13,1196.5471698113208,7.087195329731674,0,NoWC,0,NoSA,public,3,satisfactory,53,0.019,0.226,2,less100
61446,2012,14,1140.9137931034484,7.03958479319832,0,NoWC,0,NoSA,public,3,satisfactory,58,0.017,0.207,2,less100
61446,2013,15,939.4603174603175,6.845305580026739,0,NoWC,0,NoSA,public,3,satisfactory,63,0.016,0.19,2,less100
61446,2014,16,877.0277777777778,6.77653866550545,0,NoWC,0,NoSA,public,3,satisfactory,72,0.028,0.278,2,less100
61446,2015,17,807.5681818181819,6.69402748722047,0,NoWC,0,NoSA,public,1,unsatisfactory,88,0.057,0.239,2,less100
61446,2016,18,789.8969072164948,6.671902439751257,0,NoWC,0,NoSA,public,1,unsatisfactory,97,0.062,0.237,2,less100
61446,2017,19,986.6082474226804,6.894273048203863,0,NoWC,0,NoSA,public,1,unsatisfactory,97,0.052,0.237,2,less100
61446,2018,20,956.7857142857143,6.86357945236345,0,NoWC,0,NoSA,public,1,unsatisfactory,98,0.01,0.245,2,less100
61446,2019,21,978.3030303030303,6.8858194689777825,0,NoWC,0,NoSA,public,3,satisfactory,99,0.061,0.303,2,less100
61472,2000,2,406.31163832720586,6.007120447247979,1,WC,1,SA,manufacturing,3,satisfactory,34,0.324,0.029,1,less50
61472,2001,3,404.6642696496212,6.003057759497929,1,WC,1,SA,manufacturing,3,satisfactory,33,0.455,0,1,less50
61472,2002,4,486.05263157894734,6.1863169134669,1,WC,0,NoSA,manufacturing,1,unsatisfactory,38,0.526,0,1,less50
61516,2004,6,867.8846153846154,6.766058774239619,1,WC,0,NoSA,mining,3,satisfactory,26,0.077,0.077,1,less50
61516,2005,7,2106.05,7.6525694341024995,1,WC,0,NoSA,mining,3,satisfactory,20,0.05,0.1,1,less50
61516,2021,23,1361.047619047619,7.216009990318317,0,NoWC,0,NoSA,mining,1,unsatisfactory,21,0.095,0.143,1,less50
61525,2003,5,230.87190082644628,5.441863014829724,1,WC,0,NoSA,manufacturing,3,satisfactory,242,0.004,0.748,3,less250
61525,2005,7,242.21900826446281,5.489842309725934,1,WC,0,NoSA,manufacturing,2,sufficient,242,0.004,0.822,3,less250
61525,2008,10,256.1637630662021,5.5458169394364205,1,WC,0,NoSA,manufacturing,3,satisfactory,287,0.003,0.787,4,more250
61525,2010,12,258.6411149825784,5.555441444351971,1,WC,0,NoSA,manufacturing,4,good,287,0.003,0.742,4,more250
61525,2011,13,305.4634146341463,5.721830015741989,1,WC,0,NoSA,manufacturing,3,satisfactory,287,0.003,0.662,4,more250
61525,2012,14,297.06620209059236,5.6939550166255195,1,WC,0,NoSA,manufacturing,4,good,287,0.01,0.631,4,more250
61537,2011,13,1246.2444444444445,7.127889863448214,1,WC,0,NoSA,manufacturing,4,good,45,0.089,0.156,1,less50
61537,2012,14,1113.392857142857,7.015167260373033,1,WC,0,NoSA,manufacturing,5,very good,56,0.214,0.304,2,less100
61537,2015,17,883.8194444444445,6.784252793410092,0,NoWC,0,NoSA,manufacturing,4,good,72,0.042,0.347,2,less100
61537,2016,18,839.9752066115702,6.733372375463149,0,NoWC,0,NoSA,manufacturing,4,good,121,0.066,0.331,3,less250
61541,2000,2,207.38901654411765,5.334596336553756,1,WC,0,NoSA,manufacturing,3,satisfactory,34,0.147,0.059,1,less50
61541,2001,3,248.48786031788794,5.515393992503908,1,WC,0,NoSA,manufacturing,3,satisfactory,29,0.172,0.069,1,less50
61541,2003,5,213.93548387096774,5.365674492329985,1,WC,0,NoSA,manufacturing,2,sufficient,31,0.032,0.065,1,less50
61551,2006,8,2149.754385964912,7.67310887550984,0,NoWC,0,NoSA,construction,3,satisfactory,57,0.088,0.263,2,less100
61551,2008,10,911.3435114503817,6.814919896933501,0,NoWC,0,NoSA,construction,4,good,131,0.076,0.481,3,less250
61551,2010,12,1734.03125,7.458204179092743,0,NoWC,0,NoSA,construction,3,satisfactory,96,0.104,0.385,2,less100
61618,1998,0,2758.9265491452993,7.922596951588641,1,WC,0,NoSA,edu,3,satisfactory,117,0.034,0.103,3,less250
61618,2008,10,3195.034188034188,8.06935306723457,1,WC,0,NoSA,edu,4,good,117,0.094,0.111,3,less250
61618,2009,11,2923.728813559322,7.980615071547832,1,WC,0,NoSA,edu,5,very good,118,0.093,0.11,3,less250
61618,2010,12,2278.3859649122805,7.7312225611356045,1,WC,0,NoSA,edu,5,very good,114,0.175,0.114,3,less250
61618,2011,13,2728.301886792453,7.91143467515468,1,WC,0,NoSA,edu,3,satisfactory,106,0.217,0.132,3,less250
61625,2002,4,2226.7525773195875,7.708299559746848,0,NoWC,0,NoSA,manufacturing,1,unsatisfactory,97,0.021,0.309,2,less100
61625,2004,6,2239.7710843373493,7.714128945134618,0,NoWC,0,NoSA,manufacturing,2,sufficient,83,0.012,0.301,2,less100
61625,2005,7,2879.2328767123286,7.965279175396603,0,NoWC,0,NoSA,manufacturing,3,satisfactory,73,0.027,0.301,2,less100
61625,2006,8,2755.8356164383563,7.921475984650158,0,NoWC,0,NoSA,manufacturing,2,sufficient,73,0.082,0.548,2,less100
61631,2009,11,2610.3333333333335,7.867233206082828,0,NoWC,0,NoSA,wholesretail,4,good,24,0.042,0.833,1,less50
61631,2010,12,1932.25,7.56644040598698,0,NoWC,0,NoSA,wholesretail,3,satisfactory,32,0.031,0.938,1,less50
61631,2011,13,2680.4347826086955,7.893734292663341,0,NoWC,0,NoSA,wholesretail,4,good,23,0.043,0.696,1,less50
61631,2013,15,2991.8571428571427,8.003649591583198,0,NoWC,0,NoSA,wholesretail,4,good,21,0.048,0.667,1,less50
61635,2010,12,1082.2333333333333,6.986782086188109,1,WC,0,NoSA,buservices,3,satisfactory,240,0.042,0.558,3,less250
61635,2011,13,1357.7464788732395,7.213581603557322,1,WC,0,NoSA,buservices,5,very good,213,0.127,0.54,3,less250
61635,2013,15,1474.6543778801843,7.29617892123545,0,NoWC,1,SA,buservices,4,good,217,0.157,0.553,3,less250
61635,2014,16,1483.5680751173709,7.302205326859624,0,NoWC,1,SA,buservices,4,good,213,0.131,0.249,3,less250
61635,2015,17,3519.133333333333,8.165970026155751,0,NoWC,1,SA,buservices,5,very good,225,0.124,0.524,3,less250
61639,2012,14,952.8045112781955,6.859409752788693,1,WC,0,NoSA,finance,3,satisfactory,133,0.481,0.083,3,less250
61639,2014,16,1363.2898550724638,7.217656068715312,1,WC,0,NoSA,finance,3,satisfactory,138,0.399,0.094,3,less250
61639,2015,17,1686.0526315789473,7.430145354906681,1,WC,0,NoSA,finance,3,satisfactory,133,0.316,0.09,3,less250
61639,2016,18,2262.883333333333,7.724395090320199,1,WC,0,NoSA,finance,4,good,120,0.317,0.1,3,less250
61641,1998,0,1657.5102739726028,7.413071920515982,0,NoWC,0,NoSA,manufacturing,3,satisfactory,73,0.247,1,2,less100
61641,1999,1,1597.27578125,7.376054820375822,0,NoWC,0,NoSA,manufacturing,2,sufficient,60,0.367,1,2,less100
61641,2000,2,1211.952034883721,7.099987590667694,0,NoWC,0,NoSA,manufacturing,3,satisfactory,43,0.651,1,1,less50
61641,2001,3,1582.9181798986488,7.367025371810304,0,NoWC,0,NoSA,manufacturing,1,unsatisfactory,37,0.784,1,1,less50
61641,2004,6,1694.888888888889,7.435372465387965,0,NoWC,0,NoSA,manufacturing,1,unsatisfactory,27,0.593,1,1,less50
61641,2005,7,1690.8333333333333,7.43297678303186,0,NoWC,0,NoSA,manufacturing,2,sufficient,30,0.633,1,1,less50
61682,2000,2,1530.8273338607594,7.333563609324167,0,NoWC,0,NoSA,resthotels,3,satisfactory,79,0.114,0.329,2,less100
61682,2001,3,1133.948279272152,7.033460874140121,0,NoWC,0,NoSA,resthotels,3,satisfactory,79,0.051,0.304,2,less100
61682,2002,4,912.53125,6.816222331445588,0,NoWC,0,NoSA,resthotels,3,satisfactory,96,0.156,0.365,2,less100
61682,2003,5,912.53125,6.816222331445588,0,NoWC,0,NoSA,resthotels,2,sufficient,96,0.156,0.365,2,less100
61691,2005,7,8642.578947368422,9.064456306537792,0,NoWC,0,NoSA,manufacturing,2,sufficient,38,0.158,0.316,1,less50
61691,2006,8,8891.65625,9.092868615992256,0,NoWC,0,NoSA,manufacturing,2,sufficient,32,0.531,0.219,1,less50
61691,2008,10,8268.333333333334,9.020188236067039,0,NoWC,0,NoSA,manufacturing,2,sufficient,33,0.485,0.242,1,less50
61710,1998,0,876.05072021484375,6.775423989048898,0,NoWC,0,NoSA,public,2,sufficient,32,0.125,0.625,1,less50
61710,1999,1,1019.106953125,6.926681986620714,0,NoWC,0,NoSA,public,3,satisfactory,25,0.16,0.64,1,less50
61710,2000,2,7302.781723484848,8.89601061256394,1,WC,0,NoSA,public,4,good,33,0.121,0.606,1,less50
61710,2001,3,6950.192434210527,8.846524626551137,1,WC,0,NoSA,public,4,good,38,0.105,0.658,1,less50
61710,2002,4,7144.03125,8.87403249684688,1,WC,0,NoSA,public,4,good,32,0.156,0.281,1,less50
61710,2005,7,3960.0227272727275,8.284005043442342,1,WC,0,NoSA,public,2,sufficient,44,0.114,0.386,1,less50
61710,2006,8,4671.5,8.44923549823301,1,WC,0,NoSA,public,1,unsatisfactory,38,0.158,0.553,1,less50
61710,2007,9,4272.119047619048,8.359865247203778,1,WC,0,NoSA,public,4,good,42,0.167,0.405,1,less50
61710,2008,10,3487.8367346938776,8.157036976219445,1,WC,0,NoSA,public,4,good,49,0.143,0.388,1,less50
61710,2010,12,3923.720930232558,8.274795699459094,1,WC,0,NoSA,public,2,sufficient,43,0.163,0.326,1,less50
61710,2011,13,4368.8378378378375,8.382252311722851,1,WC,0,NoSA,public,4,good,37,0.162,0.541,1,less50
61710,2012,14,1064.2558139534883,6.9700310676517505,1,WC,0,NoSA,public,3,satisfactory,43,0.14,0.442,1,less50
61710,2013,15,933.1842105263158,6.8386026202938,1,WC,0,NoSA,public,3,satisfactory,38,0.132,0.447,1,less50
61710,2014,16,1065.3333333333333,6.971043018218055,1,WC,0,NoSA,public,3,satisfactory,42,0.119,0.476,1,less50
61710,2015,17,947.2857142857143,6.853600752313555,1,WC,0,NoSA,public,4,good,42,0.119,0.476,1,less50
61710,2016,18,1111.1627906976744,7.013162305186238,1,WC,0,NoSA,public,5,very good,43,0.093,0.349,1,less50
61710,2017,19,1331.3333333333333,7.193936225307651,1,WC,0,NoSA,public,4,good,36,0.111,0.444,1,less50
61710,2018,20,1637.4166666666667,7.4008750756291954,1,WC,0,NoSA,public,5,very good,24,0.208,0.667,1,less50
61710,2019,21,1660.44,7.414837906469294,1,WC,0,NoSA,public,4,good,25,0.16,0.36,1,less50
61710,2020,22,1263.9411764705883,7.141990036021512,1,WC,0,NoSA,buservices,4,good,34,0.147,0.5,1,less50
61710,2021,23,928.5490196078431,6.833623173807201,1,WC,0,NoSA,buservices,3,satisfactory,51,0.098,0.745,2,less100
61722,2012,14,666.2857142857143,6.501718578975015,0,NoWC,1,SA,health,4,good,91,0.297,0.264,2,less100
61722,2014,16,1005.0568181818181,6.912799354399401,0,NoWC,1,SA,health,3,satisfactory,88,0.375,0.239,2,less100
61722,2015,17,1167.7441860465117,7.062829120604259,0,NoWC,1,SA,health,3,satisfactory,86,0.407,0.326,2,less100
61732,2003,5,1962.1168831168832,7.58177921180495,0,NoWC,0,NoSA,construction,4,good,231,0.004,0.632,3,less250
61732,2004,6,2325.5813953488373,7.751725349276666,0,NoWC,0,NoSA,construction,2,sufficient,215,0.014,0.628,3,less250
61732,2006,8,2167.4008810572686,7.681283977993043,0,NoWC,0,NoSA,construction,5,very good,227,0.013,0.652,3,less250
61732,2007,9,1859.4633027522937,7.528043178162209,0,NoWC,0,NoSA,construction,5,very good,218,0.018,0.683,3,less250
61757,1998,0,484.8481326219512,6.183835713287949,1,WC,0,NoSA,buservices,3,satisfactory,82,0.012,0.537,2,less100
61757,1999,1,477.7074701544944,6.16899855802641,1,WC,0,NoSA,buservices,1,unsatisfactory,89,0.011,0.989,2,less100
61757,2000,2,488.3527036516854,6.191037898177301,1,WC,0,NoSA,buservices,4,good,89,0.011,0.888,2,less100
61757,2001,3,641.61256285919535,6.463984636876811,1,WC,0,NoSA,buservices,3,satisfactory,87,0.011,0.897,2,less100
61757,2002,4,504.85714285714283,6.2242755038243285,1,WC,0,NoSA,buservices,3,satisfactory,91,0.011,0.868,2,less100
61794,1998,0,1685.7681107954545,7.429976591021584,1,WC,0,NoSA,edu,3,satisfactory,66,0.258,0.061,2,less100
61794,1999,1,3395.0694754464284,8.130079503832432,1,WC,0,NoSA,edu,3,satisfactory,56,0.304,0.054,2,less100
61794,2000,2,3794.412109375,8.241284765938998,1,WC,0,NoSA,health,4,good,40,0.325,0.075,1,less50
61794,2002,4,3609.4242424242425,8.191303548973929,1,WC,0,NoSA,health,4,good,33,0.333,0.121,1,less50
61824,2014,16,2407.151515151515,7.786199383517575,0,NoWC,0,NoSA,manufacturing,4,good,33,0.364,0.667,1,less50
61824,2015,17,2333.090909090909,7.75494923786787,0,NoWC,0,NoSA,manufacturing,3,satisfactory,33,0.364,0.727,1,less50
61824,2016,18,2771.7096774193546,7.927219620849106,0,NoWC,0,NoSA,manufacturing,4,good,31,0.516,0.581,1,less50
61824,2017,19,3184.1612903225805,8.065944202189625,0,NoWC,0,NoSA,manufacturing,5,very good,31,0.806,0.645,1,less50
61824,2018,20,2441.3030303030305,7.800287204557324,0,NoWC,0,NoSA,manufacturing,5,very good,33,0.182,0.515,1,less50
61824,2019,21,2510.5588235294117,7.828260646201817,0,NoWC,0,NoSA,manufacturing,5,very good,34,0.765,0.529,1,less50
61824,2020,22,2702.96875,7.902105984981351,1,WC,0,NoSA,manufacturing,4,good,32,0.781,0.562,1,less50
61824,2021,23,2359.125,7.766046066558303,0,NoWC,0,NoSA,manufacturing,5,very good,32,0.656,0.5,1,less50
61827,2003,5,2433.125,7.79693171836472,1,WC,0,NoSA,manufacturing,3,satisfactory,24,0.042,0.417,1,less50
61827,2004,6,2406.1739130434785,7.785793176982795,1,WC,0,NoSA,buservices,2,sufficient,23,0.087,0.304,1,less50
61827,2006,8,2510.809523809524,7.8283604995736384,1,WC,0,NoSA,buservices,1,unsatisfactory,21,0.095,0.333,1,less50
61827,2007,9,2689,7.896924656268864,1,WC,0,NoSA,buservices,1,unsatisfactory,22,0.136,0.273,1,less50
61827,2008,10,2719.3636363636365,7.9081531746985325,1,WC,0,NoSA,buservices,2,sufficient,22,0.045,0.273,1,less50
61827,2010,12,2238.909090909091,7.713744013232731,1,WC,0,NoSA,manufacturing,2,sufficient,22,0.045,0.318,1,less50
61827,2011,13,2711.3333333333335,7.905195797799061,1,WC,0,NoSA,manufacturing,2,sufficient,21,0.048,0.333,1,less50
61827,2012,14,2815.0476190476193,7.94273445661104,1,WC,0,NoSA,manufacturing,2,sufficient,21,0.048,0.333,1,less50
61827,2013,15,2960.318181818182,7.9930520353985495,1,WC,0,NoSA,manufacturing,2,sufficient,22,0.136,0.318,1,less50
61827,2015,17,2788.035714285714,7.933092581800417,1,WC,0,NoSA,manufacturing,3,satisfactory,28,0.036,0.429,1,less50
61827,2017,19,2581.6,7.856164640737752,1,WC,0,NoSA,manufacturing,2,sufficient,25,0.04,0.28,1,less50
61827,2018,20,2747.6521739130435,7.91850207106359,1,WC,0,NoSA,manufacturing,2,sufficient,23,0.043,0.304,1,less50
61827,2020,22,2694.9565217391305,7.899137350277573,1,WC,0,NoSA,manufacturing,2,sufficient,23,0.043,0.304,1,less50
61843,2001,3,3103.7622549019607,8.04037028523245,0,NoWC,0,NoSA,manufacturing,2,sufficient,153,0.059,0.784,3,less250
61843,2003,5,3308.3868613138684,8.104215996498619,0,NoWC,0,NoSA,manufacturing,2,sufficient,137,0.131,0.883,3,less250
61843,2004,6,4424.778761061947,8.394975558691987,0,NoWC,1,SA,manufacturing,2,sufficient,113,0.168,0.92,3,less250
61843,2007,9,3587.283185840708,8.185150422238957,0,NoWC,1,SA,manufacturing,1,unsatisfactory,113,0.195,0.841,3,less250
61964,2016,18,1398.2173913043478,7.242953412352945,0,NoWC,0,NoSA,manufacturing,4,good,23,0.522,0.522,1,less50
61964,2017,19,1598.0869565217392,7.3765625406916255,0,NoWC,0,NoSA,manufacturing,5,very good,23,0.435,0.739,1,less50
61964,2018,20,1801.6666666666667,7.496467441405199,0,NoWC,0,NoSA,manufacturing,5,very good,21,0.619,0.571,1,less50
61964,2019,21,2026.857142857143,7.6142416668382,1,WC,0,NoSA,manufacturing,4,good,21,0.571,0.667,1,less50
61964,2020,22,2149.681818181818,7.673075118626539,1,WC,0,NoSA,manufacturing,5,very good,22,0.682,0.636,1,less50
61968,2017,19,1993.5238095238096,7.597659110328621,1,WC,0,NoSA,transcom,2,sufficient,21,0.048,0.143,1,less50
61968,2018,20,2253.190476190476,7.720102480218832,1,WC,0,NoSA,transcom,2,sufficient,21,0.143,0.143,1,less50
61968,2019,21,2880.05,7.965562934090401,1,WC,0,NoSA,transcom,3,satisfactory,20,0.15,0.15,1,less50
61968,2020,22,3072.5238095238096,8.030254590644928,1,WC,0,NoSA,transcom,4,good,21,0.19,0.143,1,less50
61968,2021,23,2690.909090909091,7.897634367513781,1,WC,0,NoSA,transcom,5,very good,22,0.182,0.136,1,less50
62004,1998,0,1197.2601304945056,7.087791000656543,0,NoWC,0,NoSA,construction,4,good,91,0.011,0.538,2,less100
62004,1999,1,1075.4478581460673,6.980492466031884,0,NoWC,0,NoSA,buservices,4,good,89,0.011,0.753,2,less100
62004,2000,2,1266.2143110795455,7.143786870430885,0,NoWC,0,NoSA,buservices,5,very good,88,0.011,0.795,2,less100
62004,2001,3,968.9333692528736,6.87619584714559,0,NoWC,0,NoSA,buservices,4,good,87,0.011,0.828,2,less100
62025,2001,3,646.963893581081,6.472290487041191,1,WC,0,NoSA,buservices,2,sufficient,37,0.162,0.27,1,less50
62025,2002,4,1071.6470588235295,6.9769520512485395,1,WC,0,NoSA,buservices,2,sufficient,34,0.176,0.235,1,less50
62025,2003,5,929.1290322580645,6.8342476228805875,1,WC,0,NoSA,buservices,3,satisfactory,31,0.194,0.323,1,less50
62025,2004,6,993.0909090909091,6.900822209795225,1,WC,1,SA,buservices,2,sufficient,33,0.152,0.303,1,less50
62025,2005,7,1155.4705882352941,7.05226297567806,1,WC,0,NoSA,buservices,3,satisfactory,34,0.206,0.294,1,less50
62025,2006,8,1151.5428571428572,7.048857937102977,1,WC,0,NoSA,buservices,3,satisfactory,35,0.171,0.343,1,less50
62025,2007,9,995.1212121212121,6.902864550966338,1,WC,0,NoSA,buservices,2,sufficient,33,0.121,0.303,1,less50
62025,2008,10,1197.3823529411766,7.0878930805683655,1,WC,0,NoSA,buservices,1,unsatisfactory,34,0.147,0.559,1,less50
62041,2000,2,608.2030029296875,6.4105087126360205,1,WC,0,NoSA,manufacturing,4,good,24,0.083,0.042,1,less50
62041,2001,3,743.439697265625,6.611287656041459,1,WC,0,NoSA,manufacturing,4,good,24,0.042,0.125,1,less50
62041,2002,4,937.4782608695652,6.843193569169913,1,WC,0,NoSA,manufacturing,4,good,23,0.087,0.13,1,less50
62041,2005,7,245.125,5.50176828451651,1,WC,0,NoSA,manufacturing,3,satisfactory,24,0.042,0.125,1,less50
62041,2006,8,282.69565217391306,5.644370884934701,1,WC,0,NoSA,manufacturing,3,satisfactory,23,0.087,0.13,1,less50
62076,2018,20,2376.7175572519086,7.7734756370994464,1,WC,0,NoSA,manufacturing,3,satisfactory,131,0.031,0.076,3,less250
62076,2019,21,2156.090909090909,7.676052096766524,1,WC,0,NoSA,manufacturing,2,sufficient,154,0.065,0.065,3,less250
62076,2021,23,1864.1410256410256,7.530555649916389,1,WC,0,NoSA,manufacturing,1,unsatisfactory,156,0.115,0.064,3,less250
62106,2012,14,1650.6272727272728,7.408910659939369,0,NoWC,0,NoSA,wholesretail,5,very good,110,0.591,0.218,3,less250
62106,2013,15,1657.0285714285715,7.412781260143671,0,NoWC,0,NoSA,wholesretail,4,good,105,0.61,0.21,3,less250
62106,2014,16,1320.2660550458716,7.185588552123496,0,NoWC,0,NoSA,wholesretail,4,good,109,0.211,0.22,3,less250
62106,2015,17,1588.8545454545454,7.3707686239292896,0,NoWC,0,NoSA,wholesretail,4,good,110,0.764,0.218,3,less250
62106,2016,18,1778.6875,7.4836310117523075,0,NoWC,0,NoSA,wholesretail,3,satisfactory,112,0.625,0.223,3,less250
62106,2017,19,1662.875,7.41630331100407,0,NoWC,0,NoSA,wholesretail,5,very good,120,0.742,0.208,3,less250
62106,2018,20,1466.4180327868853,7.2905779937677275,0,NoWC,0,NoSA,wholesretail,2,sufficient,122,0.197,0.213,3,less250
62106,2019,21,1315.9274193548388,7.182296957898381,0,NoWC,0,NoSA,wholesretail,3,satisfactory,124,0.887,0.185,3,less250
62106,2020,22,1535.90625,7.336875876688646,0,NoWC,0,NoSA,wholesretail,4,good,128,0.711,0.18,3,less250
62109,1998,0,1241.3758903133903,7.1239756324226535,0,NoWC,0,NoSA,manufacturing,2,sufficient,351,0.083,0.613,4,more250
62109,1999,1,1483.3062325905291,7.302028816161586,0,NoWC,0,NoSA,manufacturing,5,very good,359,0.134,0.613,4,more250
62109,2000,2,1245.3842690677966,7.127199411129893,0,NoWC,0,NoSA,mining,3,satisfactory,354,0.218,0.602,4,more250
62109,2001,3,1060.1169011780105,6.966134465155464,0,NoWC,0,NoSA,mining,2,sufficient,382,0.327,0.688,4,more250
62109,2002,4,983.661938534279,6.8912822796224225,0,NoWC,0,NoSA,mining,3,satisfactory,423,0.324,0.704,4,more250
62110,2003,5,1298.707736389685,7.169125000124316,1,WC,0,NoSA,transcom,3,satisfactory,349,0.014,0.656,4,more250
62110,2005,7,968.4621026894865,6.875709352179015,1,WC,0,NoSA,transcom,3,satisfactory,409,0.01,0.418,4,more250
62110,2007,9,651.5045454545455,6.479284373447001,1,WC,0,NoSA,transcom,4,good,440,0.005,0.366,4,more250
62110,2008,10,638.9336492890995,6.459800613757958,1,WC,0,NoSA,transcom,4,good,422,0.002,0.555,4,more250
62112,2000,2,3813.9641702586205,8.246424391847391,0,NoWC,0,NoSA,resthotels,3,satisfactory,116,0.147,0.5,3,less250
62112,2001,3,3466.6315104166665,8.15093865518397,0,NoWC,0,NoSA,resthotels,4,good,120,0.217,0.4,3,less250
62112,2002,4,3302.352,8.102390220857835,0,NoWC,0,NoSA,resthotels,2,sufficient,125,0.272,0.376,3,less250
62112,2003,5,3338.15,8.113172040300217,0,NoWC,0,NoSA,resthotels,3,satisfactory,120,0.175,0.558,3,less250
62112,2004,6,3666.1487603305786,8.206897005953506,0,NoWC,0,NoSA,resthotels,3,satisfactory,121,0.149,0.587,3,less250
62112,2005,7,3217.0967741935483,8.076234608910767,0,NoWC,0,NoSA,resthotels,2,sufficient,124,0.177,0.718,3,less250
62122,2007,9,1139.1354838709678,7.038024906216027,1,WC,0,NoSA,manufacturing,3,satisfactory,155,0.858,0.458,3,less250
62122,2008,10,1051.0520231213873,6.957546868340216,1,WC,0,NoSA,manufacturing,2,sufficient,173,0.751,0.526,3,less250
62122,2009,11,1441.7777777777778,7.273632199018975,1,WC,0,NoSA,manufacturing,3,satisfactory,171,0.749,0.491,3,less250
62129,2017,19,3171.9607843137255,8.062105219599413,1,WC,0,NoSA,buservices,4,good,102,0.049,0.794,3,less250
62129,2019,21,3213.1652173913044,8.075011779328614,1,WC,0,NoSA,buservices,3,satisfactory,115,0.096,0.809,3,less250
62129,2020,22,3039.9189189189187,8.019586122636328,1,WC,0,NoSA,buservices,3,satisfactory,111,0.09,0.802,3,less250
62136,2001,3,1361.275730298913,7.2161775760328375,1,WC,1,SA,manufacturing,4,good,92,0.25,0.598,2,less100
62136,2002,4,1597.4565217391305,7.376167969442587,1,WC,1,SA,manufacturing,4,good,92,0.25,0.478,2,less100
62136,2003,5,1686.195652173913,7.430230177009337,1,WC,1,SA,manufacturing,4,good,92,0.283,0.478,2,less100
62175,2000,2,2418.0763221153848,7.790727594826884,1,WC,0,NoSA,transcom,3,satisfactory,26,0.038,0.077,1,less50
62175,2001,3,2291.310614224138,7.736879253457194,1,WC,0,NoSA,transcom,3,satisfactory,29,0.034,0.103,1,less50
62175,2002,4,2533.7241379310344,7.837445490681472,1,WC,0,NoSA,buservices,3,satisfactory,29,0.034,0.069,1,less50
62191,2014,16,775.060606060606,6.652941227664304,0,NoWC,0,NoSA,construction,3,satisfactory,33,0.03,0.939,1,less50
62191,2016,18,655.8205128205128,6.485887143001137,0,NoWC,0,NoSA,construction,3,satisfactory,39,0.41,0.923,1,less50
62191,2018,20,667.5384615384615,6.503597008896759,0,NoWC,0,NoSA,construction,3,satisfactory,39,0.436,0.923,1,less50
62191,2019,21,1157.051282051282,7.053630049505536,0,NoWC,0,NoSA,construction,4,good,39,0.308,0.923,1,less50
62203,2007,9,1788.9166666666667,7.4893655014660885,1,WC,0,NoSA,edu,1,unsatisfactory,84,0.024,0.643,2,less100
62203,2008,10,1619.287356321839,7.38974142793546,1,WC,0,NoSA,edu,1,unsatisfactory,87,0.011,0.655,2,less100
62203,2010,12,933.1978021978022,6.838617185019986,1,WC,0,NoSA,edu,4,good,91,0.011,0.725,2,less100
62203,2013,15,1833.7831325301204,7.514136397476715,0,NoWC,0,NoSA,edu,4,good,83,0.012,0.759,2,less100
62203,2015,17,1710.654761904762,7.444631477907249,0,NoWC,0,NoSA,edu,4,good,84,0.012,0.75,2,less100
62203,2016,18,1746.1851851851852,7.465188793309785,0,NoWC,0,NoSA,edu,4,good,81,0.012,0.778,2,less100
62203,2017,19,1800.8875,7.496034877927861,0,NoWC,0,NoSA,edu,4,good,80,0.013,0.787,2,less100
62203,2019,21,1927.8026315789473,7.564136100417381,0,NoWC,0,NoSA,edu,4,good,76,0.013,0.803,2,less100
62203,2021,23,2585.6543209876545,7.857733877151438,0,NoWC,0,NoSA,buservices,4,good,81,0.012,0.79,2,less100
62245,2000,2,2341.6388658940396,7.758606333247293,1,WC,0,NoSA,manufacturing,3,satisfactory,151,0.02,0.45,3,less250
62245,2001,3,2339.292425496689,7.7576037803586395,1,WC,0,NoSA,manufacturing,3,satisfactory,151,0.007,0.55,3,less250
62245,2002,4,2567.234375,7.850584479780791,1,WC,0,NoSA,manufacturing,1,unsatisfactory,128,0.023,0.508,3,less250
62245,2003,5,2657.704347826087,7.885218002020374,1,WC,0,NoSA,manufacturing,2,sufficient,115,0.017,0.426,3,less250
62245,2004,6,2765.8053097345132,7.9250871228112425,1,WC,0,NoSA,manufacturing,2,sufficient,113,0.009,0.584,3,less250
62255,2016,18,380.8,5.942274302917211,1,WC,0,NoSA,edu,3,satisfactory,25,0.76,0.8,1,less50
62255,2017,19,888.52,6.789557157189422,1,WC,0,NoSA,edu,3,satisfactory,25,0.76,0.8,1,less50
62255,2018,20,888.52,6.789557157189422,1,WC,0,NoSA,edu,3,satisfactory,25,0.56,0.88,1,less50
62255,2019,21,1057.8,6.963946558631879,1,WC,0,NoSA,edu,3,satisfactory,25,0.28,0.84,1,less50
62259,2014,16,1720.8857142857144,7.450594387432274,1,WC,0,NoSA,art,3,satisfactory,35,0.343,0.457,1,less50
62259,2015,17,1577.4571428571428,7.363569426285395,1,WC,0,NoSA,art,3,satisfactory,35,0.143,0.886,1,less50
62259,2017,19,2576.5333333333333,7.8542001051320325,1,WC,0,NoSA,art,3,satisfactory,30,0.133,0.867,1,less50
62259,2018,20,2751.259259259259,7.919813998308615,1,WC,0,NoSA,art,3,satisfactory,27,0.185,0.889,1,less50
62283,1998,0,888.4204892966361,6.789445154897766,0,NoWC,0,NoSA,manufacturing,1,unsatisfactory,327,0.37,0.48,4,more250
62283,1999,1,1458.0573630136987,7.284860255425458,0,NoWC,0,NoSA,manufacturing,1,unsatisfactory,292,0.469,0.493,4,more250
62283,2000,2,1783.640788327526,7.486411941031606,0,NoWC,0,NoSA,manufacturing,1,unsatisfactory,287,0.362,0.537,4,more250
62286,2004,6,1868.3030303030303,7.532785827421887,0,NoWC,0,NoSA,buservices,5,very good,33,0.121,0.667,1,less50
62286,2005,7,2510.59375,7.828274557936255,0,NoWC,0,NoSA,buservices,5,very good,32,0.188,0.719,1,less50
62286,2006,8,1483.3157894736842,7.302035259101121,1,WC,0,NoSA,buservices,2,sufficient,38,0.105,0.737,1,less50
62304,2013,15,2633.5526315789475,7.876089024134389,1,WC,0,NoSA,buservices,4,good,38,0.342,0.763,1,less50
62304,2014,16,2829.684210526316,7.947920398024598,1,WC,0,NoSA,buservices,4,good,38,0.263,0.763,1,less50
62304,2015,17,2794.65,7.9354621541344725,1,WC,0,NoSA,buservices,3,satisfactory,40,0.25,0.8,1,less50
62304,2016,18,3406.8285714285716,8.133537099819927,1,WC,0,NoSA,buservices,3,satisfactory,35,0.286,0.8,1,less50
62304,2017,19,3163.4857142857145,8.059429772782753,1,WC,0,NoSA,buservices,3,satisfactory,35,0.286,0.8,1,less50
62304,2018,20,2586.5714285714284,7.858088504980072,1,WC,0,NoSA,buservices,4,good,35,0.114,0.8,1,less50
62304,2019,21,2586.5714285714284,7.858088504980072,1,WC,0,NoSA,buservices,4,good,35,0.229,0.8,1,less50
62304,2020,22,2585.542857142857,7.85769076765823,1,WC,0,NoSA,public,4,good,35,0.229,0.8,1,less50
62304,2021,23,2267.5434782608695,7.726452356341678,1,WC,0,NoSA,public,3,satisfactory,46,0.174,0.717,1,less50
62321,2012,14,2773.9375,7.928023069979285,1,WC,1,SA,edu,4,good,32,0.094,0.062,1,less50
62321,2014,16,4051.8125,8.306919590852713,1,WC,1,SA,edu,4,good,32,0.094,0.062,1,less50
62321,2016,18,5641.34375,8.637877569660334,1,WC,1,SA,edu,3,satisfactory,32,0.156,0.062,1,less50
62321,2017,19,6233.53125,8.737698265007404,1,WC,0,NoSA,edu,4,good,32,0.156,0.062,1,less50
62321,2020,22,83.57575757575758,4.425753496886767,1,WC,0,NoSA,health,4,good,33,0.697,0.061,1,less50
62326,1998,0,1631.984879032258,7.397552270182268,0,NoWC,0,NoSA,art,1,unsatisfactory,496,0.339,0.151,4,more250
62326,1999,1,815.9930065524194,6.704405784525934,0,NoWC,0,NoSA,art,1,unsatisfactory,496,0.306,0.151,4,more250
62326,2000,2,1400.047539149888,7.244261471562474,0,NoWC,0,NoSA,manufacturing,1,unsatisfactory,447,0.383,0.168,4,more250
62326,2001,3,1317.0280532359081,7.183133002378917,0,NoWC,0,NoSA,manufacturing,1,unsatisfactory,479,0.376,0.138,4,more250
62326,2002,4,1145.19427402863,7.04332957323646,0,NoWC,0,NoSA,manufacturing,2,sufficient,489,0.395,0.16,4,more250
62342,2001,3,667.7358333333333,6.503892636240246,0,NoWC,1,SA,buservices,4,good,225,0.031,0.142,3,less250
62342,2002,4,3060.1092896174864,8.026205909869912,0,NoWC,0,NoSA,buservices,3,satisfactory,183,0.049,0.131,3,less250
62342,2003,5,2619.936416184971,7.8709053278289645,0,NoWC,1,SA,buservices,4,good,173,0.052,0.145,3,less250
62349,2003,5,9064.98,9.112173916898596,1,WC,0,NoSA,manufacturing,4,good,50,0.04,0.62,1,less50
62349,2004,6,10204.081632653062,9.230543079293703,1,WC,0,NoSA,manufacturing,3,satisfactory,49,0.041,0.633,1,less50
62349,2006,8,9111.111111111111,9.117249948910171,1,WC,0,NoSA,manufacturing,3,satisfactory,54,0.037,0.556,2,less100
62349,2007,9,6989.017241379311,8.85209523040488,1,WC,0,NoSA,manufacturing,4,good,58,0.034,0.621,2,less100
62370,2014,16,2174.35593220339,7.684487776544796,1,WC,0,NoSA,wholesretail,3,satisfactory,59,0.322,0.627,2,less100
62370,2015,17,1782.7761194029852,7.485927045987727,1,WC,0,NoSA,wholesretail,3,satisfactory,67,0.164,0.522,2,less100
62370,2016,18,1803.313432835821,7.4973810477154945,1,WC,0,NoSA,wholesretail,2,sufficient,67,0.284,0.552,2,less100
62370,2017,19,1309.720430107527,7.177568981287929,1,WC,0,NoSA,wholesretail,3,satisfactory,93,0.204,0.645,2,less100
62370,2018,20,1207.5871559633028,7.096379561773556,1,WC,0,NoSA,wholesretail,2,sufficient,109,0.303,0.523,3,less250
62370,2019,21,1095.7586206896551,6.99920220665529,0,NoWC,0,NoSA,wholesretail,3,satisfactory,116,0.491,0.819,3,less250
62370,2020,22,1132.7297297297298,7.0323856886440135,1,WC,0,NoSA,transcom,3,satisfactory,111,0.459,0.793,3,less250
62370,2021,23,1126.82,7.027154785223471,1,WC,0,NoSA,transcom,1,unsatisfactory,100,0.56,0.71,2,less100
62373,2011,13,387.74074074074076,5.960336922315026,1,WC,0,NoSA,wholesretail,4,good,27,0.037,0.185,1,less50
62373,2012,14,273.1025641025641,5.609847417313519,1,WC,0,NoSA,wholesretail,4,good,39,0.026,0.436,1,less50
62373,2013,15,266.4390243902439,5.585145415889288,1,WC,0,NoSA,wholesretail,3,satisfactory,41,0.024,0.341,1,less50
62373,2014,16,182.06666666666666,5.204372920371495,1,WC,0,NoSA,wholesretail,4,good,45,0.022,0.289,1,less50
62373,2015,17,404.5833333333333,6.002857730937425,1,WC,0,NoSA,wholesretail,4,good,36,0.028,0.333,1,less50
62373,2016,18,562.2647058823529,6.331972745912857,1,WC,0,NoSA,wholesretail,5,very good,34,0.029,0.324,1,less50
62373,2017,19,260.10714285714283,5.561093634042711,1,WC,0,NoSA,wholesretail,4,good,28,0.036,0.357,1,less50
62385,2013,15,1455.9782608695652,7.283433297923715,1,WC,0,NoSA,manufacturing,4,good,46,0.37,0.609,1,less50
62385,2014,16,1481.6521739130435,7.300913077846035,1,WC,0,NoSA,manufacturing,3,satisfactory,46,0.37,0.674,1,less50
62385,2015,17,1607,7.382124365737512,1,WC,0,NoSA,manufacturing,3,satisfactory,48,0.146,0.625,1,less50
62385,2016,18,1334.5,7.1963119688445785,1,WC,0,NoSA,manufacturing,5,very good,48,0.146,0.729,1,less50
62385,2017,19,1465.9772727272727,7.290277379411878,1,WC,0,NoSA,manufacturing,4,good,44,0.432,0.614,1,less50
62385,2018,20,1660.2045454545455,7.4146960939129505,1,WC,0,NoSA,manufacturing,4,good,44,0.409,0.705,1,less50
62385,2019,21,1870.6136363636363,7.534021803807963,1,WC,0,NoSA,manufacturing,5,very good,44,0.568,0.591,1,less50
62385,2020,22,1934.0697674418604,7.567381749531073,1,WC,0,NoSA,manufacturing,5,very good,43,0.605,0.605,1,less50
62385,2021,23,2216.925,7.703876379544758,1,WC,0,NoSA,manufacturing,4,good,40,0.575,0.7,1,less50
62398,2002,4,1242.8971962616822,7.1252003819453025,0,NoWC,0,NoSA,mining,5,very good,107,0.028,0,3,less250
62398,2003,5,985.1666666666666,6.892810831596314,0,NoWC,0,NoSA,mining,3,satisfactory,126,0.008,0.016,3,less250
62398,2004,6,676.0629921259842,6.51628625531996,0,NoWC,0,NoSA,mining,3,satisfactory,127,0.008,0.024,3,less250
62398,2005,7,1312.5702479338843,7.179742515268855,0,NoWC,0,NoSA,mining,3,satisfactory,121,0.008,0.025,3,less250
62398,2006,8,1510.9915254237287,7.320521353669141,0,NoWC,0,NoSA,mining,4,good,118,0.008,0.017,3,less250
62398,2007,9,1463.7063492063492,7.288727093258965,0,NoWC,1,SA,mining,3,satisfactory,126,0.008,0.04,3,less250
62429,2000,2,301.511773111332,5.708809063866998,0,NoWC,1,SA,public,1,unsatisfactory,503,0.064,0.666,4,more250
62429,2001,3,434.94396254595586,6.075217201057017,0,NoWC,1,SA,public,4,good,544,0.039,0.607,4,more250
62429,2002,4,569.4191176470588,6.344616749354172,0,NoWC,1,SA,public,3,satisfactory,544,0.059,0.586,4,more250
62429,2004,6,406.9146141215107,6.0086033701196575,0,NoWC,1,SA,public,3,satisfactory,609,0.061,0.591,4,more250
62429,2005,7,271.3255474452555,5.603319382003518,0,NoWC,1,SA,public,3,satisfactory,685,0.057,0.632,4,more250
62429,2006,8,132.83153638814017,4.889081681652391,0,NoWC,1,SA,public,2,sufficient,742,0.049,0.621,4,more250
62429,2007,9,110.10850439882698,4.701466283241744,0,NoWC,0,NoSA,public,4,good,682,0.059,0.57,4,more250
62429,2008,10,128.2765273311897,4.854188303451275,0,NoWC,1,SA,public,4,good,622,0.056,0.545,4,more250
62429,2009,11,149.47133757961782,5.007104652574287,0,NoWC,1,SA,public,5,very good,628,0.051,0.503,4,more250
62429,2010,12,318.25714285714287,5.762859681355776,0,NoWC,1,SA,public,1,unsatisfactory,525,0.088,0.528,4,more250
62429,2011,13,381.781512605042,5.944848488445739,0,NoWC,1,SA,public,4,good,595,0.077,0.511,4,more250
62429,2013,15,492.6767955801105,6.199853371992926,0,NoWC,1,SA,public,3,satisfactory,362,0.11,0.71,4,more250
62429,2015,17,456.3350125944584,6.1232272165137696,0,NoWC,1,SA,public,4,good,397,0.088,0.673,4,more250
62429,2016,18,586.6744186046511,6.374470012807445,0,NoWC,1,SA,public,4,good,344,0.108,0.666,4,more250
62429,2017,19,571.1534391534392,6.347657893615804,0,NoWC,1,SA,public,5,very good,378,0.098,0.664,4,more250
62429,2018,20,1601.934131736527,7.378967010513674,0,NoWC,0,NoSA,public,4,good,334,0.111,0.647,4,more250
62429,2019,21,1285.8602739726027,7.159183247240271,0,NoWC,0,NoSA,public,4,good,365,0.085,0.627,4,more250
62438,2018,20,1899.3541666666667,7.549269195090556,0,NoWC,0,NoSA,manufacturing,1,unsatisfactory,48,0.125,0.042,1,less50
62438,2019,21,2469.1666666666665,7.81163599077961,0,NoWC,0,NoSA,manufacturing,2,sufficient,48,0.208,0.062,1,less50
62438,2020,22,2279.2291666666665,7.7315925799896155,0,NoWC,0,NoSA,manufacturing,3,satisfactory,48,0.062,0.125,1,less50
62438,2021,23,2188.06,7.690770585469361,0,NoWC,0,NoSA,manufacturing,2,sufficient,50,0.02,0.04,1,less50
62439,1998,0,3330.891693811075,8.110995323048158,0,NoWC,0,NoSA,public,4,good,307,0.124,0.801,4,more250
62439,1999,1,2691.0098684210525,7.897671817914924,0,NoWC,0,NoSA,public,4,good,323,0.127,0.678,4,more250
62439,2001,3,1686.781918449198,7.430577802375301,0,NoWC,0,NoSA,public,4,good,374,0.123,0.834,4,more250
62439,2002,4,2145.5938697318006,7.671171655388639,0,NoWC,0,NoSA,public,5,very good,261,0.241,0.59,4,more250
62439,2004,6,2016.1290322580646,7.608934631239347,0,NoWC,0,NoSA,public,4,good,248,0.266,0.685,3,less250
62439,2005,7,2167.172268907563,7.681178494873017,0,NoWC,0,NoSA,public,4,good,238,0.307,0.534,3,less250
62439,2006,8,1944.6640316205533,7.572844506746925,0,NoWC,0,NoSA,public,5,very good,253,0.289,0.534,4,more250
62439,2007,9,1661.3237704918033,7.415370015658096,0,NoWC,0,NoSA,public,4,good,244,0.27,0.533,3,less250
62457,2011,13,1218.590909090909,7.105450477660939,1,WC,0,NoSA,wholesretail,3,satisfactory,22,0.045,0.182,1,less50
62457,2012,14,233.33333333333334,5.452468046375295,1,WC,0,NoSA,wholesretail,3,satisfactory,21,0.048,0.19,1,less50
62457,2013,15,189.0909090909091,5.242227899896993,1,WC,0,NoSA,wholesretail,3,satisfactory,22,0.045,0.182,1,less50
62457,2014,16,352.1904761904762,5.864172154783592,1,WC,0,NoSA,wholesretail,4,good,21,0.048,0.19,1,less50
62457,2015,17,483.22727272727275,6.180487086930289,1,WC,0,NoSA,wholesretail,2,sufficient,22,0.045,0.227,1,less50
62461,2004,6,2606.4285714285716,7.865736199815235,1,WC,0,NoSA,public,4,good,21,0.048,0.048,1,less50
62461,2006,8,2184,7.688913336864796,1,WC,0,NoSA,public,3,satisfactory,27,0.037,0.037,1,less50
62461,2010,12,2940.4285714285716,7.986310622303687,1,WC,0,NoSA,public,1,unsatisfactory,21,0.048,0.048,1,less50
62461,2011,13,3367.65,8.121970450722333,1,WC,0,NoSA,public,2,sufficient,20,0.05,0.05,1,less50
62461,2012,14,2681.4,7.894094325167461,1,WC,0,NoSA,public,3,satisfactory,20,0.1,0.05,1,less50
62461,2013,15,2533.3636363636365,7.83730319925726,1,WC,0,NoSA,public,2,sufficient,22,0.182,0.045,1,less50
62461,2014,16,2894.7272727272725,7.97064617925758,1,WC,0,NoSA,public,3,satisfactory,22,0.227,0.045,1,less50
62461,2015,17,2571.8636363636365,7.852386065430842,1,WC,0,NoSA,public,3,satisfactory,22,0.091,0.045,1,less50
62461,2016,18,3222.5,8.077912734813342,1,WC,0,NoSA,public,3,satisfactory,20,0.25,0.05,1,less50
62461,2017,19,3403,8.132412674500905,1,WC,0,NoSA,public,3,satisfactory,20,0.35,0.05,1,less50
62461,2018,20,4386.428571428572,8.386270637708186,1,WC,0,NoSA,public,4,good,21,0.333,0.048,1,less50
62468,2010,12,3007.3225806451615,8.008805453804534,0,NoWC,0,NoSA,manufacturing,2,sufficient,31,0.065,0.323,1,less50
62468,2011,13,3746.125,8.228477251374159,0,NoWC,0,NoSA,manufacturing,3,satisfactory,32,0.094,0.031,1,less50
62468,2012,14,2604,7.86480400332846,0,NoWC,0,NoSA,manufacturing,4,good,32,0.125,0.094,1,less50
62468,2014,16,4809.275862068966,8.478301803339845,0,NoWC,0,NoSA,manufacturing,4,good,29,0.103,0.034,1,less50
62468,2016,18,2468.974358974359,7.811558104104683,0,NoWC,0,NoSA,manufacturing,4,good,39,0.103,0.154,1,less50
62468,2017,19,1907.9777777777779,7.553799205073414,0,NoWC,0,NoSA,manufacturing,4,good,45,0.111,0.222,1,less50
62468,2018,20,1230,7.114769448366463,0,NoWC,0,NoSA,manufacturing,4,good,71,0.028,0.451,2,less100
62468,2020,22,414.9072164948454,6.028054920522931,0,NoWC,0,NoSA,manufacturing,4,good,194,0.021,0.711,3,less250
62468,2021,23,394.8612244897959,5.978534372764556,0,NoWC,0,NoSA,manufacturing,4,good,245,0.004,0.727,3,less250
62494,1999,1,1520.417372881356,7.32674016357004,0,NoWC,0,NoSA,public,4,good,177,0.311,0.311,3,less250
62494,2000,2,1859.349031690141,7.527981722486627,0,NoWC,0,NoSA,public,3,satisfactory,142,0.373,0.366,3,less250
62494,2001,3,1668.30390625,7.419562764314261,0,NoWC,0,NoSA,public,4,good,160,0.244,0.256,3,less250
62494,2002,4,2888.8282828282827,7.968606260426358,0,NoWC,0,NoSA,public,3,satisfactory,99,0.343,0.283,2,less100
62522,2005,7,351.37254901960785,5.8618470538045955,1,WC,0,NoSA,public,3,satisfactory,153,0.02,0.183,3,less250
62522,2006,8,280.34437086092714,5.636018743398691,1,WC,0,NoSA,public,1,unsatisfactory,151,0.013,0.159,3,less250
62522,2007,9,311.14723926380367,5.740266238290033,1,WC,1,SA,public,2,sufficient,163,0.006,0.141,3,less250
62527,2017,19,3397.4594594594596,8.130783213491842,1,WC,0,NoSA,construction,2,sufficient,37,0.027,0.811,1,less50
62527,2018,20,3512.2195121951218,8.164003456274163,0,NoWC,0,NoSA,construction,4,good,41,0.049,0.829,1,less50
62527,2019,21,2655.027777777778,7.88421039606115,1,WC,0,NoSA,construction,3,satisfactory,36,0.028,0.833,1,less50
62528,2010,12,385.5,5.954541193003384,0,NoWC,0,NoSA,manufacturing,4,good,40,0.225,0.1,1,less50
62528,2011,13,698.6428571428571,6.549139677675234,0,NoWC,0,NoSA,manufacturing,4,good,42,0.048,0.167,1,less50
62528,2012,14,818.9428571428572,6.708014309920582,0,NoWC,0,NoSA,manufacturing,3,satisfactory,35,0.314,0.143,1,less50
62528,2013,15,1143.9375,7.0422315375801805,0,NoWC,0,NoSA,manufacturing,4,good,32,0.375,0.219,1,less50
62528,2014,16,1399.516129032258,7.243881833742444,0,NoWC,0,NoSA,manufacturing,3,satisfactory,31,0.355,0.226,1,less50
62528,2015,17,847.35,6.742113832439381,0,NoWC,0,NoSA,manufacturing,4,good,40,0.225,0.1,1,less50
62528,2016,18,1070.342105263158,6.975733600899959,0,NoWC,0,NoSA,manufacturing,3,satisfactory,38,0.237,0.105,1,less50
62528,2017,19,1224.764705882353,7.110504027698978,0,NoWC,0,NoSA,manufacturing,4,good,34,0.206,0.118,1,less50
62528,2018,20,1427.6875,7.263811281416088,0,NoWC,0,NoSA,manufacturing,4,good,32,0.156,0.219,1,less50
62528,2019,21,1149.5454545454545,7.047121886305695,0,NoWC,0,NoSA,manufacturing,4,good,33,0.03,0.03,1,less50
62532,2001,3,2421.6160714285716,7.792190394383773,0,NoWC,0,NoSA,manufacturing,3,satisfactory,245,0.547,0.751,3,less250
62532,2002,4,2206.89539748954,7.6993420093426455,0,NoWC,0,NoSA,manufacturing,3,satisfactory,239,0.502,0.753,3,less250
62532,2004,6,2222.222222222222,7.706262975199909,0,NoWC,0,NoSA,manufacturing,2,sufficient,225,0.462,0.764,3,less250
62540,1998,0,871.0253407155026,6.769671070247314,0,NoWC,0,NoSA,mining,2,sufficient,1174,0.044,0.106,4,more250
62540,1999,1,802.5818905817174,6.68783389413659,0,NoWC,0,NoSA,mining,5,very good,1083,0.065,0.101,4,more250
62540,2000,2,1224.699119373777,7.110450475972339,0,NoWC,0,NoSA,mining,4,good,511,0.131,0.137,4,more250
62540,2001,3,1308.8307831950208,7.176889485739233,0,NoWC,0,NoSA,mining,3,satisfactory,482,0.288,0.124,4,more250
62573,2010,12,2989.818181818182,8.002967855779344,0,NoWC,1,SA,public,3,satisfactory,44,0.068,0.886,1,less50
62573,2011,13,2859.8260869565215,7.95851609320851,0,NoWC,1,SA,public,4,good,46,0.261,0.826,1,less50
62573,2014,16,4876.571428571428,8.492197675812523,0,NoWC,0,NoSA,public,4,good,49,0.306,0.816,1,less50
62573,2015,17,5243.5192307692305,8.564748160812167,0,NoWC,0,NoSA,public,3,satisfactory,52,0.327,0.769,2,less100
62573,2016,18,5243.5192307692305,8.564748160812167,0,NoWC,0,NoSA,public,4,good,52,0.385,0.846,2,less100
62580,2001,3,294.25577566964284,5.684449374391737,1,WC,0,NoSA,edu,3,satisfactory,35,0.371,0.971,1,less50
62580,2002,4,1675.98,7.4241533477966035,1,WC,0,NoSA,edu,2,sufficient,50,0.2,0.96,1,less50
62580,2003,5,1206.9814814814815,7.095877878379569,1,WC,0,NoSA,edu,4,good,54,0.37,0.944,2,less100
62580,2004,6,1470.2,7.293153724939987,1,WC,0,NoSA,edu,3,satisfactory,50,0.68,0.96,1,less50
62580,2005,7,846.4545454545455,6.741056503090159,1,WC,0,NoSA,edu,2,sufficient,44,0.705,0.932,1,less50
62580,2006,8,1201.0576923076924,7.090957857818583,1,WC,0,NoSA,edu,2,sufficient,52,0.596,0.942,2,less100
62588,2015,17,1576.155844155844,7.362744151414625,1,WC,0,NoSA,manufacturing,3,satisfactory,77,0.468,0.065,2,less100
62588,2016,18,1228.7532467532467,7.113755313779958,1,WC,0,NoSA,manufacturing,3,satisfactory,77,0.455,0.013,2,less100
62588,2017,19,1284.3647058823528,7.158019482767694,1,WC,0,NoSA,manufacturing,3,satisfactory,85,0.435,0.059,2,less100
62588,2018,20,1112.4639175257732,7.014332579829714,1,WC,0,NoSA,manufacturing,3,satisfactory,97,0.381,0.052,2,less100
62613,2016,18,2537.4285714285716,7.838906473763136,1,WC,1,SA,construction,3,satisfactory,21,0.095,0.524,1,less50
62613,2017,19,3197.1428571428573,8.070012832810603,1,WC,1,SA,construction,3,satisfactory,21,0.19,0.762,1,less50
62613,2019,21,2779.1,7.929882413262056,1,WC,1,SA,construction,3,satisfactory,20,0.05,0.8,1,less50
62625,2017,19,2378.756097560976,7.77433298195378,1,WC,0,NoSA,construction,3,satisfactory,41,0.585,0.78,1,less50
62625,2018,20,2971.815789473684,7.996928421909177,1,WC,0,NoSA,construction,2,sufficient,38,0.158,0.711,1,less50
62625,2019,21,2800.4,7.937517543103042,1,WC,0,NoSA,construction,2,sufficient,40,0.45,0.75,1,less50
62625,2020,22,3042.0789473684213,8.020296424937582,1,WC,0,NoSA,construction,2,sufficient,38,0.684,0.763,1,less50
62625,2021,23,3843,8.254008590564844,1,WC,0,NoSA,construction,1,unsatisfactory,30,0.7,0.8,1,less50
62632,2012,14,2172.188811188811,7.683490606920604,1,WC,0,NoSA,public,3,satisfactory,143,0.699,0.35,3,less250
62632,2016,18,755.8266129032259,6.62781200186365,1,WC,0,NoSA,public,3,satisfactory,248,0.065,0.177,3,less250
62632,2018,20,2238.218487394958,7.713435510288585,1,WC,0,NoSA,public,4,good,238,0.105,0.151,3,less250
62632,2021,23,4304.21875,8.36735092536421,1,WC,0,NoSA,public,2,sufficient,96,0.271,0.208,2,less100
62637,2016,18,2631.6878612716764,7.8753806916706495,0,NoWC,0,NoSA,public,2,sufficient,173,0.838,0.509,3,less250
62637,2017,19,1503.6973684210527,7.315682266457616,0,NoWC,0,NoSA,public,3,satisfactory,304,0.474,0.401,4,more250
62637,2018,20,1437.1397515527951,7.270410133648722,0,NoWC,0,NoSA,public,2,sufficient,322,0.45,0.227,4,more250
62639,2010,12,2786.1029411764707,7.932399103110285,1,WC,1,SA,manufacturing,1,unsatisfactory,68,0.015,0.015,2,less100
62639,2011,13,1252.18487394958,7.132645203657977,1,WC,1,SA,manufacturing,5,very good,119,0.008,0.017,3,less250
62639,2014,16,801.59375,6.686601933394017,1,WC,0,NoSA,manufacturing,4,good,224,0.009,0.076,3,less250
62639,2015,17,1432.7846153846153,7.267375113240932,1,WC,0,NoSA,manufacturing,5,very good,130,0.015,0.077,3,less250
62696,1998,0,2650.5823567708335,7.882534652109189,0,NoWC,0,NoSA,health,3,satisfactory,192,0.297,0.979,3,less250
62696,1999,1,1671.9889950166114,7.421769211695122,0,NoWC,0,NoSA,health,3,satisfactory,301,0.213,0.678,4,more250
62696,2000,2,1452.4763671875,7.281025218154803,0,NoWC,0,NoSA,health,3,satisfactory,320,0.178,0.828,4,more250
62696,2001,3,1386.451221671388,7.234502683529208,0,NoWC,0,NoSA,health,3,satisfactory,353,0.235,0.881,4,more250
62696,2003,5,1007.22,6.914949339562377,0,NoWC,0,NoSA,health,2,sufficient,450,0.178,0.9,4,more250
62702,2004,6,1519.4,7.326070799069122,1,WC,0,NoSA,construction,1,unsatisfactory,20,0.05,0.05,1,less50
62702,2005,7,1510,7.31986492980897,1,WC,0,NoSA,construction,3,satisfactory,23,0.087,0.043,1,less50
62702,2006,8,1688.7142857142858,7.431722740695064,1,WC,0,NoSA,construction,1,unsatisfactory,21,0.095,0.048,1,less50
62702,2012,14,3635.75,8.19857069605782,1,WC,0,NoSA,construction,4,good,20,0.8,0.1,1,less50
62702,2013,15,4731.9,8.462082092161538,1,WC,0,NoSA,construction,4,good,20,0.7,0.05,1,less50
62702,2014,16,4504,8.412721169819527,1,WC,0,NoSA,construction,4,good,20,0.75,0.05,1,less50
62702,2015,17,3657.7272727272725,8.204597269781862,1,WC,0,NoSA,construction,4,good,22,0.773,0.045,1,less50
62702,2016,18,3872.6190476190477,8.26168631361813,1,WC,0,NoSA,construction,4,good,21,0.762,0.048,1,less50
62702,2017,19,4992,8.515591910049263,1,WC,0,NoSA,construction,4,good,22,0.773,0.045,1,less50
62702,2018,20,5265.5,8.568931386820651,1,WC,0,NoSA,construction,4,good,22,0.5,0.045,1,less50
62702,2019,21,4246.826086956522,8.353927179853084,1,WC,0,NoSA,construction,4,good,23,0.565,0.043,1,less50
62702,2020,22,4642.130434782609,8.44292868527258,1,WC,0,NoSA,construction,4,good,23,0.217,0.043,1,less50
62702,2021,23,5290.173913043478,8.57360640012357,1,WC,0,NoSA,construction,4,good,23,0.261,0.043,1,less50
62732,2012,14,1192.590909090909,7.083883453895328,1,WC,0,NoSA,buservices,4,good,22,0.045,0.318,1,less50
62732,2013,15,823.4347826086956,6.713484351106586,1,WC,0,NoSA,buservices,2,sufficient,23,0.13,0.304,1,less50
62732,2015,17,1618.2272727272727,7.389086552974933,0,NoWC,1,SA,buservices,3,satisfactory,22,0.136,0.318,1,less50
62732,2016,18,842.6363636363636,6.7365355050774625,1,WC,1,SA,buservices,4,good,22,0.136,0.182,1,less50
62732,2018,20,1708.2,7.443195463512047,1,WC,0,NoSA,buservices,3,satisfactory,25,0.12,0.16,1,less50
62732,2019,21,1224.24,7.110075522282781,1,WC,0,NoSA,buservices,4,good,25,0.12,0.16,1,less50
62732,2020,22,2141.4761904761904,7.669250678841011,1,WC,0,NoSA,health,3,satisfactory,21,0.238,0.238,1,less50
62732,2021,23,1807.3333333333333,7.499607741390501,1,WC,0,NoSA,health,3,satisfactory,27,0.111,0.148,1,less50
62753,2007,9,279.1875,5.631883599112338,1,WC,0,NoSA,edu,5,very good,144,0.028,0.5,3,less250
62753,2008,10,507.6161616161616,6.229725574608712,1,WC,0,NoSA,edu,5,very good,99,0.02,0.283,2,less100
62753,2010,12,493.28834355828224,6.2010938784415215,1,WC,0,NoSA,edu,4,good,163,0.497,0.38,3,less250
62802,2004,6,2136.6,7.666971059511787,1,WC,0,NoSA,manufacturing,4,good,30,0.2,0.967,1,less50
62802,2005,7,2006.1944444444443,7.603994895252272,1,WC,0,NoSA,manufacturing,3,satisfactory,36,0.194,0.972,1,less50
62802,2006,8,1780.5,7.484649502717833,1,WC,0,NoSA,manufacturing,3,satisfactory,36,0.222,0.944,1,less50
62802,2007,9,2059.46875,7.630203340175194,1,WC,0,NoSA,manufacturing,4,good,32,0.812,0.938,1,less50
62802,2008,10,2633.125,7.875926632733281,1,WC,0,NoSA,manufacturing,4,good,24,0.333,1,1,less50
62809,2013,15,1529.15,7.332467304452758,0,NoWC,0,NoSA,transcom,3,satisfactory,20,0.6,0.35,1,less50
62809,2014,16,2099.4761904761904,7.6494431594913275,0,NoWC,0,NoSA,transcom,3,satisfactory,21,0.571,0.333,1,less50
62809,2015,17,2015.5384615384614,7.608641665252079,0,NoWC,0,NoSA,transcom,3,satisfactory,26,0.462,0.308,1,less50
62845,2015,17,6104.125,8.71672005112945,1,WC,0,NoSA,manufacturing,3,satisfactory,24,0.458,0.917,1,less50
62845,2016,18,3167.5405405405404,8.060710711021216,1,WC,0,NoSA,manufacturing,4,good,37,0.459,0.919,1,less50
62845,2017,19,1852.2931034482758,7.524179665884838,1,WC,0,NoSA,manufacturing,3,satisfactory,58,0.603,0.845,2,less100
62845,2020,22,1850.6630434782608,7.523299255741899,1,WC,0,NoSA,manufacturing,3,satisfactory,92,0.62,0.783,2,less100
62845,2021,23,1497.5523809523809,7.311587308310998,1,WC,0,NoSA,manufacturing,4,good,105,0.61,0.8,3,less250
62870,2004,6,2015.1780821917807,7.608462848734604,0,NoWC,0,NoSA,finance,3,satisfactory,73,0.068,0.493,2,less100
62870,2005,7,2258.2297297297296,7.722336479893013,0,NoWC,0,NoSA,finance,4,good,74,0.081,0.622,2,less100
62870,2006,8,2242.4473684210525,7.715323123611172,0,NoWC,0,NoSA,finance,3,satisfactory,76,0.066,0.618,2,less100
62870,2007,9,1983.0365853658536,7.5923845778533146,1,WC,0,NoSA,finance,3,satisfactory,82,0.061,0.659,2,less100
62870,2009,11,2329.2,7.753280139962965,0,NoWC,0,NoSA,finance,4,good,80,0.075,0.637,2,less100
62870,2010,12,2374.9615384615386,7.772736522005628,0,NoWC,0,NoSA,finance,4,good,78,0.064,0.615,2,less100
62870,2011,13,2326.6216216216217,7.7521725465663485,0,NoWC,0,NoSA,finance,4,good,74,0.135,0.635,2,less100
62872,2013,15,1760.695652173913,7.473464266855755,1,WC,0,NoSA,wholesretail,2,sufficient,23,0.13,0.043,1,less50
62872,2014,16,1687.36,7.430920456342105,1,WC,0,NoSA,wholesretail,4,good,25,0.52,0.04,1,less50
62872,2015,17,1793.5357142857142,7.491944209952614,1,WC,0,NoSA,wholesretail,4,good,28,0.179,0.036,1,less50
62872,2016,18,1638.7105263157894,7.401664947108644,1,WC,0,NoSA,wholesretail,2,sufficient,38,0.132,0.053,1,less50
62887,1998,0,4149.844512195122,8.330826145581906,0,NoWC,0,NoSA,public,5,very good,82,0.11,0.122,2,less100
62887,1999,1,4655.883012820513,8.445886862983174,0,NoWC,0,NoSA,public,2,sufficient,78,0.064,0.167,2,less100
62887,2000,2,5044.43789556962,8.52604150845728,0,NoWC,0,NoSA,public,3,satisfactory,79,0.063,0.329,2,less100
62887,2001,3,4552.875,8.42351418053225,0,NoWC,0,NoSA,public,3,satisfactory,77,0.156,0.143,2,less100
62887,2002,4,6525.44578313253,8.783464549111267,0,NoWC,0,NoSA,public,4,good,83,0.157,0.193,2,less100
62887,2003,5,4235,8.351138607086154,0,NoWC,0,NoSA,public,4,good,94,0.894,0.266,2,less100
62887,2004,6,4086.813186813187,8.315520773396312,0,NoWC,0,NoSA,public,4,good,91,0.143,0.297,2,less100
62887,2005,7,3873.9583333333335,8.262032088445325,0,NoWC,0,NoSA,public,4,good,96,0.229,0.281,2,less100
62893,2014,16,2430.1923076923076,7.795725672171299,1,WC,0,NoSA,health,3,satisfactory,26,0.192,0.038,1,less50
62893,2015,17,2094.0666666666666,7.646863227918283,1,WC,0,NoSA,health,4,good,30,0.3,0.033,1,less50
62893,2016,18,3490.125,8.157692831173984,1,WC,0,NoSA,health,4,good,24,0.5,0.042,1,less50
62893,2017,19,2691.8064516129034,7.897967790562069,1,WC,0,NoSA,health,4,good,31,0.097,0.032,1,less50
62893,2018,20,2783.483870967742,7.931458613091862,1,WC,0,NoSA,health,4,good,31,0.194,0.161,1,less50
62893,2019,21,2870.9032258064517,7.962381972066521,1,WC,0,NoSA,health,5,very good,31,0.258,0.097,1,less50
62901,2001,3,1429.44423828125,7.265041003153517,1,WC,0,NoSA,manufacturing,3,satisfactory,20,0.15,0.15,1,less50
62901,2008,10,2096.8,7.648167652009197,1,WC,0,NoSA,manufacturing,4,good,20,0.05,0.2,1,less50
62901,2009,11,1996.952380952381,7.599377487839765,1,WC,0,NoSA,manufacturing,4,good,21,0.048,0.19,1,less50
62901,2012,14,2245.090909090909,7.716501293383625,1,WC,0,NoSA,manufacturing,4,good,22,0.136,0.136,1,less50
62901,2013,15,1990.909090909091,7.596346643006222,1,WC,0,NoSA,manufacturing,4,good,22,0.045,0.136,1,less50
62901,2014,16,2174.4761904761904,7.68454308255314,1,WC,0,NoSA,manufacturing,3,satisfactory,21,0.238,0.143,1,less50
62901,2015,17,2350.0434782608695,7.76218910835466,1,WC,0,NoSA,manufacturing,4,good,23,0.348,0.13,1,less50
62901,2016,18,2329.818181818182,7.753545509960542,1,WC,0,NoSA,manufacturing,3,satisfactory,22,0.045,0.136,1,less50
62901,2017,19,2228.521739130435,7.709093747389708,1,WC,0,NoSA,manufacturing,4,good,23,0.043,0.13,1,less50
62901,2019,21,3363,8.12058871174027,1,WC,0,NoSA,manufacturing,5,very good,23,0.13,0.174,1,less50
62901,2020,22,3170.681818181818,8.061701928343892,1,WC,0,NoSA,manufacturing,5,very good,22,0.136,0.136,1,less50
62901,2021,23,4066.5454545454545,8.310549135349708,1,WC,0,NoSA,manufacturing,5,very good,22,0.045,0.136,1,less50
62953,2010,12,2748.469387755102,7.918799449438108,1,WC,0,NoSA,manufacturing,1,unsatisfactory,49,0.082,0.612,1,less50
62953,2012,14,2730.0204081632655,7.912064363668744,1,WC,0,NoSA,manufacturing,5,very good,49,0.041,0.51,1,less50
62953,2013,15,2184.314814814815,7.689057472454242,1,WC,0,NoSA,manufacturing,3,satisfactory,54,0.056,0.574,2,less100
62953,2014,16,2346.5576923076924,7.760704721468641,1,WC,0,NoSA,manufacturing,3,satisfactory,52,0.038,0.558,2,less100
62953,2015,17,2520.3653846153848,7.832159163889864,1,WC,0,NoSA,manufacturing,2,sufficient,52,0.038,0.577,2,less100
62953,2016,18,1807.7058823529412,7.499813852029252,1,WC,0,NoSA,manufacturing,3,satisfactory,51,0.039,0.529,2,less100
62953,2017,19,2330.529411764706,7.753850736099907,1,WC,0,NoSA,manufacturing,3,satisfactory,51,0.039,0.569,2,less100
62953,2018,20,2530.8,7.836290737272729,1,WC,0,NoSA,manufacturing,4,good,50,0.04,0.54,1,less50
62953,2019,21,2497.591836734694,7.823082281311998,1,WC,0,NoSA,manufacturing,4,good,49,0.041,0.449,1,less50
62953,2020,22,2865.878048780488,7.960630056464126,1,WC,0,NoSA,manufacturing,2,sufficient,41,0.073,0.585,1,less50
62953,2021,23,2987.1463414634145,8.002073809805896,1,WC,0,NoSA,manufacturing,1,unsatisfactory,41,0.049,0.488,1,less50
62958,2000,2,3127.061011904762,8.047848868589776,0,NoWC,0,NoSA,buservices,3,satisfactory,42,0.024,0.262,1,less50
62958,2001,3,3579.376698369565,8.182943957635752,0,NoWC,0,NoSA,buservices,3,satisfactory,46,0.022,0.283,1,less50
62958,2002,4,1697.5,7.436911859432851,0,NoWC,0,NoSA,buservices,4,good,72,0.014,0.556,2,less100
62958,2003,5,2060.55737704918,7.630731796568889,0,NoWC,0,NoSA,buservices,2,sufficient,61,0.033,0.361,2,less100
62958,2004,6,1945.2459016393443,7.573143675639323,1,WC,0,NoSA,buservices,3,satisfactory,61,0.016,0.557,2,less100
62965,2013,15,1081.6896551724137,6.986279593100094,0,NoWC,0,NoSA,manufacturing,5,very good,29,0.034,0.586,1,less50
62965,2014,16,1341.7037037037037,7.201695506048533,0,NoWC,0,NoSA,manufacturing,4,good,27,0.111,0.778,1,less50
62965,2015,17,840.25,6.7336994666052155,0,NoWC,0,NoSA,manufacturing,4,good,28,0.107,0.786,1,less50
62965,2016,18,772.3636363636364,6.64945547068335,0,NoWC,0,NoSA,manufacturing,4,good,33,0.091,0.758,1,less50
62965,2018,20,725.9428571428572,6.587471302557448,0,NoWC,0,NoSA,manufacturing,4,good,35,0.086,0.686,1,less50
62965,2019,21,637.1944444444445,6.457074859298018,1,WC,0,NoSA,manufacturing,5,very good,36,0.083,0.667,1,less50
62965,2020,22,980.2857142857143,6.887844074363082,1,WC,0,NoSA,manufacturing,4,good,35,0.114,0.714,1,less50
62968,2007,9,1091.6896551724137,6.995481917352726,0,NoWC,0,NoSA,public,4,good,87,0.77,0.149,2,less100
62968,2008,10,1020.5434782608696,6.9280905862035524,0,NoWC,0,NoSA,public,3,satisfactory,92,0.674,0.13,2,less100
62968,2009,11,1275.0112359550562,7.150710270067466,0,NoWC,0,NoSA,public,3,satisfactory,89,0.685,0.169,2,less100
62968,2010,12,1815.9651162790697,7.504372349879313,0,NoWC,0,NoSA,public,4,good,86,0.605,0.047,2,less100
62968,2011,13,1417.0731707317073,7.256348876135695,0,NoWC,0,NoSA,public,1,unsatisfactory,82,0.585,0.134,2,less100
62971,2004,6,2237.744827586207,7.713223864313322,1,WC,0,NoSA,edu,3,satisfactory,145,0.131,0.593,3,less250
62971,2005,7,2704.9136690647483,7.902825275453255,1,WC,0,NoSA,edu,3,satisfactory,139,0.086,0.669,3,less250
62971,2006,8,1646.611510791367,7.406474825482043,1,WC,0,NoSA,edu,4,good,139,0.101,0.619,3,less250
62985,2004,6,2945.34375,7.98798081253382,0,NoWC,0,NoSA,manufacturing,3,satisfactory,64,0.062,0.016,2,less100
62985,2005,7,1861.7555555555555,7.529275168636554,0,NoWC,0,NoSA,manufacturing,3,satisfactory,45,0.089,0.022,1,less50
62985,2006,8,1975.9056603773586,7.5887821344440844,0,NoWC,0,NoSA,manufacturing,3,satisfactory,53,0.132,0.057,2,less100
62985,2007,9,1563.0298507462687,7.35438142860524,0,NoWC,0,NoSA,manufacturing,4,good,67,0.104,0.015,2,less100
62998,2001,3,1099.0530270034844,7.002204203470266,1,WC,0,NoSA,buservices,2,sufficient,574,0.263,0.345,4,more250
62998,2002,4,925.6198347107438,6.8304636046804905,1,WC,0,NoSA,buservices,2,sufficient,605,0.245,0.352,4,more250
62998,2004,6,778.816199376947,6.657775073714368,1,WC,0,NoSA,buservices,2,sufficient,642,0.372,0.347,4,more250
63016,2000,2,1295.063000801282,7.1663146222177,1,WC,0,NoSA,buservices,5,very good,39,0.051,0.231,1,less50
63016,2001,3,1355.4196920955883,7.211866421219454,1,WC,0,NoSA,buservices,4,good,34,0.147,0.265,1,less50
63016,2003,5,603.6666666666666,6.403022169215304,1,WC,0,NoSA,buservices,3,satisfactory,36,0.083,0.194,1,less50
63016,2005,7,871.6176470588235,6.770350849605777,1,WC,1,SA,buservices,5,very good,34,0.029,0.235,1,less50
63016,2011,13,1804.3548387096773,7.497958376795885,1,WC,0,NoSA,buservices,4,good,31,0.032,0.194,1,less50
63016,2012,14,1652.774193548387,7.41021048446588,1,WC,0,NoSA,buservices,2,sufficient,31,0.032,0.194,1,less50
63016,2013,15,2008.6,7.605193240959238,1,WC,0,NoSA,buservices,4,good,30,0.033,0.2,1,less50
63016,2014,16,1614.5,7.38678059019833,1,WC,0,NoSA,buservices,5,very good,32,0.094,0.219,1,less50
63016,2015,17,1543.235294117647,7.341636332064596,1,WC,0,NoSA,buservices,4,good,34,0.088,0.235,1,less50
63016,2016,18,1233.53125,7.117636270062769,1,WC,0,NoSA,buservices,2,sufficient,32,0.094,0.188,1,less50
63016,2017,19,1826.1764705882354,7.509979699742777,1,WC,0,NoSA,buservices,4,good,34,0.059,0.147,1,less50
63016,2018,20,1445.6097560975609,7.276286488077576,1,WC,0,NoSA,buservices,4,good,41,0.073,0.195,1,less50
63016,2019,21,1428.3513513513512,7.264276156999271,1,WC,0,NoSA,buservices,4,good,37,0.027,0.135,1,less50
63016,2020,22,1476.2777777777778,7.297279183780119,1,WC,0,NoSA,health,3,satisfactory,36,0.083,0.167,1,less50
63016,2021,23,1307.4411764705883,7.1758272056119905,1,WC,0,NoSA,health,4,good,34,0.118,0.147,1,less50
63017,2000,2,960.2248958333333,6.867167523518828,0,NoWC,0,NoSA,construction,5,very good,300,0.003,0.487,4,more250
63017,2001,3,1367.2853915662652,7.220582587111295,0,NoWC,0,NoSA,construction,4,good,332,0.021,0.361,4,more250
63017,2002,4,1163.8611987381703,7.059498376110824,0,NoWC,0,NoSA,construction,3,satisfactory,317,0.022,0.363,4,more250
63017,2005,7,1035.85960591133,6.942986898106765,0,NoWC,0,NoSA,construction,4,good,406,0.01,0.397,4,more250
63017,2006,8,754.245,6.625717248915441,0,NoWC,0,NoSA,construction,3,satisfactory,400,0.01,0.405,4,more250
63031,2006,8,1576.923076923077,7.363230807664963,0,NoWC,0,NoSA,resthotels,3,satisfactory,312,0.032,0.33,4,more250
63031,2007,9,1101.5298913043478,7.004455302782367,0,NoWC,1,SA,resthotels,3,satisfactory,368,0.024,0.217,4,more250
63031,2008,10,948.7791878172588,6.855176092734392,0,NoWC,0,NoSA,resthotels,3,satisfactory,394,0.02,0.218,4,more250
63031,2009,11,864.6616541353384,6.762338279123633,0,NoWC,0,NoSA,resthotels,3,satisfactory,399,0.025,0.223,4,more250
63031,2010,12,615.4881516587677,6.422415695494088,0,NoWC,0,NoSA,resthotels,4,good,422,0.026,0.223,4,more250
63031,2012,14,760,6.633318433280377,0,NoWC,0,NoSA,resthotels,4,good,435,0.025,0.214,4,more250
63031,2013,15,677.9661016949152,6.519097289190354,1,WC,0,NoSA,resthotels,3,satisfactory,472,0.021,0.186,4,more250
63044,2014,16,2492.823529411765,7.821171294580761,1,WC,0,NoSA,manufacturing,4,good,34,0.971,0.618,1,less50
63044,2015,17,2278.6052631578946,7.731318808082245,1,WC,0,NoSA,manufacturing,4,good,38,0.974,0.711,1,less50
63044,2016,18,2823.764705882353,7.945826275695116,1,WC,0,NoSA,manufacturing,4,good,34,0.882,0.824,1,less50
63044,2017,19,2637.472222222222,7.877576245869989,1,WC,0,NoSA,manufacturing,4,good,36,0.917,0.861,1,less50
63044,2018,20,2505.5454545454545,7.8262617361412055,1,WC,0,NoSA,manufacturing,4,good,33,0.818,0.848,1,less50
63044,2020,22,4100.970588235294,8.318978953514426,1,WC,0,NoSA,manufacturing,4,good,34,0.882,0.794,1,less50
63044,2021,23,4003.4210526315787,8.294904537730789,1,WC,0,NoSA,manufacturing,4,good,38,0.947,0.789,1,less50
63089,2013,15,1322.314049586777,7.187138548619223,0,NoWC,0,NoSA,manufacturing,3,satisfactory,242,0.707,0.769,3,less250
63089,2015,17,6975.021551724138,8.850090696537716,0,NoWC,0,NoSA,manufacturing,3,satisfactory,232,0.789,0.776,3,less250
63089,2016,18,7445.25,8.91533152413794,0,NoWC,0,NoSA,manufacturing,2,sufficient,240,0.671,0.762,3,less250
63102,1998,0,486.83427918632077,6.187923776025968,0,NoWC,0,NoSA,manufacturing,3,satisfactory,212,0.019,0.533,3,less250
63102,1999,1,823.4763962765958,6.713534886519112,0,NoWC,0,NoSA,manufacturing,3,satisfactory,188,0.011,0.59,3,less250
63102,2000,2,546.0786623677249,6.302763035638339,0,NoWC,0,NoSA,manufacturing,3,satisfactory,189,0.021,0.587,3,less250
63102,2001,3,401.3669704861111,5.9948761471921,0,NoWC,0,NoSA,manufacturing,1,unsatisfactory,180,0.017,0.522,3,less250
63118,2012,14,790.9090909090909,6.673183031844305,0,NoWC,0,NoSA,manufacturing,3,satisfactory,418,0.01,0.182,4,more250
63118,2013,15,782.3960880195599,6.6623611187331075,0,NoWC,0,NoSA,manufacturing,4,good,409,0.005,0.191,4,more250
63118,2014,16,776.4127764127765,6.6546843071264545,0,NoWC,0,NoSA,manufacturing,4,good,407,0.005,0.192,4,more250
63118,2015,17,2384.472222222222,7.77673308836123,0,NoWC,0,NoSA,manufacturing,4,good,396,0.005,0.187,4,more250
63118,2016,18,2524.31328320802,7.833724337673387,0,NoWC,0,NoSA,manufacturing,4,good,399,0.015,0.19,4,more250
63118,2017,19,2506.4912718204487,7.826639154479442,0,NoWC,0,NoSA,manufacturing,4,good,401,0.022,0.197,4,more250
63118,2018,20,2685.17,7.895499319650033,0,NoWC,0,NoSA,manufacturing,3,satisfactory,400,0.01,0.178,4,more250
63118,2019,21,2514.8855721393033,7.829982583343421,0,NoWC,0,NoSA,manufacturing,3,satisfactory,402,0.02,0.179,4,more250
63118,2021,23,2454.1658536585364,7.80554220801502,0,NoWC,0,NoSA,manufacturing,4,good,410,0.015,0.176,4,more250
63168,2011,13,1216.1538461538462,7.103448572741981,1,WC,0,NoSA,manufacturing,3,satisfactory,26,0.038,0.115,1,less50
63168,2014,16,1982.4545454545455,7.5920910253543745,1,WC,0,NoSA,manufacturing,4,good,22,0.091,0.182,1,less50
63168,2015,17,1817.2380952380952,7.505073097366864,1,WC,0,NoSA,manufacturing,4,good,21,0.238,0.095,1,less50
63168,2018,20,2064.75,7.632764432690826,1,WC,0,NoSA,manufacturing,4,good,20,0.3,0.2,1,less50
63168,2020,22,1971.3809523809523,7.586489567208884,1,WC,0,NoSA,manufacturing,4,good,21,0.238,0.19,1,less50
63187,2004,6,736.9487179487179,6.602518307609252,1,WC,0,NoSA,manufacturing,2,sufficient,351,0.006,0.835,4,more250
63187,2005,7,1057.7378917378917,6.963887842347601,1,WC,0,NoSA,manufacturing,4,good,351,0.003,0.835,4,more250
63187,2006,8,1338.9362880886426,7.199630762847882,0,NoWC,0,NoSA,manufacturing,4,good,361,0.011,0.823,4,more250
63187,2007,9,1093.3495934959349,6.997001284699431,0,NoWC,0,NoSA,manufacturing,4,good,369,0.011,0.813,4,more250
63207,2001,3,2232.6739783653848,7.7109552395532,1,WC,0,NoSA,manufacturing,2,sufficient,26,0.769,0.269,1,less50
63207,2002,4,1649.6153846153845,7.408297439489444,0,NoWC,0,NoSA,manufacturing,2,sufficient,26,0.808,0.269,1,less50
63207,2003,5,853.574074074074,6.749432327073238,1,WC,0,NoSA,manufacturing,4,good,54,0.37,0.407,2,less100
63207,2004,6,1389.0925925925926,7.236406001866336,0,NoWC,0,NoSA,manufacturing,2,sufficient,54,0.389,0.389,2,less100
63207,2005,7,1056.433962264151,6.962654328963525,0,NoWC,0,NoSA,manufacturing,1,unsatisfactory,53,0.245,0.434,2,less100
63207,2006,8,1044.8461538461538,6.951624932360954,0,NoWC,0,NoSA,manufacturing,2,sufficient,52,0.288,0.442,2,less100
63207,2007,9,1118.6792452830189,7.019904023149292,1,WC,0,NoSA,manufacturing,2,sufficient,53,0.302,0.434,2,less100
63225,2002,4,566.9705882352941,6.34030742978143,1,WC,0,NoSA,manufacturing,4,good,238,0.122,0.248,3,less250
63225,2003,5,518.8805970149253,6.251673793142152,1,WC,0,NoSA,manufacturing,3,satisfactory,268,0.216,0.313,4,more250
63225,2004,6,439.6010101010101,6.085867520299825,1,WC,0,NoSA,manufacturing,2,sufficient,396,0.177,0.26,4,more250
63225,2005,7,448.93272171253824,6.106873036231198,1,WC,0,NoSA,manufacturing,1,unsatisfactory,327,0.22,0.281,4,more250
63225,2006,8,390.2320819112628,5.966741643956467,1,WC,0,NoSA,manufacturing,1,unsatisfactory,293,0.266,0.27,4,more250
63225,2007,9,1395.775147928994,7.241205201530571,1,WC,0,NoSA,manufacturing,1,unsatisfactory,169,0.172,0.254,3,less250
63230,2005,7,1147.641791044776,7.045464499481785,1,WC,0,NoSA,resthotels,4,good,67,0.045,0.373,2,less100
63230,2006,8,1098.4556962025317,7.001660559834765,1,WC,0,NoSA,resthotels,4,good,79,0.038,0.367,2,less100
63230,2007,9,1169.7922077922078,7.064581411841423,1,WC,0,NoSA,resthotels,4,good,77,0.052,0.338,2,less100
63230,2008,10,860.2409638554217,6.757212540531078,1,WC,1,SA,resthotels,4,good,83,0.048,0.337,2,less100
63230,2009,11,1046.1587301587301,6.952880382785789,1,WC,1,SA,resthotels,4,good,63,0.048,0.317,2,less100
63230,2010,12,1303.5066666666667,7.172813347795972,1,WC,0,NoSA,resthotels,3,satisfactory,75,0.053,0.387,2,less100
63230,2012,14,1516.1830985915492,7.3239513363443685,1,WC,0,NoSA,resthotels,4,good,71,0.042,0.282,2,less100
63230,2014,16,1248.25,7.129497849380718,1,WC,0,NoSA,resthotels,3,satisfactory,88,0.057,0.136,2,less100
63230,2015,17,1525.6333333333334,7.330164903374557,1,WC,0,NoSA,resthotels,4,good,90,0.044,0.256,2,less100
63230,2016,18,1972.2272727272727,7.5869187783835255,1,WC,0,NoSA,resthotels,4,good,88,0.034,0.284,2,less100
63230,2017,19,1588.132530120482,7.370314095579429,1,WC,0,NoSA,resthotels,4,good,83,0.06,0.325,2,less100
63230,2018,20,1214.0842105263157,7.101745335380374,1,WC,0,NoSA,resthotels,4,good,95,0.032,0.2,2,less100
63230,2019,21,2009.378048780488,7.6055805247028365,1,WC,0,NoSA,resthotels,4,good,82,0.037,0.268,2,less100
63230,2020,22,1700,7.438383530044307,1,WC,0,NoSA,transcom,4,good,42,0.071,0.119,1,less50
63230,2021,23,2746.15,7.917955209744989,1,WC,0,NoSA,transcom,4,good,20,0.15,0.35,1,less50
63247,2016,18,1376.8,7.22751724489733,0,NoWC,0,NoSA,buservices,2,sufficient,55,0.636,0.036,2,less100
63247,2017,19,1548.8245614035088,7.345251574740778,0,NoWC,0,NoSA,buservices,2,sufficient,57,0.596,0.035,2,less100
63247,2018,20,1104.8536585365853,7.007468169467972,0,NoWC,0,NoSA,buservices,2,sufficient,41,0.902,0,1,less50
63247,2019,21,2182.0481927710844,7.6880192526619835,0,NoWC,0,NoSA,buservices,2,sufficient,83,0.41,0.036,2,less100
63252,2007,9,1924.8828125,7.562620368245451,1,WC,0,NoSA,manufacturing,3,satisfactory,128,0.008,0.148,3,less250
63252,2008,10,2502.1209677419356,7.824894038276149,1,WC,0,NoSA,manufacturing,3,satisfactory,124,0.008,0.129,3,less250
63252,2009,11,2827.8688524590166,7.94727865128024,1,WC,1,SA,manufacturing,1,unsatisfactory,122,0.008,0.123,3,less250
63269,2007,9,791.6785714285714,6.674155465281554,0,NoWC,0,NoSA,manufacturing,4,good,56,0.018,0.304,2,less100
63269,2008,10,777.7894736842105,6.656455888182152,0,NoWC,0,NoSA,manufacturing,4,good,57,0.018,0.228,2,less100
63269,2009,11,1095.125,6.998623790986528,0,NoWC,0,NoSA,manufacturing,3,satisfactory,56,0.018,0.393,2,less100
63269,2010,12,1106.9464285714287,7.009360538196566,0,NoWC,0,NoSA,manufacturing,3,satisfactory,56,0.036,0.25,2,less100
63342,1998,0,2128.9722450657896,7.663394628202485,1,WC,0,NoSA,transcom,3,satisfactory,76,0.013,0.105,2,less100
63342,1999,1,1902.2266589506173,7.550780404749058,1,WC,0,NoSA,transcom,3,satisfactory,81,0.025,0.148,2,less100
63342,2000,2,2854.510546875,7.95665567022145,1,WC,0,NoSA,transcom,1,unsatisfactory,80,0.013,0.1,2,less100
63342,2001,3,2164.618075284091,7.6799992162299935,1,WC,0,NoSA,transcom,1,unsatisfactory,88,0.034,0.159,2,less100
63342,2002,4,1799.2696629213483,7.495136118726892,1,WC,0,NoSA,transcom,2,sufficient,89,0.034,0.157,2,less100
63352,2008,10,1695.75,7.435880399826189,1,WC,0,NoSA,buservices,1,unsatisfactory,32,0.031,0.562,1,less50
63352,2009,11,1565.5882352941176,7.356016901550642,1,WC,0,NoSA,buservices,1,unsatisfactory,34,0.059,0.559,1,less50
63352,2011,13,2217,7.7039102096163115,1,WC,0,NoSA,buservices,1,unsatisfactory,25,0.08,0.52,1,less50
63365,2010,12,2650.775,7.882607329054464,1,WC,0,NoSA,buservices,3,satisfactory,40,0.075,0.75,1,less50
63365,2011,13,2308.7619047619046,7.7444666878669794,1,WC,0,NoSA,buservices,3,satisfactory,42,0.024,0.81,1,less50
63365,2012,14,2258.9333333333334,7.722648004449232,1,WC,0,NoSA,buservices,4,good,45,0.022,0.778,1,less50
63394,2015,17,2435.723076923077,7.797998942943768,1,WC,0,NoSA,edu,4,good,65,0.062,0.631,2,less100
63394,2016,18,2473.78125,7.8135031294797335,1,WC,0,NoSA,edu,4,good,64,0.062,0.641,2,less100
63394,2017,19,3606.968253968254,8.190622879636157,1,WC,0,NoSA,edu,4,good,63,0.095,0.635,2,less100
63403,1998,0,147.67038796164772,4.994982681702708,1,WC,0,NoSA,art,3,satisfactory,22,0.045,0.909,1,less50
63403,1999,1,92.83015625,4.53077154659474,1,WC,0,NoSA,art,3,satisfactory,25,0.04,0.64,1,less50
63403,2000,2,92.83015625,4.53077154659474,1,WC,0,NoSA,manufacturing,1,unsatisfactory,25,0.04,0.8,1,less50
63403,2001,3,84.38640247691761,4.435406280529215,1,WC,0,NoSA,manufacturing,3,satisfactory,22,0.045,0.909,1,less50
63403,2002,4,70.13636363636364,4.250441399004845,1,WC,0,NoSA,manufacturing,2,sufficient,22,0.045,0.909,1,less50
63412,2015,17,3541.7606382978724,8.172379237938967,0,NoWC,0,NoSA,transcom,4,good,188,0.074,0.415,3,less250
63412,2016,18,2587.9210526315787,7.858610149989958,0,NoWC,0,NoSA,transcom,2,sufficient,190,0.084,0.432,3,less250
63412,2019,21,582.0397727272727,6.366538783415871,0,NoWC,0,NoSA,transcom,3,satisfactory,176,0.091,0.42,3,less250
63418,2017,19,2499.0384615384614,7.823661321488209,1,WC,0,NoSA,buservices,4,good,26,0.231,0.154,1,less50
63418,2018,20,3213.076923076923,8.074984300029683,1,WC,0,NoSA,buservices,4,good,26,0.231,0.077,1,less50
63418,2019,21,1787.6666666666667,7.488666510314816,1,WC,0,NoSA,buservices,4,good,27,0.185,0.074,1,less50
63418,2020,22,2750.296296296296,7.919463928964381,1,WC,0,NoSA,buservices,4,good,27,0.185,0,1,less50
63418,2021,23,2707.2916666666665,7.903704029161745,1,WC,0,NoSA,buservices,2,sufficient,24,0.208,0.083,1,less50
63422,2010,12,504,6.222576268071369,1,WC,0,NoSA,manufacturing,5,very good,21,0.429,0.762,1,less50
63422,2011,13,930.8181818181819,6.8360639647764465,1,WC,0,NoSA,manufacturing,4,good,22,0.227,0.773,1,less50
63422,2012,14,970.2083333333334,6.877510825068532,1,WC,0,NoSA,manufacturing,4,good,24,0.292,0.792,1,less50
63422,2013,15,926.125,6.831009214736821,1,WC,0,NoSA,manufacturing,5,very good,24,0.25,0.792,1,less50
63433,2015,17,3781.842105263158,8.237966499341907,1,WC,0,NoSA,manufacturing,4,good,76,0.026,0.145,2,less100
63433,2018,20,4230.75,8.350134561288195,1,WC,0,NoSA,manufacturing,4,good,76,0.039,0.066,2,less100
63433,2019,21,4417.565789473684,8.393344097002858,1,WC,0,NoSA,manufacturing,5,very good,76,0.039,0.092,2,less100
63433,2020,22,4212.426470588235,8.345794119455038,1,WC,0,NoSA,manufacturing,3,satisfactory,68,0.059,0.074,2,less100
63433,2021,23,5397.794117647059,8.59374565236282,1,WC,0,NoSA,manufacturing,3,satisfactory,68,0.059,0.074,2,less100
63434,2005,7,4035.285714285714,8.302832387189953,1,WC,0,NoSA,manufacturing,4,good,21,0.429,0.095,1,less50
63434,2007,9,2980.8928571428573,7.999978151114284,1,WC,0,NoSA,manufacturing,5,very good,28,0.321,0.107,1,less50
63434,2008,10,2902.5,7.973327713572046,1,WC,0,NoSA,manufacturing,4,good,32,0.281,0.125,1,less50
63434,2009,11,2871.21875,7.962491870182651,1,WC,0,NoSA,manufacturing,5,very good,32,0.281,0.094,1,less50
63434,2010,12,2779.4545454545455,7.930009980762609,1,WC,0,NoSA,manufacturing,4,good,33,0.333,0.061,1,less50
63434,2011,13,2137.153846153846,7.667230244376842,1,WC,0,NoSA,manufacturing,4,good,39,0.282,0.128,1,less50
63434,2012,14,2306.85,7.743638236554042,1,WC,0,NoSA,manufacturing,4,good,40,0.275,0.125,1,less50
63434,2013,15,2417.74358974359,7.790589983262191,1,WC,0,NoSA,manufacturing,1,unsatisfactory,39,0.308,0.077,1,less50
63434,2014,16,2264.170731707317,7.724963848011267,1,WC,0,NoSA,manufacturing,4,good,41,0.317,0.098,1,less50
63434,2015,17,2249.4523809523807,7.718442079331841,1,WC,0,NoSA,manufacturing,1,unsatisfactory,42,0.31,0.048,1,less50
63434,2016,18,2168.2,7.681652609227191,1,WC,0,NoSA,manufacturing,4,good,45,0.289,0.089,1,less50
63434,2017,19,1982.326923076923,7.5920266473407665,1,WC,0,NoSA,manufacturing,2,sufficient,52,0.308,0.077,2,less100
63434,2018,20,1764.1379310344828,7.475417425706305,1,WC,0,NoSA,manufacturing,4,good,58,0.448,0.103,2,less100
63434,2019,21,2149.18,7.672841653023167,1,WC,0,NoSA,manufacturing,5,very good,50,0.1,0.1,1,less50
63434,2020,22,2084.051724137931,7.642069222209177,1,WC,0,NoSA,manufacturing,5,very good,58,0.034,0.103,2,less100
63438,2005,7,1581.0467289719627,7.365842393364692,0,NoWC,0,NoSA,finance,4,good,107,0.14,0.121,3,less250
63438,2007,9,2316.0476190476193,7.747617399382904,0,NoWC,0,NoSA,finance,4,good,105,0.124,0.105,3,less250
63438,2008,10,2244.3207547169814,7.716158195249991,0,NoWC,0,NoSA,finance,4,good,106,0.142,0.113,3,less250
63439,2018,20,2216.9908256880735,7.703906071442694,0,NoWC,0,NoSA,public,4,good,109,0.385,0.697,3,less250
63439,2019,21,4833.045454545455,8.483232076838195,0,NoWC,0,NoSA,public,4,good,110,0.182,0.745,3,less250
63439,2020,22,3507.8548387096776,8.162759972564537,0,NoWC,0,NoSA,buservices,4,good,124,0.121,0.556,3,less250
63456,1998,0,1496.6243489583333,7.310967417030371,1,WC,0,NoSA,transcom,3,satisfactory,21,0.143,0.619,1,less50
63456,2000,2,1129.3326256793478,7.029382140491491,1,WC,0,NoSA,transcom,4,good,23,0.043,0.435,1,less50
63456,2001,3,1581.0478940217392,7.3658431302495195,1,WC,0,NoSA,transcom,3,satisfactory,23,0.087,0.696,1,less50
63456,2002,4,1236.9130434782608,7.1203740736226875,1,WC,0,NoSA,transcom,1,unsatisfactory,23,0.087,0.739,1,less50
63462,1998,0,1736.1365740740741,7.459417563827495,0,NoWC,0,NoSA,manufacturing,3,satisfactory,216,0.093,0.13,3,less250
63462,1999,1,1252.6185770750988,7.132991500793327,0,NoWC,0,NoSA,manufacturing,3,satisfactory,253,0.047,0.134,4,more250
63462,2000,2,1446.5479260089687,7.276935256262049,0,NoWC,0,NoSA,manufacturing,3,satisfactory,223,0.058,0.139,3,less250
63462,2001,3,1651.860709798995,7.409657634423818,0,NoWC,0,NoSA,manufacturing,3,satisfactory,199,0.106,0.131,3,less250
63481,2015,17,1944.7478632478633,7.572887614357838,1,WC,0,NoSA,health,3,satisfactory,234,0.017,0.077,3,less250
63481,2016,18,2431.48031496063,7.796255533969255,1,WC,0,NoSA,health,3,satisfactory,254,0.016,0.055,4,more250
63481,2017,19,2608.8203883495144,7.866653439665942,1,WC,0,NoSA,health,2,sufficient,206,0.019,0.078,3,less250
63481,2018,20,2839.915789473684,7.951529679121862,1,WC,0,NoSA,health,3,satisfactory,190,0.026,0.084,3,less250
63489,2014,16,4514.285714285715,8.41500225051969,0,NoWC,0,NoSA,health,2,sufficient,70,0.657,0.657,2,less100
63489,2015,17,6191.875,8.730993227727295,0,NoWC,0,NoSA,health,2,sufficient,72,0.653,0.903,2,less100
63489,2017,19,5239.278846153846,8.563939143064129,0,NoWC,0,NoSA,health,2,sufficient,104,0.452,0.683,3,less250
63489,2018,20,5099.192307692308,8.536837435129677,0,NoWC,0,NoSA,health,1,unsatisfactory,104,0.577,0.712,3,less250
63489,2019,21,5790.288461538462,8.663937389971709,0,NoWC,0,NoSA,health,1,unsatisfactory,104,0.673,0.875,3,less250
63545,1999,1,930.6169031049251,6.8358477029087386,0,NoWC,0,NoSA,edu,3,satisfactory,934,0.01,0.731,4,more250
63545,2000,2,680.2404891304348,6.522446396132957,0,NoWC,0,NoSA,buservices,1,unsatisfactory,920,0.01,0.616,4,more250
63545,2001,3,773.1083792892157,6.650419244825726,0,NoWC,0,NoSA,buservices,4,good,816,0.009,0.684,4,more250
63545,2002,4,765.0273224043716,6.63991154875002,0,NoWC,0,NoSA,buservices,3,satisfactory,732,0.01,0.665,4,more250
63566,2002,4,1293.3025404157045,7.164954334708842,1,WC,0,NoSA,health,4,good,433,0.007,0.406,4,more250
63566,2004,6,1193.3174224343675,7.084492457482191,1,WC,0,NoSA,health,4,good,419,0.026,0.389,4,more250
63566,2005,7,1233.9401913875597,7.117967736019736,1,WC,0,NoSA,health,5,very good,418,0.007,0.39,4,more250
63566,2006,8,875.8353221957041,6.775178084903296,1,WC,0,NoSA,health,5,very good,419,0.01,0.382,4,more250
63571,2004,6,937.1818181818181,6.842877306298014,1,WC,0,NoSA,health,3,satisfactory,55,0.018,0.345,2,less100
63571,2005,7,649.7222222222222,6.476544921122114,1,WC,0,NoSA,health,4,good,54,0.019,0.352,2,less100
63571,2009,11,616.8965517241379,6.424701346516291,1,WC,0,NoSA,resthotels,5,very good,58,0.017,0.328,2,less100
63606,2002,4,1597.025641025641,7.375898203831669,1,WC,0,NoSA,wholesretail,4,good,39,0.026,0.333,1,less50
63606,2003,5,1707.1891891891892,7.442603548046879,1,WC,0,NoSA,wholesretail,4,good,37,0.054,0.324,1,less50
63606,2004,6,1577.9,7.363850128041624,1,WC,0,NoSA,wholesretail,4,good,40,0.025,0.35,1,less50
63606,2007,9,209.325,5.343888068090496,1,WC,0,NoSA,wholesretail,5,very good,40,0.025,0.275,1,less50
63613,2006,8,862.4897959183673,6.759823318016246,0,NoWC,0,NoSA,wholesretail,4,good,49,0.122,0.878,1,less50
63613,2007,9,806.7142857142857,6.692969560617524,0,NoWC,0,NoSA,wholesretail,5,very good,49,0.122,0.918,1,less50
63613,2008,10,836,6.728628613084702,0,NoWC,0,NoSA,wholesretail,4,good,49,0.082,0.776,1,less50
63619,2015,17,3251.3809523809523,8.086835093500671,0,NoWC,0,NoSA,manufacturing,5,very good,21,0.286,0.19,1,less50
63619,2016,18,3346.8636363636365,8.115778958332836,0,NoWC,0,NoSA,manufacturing,4,good,22,0.182,0.227,1,less50
63619,2017,19,2563.75,7.84922630938659,0,NoWC,0,NoSA,manufacturing,4,good,28,0.071,0.143,1,less50
63619,2018,20,2702.1785714285716,7.901813604947999,0,NoWC,0,NoSA,manufacturing,4,good,28,0.107,0.179,1,less50
63619,2019,21,2803.5384615384614,7.938637634584464,0,NoWC,0,NoSA,manufacturing,5,very good,26,0.154,0.192,1,less50
63619,2020,22,2724.576923076923,7.910068437457188,0,NoWC,0,NoSA,manufacturing,4,good,26,0.154,0.038,1,less50
63619,2021,23,501.9873417721519,6.218574903780488,0,NoWC,0,NoSA,manufacturing,4,good,79,0.025,0.203,2,less100
63630,2008,10,1178.6451612903227,7.0721208894113685,1,WC,0,NoSA,buservices,3,satisfactory,31,0.387,0.677,1,less50
63630,2009,11,545.7297297297297,6.302123852696715,1,WC,0,NoSA,buservices,4,good,37,0.297,0.892,1,less50
63630,2010,12,519.7567567567568,6.253360926666623,1,WC,0,NoSA,buservices,3,satisfactory,37,0.676,0.892,1,less50
63630,2011,13,659.3428571428572,6.491243668015166,1,WC,0,NoSA,buservices,2,sufficient,35,0.429,0.943,1,less50
63630,2013,15,934.8333333333334,6.8403682602802816,1,WC,0,NoSA,buservices,4,good,36,0.833,0.861,1,less50
63639,2007,9,1165.7142857142858,7.061089298902839,1,WC,0,NoSA,manufacturing,2,sufficient,28,0.036,0.464,1,less50
63639,2008,10,294.05405405405406,5.683763607765709,1,WC,0,NoSA,manufacturing,3,satisfactory,37,0.054,0.568,1,less50
63639,2009,11,746.0571428571428,6.61480219627442,1,WC,0,NoSA,manufacturing,3,satisfactory,35,0.029,0.543,1,less50
63639,2010,12,920.1428571428571,6.824528937491578,1,WC,0,NoSA,manufacturing,1,unsatisfactory,35,0.057,0.514,1,less50
63639,2011,13,870.4054054054054,6.768959086336767,1,WC,0,NoSA,manufacturing,1,unsatisfactory,37,0.027,0.514,1,less50
63676,2003,5,1060.5882352941176,6.966578972141146,1,WC,0,NoSA,wholesretail,3,satisfactory,34,0.412,0.706,1,less50
63676,2004,6,1181.3513513513512,7.074414275213136,1,WC,0,NoSA,wholesretail,1,unsatisfactory,37,0.297,0.757,1,less50
63676,2005,7,1326.904761904762,7.190604262280214,1,WC,0,NoSA,wholesretail,1,unsatisfactory,42,0.452,0.714,1,less50
63676,2006,8,1010.775,6.918472642323333,1,WC,0,NoSA,wholesretail,1,unsatisfactory,40,0.1,0.575,1,less50
63676,2007,9,1283.975,7.157716013655371,1,WC,0,NoSA,wholesretail,2,sufficient,40,0.15,0.65,1,less50
63676,2009,11,1163.4722222222222,7.0591641081317995,1,WC,0,NoSA,wholesretail,2,sufficient,36,0.139,0.722,1,less50
63683,2016,18,2247.4821428571427,7.717565820978123,0,NoWC,0,NoSA,buservices,4,good,56,0.964,0.839,2,less100
63683,2017,19,1748.0333333333333,7.466246625446324,0,NoWC,0,NoSA,buservices,4,good,60,0.35,0.817,2,less100
63683,2018,20,1955.4237288135594,7.578362190015616,0,NoWC,0,NoSA,buservices,4,good,59,0.593,0.831,2,less100
63683,2019,21,1945.4032258064517,7.573224548605268,0,NoWC,0,NoSA,buservices,3,satisfactory,62,0.371,0.823,2,less100
63733,2017,19,1598.04,7.376533157302054,1,WC,0,NoSA,construction,3,satisfactory,25,0.04,0.2,1,less50
63733,2018,20,1804.88,7.498249386562496,1,WC,0,NoSA,construction,3,satisfactory,25,0.52,0.2,1,less50
63733,2019,21,1729.64,7.45566857335203,1,WC,0,NoSA,construction,3,satisfactory,25,0.68,0.28,1,less50
63733,2020,22,1590.8076923076924,7.371997148818257,1,WC,0,NoSA,construction,3,satisfactory,26,0.692,0.385,1,less50
63774,2011,13,2550.6206896551726,7.844092016241532,0,NoWC,0,NoSA,wholesretail,2,sufficient,29,0.069,0.414,1,less50
63774,2013,15,2512.7,7.82911315118931,0,NoWC,0,NoSA,wholesretail,3,satisfactory,30,0.067,0.433,1,less50
63774,2014,16,2326.21875,7.751999374228399,1,WC,0,NoSA,wholesretail,5,very good,32,0.062,0.406,1,less50
63800,2019,21,2624.681818181818,7.872714955557729,1,WC,0,NoSA,manufacturing,3,satisfactory,22,0.091,0.045,1,less50
63800,2020,22,2338.2608695652175,7.757162713893706,1,WC,0,NoSA,manufacturing,3,satisfactory,23,0.087,0,1,less50
63800,2021,23,2159.7391304347825,7.6777427204377116,1,WC,0,NoSA,manufacturing,1,unsatisfactory,23,0.087,0,1,less50
63803,2010,12,479.86538461538464,6.1735056158508925,1,WC,0,NoSA,buservices,3,satisfactory,52,0.269,0.712,2,less100
63803,2011,13,951.6,6.8581447784288025,1,WC,0,NoSA,buservices,4,good,50,0.16,0.72,1,less50
63803,2012,14,839.1587301587301,6.732399878273604,1,WC,0,NoSA,buservices,4,good,63,0.143,0.698,2,less100
63819,2000,2,4033.458243534483,8.302379411908538,0,NoWC,0,NoSA,transcom,4,good,29,0.759,0.828,1,less50
63819,2001,3,5282.600883152174,8.572173846923032,0,NoWC,0,NoSA,transcom,3,satisfactory,23,0.913,0.826,1,less50
63819,2002,4,4114.583333333333,8.322292852415423,0,NoWC,0,NoSA,transcom,4,good,24,0.917,0.833,1,less50
63833,2017,19,5921.642857142857,8.68636919903188,1,WC,0,NoSA,construction,4,good,28,0.143,0.5,1,less50
63833,2018,20,4251.44,8.355013028060144,1,WC,0,NoSA,construction,3,satisfactory,25,0.16,0.4,1,less50
63833,2019,21,5225.708333333333,8.561345633832945,1,WC,0,NoSA,construction,4,good,24,0.167,0.417,1,less50
63845,1998,0,1286.6647858796296,7.1598087120381155,0,NoWC,0,NoSA,health,4,good,432,0.199,0.058,4,more250
63845,1999,1,1381.933658392435,7.231238999117811,0,NoWC,0,NoSA,health,3,satisfactory,423,0.149,0.052,4,more250
63845,2000,2,1246.7029891304348,7.128257736982157,0,NoWC,0,NoSA,health,3,satisfactory,460,0.22,0.052,4,more250
63845,2002,4,1149.8973305954826,7.047427939628742,0,NoWC,0,NoSA,health,4,good,487,0.413,0.031,4,more250
63845,2004,6,1282.051282051282,7.156216638280637,0,NoWC,0,NoSA,health,4,good,390,0.395,0.051,4,more250
63845,2005,7,1375.432,7.226523142574082,0,NoWC,1,SA,health,4,good,375,0.464,0.056,4,more250
63859,2001,3,2466.175235215054,7.810423741708554,0,NoWC,1,SA,wholesretail,2,sufficient,186,0.64,0.366,3,less250
63859,2002,4,3082.6666666666665,8.033550302244048,0,NoWC,0,NoSA,wholesretail,3,satisfactory,153,0.582,0.333,3,less250
63859,2004,6,2958.579881656805,7.992464662481256,0,NoWC,0,NoSA,wholesretail,3,satisfactory,169,0.917,0.349,3,less250
63859,2005,7,3223.66875,8.078275353310666,0,NoWC,0,NoSA,wholesretail,3,satisfactory,160,0.25,0.438,3,less250
63917,2013,15,537.8151260504202,6.28751486923028,1,WC,0,NoSA,public,3,satisfactory,595,0.173,0.555,4,more250
63917,2014,16,592.8705440900563,6.384976068403205,1,WC,0,NoSA,public,3,satisfactory,533,0.189,0.546,4,more250
63917,2015,17,2409.219607843137,7.787058159872599,1,WC,0,NoSA,public,3,satisfactory,510,0.167,0.524,4,more250
63941,2002,4,2157.68,7.6767888493732155,1,WC,0,NoSA,manufacturing,2,sufficient,25,0.4,0.12,1,less50
63941,2003,5,2385.44,7.777138872680089,1,WC,0,NoSA,manufacturing,4,good,25,0.32,0.16,1,less50
63941,2004,6,2209.4814814814813,7.700513143219301,1,WC,0,NoSA,manufacturing,4,good,27,0.444,0.148,1,less50
63941,2005,7,2345.576923076923,7.760286673255856,1,WC,0,NoSA,manufacturing,4,good,26,0.538,0.115,1,less50
63941,2006,8,2572.1923076923076,7.85251385227169,1,WC,0,NoSA,manufacturing,3,satisfactory,26,0.577,0.115,1,less50
63941,2007,9,1502.2,7.314685979251911,1,WC,0,NoSA,manufacturing,3,satisfactory,25,0.48,0.16,1,less50
63941,2008,10,2027.4814814814815,7.614549652276577,1,WC,0,NoSA,manufacturing,2,sufficient,27,0.556,0.148,1,less50
63941,2009,11,2025.8,7.613719963252697,1,WC,0,NoSA,manufacturing,3,satisfactory,25,0.44,0.24,1,less50
63956,1998,0,2280.202612704918,7.732019583221662,1,WC,0,NoSA,wholesretail,4,good,61,0.033,0.475,2,less100
63956,1999,1,2043.4205729166667,7.622380434089742,1,WC,0,NoSA,wholesretail,5,very good,60,0.083,0.433,2,less100
63956,2000,2,2008.1133549528302,7.6049509308880205,1,WC,0,NoSA,wholesretail,3,satisfactory,53,0.094,0.453,2,less100
63956,2001,3,2471.5134375,7.812585969713823,1,WC,1,SA,wholesretail,3,satisfactory,50,0.1,0.36,1,less50
63956,2002,4,2471.511111111111,7.81258502843228,1,WC,0,NoSA,wholesretail,3,satisfactory,45,0.111,0.422,1,less50
63956,2004,6,1655.5227272727273,7.411872085236606,1,WC,0,NoSA,wholesretail,5,very good,44,0.045,0.386,1,less50
63956,2005,7,1341.7608695652175,7.201738112060248,1,WC,0,NoSA,wholesretail,3,satisfactory,46,0.109,0.413,1,less50
63956,2006,8,1643.8695652173913,7.4048082325764515,1,WC,0,NoSA,wholesretail,1,unsatisfactory,46,0.109,0.391,1,less50
63956,2007,9,1890.0681818181818,7.544368182439075,1,WC,0,NoSA,wholesretail,5,very good,44,0.114,0.386,1,less50
63956,2008,10,2076.4761904761904,7.63842759682457,1,WC,0,NoSA,wholesretail,1,unsatisfactory,42,0.119,0.381,1,less50
63956,2009,11,2306.560975609756,7.743512939071485,1,WC,0,NoSA,wholesretail,3,satisfactory,41,0.122,0.366,1,less50
63956,2010,12,2851.74358974359,7.955685872072953,1,WC,0,NoSA,wholesretail,5,very good,39,0.128,0.385,1,less50
63956,2011,13,3002.3846153846152,8.007162123701839,1,WC,0,NoSA,wholesretail,5,very good,39,0.128,0.385,1,less50
63956,2012,14,2611.1,7.867526867467828,1,WC,0,NoSA,wholesretail,5,very good,40,0.15,0.35,1,less50
63956,2013,15,2450.475,7.80403716229797,1,WC,0,NoSA,wholesretail,4,good,40,0.125,0.375,1,less50
63956,2014,16,2941.923076923077,7.98681875429443,1,WC,0,NoSA,wholesretail,4,good,39,0.128,0.282,1,less50
63956,2015,17,3211.8611111111113,8.074605833506316,1,WC,0,NoSA,wholesretail,5,very good,36,0.167,0.278,1,less50
63956,2018,20,4164.08,8.334250641846175,1,WC,0,NoSA,wholesretail,4,good,25,0.2,0.44,1,less50
63956,2019,21,4154.96,8.332058080287734,1,WC,0,NoSA,wholesretail,4,good,25,0.08,0.4,1,less50
63956,2021,23,5200.666666666667,8.556542101480149,1,WC,0,NoSA,wholesretail,5,very good,21,0.095,0.571,1,less50
63995,2014,16,3079.5555555555557,8.032540565411052,1,WC,0,NoSA,edu,4,good,45,0.489,0.222,1,less50
63995,2015,17,3003.170731707317,8.007423920082609,1,WC,0,NoSA,edu,4,good,41,0.366,0.268,1,less50
63995,2016,18,5904.9,8.683537793687051,1,WC,0,NoSA,edu,4,good,40,0.375,0.25,1,less50
64015,2017,19,2188.4137931034484,7.690932264995365,1,WC,0,NoSA,health,3,satisfactory,29,0.897,0.069,1,less50
64015,2018,20,1835.5,7.515072202936889,1,WC,0,NoSA,health,3,satisfactory,30,0.967,0.033,1,less50
64015,2020,22,2970.714285714286,7.996557703121699,1,WC,0,NoSA,buservices,2,sufficient,35,0.914,0.029,1,less50
64034,2013,15,671.4765625,6.509479112152374,1,WC,0,NoSA,manufacturing,3,satisfactory,256,0.004,0.098,4,more250
64034,2014,16,966.7088607594936,6.8738973754154085,1,WC,0,NoSA,manufacturing,4,good,237,0.004,0.084,3,less250
64034,2015,17,822.1111111111111,6.711875557589331,1,WC,0,NoSA,manufacturing,4,good,243,0.004,0.078,3,less250
64034,2017,19,919.482905982906,6.823811453314643,0,NoWC,0,NoSA,manufacturing,4,good,234,0.013,0.09,3,less250
64054,2017,19,2185.4117647058824,7.689559540441402,1,WC,1,SA,manufacturing,4,good,51,0.294,0.098,2,less100
64054,2018,20,2646.1176470588234,7.8808488059158215,1,WC,1,SA,manufacturing,4,good,51,0.275,0.078,2,less100
64054,2019,21,2246.3076923076924,7.717043121599972,1,WC,1,SA,manufacturing,4,good,52,0.346,0.077,2,less100
64054,2020,22,1994.7735849056603,7.598285831607983,1,WC,0,NoSA,manufacturing,3,satisfactory,53,0.302,0.094,2,less100
64054,2021,23,2532.5185185185187,7.836969548443001,1,WC,1,SA,manufacturing,3,satisfactory,54,0.296,0.093,2,less100
64069,2001,3,2667.2600990853657,7.888807044393155,0,NoWC,0,NoSA,wholesretail,1,unsatisfactory,82,0.024,0.329,2,less100
64069,2002,4,1612.0919540229886,7.385287964878237,0,NoWC,0,NoSA,wholesretail,2,sufficient,87,0.023,0.448,2,less100
64069,2003,5,1252.25,7.132697212237726,0,NoWC,0,NoSA,wholesretail,1,unsatisfactory,80,0.025,0.462,2,less100
64075,2003,5,1522.076923076923,7.327831077930903,1,WC,0,NoSA,wholesretail,4,good,26,0.038,0.077,1,less50
64075,2004,6,1259.1818181818182,7.138217438376728,1,WC,0,NoSA,wholesretail,2,sufficient,22,0.091,0.091,1,less50
64075,2006,8,1319.1666666666667,7.184755503087057,1,WC,0,NoSA,wholesretail,3,satisfactory,24,0.167,0.125,1,less50
64150,1999,1,2045.5859375,7.623439549442201,0,NoWC,0,NoSA,manufacturing,3,satisfactory,44,0.023,0.045,1,less50
64150,2000,2,2150.4805689102564,7.673446616568116,0,NoWC,0,NoSA,manufacturing,5,very good,39,0.051,0.051,1,less50
64150,2001,3,4072.5859375,8.312033442156567,0,NoWC,0,NoSA,manufacturing,4,good,21,0.143,0.048,1,less50
64162,1999,1,476.6497502561475,6.1667819449829775,1,WC,0,NoSA,manufacturing,4,good,61,0.197,0.328,2,less100
64162,2000,2,582.0989231418919,6.366640404322177,1,WC,0,NoSA,manufacturing,4,good,74,0.041,0.122,2,less100
64162,2002,4,1009.8219178082192,6.917529275287519,1,WC,0,NoSA,manufacturing,4,good,73,0.014,0.096,2,less100
64171,2000,2,6451.765463917526,8.77210908767266,0,NoWC,0,NoSA,manufacturing,4,good,97,0.021,0.464,2,less100
64171,2002,4,3809.5238095238096,8.245259475932595,0,NoWC,0,NoSA,manufacturing,5,very good,147,0.014,0.531,3,less250
64171,2004,6,1956.1436781609195,7.578730302989564,0,NoWC,0,NoSA,manufacturing,5,very good,174,0.011,0.448,3,less250
64171,2005,7,1897.596685082873,7.5483434619020455,0,NoWC,0,NoSA,manufacturing,5,very good,181,0.011,0.425,3,less250
64171,2006,8,1124.8804347826087,7.025432028797144,0,NoWC,0,NoSA,manufacturing,5,very good,184,0.011,0.391,3,less250
64171,2007,9,1678.398104265403,7.4255951081522404,0,NoWC,0,NoSA,manufacturing,5,very good,211,0.019,0.355,3,less250
64177,2007,9,1153.5652173913043,7.050612614716297,1,WC,0,NoSA,manufacturing,5,very good,23,0.043,0.087,1,less50
64177,2008,10,944.6666666666666,6.850832131582516,1,WC,0,NoSA,manufacturing,4,good,24,0.167,0,1,less50
64177,2009,11,308.72,5.7324347172293635,1,WC,0,NoSA,manufacturing,3,satisfactory,25,0.12,0,1,less50
64184,2004,6,781.3333333333334,6.661001862028794,0,NoWC,0,NoSA,manufacturing,4,good,27,0.111,0.593,1,less50
64184,2005,7,1432.037037037037,7.266853211038807,0,NoWC,0,NoSA,manufacturing,3,satisfactory,27,0.111,0.667,1,less50
64184,2006,8,1110.2857142857142,7.012372661442018,0,NoWC,0,NoSA,manufacturing,3,satisfactory,28,0.107,0.679,1,less50
64197,2013,15,4324.324324324324,8.37201118157174,1,WC,0,NoSA,manufacturing,4,good,74,0.108,0.027,2,less100
64197,2014,16,4157.894736842105,8.332764152282717,1,WC,0,NoSA,manufacturing,4,good,76,0.118,0.053,2,less100
64197,2015,17,7507.1466666666665,8.923610734702875,1,WC,0,NoSA,manufacturing,4,good,75,0.133,0.053,2,less100
64197,2016,18,7137.618421052632,8.873134445217541,1,WC,0,NoSA,manufacturing,5,very good,76,0.145,0.053,2,less100
64197,2017,19,8565.57142857143,9.055506125236954,1,WC,0,NoSA,manufacturing,5,very good,70,0.157,0.057,2,less100
64197,2018,20,7760.101449275362,8.956750686452036,1,WC,0,NoSA,transcom,3,satisfactory,69,0.145,0.072,2,less100
64227,2001,3,3104.682391826923,8.040666699868984,0,NoWC,0,NoSA,transcom,3,satisfactory,26,0.038,0.038,1,less50
64227,2005,7,4510.8,8.414229800358132,0,NoWC,0,NoSA,transcom,2,sufficient,35,0.029,0.143,1,less50
64227,2006,8,4391.641025641025,8.387458246160696,0,NoWC,0,NoSA,transcom,3,satisfactory,39,0.026,0.103,1,less50
64275,2009,11,319.1714285714286,5.765728352081434,1,WC,0,NoSA,construction,3,satisfactory,35,0.143,0.571,1,less50
64275,2010,12,589.4545454545455,6.379197610057196,1,WC,0,NoSA,construction,3,satisfactory,22,0.5,0.682,1,less50
64275,2011,13,604.0869565217391,6.403718155323676,1,WC,0,NoSA,construction,4,good,23,0.609,0.696,1,less50
64275,2012,14,691.0869565217391,6.538265657415753,1,WC,0,NoSA,construction,4,good,23,0.522,0.696,1,less50
64275,2014,16,799.9545454545455,6.684554907871895,1,WC,0,NoSA,construction,4,good,22,0.545,0.682,1,less50
64275,2015,17,926.2727272727273,6.831168713175915,1,WC,0,NoSA,construction,3,satisfactory,22,0.591,0.682,1,less50
64275,2016,18,926.304347826087,6.831202850004863,1,WC,0,NoSA,construction,3,satisfactory,23,0.522,0.696,1,less50
64275,2017,19,1065.25,6.9709647923800215,1,WC,0,NoSA,construction,3,satisfactory,20,0.6,0.75,1,less50
64275,2018,20,1410.75,7.251876756849249,1,WC,0,NoSA,construction,3,satisfactory,20,0.6,0.75,1,less50
64275,2019,21,1111.55,7.013510716648001,1,WC,0,NoSA,construction,3,satisfactory,20,0.6,0.7,1,less50
64287,2000,2,963.9052136479592,6.87099296368489,1,WC,0,NoSA,public,3,satisfactory,98,0.388,0.449,2,less100
64287,2001,3,2375.6038056930693,7.77300691813279,1,WC,0,NoSA,public,1,unsatisfactory,101,0.545,0.386,3,less250
64287,2002,4,1043.2155172413793,6.950063065717992,1,WC,0,NoSA,public,1,unsatisfactory,116,0.328,0.414,3,less250
64287,2003,5,690.6635514018692,6.537652804182563,1,WC,0,NoSA,public,4,good,107,0.28,0.477,3,less250
64287,2004,6,1144.215909090909,7.042474885854975,1,WC,1,SA,public,1,unsatisfactory,88,0.648,0.489,2,less100
64287,2006,8,787.4466019417475,6.668795561342687,1,WC,1,SA,public,3,satisfactory,103,0.466,0.272,3,less250
64287,2007,9,707.2589285714286,6.561396834451836,1,WC,1,SA,public,4,good,112,0.393,0.402,3,less250
64316,2009,11,1913.3333333333333,7.556602200645503,0,NoWC,0,NoSA,manufacturing,4,good,180,0.022,0.211,3,less250
64316,2010,12,1250.7103825136612,7.131466974882571,0,NoWC,0,NoSA,manufacturing,4,good,183,0.016,0.186,3,less250
64316,2011,13,1422.2574850299402,7.260000666425796,0,NoWC,0,NoSA,manufacturing,4,good,167,0.018,0.192,3,less250
64316,2012,14,1559.4561403508771,7.352092411478513,0,NoWC,0,NoSA,manufacturing,5,very good,171,0.018,0.193,3,less250
64316,2013,15,1594.035294117647,7.374024000960521,0,NoWC,0,NoSA,manufacturing,5,very good,170,0.018,0.194,3,less250
64316,2015,17,1887.6871165644172,7.543107610813334,0,NoWC,0,NoSA,manufacturing,4,good,163,0.018,0.215,3,less250
64316,2016,18,1465.202380952381,7.289748655904964,0,NoWC,0,NoSA,manufacturing,5,very good,168,0.018,0.226,3,less250
64316,2017,19,1577.139393939394,7.3633679749016014,0,NoWC,0,NoSA,manufacturing,4,good,165,0.018,0.23,3,less250
64316,2018,20,1777.9627329192547,7.483223455741278,0,NoWC,0,NoSA,manufacturing,4,good,161,0.019,0.267,3,less250
64316,2020,22,1982.7044025157234,7.5922170516069345,0,NoWC,0,NoSA,manufacturing,5,very good,159,0.019,0.239,3,less250
64316,2021,23,2288.40490797546,7.735610307111292,0,NoWC,0,NoSA,manufacturing,4,good,163,0.018,0.209,3,less250
64361,2015,17,5150.984375,8.54694311616941,0,NoWC,0,NoSA,finance,3,satisfactory,64,0.516,0.031,2,less100
64361,2016,18,5317.140625,8.578690961339658,0,NoWC,0,NoSA,finance,4,good,64,0.562,0.047,2,less100
64361,2017,19,5555.223880597015,8.622494003799321,0,NoWC,0,NoSA,finance,4,good,67,0.612,0.045,2,less100
64361,2018,20,7936.044776119403,8.979170291100933,0,NoWC,0,NoSA,finance,2,sufficient,67,0.627,0.045,2,less100
64361,2019,21,5843.021978021978,8.67300340397505,0,NoWC,0,NoSA,finance,4,good,91,0.582,0.033,2,less100
64361,2020,22,5717.365591397849,8.651263417338644,0,NoWC,0,NoSA,finance,3,satisfactory,93,0.613,0.043,2,less100
64366,2000,2,4242.077445652174,8.352808391830244,1,WC,1,SA,manufacturing,3,satisfactory,23,0.13,0.174,1,less50
64366,2001,3,5123.722486413043,8.541636501989647,1,WC,0,NoSA,manufacturing,4,good,23,0.087,0.174,1,less50
64366,2004,6,1370.1627906976744,7.22268483708977,1,WC,0,NoSA,manufacturing,4,good,43,0.023,0.093,1,less50
64366,2005,7,1590.5263157894738,7.37182025666029,1,WC,0,NoSA,manufacturing,3,satisfactory,38,0.026,0.105,1,less50
64366,2006,8,1792.5882352941176,7.491415795973084,1,WC,0,NoSA,manufacturing,3,satisfactory,34,0.029,0.088,1,less50
64366,2007,9,1509.972972972973,7.319847030955391,1,WC,0,NoSA,manufacturing,4,good,37,0.027,0.081,1,less50
64391,2001,3,1883.2157738095239,7.540736112538013,1,WC,0,NoSA,transcom,2,sufficient,84,0.024,0.833,2,less100
64391,2002,4,2504.9859154929577,7.826038390945457,1,WC,0,NoSA,transcom,3,satisfactory,71,0.014,0.704,2,less100
64391,2005,7,3474.951612903226,8.153335833557552,1,WC,0,NoSA,transcom,1,unsatisfactory,62,0.016,0.5,2,less100
64400,2008,10,1715.076923076923,7.447213211700247,1,WC,0,NoSA,buservices,4,good,65,0.169,0.523,2,less100
64400,2009,11,1725.8461538461538,7.453472733166691,1,WC,1,SA,buservices,4,good,65,0.185,0.631,2,less100
64400,2010,12,1217.2205882352941,7.104325332302455,1,WC,0,NoSA,buservices,4,good,68,0.162,0.559,2,less100
64400,2011,13,1128.25,7.0284230387071105,1,WC,0,NoSA,buservices,4,good,72,0.167,0.569,2,less100
64400,2012,14,1422.1617647058824,7.2599333624767715,1,WC,0,NoSA,buservices,4,good,68,0.147,0.544,2,less100
64402,2008,10,2611.5692307692307,7.867706557488298,1,WC,0,NoSA,health,2,sufficient,65,0.231,0.954,2,less100
64402,2009,11,2085.6805555555557,7.642850486516434,1,WC,0,NoSA,health,3,satisfactory,72,0.167,0.958,2,less100
64402,2010,12,2502.7,7.825125428075856,1,WC,0,NoSA,health,3,satisfactory,100,0.12,0.94,2,less100
64431,2012,14,2448.8888888888887,7.8033896859306315,1,WC,0,NoSA,buservices,5,very good,135,0.919,0.067,3,less250
64431,2014,16,3128.7128712871286,8.04837697572779,1,WC,0,NoSA,buservices,2,sufficient,101,0.703,0.079,3,less250
64431,2015,17,12087.358695652174,9.399915449571372,1,WC,0,NoSA,buservices,1,unsatisfactory,92,0.283,0.076,2,less100
64441,2012,14,737.5769230769231,6.603370385252034,0,NoWC,1,SA,construction,5,very good,26,0.038,0.885,1,less50
64441,2013,15,651.5862068965517,6.479409708450669,0,NoWC,1,SA,construction,4,good,29,0.069,0.897,1,less50
64441,2014,16,735,6.5998704992128365,0,NoWC,1,SA,construction,4,good,28,0.107,0.893,1,less50
64441,2015,17,818.5416666666666,6.707524301644614,0,NoWC,1,SA,construction,4,good,24,0.083,0.875,1,less50
64441,2018,20,791.6923076923077,6.674172815940098,0,NoWC,1,SA,construction,4,good,26,0.115,0.923,1,less50
64441,2019,21,779.5555555555555,6.658723956715799,0,NoWC,1,SA,construction,4,good,27,0.296,0.926,1,less50
64441,2020,22,894.7826086956521,6.796580793458891,0,NoWC,0,NoSA,construction,3,satisfactory,23,0.087,0.87,1,less50
64441,2021,23,602.8518518518518,6.40167148138717,0,NoWC,1,SA,construction,3,satisfactory,27,0.074,0.815,1,less50
64449,2002,4,1857.8461538461538,7.527173113925138,1,WC,0,NoSA,public,4,good,26,0.154,0.577,1,less50
64449,2003,5,2008.2,7.604994077445336,1,WC,0,NoSA,public,3,satisfactory,25,0.16,0.56,1,less50
64449,2004,6,1689.888888888889,7.4324180595361495,1,WC,0,NoSA,public,3,satisfactory,27,0.148,0.556,1,less50
64449,2005,7,2279.304347826087,7.731625564790183,1,WC,0,NoSA,public,4,good,23,0.174,0.696,1,less50
64449,2006,8,2146.095238095238,7.671405301560633,1,WC,0,NoSA,public,3,satisfactory,21,0.19,0.714,1,less50
64449,2015,17,2619.85,7.870872343207792,1,WC,0,NoSA,public,4,good,20,0.05,0.6,1,less50
64449,2016,18,2910.190476190476,7.975973813758964,1,WC,0,NoSA,public,4,good,21,0.048,0.571,1,less50
64449,2017,19,2303.909090909091,7.7423625639666245,1,WC,0,NoSA,public,3,satisfactory,22,0.091,0.773,1,less50
64449,2018,20,2349.3846153846152,7.76190870705159,1,WC,0,NoSA,public,4,good,26,0.154,0.423,1,less50
64449,2019,21,2153.5,7.674849704494165,1,WC,0,NoSA,public,3,satisfactory,26,0.154,0.692,1,less50
64449,2020,22,1935.0625,7.567894904683858,1,WC,0,NoSA,art,3,satisfactory,32,0.031,0.656,1,less50
64449,2021,23,1889.2903225806451,7.543956546841333,1,WC,0,NoSA,art,2,sufficient,31,0.032,0.516,1,less50
64463,2017,19,3931.785714285714,8.276848981889245,0,NoWC,0,NoSA,manufacturing,3,satisfactory,28,0.107,0.429,1,less50
64463,2018,20,4199.0344827586205,8.342609892786369,0,NoWC,0,NoSA,manufacturing,3,satisfactory,29,0.069,0.448,1,less50
64463,2019,21,4274.866666666667,8.360508191800651,0,NoWC,0,NoSA,manufacturing,3,satisfactory,30,0.1,0.5,1,less50
64463,2020,22,4033.676470588235,8.302433514650476,0,NoWC,0,NoSA,manufacturing,3,satisfactory,34,0.059,0.441,1,less50
64463,2021,23,4913.75,8.49979267673607,0,NoWC,0,NoSA,manufacturing,1,unsatisfactory,32,0.094,0.438,1,less50
64478,2008,10,179.5267175572519,5.190324041182209,1,WC,0,NoSA,manufacturing,4,good,262,0.053,0.233,4,more250
64478,2009,11,168.3091603053435,5.125802528149,1,WC,0,NoSA,manufacturing,1,unsatisfactory,262,0.053,0.107,4,more250
64478,2011,13,241.42995169082127,5.486579375908037,1,WC,0,NoSA,manufacturing,1,unsatisfactory,207,0.092,0.135,3,less250
64478,2012,14,235.90740740740742,5.463439386545512,1,WC,0,NoSA,manufacturing,3,satisfactory,216,0.079,0.139,3,less250
64478,2013,15,233.74311926605503,5.454222731440589,1,WC,0,NoSA,manufacturing,5,very good,218,0.078,0.128,3,less250
64478,2014,16,229.07359307359306,5.4340433190604776,0,NoWC,0,NoSA,manufacturing,5,very good,231,0.069,0.087,3,less250
64478,2015,17,244.98245614035088,5.501186600390376,0,NoWC,0,NoSA,manufacturing,3,satisfactory,228,0.079,0.083,3,less250
64478,2016,18,304.8666666666667,5.719874522555845,0,NoWC,0,NoSA,manufacturing,3,satisfactory,225,0.08,0.084,3,less250
64478,2017,19,320.9344978165939,5.7712370456615005,0,NoWC,0,NoSA,manufacturing,4,good,229,0.157,0.105,3,less250
64478,2018,20,333.176,5.808670878886963,0,NoWC,0,NoSA,manufacturing,4,good,250,0.14,0.096,3,less250
64478,2019,21,318.6747967479675,5.764171136865275,0,NoWC,0,NoSA,manufacturing,4,good,246,0.142,0.098,3,less250
64487,2016,18,1163.75,7.059402828591277,1,WC,0,NoSA,transcom,3,satisfactory,20,0.5,0.1,1,less50
64487,2017,19,1214.1,7.10175834054993,1,WC,0,NoSA,transcom,4,good,20,0.45,0.1,1,less50
64487,2018,20,1188.6,7.08053142293256,1,WC,0,NoSA,transcom,4,good,20,0.4,0.15,1,less50
64487,2019,21,1286.8181818181818,7.159927924747629,1,WC,0,NoSA,transcom,4,good,22,0.591,0.045,1,less50
64493,2000,2,7565.702414772727,8.931380472509955,0,NoWC,1,SA,construction,1,unsatisfactory,22,0.045,0.136,1,less50
64493,2005,7,9558.347826086956,9.165170169571063,0,NoWC,0,NoSA,construction,2,sufficient,23,0.13,0.087,1,less50
64493,2009,11,7506.068965517241,8.923467167704613,0,NoWC,0,NoSA,construction,1,unsatisfactory,29,0.103,0.172,1,less50
64493,2010,12,7057.3,8.861817821079267,0,NoWC,0,NoSA,construction,1,unsatisfactory,30,0.1,0.167,1,less50
64498,2011,13,594.8,6.388225214586,1,WC,0,NoSA,health,3,satisfactory,25,0.52,0.36,1,less50
64498,2012,14,1101.4444444444443,7.004377728696678,1,WC,0,NoSA,health,4,good,27,0.481,0.333,1,less50
64498,2013,15,1062.107142857143,6.968010084525803,1,WC,0,NoSA,health,2,sufficient,28,0.464,0.286,1,less50
64498,2014,16,1043.9642857142858,6.950780558771506,1,WC,0,NoSA,health,3,satisfactory,28,0.464,0.286,1,less50
64498,2015,17,1301.08,7.170949967782647,1,WC,0,NoSA,health,3,satisfactory,25,0.48,0.28,1,less50
64498,2017,19,697,6.546785410760524,1,WC,0,NoSA,health,2,sufficient,28,0.107,0.321,1,less50
64498,2018,20,1153.6896551724137,7.050720481240026,1,WC,0,NoSA,health,3,satisfactory,29,0.034,0.31,1,less50
64498,2019,21,1037.7037037037037,6.94476557375173,1,WC,0,NoSA,health,3,satisfactory,27,0.667,0.296,1,less50
64504,2000,2,825.2401194852941,6.715674397908274,0,NoWC,0,NoSA,manufacturing,4,good,204,0.054,0.436,3,less250
64504,2001,3,1064.165338010204,6.969946050696102,0,NoWC,0,NoSA,manufacturing,4,good,196,0.138,0.439,3,less250
64504,2002,4,1211.2315789473685,7.099392954789942,0,NoWC,0,NoSA,manufacturing,4,good,190,0.053,0.432,3,less250
64504,2003,5,1423.046511627907,7.260555283169117,0,NoWC,0,NoSA,manufacturing,5,very good,172,0.157,0.273,3,less250
64504,2004,6,1343.0074074074073,7.202666712075716,0,NoWC,0,NoSA,manufacturing,3,satisfactory,135,0.178,0.296,3,less250
64504,2005,7,1590.4035087719299,7.37174304211965,0,NoWC,0,NoSA,manufacturing,3,satisfactory,114,0.202,0.316,3,less250
64551,2013,15,2110.25641025641,7.654564740535514,0,NoWC,1,SA,manufacturing,4,good,39,0.077,0.205,1,less50
64551,2014,16,3082.846153846154,8.033608525196385,0,NoWC,1,SA,manufacturing,4,good,39,0.256,0.205,1,less50
64551,2015,17,3787.6153846153848,8.239491913938508,0,NoWC,1,SA,manufacturing,3,satisfactory,39,0.538,0.154,1,less50
64551,2018,20,3691.7291666666665,8.21385023612449,0,NoWC,1,SA,manufacturing,3,satisfactory,48,0.667,0.083,1,less50
64551,2019,21,2856.5714285714284,7.957377383478148,0,NoWC,1,SA,manufacturing,3,satisfactory,49,0.571,0.02,1,less50
64551,2020,22,2496.013698630137,7.822450217707486,0,NoWC,1,SA,manufacturing,1,unsatisfactory,73,0.562,0.192,2,less100
64551,2021,23,1560.5210084033613,7.352775024230507,0,NoWC,1,SA,manufacturing,1,unsatisfactory,119,0.176,0.176,3,less250
64565,1998,0,1299.3810649671052,7.169643326204736,0,NoWC,0,NoSA,health,3,satisfactory,76,0.592,0.211,2,less100
64565,1999,1,879.3099850171233,6.779137491963747,0,NoWC,0,NoSA,health,3,satisfactory,73,0.562,0.178,2,less100
64565,2000,2,1034.2398648648648,6.9414220057913205,0,NoWC,0,NoSA,health,4,good,74,0.608,0.189,2,less100
64565,2001,3,961.1946875,6.868176976901555,0,NoWC,0,NoSA,health,5,very good,75,0.64,0.173,2,less100
64615,2000,2,859.8372961956521,6.7567431808786065,1,WC,0,NoSA,manufacturing,1,unsatisfactory,23,0.609,0.957,1,less50
64615,2001,3,1029.0446555397727,6.936386131918444,1,WC,0,NoSA,manufacturing,1,unsatisfactory,22,0.636,0.955,1,less50
64615,2002,4,1017.8636363636364,6.925461235646515,1,WC,0,NoSA,manufacturing,3,satisfactory,22,0.591,0.955,1,less50
64615,2004,6,796.6086956521739,6.6803635866460045,1,WC,0,NoSA,construction,3,satisfactory,23,0.609,1,1,less50
64615,2005,7,796.6086956521739,6.6803635866460045,1,WC,0,NoSA,construction,4,good,23,0.13,1,1,less50
64615,2007,9,840.8695652173913,6.734436553078136,1,WC,0,NoSA,construction,3,satisfactory,23,0.609,1,1,less50
64615,2008,10,973.6086956521739,6.8810094730756814,1,WC,0,NoSA,construction,4,good,23,0.696,1,1,less50
64615,2009,11,636.1785714285714,6.455479296617281,1,WC,0,NoSA,construction,3,satisfactory,28,0.5,0.929,1,less50
64624,2009,11,1893.6,7.546235058199774,1,WC,0,NoSA,resthotels,2,sufficient,20,0.45,0.25,1,less50
64624,2010,12,2279.35,7.731645593583959,1,WC,0,NoSA,resthotels,2,sufficient,20,0.45,0.25,1,less50
64624,2011,13,2447.85,7.802965367245053,1,WC,0,NoSA,resthotels,2,sufficient,20,0.45,0.25,1,less50
64624,2012,14,2375.285714285714,7.772873009985066,1,WC,0,NoSA,resthotels,3,satisfactory,21,0.429,0.19,1,less50
64624,2013,15,2270.7916666666665,7.727883801511198,1,WC,0,NoSA,resthotels,1,unsatisfactory,24,0.458,0.25,1,less50
64624,2014,16,2131.653846153846,7.66465341101268,1,WC,0,NoSA,resthotels,3,satisfactory,26,0.5,0.385,1,less50
64624,2015,17,2045.357142857143,7.623327695212699,1,WC,0,NoSA,resthotels,3,satisfactory,28,0.464,0.357,1,less50
64624,2016,18,2217.4137931034484,7.704096837713713,1,WC,0,NoSA,resthotels,4,good,29,0.414,0.345,1,less50
64624,2017,19,2308.71875,7.744447995958931,1,WC,0,NoSA,resthotels,3,satisfactory,32,0.375,0.344,1,less50
64624,2018,20,2346.8285714285716,7.760820151610529,1,WC,0,NoSA,resthotels,4,good,35,0.4,0.4,1,less50
64624,2019,21,1482.8157894736842,7.301698119637528,1,WC,0,NoSA,resthotels,3,satisfactory,38,0.526,0.395,1,less50
64624,2020,22,2310.5555555555557,7.745243274840793,1,WC,0,NoSA,transcom,3,satisfactory,36,0.417,0.361,1,less50
64624,2021,23,2786.027777777778,7.9323721247774035,1,WC,0,NoSA,transcom,2,sufficient,36,0.417,0.333,1,less50
64631,2004,6,3476.964285714286,8.153914860374517,0,NoWC,0,NoSA,transcom,3,satisfactory,28,0.286,0.107,1,less50
64631,2006,8,4243.692307692308,8.353188996561828,0,NoWC,0,NoSA,transcom,1,unsatisfactory,26,0.346,0.115,1,less50
64631,2007,9,3960.0384615384614,8.284009016711073,0,NoWC,0,NoSA,transcom,2,sufficient,26,0.423,0.115,1,less50
64631,2008,10,3910.846153846154,8.271509037199944,0,NoWC,0,NoSA,transcom,2,sufficient,26,0.346,0.077,1,less50
64631,2009,11,3663.9032258064517,8.206284313274486,0,NoWC,0,NoSA,buservices,2,sufficient,31,0.29,0.065,1,less50
64631,2010,12,4177.689655172414,8.337513658642486,0,NoWC,0,NoSA,buservices,2,sufficient,29,0.31,0.069,1,less50
64631,2011,13,3819.84375,8.247964797622704,0,NoWC,0,NoSA,buservices,2,sufficient,32,0.281,0.062,1,less50
64631,2012,14,5110.206896551724,8.538995170940092,0,NoWC,0,NoSA,buservices,2,sufficient,29,0.448,0.069,1,less50
64631,2014,16,6026.742857142857,8.703961987423178,0,NoWC,0,NoSA,buservices,1,unsatisfactory,35,0.343,0.057,1,less50
64631,2015,17,5547.307692307692,8.621067988556074,0,NoWC,1,SA,buservices,1,unsatisfactory,39,0.308,0.051,1,less50
64631,2016,18,5408.615384615385,8.595748402782945,0,NoWC,0,NoSA,buservices,1,unsatisfactory,39,0.385,0.051,1,less50
64631,2017,19,5700.972972972973,8.648392136268367,0,NoWC,1,SA,buservices,1,unsatisfactory,37,0.378,0.054,1,less50
64631,2018,20,9107.41935483871,9.116844674035796,0,NoWC,1,SA,buservices,1,unsatisfactory,31,0.484,0.065,1,less50
64631,2020,22,11515.129032258064,9.351417017772382,0,NoWC,0,NoSA,edu,1,unsatisfactory,31,0.387,0.032,1,less50
64649,2009,11,688.6268656716418,6.534699565060064,0,NoWC,1,SA,manufacturing,4,good,134,0.015,0.172,3,less250
64649,2013,15,775.8972972972973,6.6540201625806485,1,WC,1,SA,manufacturing,3,satisfactory,185,0.286,0.184,3,less250
64649,2014,16,1133.221052631579,7.032819345820837,1,WC,1,SA,manufacturing,4,good,190,0.284,0.195,3,less250
64649,2015,17,1093.295918367347,6.996952191119052,0,NoWC,1,SA,manufacturing,2,sufficient,196,0.219,0.179,3,less250
64649,2016,18,1109.566210045662,7.011724416162806,0,NoWC,1,SA,manufacturing,2,sufficient,219,0.151,0.183,3,less250
64649,2017,19,923.6891891891892,6.828375639718435,0,NoWC,1,SA,manufacturing,2,sufficient,222,0.194,0.189,3,less250
64649,2018,20,899.3815789473684,6.801707392636274,0,NoWC,1,SA,manufacturing,3,satisfactory,228,0.219,0.215,3,less250
64649,2019,21,1567.7441860465117,7.35739304094648,1,WC,1,SA,manufacturing,3,satisfactory,172,0.291,0.18,3,less250
64661,1998,0,589.4075038580247,6.379117801573119,1,WC,0,NoSA,public,3,satisfactory,324,0.009,0.608,4,more250
64661,2000,2,1153.1126916273586,7.050220253244431,1,WC,0,NoSA,finance,3,satisfactory,212,0.014,0.627,3,less250
64661,2001,3,3234.5510670731705,8.081645423602774,1,WC,0,NoSA,finance,4,good,82,0.037,0.78,2,less100
64661,2003,5,1164.668449197861,7.06019173253233,1,WC,0,NoSA,finance,4,good,187,0.016,0.92,3,less250
64661,2004,6,1450.4438775510205,7.279624911017683,1,WC,0,NoSA,finance,3,satisfactory,196,0.015,0.592,3,less250
64661,2005,7,1305.920634920635,7.1746635384037925,1,WC,0,NoSA,finance,3,satisfactory,189,0.021,0.942,3,less250
64667,2002,4,736.9090909090909,6.602464534389883,1,WC,0,NoSA,buservices,2,sufficient,33,0.697,0.273,1,less50
64667,2003,5,627.4864864864865,6.441722135294344,1,WC,0,NoSA,buservices,5,very good,37,0.297,0.243,1,less50
64667,2004,6,762.1612903225806,6.636158200378329,1,WC,0,NoSA,buservices,3,satisfactory,31,0.419,0.323,1,less50
64667,2005,7,823.9,6.714049163321544,1,WC,0,NoSA,buservices,3,satisfactory,30,0.433,0.233,1,less50
64667,2006,8,513,6.240275845170769,1,WC,0,NoSA,buservices,3,satisfactory,32,0.656,0.375,1,less50
64667,2007,9,1320.8214285714287,7.186009116407859,1,WC,0,NoSA,buservices,3,satisfactory,28,0.821,0.286,1,less50
64667,2008,10,1480.8846153846155,7.300394901296548,1,WC,0,NoSA,buservices,3,satisfactory,26,0.538,0.385,1,less50
64701,2000,2,418.3770612485277,6.036383086315954,0,NoWC,0,NoSA,public,4,good,849,0.004,0.37,4,more250
64701,2001,3,529.3623323397914,6.27167313565562,0,NoWC,0,NoSA,public,1,unsatisfactory,671,0.01,0.677,4,more250
64701,2002,4,526.2978260869565,6.265867261792503,1,WC,0,NoSA,public,3,satisfactory,460,0.007,0.557,4,more250
64701,2004,6,563.0162790697674,6.3333085425880356,1,WC,0,NoSA,public,1,unsatisfactory,430,0.086,0.353,4,more250
64701,2005,7,543.4619565217391,6.297959706911234,1,WC,0,NoSA,public,1,unsatisfactory,368,0.101,0.459,4,more250
64701,2006,8,972.0554089709763,6.879412807949882,1,WC,0,NoSA,public,1,unsatisfactory,379,0.098,0.591,4,more250
64701,2007,9,1107.9964912280702,7.010308700540546,1,WC,0,NoSA,public,1,unsatisfactory,285,0.07,0.347,4,more250
64701,2008,10,877.1637931034483,6.7766937401600105,1,WC,0,NoSA,public,1,unsatisfactory,348,0.04,0.448,4,more250
64701,2009,11,456.32947976878614,6.12321509195821,1,WC,0,NoSA,public,1,unsatisfactory,346,0.009,0.344,4,more250
64701,2010,12,377.23121387283237,5.932858298854228,1,WC,0,NoSA,public,1,unsatisfactory,346,0.009,0.5,4,more250
64701,2011,13,604.6103151862465,6.404584143374556,1,WC,0,NoSA,public,1,unsatisfactory,349,0.02,0.496,4,more250
64701,2012,14,535.4796511627907,6.283162889469795,1,WC,0,NoSA,public,1,unsatisfactory,344,0.009,0.419,4,more250
64729,2013,15,1715.5416666666667,7.447484150354854,1,WC,0,NoSA,manufacturing,3,satisfactory,24,0.375,0.542,1,less50
64729,2014,16,2131.1304347826085,7.6644078384763406,1,WC,0,NoSA,manufacturing,2,sufficient,23,0.391,0.565,1,less50
64729,2015,17,2673.590909090909,7.89117775758509,1,WC,0,NoSA,manufacturing,2,sufficient,22,0.227,0.591,1,less50
64729,2016,18,3186.05,8.066537184006611,1,WC,0,NoSA,manufacturing,3,satisfactory,20,0.6,0.65,1,less50
64729,2017,19,3361.095238095238,8.12002216356144,1,WC,0,NoSA,manufacturing,3,satisfactory,21,0.619,0.619,1,less50
64729,2018,20,3529.15,8.168812327730873,1,WC,0,NoSA,manufacturing,3,satisfactory,20,0.75,0.65,1,less50
64729,2019,21,3676.2,8.209634888959664,1,WC,0,NoSA,manufacturing,4,good,20,0.75,0.65,1,less50
64729,2020,22,3119.181818181818,8.045326008650957,1,WC,0,NoSA,manufacturing,4,good,22,0.682,0.636,1,less50
64729,2021,23,2985.5,8.001522515987046,1,WC,0,NoSA,manufacturing,4,good,22,0.545,0.591,1,less50
64730,2014,16,1838.72,7.51682495635087,0,NoWC,0,NoSA,construction,3,satisfactory,25,0.08,0.32,1,less50
64730,2015,17,1737.15625,7.460004716139072,0,NoWC,0,NoSA,construction,4,good,32,0.125,0.344,1,less50
64730,2016,18,1819.6764705882354,7.506414000855996,0,NoWC,0,NoSA,construction,3,satisfactory,34,0.088,0.294,1,less50
64730,2017,19,2866.909090909091,7.960989756594131,0,NoWC,0,NoSA,construction,4,good,22,0.182,0.318,1,less50
64730,2018,20,1486.1951219512196,7.303974523488955,0,NoWC,0,NoSA,construction,4,good,41,0.122,0.244,1,less50
64730,2019,21,1643.972972972973,7.404871135683528,0,NoWC,0,NoSA,construction,3,satisfactory,37,0.135,0.243,1,less50
64730,2020,22,818.8085106382979,6.707850247771097,0,NoWC,0,NoSA,construction,4,good,47,0.064,0.404,1,less50
64730,2021,23,1425.357142857143,7.262177687867576,0,NoWC,0,NoSA,construction,3,satisfactory,42,0.119,0.405,1,less50
64731,2005,7,1986.4979253112033,7.59412853086005,0,NoWC,0,NoSA,manufacturing,5,very good,241,0.689,0.303,3,less250
64731,2006,8,1968,7.584773077612199,0,NoWC,0,NoSA,manufacturing,4,good,250,0.848,0.336,3,less250
64731,2007,9,1595.9173228346456,7.375203973932762,0,NoWC,0,NoSA,manufacturing,5,very good,254,0.835,0.327,4,more250
64731,2008,10,1445.1811023622047,7.275989923047807,0,NoWC,0,NoSA,manufacturing,4,good,254,0.854,0.327,4,more250
64731,2009,11,1332.046332046332,7.194471634313959,0,NoWC,0,NoSA,manufacturing,4,good,259,0.795,0.328,4,more250
64731,2010,12,991.3587786259542,6.899076505769003,0,NoWC,0,NoSA,manufacturing,2,sufficient,262,0.691,0.641,4,more250
64737,2005,7,3199.59375,8.070779127603588,0,NoWC,0,NoSA,public,4,good,32,0.125,0.188,1,less50
64737,2006,8,3777.794117647059,8.23689555151224,0,NoWC,0,NoSA,public,3,satisfactory,34,0.088,0.176,1,less50
64737,2007,9,4343,8.376320632534823,0,NoWC,0,NoSA,public,4,good,26,0.077,0.192,1,less50
64737,2008,10,4510.038461538462,8.414060960517668,0,NoWC,0,NoSA,public,4,good,26,0.077,0.192,1,less50
64737,2009,11,3627.222222222222,8.196222406284514,0,NoWC,0,NoSA,public,3,satisfactory,27,0.037,0.222,1,less50
64737,2010,12,2964.4242424242425,7.994438107895689,0,NoWC,0,NoSA,public,4,good,33,0.121,0.182,1,less50
64737,2011,13,2732,7.912789220690681,0,NoWC,0,NoSA,public,4,good,37,0.027,0.081,1,less50
64737,2013,15,2955.6666666666665,7.991479510711898,0,NoWC,0,NoSA,public,4,good,36,0.167,0.111,1,less50
64737,2015,17,3344.8064516129034,8.115164108889127,0,NoWC,0,NoSA,public,4,good,31,0.161,0.097,1,less50
64737,2016,18,4533.03125,8.419146144806342,0,NoWC,0,NoSA,public,1,unsatisfactory,32,0.188,0.062,1,less50
64737,2017,19,3438.212121212121,8.142706883054068,0,NoWC,0,NoSA,public,3,satisfactory,33,0.212,0.061,1,less50
64737,2018,20,3594.875,8.187264499036035,0,NoWC,0,NoSA,public,4,good,32,0.188,0.031,1,less50
64737,2019,21,3289.205882352941,8.09840144147923,0,NoWC,0,NoSA,public,3,satisfactory,34,0.294,0.088,1,less50
64737,2020,22,3553.3636363636365,8.17564993707267,0,NoWC,0,NoSA,public,4,good,33,0.212,0.03,1,less50
64737,2021,23,3664.40625,8.206421595739425,0,NoWC,0,NoSA,public,3,satisfactory,32,0.188,0.125,1,less50
64748,2015,17,3950.75,8.281660713289213,0,NoWC,0,NoSA,manufacturing,4,good,56,0.232,0.768,2,less100
64748,2016,18,3117.1071428571427,8.044660652887561,0,NoWC,0,NoSA,manufacturing,4,good,56,0.054,0.732,2,less100
64748,2017,19,2738.5396825396824,7.915180094730321,0,NoWC,0,NoSA,manufacturing,3,satisfactory,63,0.206,0.794,2,less100
64748,2018,20,2641.8888888888887,7.879249428516183,0,NoWC,0,NoSA,manufacturing,3,satisfactory,63,0.286,0.714,2,less100
64748,2019,21,3399.8166666666666,8.131476787581805,0,NoWC,0,NoSA,manufacturing,3,satisfactory,60,0.5,0.8,2,less100
64765,1998,0,621.8073624320652,6.432630338069295,0,NoWC,0,NoSA,manufacturing,3,satisfactory,368,0.014,0.549,4,more250
64765,1999,1,598.8057263962766,6.394937215619781,0,NoWC,0,NoSA,manufacturing,4,good,376,0.005,0.551,4,more250
64765,2000,2,663.0459821428572,6.496844342445882,0,NoWC,0,NoSA,manufacturing,5,very good,385,0.008,0.551,4,more250
64771,2013,15,363.6697247706422,5.896246106214781,0,NoWC,0,NoSA,finance,4,good,218,0.018,0.858,3,less250
64771,2014,16,1344.8372093023256,7.204028250734771,0,NoWC,0,NoSA,finance,4,good,43,0.093,0.628,1,less50
64771,2015,17,2047.4146341463415,7.624333122133439,0,NoWC,0,NoSA,finance,4,good,41,0.146,0.561,1,less50
64771,2016,18,1669.0526315789473,7.420011457963274,0,NoWC,0,NoSA,finance,4,good,38,0.105,0.553,1,less50
64771,2017,19,1515.65,7.32359966883517,0,NoWC,0,NoSA,finance,4,good,40,0.125,0.675,1,less50
64771,2018,20,2256.548387096774,7.72159166246581,0,NoWC,0,NoSA,finance,5,very good,31,0.065,0.516,1,less50
64797,2016,18,1321.304347826087,7.1863746699816895,1,WC,0,NoSA,wholesretail,4,good,46,0.022,0.087,1,less50
64797,2017,19,2064.8048780487807,7.63279101088165,1,WC,0,NoSA,wholesretail,4,good,41,0.024,0.073,1,less50
64797,2018,20,2029.1304347826087,7.615362623014712,1,WC,0,NoSA,wholesretail,4,good,46,0.087,0.065,1,less50
64797,2020,22,2504.6666666666665,7.825910937465804,1,WC,0,NoSA,wholesretail,4,good,39,0.154,0.026,1,less50
64809,2015,17,1799.4028776978416,7.495210154235847,0,NoWC,0,NoSA,manufacturing,5,very good,139,0.058,0.583,3,less250
64809,2016,18,1645.5065789473683,7.405803566520262,0,NoWC,0,NoSA,manufacturing,4,good,152,0.046,0.586,3,less250
64809,2017,19,1800.8466666666666,7.496012203665161,0,NoWC,0,NoSA,manufacturing,5,very good,150,0.033,0.607,3,less250
64809,2018,20,2007.2327044025158,7.6045122884639715,0,NoWC,0,NoSA,manufacturing,4,good,159,0.044,0.623,3,less250
64809,2019,21,2047.7426900584796,7.6244933386461975,0,NoWC,1,SA,manufacturing,4,good,171,0.029,0.596,3,less250
64809,2020,22,1897.442528735632,7.548262220924737,0,NoWC,1,SA,manufacturing,4,good,174,0.04,0.632,3,less250
64809,2021,23,1312.0621468926554,7.179355336440629,0,NoWC,0,NoSA,manufacturing,4,good,177,0.017,0.644,3,less250
64832,2017,19,6508.4,8.780848929265163,1,WC,0,NoSA,wholesretail,3,satisfactory,40,0.525,0.175,1,less50
64832,2018,20,8835.8,9.086566929607516,1,WC,0,NoSA,wholesretail,2,sufficient,40,0.625,0.3,1,less50
64832,2019,21,8782.25,9.080487918035994,1,WC,0,NoSA,wholesretail,1,unsatisfactory,40,0.65,0.3,1,less50
64855,2011,13,1071.2444444444445,6.976576283849015,0,NoWC,0,NoSA,wholesretail,4,good,45,0.089,0.822,1,less50
64855,2012,14,673.7333333333333,6.5128343847496435,0,NoWC,0,NoSA,wholesretail,5,very good,45,0.267,0.711,1,less50
64855,2013,15,648.1363636363636,6.474101111923804,0,NoWC,0,NoSA,wholesretail,4,good,44,0.159,0.682,1,less50
64855,2014,16,689.4255319148937,6.535858688376526,0,NoWC,0,NoSA,wholesretail,4,good,47,0.255,0.787,1,less50
64855,2015,17,947.4468085106383,6.85377079660569,0,NoWC,0,NoSA,wholesretail,5,very good,47,0.234,0.809,1,less50
64855,2016,18,601.9019607843137,6.400094576206358,0,NoWC,0,NoSA,wholesretail,5,very good,51,0.314,0.725,2,less100
64855,2017,19,1114.5531914893618,7.0162088784608025,0,NoWC,0,NoSA,wholesretail,4,good,47,0.362,0.745,1,less50
64855,2019,21,1026.4,6.933812813301427,0,NoWC,0,NoSA,wholesretail,5,very good,60,0.267,0.833,2,less100
64855,2020,22,1376.457627118644,7.227268541049387,0,NoWC,0,NoSA,transcom,5,very good,59,0.203,0.746,2,less100
64855,2021,23,1404.844827586207,7.2476821326694285,0,NoWC,0,NoSA,transcom,5,very good,58,0.207,0.776,2,less100
64868,2002,4,2372.8813559322034,7.771860257685722,0,NoWC,0,NoSA,construction,3,satisfactory,236,0.013,0.093,3,less250
64868,2003,5,2137.9669811320755,7.6676106476547305,0,NoWC,0,NoSA,construction,4,good,212,0.009,0.113,3,less250
64868,2005,7,2788.0378378378377,7.933093343466167,0,NoWC,0,NoSA,construction,4,good,185,0.005,0.151,3,less250
64868,2006,8,2659.4594594594596,7.88587817039612,0,NoWC,0,NoSA,construction,5,very good,185,0.011,0.13,3,less250
64868,2007,9,2191.1513513513514,7.692182415872973,0,NoWC,0,NoSA,construction,4,good,185,0.011,0.173,3,less250
64868,2008,10,2100.1067415730336,7.649743451740241,0,NoWC,0,NoSA,construction,5,very good,178,0.011,0.18,3,less250
64875,2016,18,1510.0289855072465,7.319884125324898,0,NoWC,0,NoSA,wholesretail,5,very good,69,0.681,0.449,2,less100
64875,2017,19,1291.7260273972602,7.1637346087580145,0,NoWC,0,NoSA,wholesretail,4,good,73,0.603,0.603,2,less100
64875,2018,20,876.9255319148937,6.776422076469203,0,NoWC,0,NoSA,wholesretail,4,good,94,0.489,0.691,2,less100
64880,2012,14,2654.133333333333,7.883873452263744,1,WC,0,NoSA,construction,5,very good,45,0.044,0.667,1,less50
64880,2014,16,2815.0851063829787,7.942747773290127,1,WC,0,NoSA,construction,3,satisfactory,47,0.021,0.681,1,less50
64880,2015,17,2700.183673469388,7.901075076889559,0,NoWC,0,NoSA,construction,4,good,49,0.02,0.755,1,less50
64880,2016,18,3512.274509803922,8.164019115084214,0,NoWC,0,NoSA,construction,4,good,51,0.02,0.725,2,less100
64882,2004,6,242.30357142857142,5.490191367410803,1,WC,0,NoSA,finance,3,satisfactory,168,0.024,0.03,3,less250
64882,2005,7,299.719512195122,5.702847077959492,1,WC,0,NoSA,finance,2,sufficient,164,0.018,0.085,3,less250
64882,2007,9,271.1592356687898,5.602706233812627,1,WC,0,NoSA,finance,1,unsatisfactory,157,0.025,0.038,3,less250
64892,2001,3,947.1251547029703,6.853431243591073,0,NoWC,0,NoSA,manufacturing,5,very good,202,0.188,0.421,3,less250
64892,2002,4,1129.4342857142858,7.029472154237038,0,NoWC,0,NoSA,manufacturing,3,satisfactory,175,0.32,0.474,3,less250
64892,2003,5,1062.6397849462367,6.968511454447351,0,NoWC,0,NoSA,manufacturing,4,good,186,0.059,0.446,3,less250
64928,2007,9,886.8148148148148,6.787636183528206,1,WC,0,NoSA,construction,4,good,27,0.037,0.593,1,less50
64928,2008,10,969.1470588235294,6.876416363867627,1,WC,0,NoSA,construction,4,good,34,0.618,0.471,1,less50
64928,2009,11,675.8974358974359,6.516041342486797,1,WC,0,NoSA,construction,5,very good,39,0.487,0.513,1,less50
64928,2010,12,854.2666666666667,6.750243401096757,1,WC,0,NoSA,construction,3,satisfactory,45,0.022,0.689,1,less50
64928,2011,13,1068.6756756756756,6.97417547460529,1,WC,0,NoSA,construction,5,very good,37,0.351,0.757,1,less50
64928,2014,16,1569.0857142857142,7.3582483811234205,1,WC,0,NoSA,construction,4,good,35,0.314,0.457,1,less50
64928,2015,17,1226.0697674418604,7.111569021436469,1,WC,0,NoSA,construction,3,satisfactory,43,0.279,0.326,1,less50
64928,2016,18,1788.0232558139535,7.488865962256231,1,WC,0,NoSA,construction,4,good,43,0.279,0.465,1,less50
64928,2017,19,1532.5813953488373,7.334708779188733,1,WC,0,NoSA,construction,4,good,43,0.279,0.512,1,less50
64928,2018,20,2196.6944444444443,7.694708984170847,1,WC,0,NoSA,construction,4,good,36,0.361,0.139,1,less50
64928,2019,21,2954.206896551724,7.990985500094237,1,WC,0,NoSA,construction,4,good,29,0.448,0.241,1,less50
64928,2020,22,3168.346153846154,8.060965012699517,1,WC,0,NoSA,construction,4,good,26,0.423,0.269,1,less50
64928,2021,23,3214.682926829268,8.075484008737932,1,WC,0,NoSA,construction,5,very good,41,0.244,0.293,1,less50
64934,1998,0,3298.657258064516,8.101270773156164,0,NoWC,0,NoSA,manufacturing,3,satisfactory,310,0.013,0.658,4,more250
64934,1999,1,2054.8373226950353,7.627951962091303,0,NoWC,0,NoSA,manufacturing,3,satisfactory,423,0.007,0.591,4,more250
64934,2000,2,1295.6961697722568,7.16680341252347,0,NoWC,0,NoSA,manufacturing,4,good,483,0.002,0.582,4,more250
64934,2001,3,1460.3158275462963,7.286408011545722,0,NoWC,0,NoSA,manufacturing,4,good,432,0.002,0.63,4,more250
64951,2001,3,2633.5562900641025,7.876090413315896,1,WC,0,NoSA,manufacturing,4,good,156,0.019,0.603,3,less250
64951,2002,4,2595.358974358974,7.86148011911916,1,WC,0,NoSA,manufacturing,4,good,156,0.006,0.577,3,less250
64951,2003,5,2868.6645569620255,7.961601889299776,1,WC,0,NoSA,manufacturing,2,sufficient,158,0.006,0.614,3,less250
64983,2008,10,535.4230769230769,6.283057232367085,1,WC,0,NoSA,health,3,satisfactory,26,0.077,0.962,1,less50
64983,2009,11,653.8636363636364,6.482898822627332,1,WC,0,NoSA,health,4,good,22,0.091,0.955,1,less50
64983,2010,12,697.8095238095239,6.547946176996486,1,WC,0,NoSA,health,3,satisfactory,21,0.095,0.952,1,less50
64983,2011,13,601.2173913043479,6.398956585112366,1,WC,0,NoSA,health,4,good,23,0.087,1,1,less50
64983,2012,14,642.12,6.4647752021112135,1,WC,0,NoSA,health,4,good,25,0.04,1,1,less50
65023,2003,5,1228.967105263158,7.113929343758817,1,WC,0,NoSA,resthotels,3,satisfactory,152,0.079,0.046,3,less250
65023,2004,6,1185.0972222222222,7.077580094273187,1,WC,0,NoSA,resthotels,3,satisfactory,144,0.083,0.049,3,less250
65023,2005,7,1119.1020408163265,7.020281893445164,1,WC,0,NoSA,resthotels,2,sufficient,147,0.061,0.034,3,less250
65032,2002,4,1340.7,7.2009471446075155,0,NoWC,0,NoSA,finance,4,good,50,0.1,0.58,1,less50
65032,2004,6,1676.5192307692307,7.424475036624408,0,NoWC,0,NoSA,finance,3,satisfactory,52,0.212,0.577,2,less100
65032,2005,7,1462.2448979591836,7.2877281351456915,1,WC,0,NoSA,finance,4,good,49,0.102,0.612,1,less50
65050,1998,0,357.40752437943263,5.878876655607891,0,NoWC,0,NoSA,manufacturing,5,very good,282,0.411,0.5,4,more250
65050,1999,1,398.6726875,5.988140748153176,0,NoWC,0,NoSA,manufacturing,4,good,250,0.34,0.576,3,less250
65050,2001,3,232.24012586805554,5.447771861690287,1,WC,1,SA,construction,2,sufficient,216,0.329,0.509,3,less250
65050,2002,4,165.17368421052632,5.106997551851385,0,NoWC,0,NoSA,construction,1,unsatisfactory,190,0.358,0.532,3,less250
65065,2001,3,3006.3962053571427,8.00849736647012,1,WC,0,NoSA,wholesretail,4,good,70,0.471,0.671,2,less100
65065,2002,4,3044.5285714285715,8.02110134760915,1,WC,0,NoSA,wholesretail,4,good,70,0.843,0.529,2,less100
65065,2003,5,3436.5285714285715,8.142217104634058,1,WC,0,NoSA,wholesretail,5,very good,70,0.943,0.657,2,less100
65068,2006,8,1577.25,7.363438103250919,1,WC,0,NoSA,manufacturing,3,satisfactory,20,0.45,0.2,1,less50
65068,2007,9,1712.45,7.4456803726298455,1,WC,0,NoSA,manufacturing,4,good,20,0.45,0.2,1,less50
65068,2008,10,2027.9,7.614756053830618,1,WC,0,NoSA,manufacturing,4,good,20,0.4,0.2,1,less50
65068,2009,11,1712.45,7.4456803726298455,1,WC,0,NoSA,manufacturing,5,very good,20,0.25,0.2,1,less50
65068,2010,12,1712.45,7.4456803726298455,1,WC,0,NoSA,manufacturing,4,good,20,0.35,0.25,1,less50
65068,2011,13,1427.0416666666667,7.263358815835891,1,WC,0,NoSA,manufacturing,4,good,24,0.208,0.167,1,less50
65068,2012,14,1427.0416666666667,7.263358815835891,1,WC,0,NoSA,manufacturing,4,good,24,0.458,0.208,1,less50
65068,2013,15,1386.6153846153845,7.234621081654819,1,WC,0,NoSA,manufacturing,5,very good,26,0.346,0.308,1,less50
65068,2014,16,1317.2692307692307,7.183316108162354,1,WC,0,NoSA,manufacturing,4,good,26,0.346,0.269,1,less50
65068,2015,17,1181,7.074116816197362,1,WC,0,NoSA,manufacturing,4,good,29,0.276,0.241,1,less50
65068,2016,18,1118.8275862068965,7.0200366179838705,1,WC,0,NoSA,manufacturing,4,good,29,0.379,0.241,1,less50
65068,2018,20,1001.4444444444445,6.90919868122019,1,WC,0,NoSA,manufacturing,4,good,27,0.407,0.333,1,less50
65068,2019,21,1291.8666666666666,7.16384347984274,1,WC,0,NoSA,manufacturing,4,good,30,0.4,0.167,1,less50
65085,2007,9,2739.26,7.915443089913137,1,WC,0,NoSA,health,4,good,50,0.06,0.92,1,less50
65085,2008,10,2446.9814814814813,7.802610495568298,1,WC,0,NoSA,health,3,satisfactory,54,0.037,0.963,2,less100
65085,2009,11,2932.6315789473683,7.983655448727301,1,WC,1,SA,health,3,satisfactory,57,0.018,0.947,2,less100
65085,2012,14,4300.58,8.366505176306593,1,WC,0,NoSA,health,3,satisfactory,50,0.02,0.94,1,less50
65085,2014,16,3087.6944444444443,8.03517995691092,1,WC,0,NoSA,health,3,satisfactory,72,0.042,0.944,2,less100
65085,2016,18,3042.5584415584417,8.020454033077677,1,WC,0,NoSA,health,5,very good,77,0.052,0.974,2,less100
65085,2017,19,3181.0759493670885,8.064974767404731,0,NoWC,0,NoSA,health,5,very good,79,0.038,0.975,2,less100
65085,2018,20,3274.0375,8.093779211744533,0,NoWC,0,NoSA,health,5,very good,80,0.05,0.988,2,less100
65085,2019,21,3928.0853658536585,8.275907401889341,0,NoWC,0,NoSA,health,4,good,82,0.037,0.976,2,less100
65085,2020,22,3599.3246753246754,8.188501516659372,0,NoWC,0,NoSA,buservices,5,very good,77,0.078,0.974,2,less100
65085,2021,23,3699.371794871795,8.215918299047397,0,NoWC,0,NoSA,buservices,4,good,78,0.077,0.974,2,less100
65107,2013,15,837.3,6.7301824292103865,1,WC,0,NoSA,health,2,sufficient,40,0.275,0.7,1,less50
65107,2014,16,619.1960784313726,6.428421988972795,0,NoWC,0,NoSA,health,4,good,51,0.216,0.549,2,less100
65107,2015,17,627.3111111111111,6.441442607541258,0,NoWC,0,NoSA,health,3,satisfactory,45,0.244,0.6,1,less50
65107,2016,18,646.3913043478261,6.471405054684201,0,NoWC,0,NoSA,health,4,good,46,0.174,0.587,1,less50
65107,2018,20,676.9636363636364,6.51761755856516,0,NoWC,1,SA,health,4,good,55,0.127,0.545,2,less100
65107,2019,21,876.7692307692307,6.776243822933408,0,NoWC,0,NoSA,health,3,satisfactory,52,0.135,0.519,2,less100
65117,2014,16,2796.4601769911505,7.936109673856708,0,NoWC,0,NoSA,health,4,good,113,0.106,0.221,3,less250
65117,2015,17,2953.7631578947367,7.990835283131817,0,NoWC,0,NoSA,health,4,good,114,0.096,0.211,3,less250
65117,2017,19,3651.168067226891,8.20280241379989,0,NoWC,0,NoSA,health,4,good,119,0.067,0.185,3,less250
65117,2018,20,4001.877192982456,8.29451882826166,0,NoWC,0,NoSA,health,4,good,114,0.061,0.184,3,less250
65117,2019,21,4192.438596491228,8.341037847553432,0,NoWC,0,NoSA,health,3,satisfactory,114,0.105,0.175,3,less250
65117,2021,23,4703.732142857143,8.456111545537357,0,NoWC,0,NoSA,art,4,good,112,0.107,0.179,3,less250
65126,1999,1,1265.1037397540983,7.142909405509922,1,WC,0,NoSA,finance,4,good,61,0.033,0.492,2,less100
65126,2000,2,1490.0232979910713,7.306547035052879,1,WC,0,NoSA,finance,4,good,56,0.036,0.464,2,less100
65126,2001,3,1486.1174523305085,7.303922261407638,1,WC,0,NoSA,finance,4,good,59,0.203,0.492,2,less100
65126,2002,4,1638.4727272727273,7.401519823064563,1,WC,0,NoSA,finance,4,good,55,0.036,0.582,2,less100
65146,1998,0,3802.741003787879,8.24347740247684,0,NoWC,0,NoSA,wholesretail,4,good,33,0.03,0.606,1,less50
65146,1999,1,4217.220610119048,8.346931566847982,0,NoWC,0,NoSA,wholesretail,3,satisfactory,42,0.071,0.714,1,less50
65146,2000,2,3240.5680803571427,8.083503926860827,0,NoWC,0,NoSA,wholesretail,4,good,28,0.036,0.607,1,less50
65164,2004,6,2941.176470588235,7.986564940354067,0,NoWC,0,NoSA,wholesretail,3,satisfactory,170,0.024,0.888,3,less250
65164,2005,7,3025.26875,8.014755209493845,0,NoWC,0,NoSA,wholesretail,4,good,160,0.3,0.769,3,less250
65164,2006,8,3074.4967741935484,8.030896516179622,0,NoWC,0,NoSA,wholesretail,3,satisfactory,155,0.323,0.632,3,less250
65183,2017,19,1988.4545454545455,7.595113005676169,0,NoWC,0,NoSA,transcom,4,good,187,0.086,0.668,3,less250
65183,2018,20,2038.9547738693468,7.620192589783758,0,NoWC,0,NoSA,transcom,5,very good,199,0.151,0.668,3,less250
65183,2019,21,2519.84331797235,7.831952003164701,0,NoWC,0,NoSA,transcom,4,good,217,0.078,0.668,3,less250
65183,2020,22,2046.339534883721,7.623807883321851,0,NoWC,0,NoSA,transcom,3,satisfactory,215,0.191,0.605,3,less250
65183,2021,23,2231.5627906976742,7.710457422009848,0,NoWC,0,NoSA,transcom,4,good,215,0.205,0.572,3,less250
65198,2013,15,3200,8.070906088787819,1,WC,0,NoSA,transcom,2,sufficient,100,0.09,0.57,2,less100
65198,2014,16,3160,8.058327306580958,1,WC,0,NoSA,transcom,2,sufficient,100,0.01,0.67,2,less100
65198,2015,17,9664.816326530612,9.176247387481576,1,WC,1,SA,transcom,3,satisfactory,98,0.051,0.643,2,less100
65198,2016,18,6598.0462962962965,8.794528868480535,1,WC,0,NoSA,transcom,4,good,108,0.028,0.704,3,less250
65198,2017,19,6659.564814814815,8.80380941827858,1,WC,0,NoSA,transcom,2,sufficient,108,0.065,0.685,3,less250
65198,2018,20,7933.020833333333,8.978789179459318,1,WC,0,NoSA,transcom,1,unsatisfactory,96,0.021,0.677,2,less100
65198,2019,21,7723.263157894737,8.951992242557525,1,WC,0,NoSA,transcom,1,unsatisfactory,95,0.021,0.695,2,less100
65219,2003,5,1023.5503875968992,6.931032634565567,0,NoWC,0,NoSA,public,1,unsatisfactory,129,0.101,0.054,3,less250
65219,2004,6,813.7560975609756,6.701660686657195,0,NoWC,0,NoSA,public,5,very good,123,0.154,0.057,3,less250
65219,2005,7,1259.8181818181818,7.138722689388956,0,NoWC,0,NoSA,public,4,good,121,0.165,0.058,3,less250
65219,2008,10,984.184,6.891812871441371,0,NoWC,0,NoSA,public,3,satisfactory,125,0.016,0.048,3,less250
65219,2009,11,1394.8253968253969,7.2405245228558295,0,NoWC,0,NoSA,public,2,sufficient,126,0.024,0.048,3,less250
65219,2010,12,1362.3875968992247,7.2169940254456355,0,NoWC,0,NoSA,public,1,unsatisfactory,129,0.023,0.047,3,less250
65219,2011,13,1991.9609375,7.596874828263516,0,NoWC,0,NoSA,public,2,sufficient,128,0.039,0.055,3,less250
65219,2012,14,1573.4779411764705,7.36104369745257,0,NoWC,0,NoSA,public,2,sufficient,136,0.029,0.059,3,less250
65219,2013,15,1764.7519379844962,7.475765414438739,0,NoWC,0,NoSA,public,2,sufficient,129,0.039,0.062,3,less250
65219,2014,16,1821.224,7.50726408149811,0,NoWC,0,NoSA,public,3,satisfactory,125,0.04,0.056,3,less250
65219,2016,18,1274.856,7.150588510037721,0,NoWC,0,NoSA,public,4,good,125,0.032,0.056,3,less250
65219,2020,22,1821.224,7.50726408149811,0,NoWC,0,NoSA,public,5,very good,125,0.04,0.064,3,less250
65219,2021,23,1503.7614678899083,7.315724893454262,0,NoWC,0,NoSA,public,4,good,109,0.055,0.083,3,less250
65228,2006,8,1516.8151658767772,7.324368130050968,1,WC,0,NoSA,wholesretail,1,unsatisfactory,211,0.062,0.374,3,less250
65228,2007,9,1448.3023255813953,7.278147339537342,1,WC,0,NoSA,wholesretail,1,unsatisfactory,215,0.042,0.572,3,less250
65228,2009,11,1582.5688073394494,7.366804633224408,1,WC,0,NoSA,wholesretail,2,sufficient,218,0.018,0.638,3,less250
65228,2010,12,1213.7196261682243,7.101444994508248,1,WC,0,NoSA,wholesretail,3,satisfactory,214,0.056,0.593,3,less250
65228,2011,13,1326.605504587156,7.190378706477658,1,WC,0,NoSA,wholesretail,3,satisfactory,218,0.101,0.642,3,less250
65257,2009,11,1492.8181818181818,7.3084210096934665,1,WC,1,SA,construction,5,very good,77,0.584,0.571,2,less100
65257,2011,13,1263.1538461538462,7.141366925030301,1,WC,0,NoSA,construction,4,good,104,0.048,0.567,3,less250
65257,2012,14,1294.7307692307693,7.166058052311494,1,WC,0,NoSA,construction,4,good,104,0.096,0.548,3,less250
65257,2013,15,1884.607594936709,7.541474905763851,1,WC,1,SA,construction,4,good,79,0.051,0.608,2,less100
65257,2014,16,2279.4383561643835,7.731684356587412,1,WC,1,SA,construction,3,satisfactory,73,0.11,0.575,2,less100
65257,2015,17,2286.46835443038,7.734763702823186,1,WC,1,SA,construction,4,good,79,0.051,0.544,2,less100
65257,2019,21,2873.675,7.963346977433215,1,WC,1,SA,construction,4,good,80,0.038,0.525,2,less100
65257,2021,23,1455.5925925925926,7.283168376821918,1,WC,1,SA,construction,2,sufficient,54,0.019,0.519,2,less100
65259,2007,9,1140.5925925925926,7.039303224393612,1,WC,0,NoSA,wholesretail,1,unsatisfactory,54,0.259,0.759,2,less100
65259,2008,10,1457.7884615384614,7.284675813934254,1,WC,0,NoSA,wholesretail,3,satisfactory,52,0.538,0.731,2,less100
65259,2009,11,1917.6904761904761,7.558876864000504,1,WC,0,NoSA,wholesretail,4,good,42,0.69,0.69,1,less50
65259,2011,13,2261.2272727272725,7.723662985902676,1,WC,0,NoSA,wholesretail,3,satisfactory,44,0.432,0.682,1,less50
65259,2012,14,1519.6792452830189,7.32625456873175,1,WC,0,NoSA,wholesretail,4,good,53,0.491,0.604,2,less100
65259,2013,15,2842.7,7.952509583747565,1,WC,0,NoSA,wholesretail,4,good,50,0.58,0.72,1,less50
65259,2014,16,2463.68,7.809411446089685,1,WC,0,NoSA,wholesretail,5,very good,50,0.5,0.76,1,less50
65259,2015,17,1381.875,7.231196551611711,1,WC,0,NoSA,wholesretail,3,satisfactory,48,0.604,0.688,1,less50
65259,2016,18,1933.8163265306123,7.567250700733123,1,WC,0,NoSA,wholesretail,3,satisfactory,49,0.653,0.653,1,less50
65259,2017,19,1895.14,7.547047993415604,1,WC,0,NoSA,wholesretail,3,satisfactory,50,0.66,0.58,1,less50
65259,2018,20,1713.6808510638298,7.446398880573814,1,WC,0,NoSA,wholesretail,4,good,47,0.447,0.66,1,less50
65259,2019,21,2065.2051282051284,7.632984836154226,1,WC,0,NoSA,wholesretail,4,good,39,0.615,0.718,1,less50
65268,1998,0,1884.5137971698114,7.541425134075884,0,NoWC,0,NoSA,public,3,satisfactory,265,0.502,0.691,4,more250
65268,1999,1,1502.293710443038,7.314748359441121,0,NoWC,0,NoSA,public,3,satisfactory,316,0.528,0.573,4,more250
65268,2000,2,1160.2123516320476,7.056358329098417,0,NoWC,0,NoSA,public,3,satisfactory,337,0.528,0.573,4,more250
65268,2001,3,783.1819484240688,6.663365042462515,0,NoWC,0,NoSA,public,4,good,349,0.576,0.559,4,more250
65268,2002,4,906.5957446808511,6.809696644783899,0,NoWC,0,NoSA,public,5,very good,329,0.647,0.547,4,more250
65268,2004,6,988.858552631579,6.8965513007993255,0,NoWC,0,NoSA,public,4,good,304,0.625,0.474,4,more250
65268,2005,7,1149.6245210727968,7.047190664628491,0,NoWC,0,NoSA,public,2,sufficient,261,0.655,0.467,4,more250
65268,2006,8,1175.8355263157894,7.06973426010244,0,NoWC,0,NoSA,public,4,good,304,0.579,0.461,4,more250
65268,2007,9,507.95100864553314,6.23038500325373,0,NoWC,0,NoSA,public,4,good,347,0.461,0.45,4,more250
65268,2008,10,851.1404494382023,6.746577155423617,0,NoWC,0,NoSA,public,5,very good,356,0.267,0.458,4,more250
65268,2011,13,1615.6424581005588,7.387487963425992,0,NoWC,0,NoSA,public,4,good,179,0.737,0.436,3,less250
65280,2000,2,2424.9158653846152,7.793552108082952,1,WC,0,NoSA,finance,3,satisfactory,65,0.138,0.246,2,less100
65280,2001,3,2595.788961038961,7.861645780620747,1,WC,0,NoSA,finance,3,satisfactory,77,0.078,0.299,2,less100
65280,2002,4,2550.939393939394,7.844216960093772,1,WC,0,NoSA,finance,3,satisfactory,66,0.091,0.333,2,less100
65310,2012,14,3189.2,8.067525380628341,1,WC,0,NoSA,wholesretail,4,good,25,0.08,0.72,1,less50
65310,2013,15,1541.204081632653,7.3403192610956625,1,WC,0,NoSA,wholesretail,4,good,49,0.02,0.551,1,less50
65310,2014,16,1631.469387755102,7.3972363526057965,1,WC,1,SA,wholesretail,4,good,49,0.02,0.367,1,less50
65350,2015,17,2412.426470588235,7.788388354236013,1,WC,0,NoSA,buservices,4,good,68,0.691,0.485,2,less100
65350,2016,18,2485.527777777778,7.818240301403791,1,WC,0,NoSA,buservices,4,good,72,0.139,0.444,2,less100
65350,2017,19,2395.9189189189187,7.781522118478657,1,WC,0,NoSA,buservices,1,unsatisfactory,74,0.608,0.392,2,less100
65351,2000,2,1342.0659466911766,7.201965456928721,1,WC,0,NoSA,transcom,2,sufficient,34,0.059,0.088,1,less50
65351,2001,3,1387.4224853515625,7.235202977646715,1,WC,0,NoSA,transcom,1,unsatisfactory,32,0.062,0.094,1,less50
65351,2002,4,1808.1785714285713,7.500075303458004,1,WC,0,NoSA,transcom,2,sufficient,28,0.071,0.071,1,less50
65360,2006,8,3430.4166666666665,8.140437009944526,1,WC,0,NoSA,manufacturing,4,good,24,0.125,0.083,1,less50
65360,2008,10,4540.125,8.420709823696015,1,WC,0,NoSA,manufacturing,2,sufficient,24,0.042,0.083,1,less50
65360,2009,11,3174.7727272727275,8.062991326803335,1,WC,0,NoSA,manufacturing,2,sufficient,22,0.045,0.136,1,less50
65360,2011,13,3284.4545454545455,8.096955873130218,1,WC,0,NoSA,manufacturing,3,satisfactory,22,0.045,0.182,1,less50
65360,2012,14,3029.608695652174,8.016188746814578,1,WC,0,NoSA,manufacturing,3,satisfactory,23,0.13,0.13,1,less50
65361,2015,17,1732.8444444444444,7.457519524835414,0,NoWC,0,NoSA,transcom,4,good,135,0.037,0.919,3,less250
65361,2016,18,1904.6533333333334,7.552055293748088,0,NoWC,0,NoSA,transcom,4,good,150,0.027,0.947,3,less250
65361,2017,19,1891.059880239521,7.544892734069066,0,NoWC,0,NoSA,transcom,4,good,167,0.018,0.928,3,less250
65363,2005,7,585.3745928338762,6.372251971938871,0,NoWC,0,NoSA,buservices,3,satisfactory,307,0.003,0.678,4,more250
65363,2006,8,516.88,6.24781073924991,0,NoWC,1,SA,buservices,5,very good,300,0.003,0.8,4,more250
65363,2007,9,438.03389830508473,6.082296300772336,0,NoWC,0,NoSA,buservices,4,good,354,0.003,0.718,4,more250
65363,2008,10,494.2379679144385,6.2030171176258015,0,NoWC,0,NoSA,buservices,4,good,374,0.003,0.743,4,more250
65363,2009,11,435.22991689750694,6.075874436050159,0,NoWC,0,NoSA,buservices,4,good,361,0.003,0.698,4,more250
65384,2004,6,225.25311720698255,5.417224735269417,1,WC,0,NoSA,manufacturing,1,unsatisfactory,802,0.082,0.299,4,more250
65384,2006,8,455.59268600252204,6.121599177893953,1,WC,1,SA,manufacturing,4,good,793,0.101,0.411,4,more250
65384,2007,9,462.74633431085044,6.137179029889763,1,WC,0,NoSA,manufacturing,4,good,682,0.119,0.472,4,more250
65384,2008,10,205.00321543408361,5.32302566405971,1,WC,0,NoSA,manufacturing,4,good,622,0.129,0.539,4,more250
65384,2009,11,204.73726114649682,5.321727504174918,1,WC,0,NoSA,manufacturing,4,good,628,0.119,0.503,4,more250
65394,2019,21,1676.1785714285713,7.424271821564817,1,WC,0,NoSA,buservices,4,good,84,0.131,0.643,2,less100
65394,2020,22,955.6701030927835,6.862412773050564,1,WC,0,NoSA,health,4,good,97,0.124,0.619,2,less100
65394,2021,23,655.0769230769231,6.484752668551834,1,WC,0,NoSA,health,3,satisfactory,104,0.067,0.673,3,less250
65396,2010,12,1314.8469387755101,7.181475541468848,0,NoWC,0,NoSA,transcom,4,good,98,0.071,0.163,2,less100
65396,2011,13,974.1649484536083,6.881580640899253,0,NoWC,0,NoSA,transcom,3,satisfactory,97,0.01,0.186,2,less100
65396,2013,15,1228.5445544554455,7.113585458666589,0,NoWC,0,NoSA,transcom,4,good,101,0.04,0.188,3,less250
65424,2014,16,2273.3812949640287,7.729023559438358,0,NoWC,0,NoSA,health,3,satisfactory,139,0.043,0.158,3,less250
65424,2015,17,3161.406896551724,8.058772427927511,0,NoWC,0,NoSA,health,2,sufficient,145,0.083,0.2,3,less250
65424,2016,18,3663.1582278481014,8.206080958091611,0,NoWC,0,NoSA,health,5,very good,158,0.051,0.177,3,less250
65424,2017,19,3442.1075949367087,8.143839235706716,0,NoWC,0,NoSA,health,3,satisfactory,158,0.051,0.133,3,less250
65424,2018,20,3192.9819277108436,8.068710532727215,0,NoWC,0,NoSA,health,2,sufficient,166,0.042,0.181,3,less250
65424,2019,21,3074.5945945945946,8.030928332392843,0,NoWC,0,NoSA,health,3,satisfactory,185,0.184,0.157,3,less250
65424,2020,22,3019.538860103627,8.012859403379872,0,NoWC,0,NoSA,buservices,3,satisfactory,193,0.223,0.233,3,less250
65424,2021,23,3443.507692307692,8.14424590884539,0,NoWC,0,NoSA,buservices,3,satisfactory,195,0.221,0.2,3,less250
65432,1999,1,7280.662642045455,8.89297715930745,0,NoWC,1,SA,manufacturing,1,unsatisfactory,88,0.295,0.977,2,less100
65432,2000,2,7111.605113636364,8.869483251697837,0,NoWC,1,SA,manufacturing,3,satisfactory,88,0.477,0.943,2,less100
65432,2001,3,6065.927283653846,8.71044270064846,0,NoWC,1,SA,manufacturing,1,unsatisfactory,104,0.106,0.942,3,less250
65432,2002,4,5384.615384615385,8.591301163569959,0,NoWC,1,SA,manufacturing,2,sufficient,104,0.298,0.962,3,less250
65451,2001,3,1641.5376838235295,7.403388693622112,0,NoWC,0,NoSA,wholesretail,4,good,51,0.039,0.196,2,less100
65451,2002,4,891.8235294117648,6.7932682760253655,0,NoWC,0,NoSA,wholesretail,1,unsatisfactory,51,0.039,0.216,2,less100
65451,2003,5,1394.6363636363637,7.240388989046403,0,NoWC,0,NoSA,wholesretail,2,sufficient,33,0.091,0.303,1,less50
65453,2008,10,1794.6538461538462,7.4925674389573755,1,WC,0,NoSA,manufacturing,1,unsatisfactory,26,0.038,0.077,1,less50
65453,2009,11,2109.8695652173915,7.65438140712682,1,WC,0,NoSA,construction,2,sufficient,23,0.087,0.13,1,less50
65453,2010,12,3110.7083333333335,8.042605739154183,0,NoWC,0,NoSA,construction,4,good,24,0.25,0.125,1,less50
65453,2011,13,1866.44,7.531788152110656,1,WC,0,NoSA,construction,5,very good,25,0.2,0.16,1,less50
65455,2008,10,2559.214285714286,7.847455570721278,0,NoWC,0,NoSA,wholesretail,3,satisfactory,28,0.036,0.786,1,less50
65455,2009,11,2527,7.834788107388194,0,NoWC,0,NoSA,wholesretail,3,satisfactory,32,0.031,0.719,1,less50
65455,2011,13,2116.842105263158,7.657680684160202,0,NoWC,0,NoSA,wholesretail,3,satisfactory,38,0.026,0.763,1,less50
65455,2012,14,2151.714285714286,7.674020145605984,0,NoWC,0,NoSA,wholesretail,4,good,42,0.024,0.738,1,less50
65455,2013,15,2597.904761904762,7.862460538323343,0,NoWC,0,NoSA,wholesretail,3,satisfactory,42,0.024,0.69,1,less50
65455,2014,16,2260.478260869565,7.723331689731799,0,NoWC,0,NoSA,wholesretail,3,satisfactory,46,0.022,0.826,1,less50
65455,2015,17,2029.76,7.6156728384455326,0,NoWC,0,NoSA,wholesretail,4,good,50,0.02,0.8,1,less50
65455,2016,18,2654.423076923077,7.8839826132361965,0,NoWC,0,NoSA,wholesretail,4,good,52,0.038,0.827,2,less100
65455,2017,19,2459.6545454545453,7.807776190388364,0,NoWC,0,NoSA,wholesretail,4,good,55,0.018,0.836,2,less100
65455,2018,20,2066.051724137931,7.63339468525096,0,NoWC,0,NoSA,wholesretail,4,good,58,0.017,0.793,2,less100
65455,2019,21,2246.810344827586,7.717266864897093,0,NoWC,0,NoSA,wholesretail,4,good,58,0.017,0.707,2,less100
65455,2020,22,2087.9333333333334,7.643930020012601,0,NoWC,0,NoSA,wholesretail,4,good,60,0.05,0.683,2,less100
65455,2021,23,2254.6833333333334,7.720764813398735,0,NoWC,0,NoSA,wholesretail,4,good,60,0.05,0.55,2,less100
65457,1999,1,1530.2749779929577,7.33320272241643,0,NoWC,1,SA,wholesretail,1,unsatisfactory,568,0.401,0.104,4,more250
65457,2000,2,1152.5253222836095,7.049710746242107,1,WC,1,SA,wholesretail,1,unsatisfactory,543,0.155,0.048,4,more250
65457,2001,3,1197.0710388994307,7.087633051248471,1,WC,1,SA,wholesretail,3,satisfactory,527,0.216,0.139,4,more250
65462,2000,2,1687.1353665865386,7.430787320338412,1,WC,1,SA,manufacturing,4,good,52,0.269,0.846,2,less100
65462,2001,3,2022.1385522959183,7.611910919634407,1,WC,0,NoSA,manufacturing,4,good,49,0.245,0.816,1,less50
65462,2002,4,2307.0476190476193,7.743723899073697,1,WC,0,NoSA,manufacturing,3,satisfactory,42,0.333,0.833,1,less50
65507,2010,12,1213.7196261682243,7.101444994508248,1,WC,0,NoSA,resthotels,4,good,214,0.033,0.944,3,less250
65507,2011,13,1201.5483870967741,7.0913663266059634,1,WC,0,NoSA,resthotels,1,unsatisfactory,217,0.051,0.945,3,less250
65507,2012,14,1298.2697095435685,7.168787664233351,1,WC,0,NoSA,resthotels,3,satisfactory,241,0.029,0.929,3,less250
65507,2013,15,1226.0536398467434,7.111555867453216,1,WC,0,NoSA,resthotels,4,good,261,0.126,0.881,4,more250
65507,2015,17,1411.2552447552448,7.252234831846865,1,WC,0,NoSA,resthotels,4,good,286,0.087,0.801,4,more250
65508,2007,9,2350.919540229885,7.762561824317628,1,WC,0,NoSA,edu,4,good,87,0.046,0,2,less100
65508,2008,10,2837.3506493506493,7.95062602581433,1,WC,0,NoSA,edu,4,good,77,0.013,0,2,less100
65508,2009,11,3485.7875,8.156449266103758,1,WC,1,SA,edu,4,good,80,0.062,0.038,2,less100
65510,2008,10,1714.7660550458716,7.447031939243237,0,NoWC,0,NoSA,wholesretail,4,good,218,0.046,0.261,3,less250
65510,2009,11,1612.1495327102805,7.385323680991646,0,NoWC,0,NoSA,wholesretail,4,good,214,0.033,0.262,3,less250
65510,2010,12,1260.8543689320388,7.139544840740519,0,NoWC,0,NoSA,wholesretail,4,good,206,0.024,0.49,3,less250
65510,2011,13,1320.5479452054794,7.1858020394502455,0,NoWC,0,NoSA,wholesretail,4,good,219,0.027,0.53,3,less250
65537,2015,17,3919.4285714285716,8.273701149563898,0,NoWC,0,NoSA,transcom,4,good,175,0.234,0.057,3,less250
65537,2016,18,3008.2672413793102,8.00911952466703,1,WC,0,NoSA,transcom,4,good,232,0.224,0.116,3,less250
65537,2017,19,2900.5648535564856,7.972660774096415,1,WC,0,NoSA,transcom,4,good,239,0.18,0.126,3,less250
65538,2013,15,1908.7142857142858,7.554185145533581,1,WC,0,NoSA,wholesretail,4,good,21,0.333,0.333,1,less50
65538,2018,20,1421.875,7.259731702139315,1,WC,0,NoSA,wholesretail,3,satisfactory,32,0.25,0.219,1,less50
65538,2020,22,1288.9148936170213,7.161555975636874,1,WC,0,NoSA,wholesretail,4,good,47,0.064,0.17,1,less50
65538,2021,23,571.2181818181818,6.347771241432966,1,WC,0,NoSA,wholesretail,4,good,55,0.127,0.145,2,less100
65545,2014,16,3412.3,8.135141829717087,1,WC,0,NoSA,public,4,good,60,0.483,0.633,2,less100
65545,2015,17,3916.0333333333333,8.272834515701337,1,WC,0,NoSA,public,4,good,60,0.5,0.617,2,less100
65545,2016,18,3061.2419354838707,8.026575973876259,1,WC,0,NoSA,public,4,good,62,0.468,0.629,2,less100
65545,2017,19,4228.983333333334,8.349716896422711,0,NoWC,0,NoSA,public,4,good,60,0.5,0.65,2,less100
65545,2018,20,2449.896551724138,7.803801078861257,1,WC,0,NoSA,public,4,good,58,0.431,0.672,2,less100
65545,2019,21,3437.7580645161293,8.14257481247075,1,WC,0,NoSA,public,4,good,62,0.516,0.661,2,less100
65545,2020,22,2577.6666666666665,7.854639875940926,1,WC,0,NoSA,public,4,good,63,0.603,0.635,2,less100
65569,2018,20,2621.1811846689898,7.871380329003225,0,NoWC,0,NoSA,manufacturing,5,very good,287,0.045,0.913,4,more250
65569,2020,22,4037.8,8.303455268176123,0,NoWC,0,NoSA,manufacturing,4,good,180,0.061,0.883,3,less250
65569,2021,23,2631.0104895104896,7.875123267923447,0,NoWC,0,NoSA,manufacturing,3,satisfactory,286,0.045,0.857,4,more250
65637,2003,5,1147.5555555555557,7.0453893551902596,1,WC,0,NoSA,manufacturing,5,very good,27,0.037,0.519,1,less50
65637,2004,6,1356.6206896551723,7.212752099505201,1,WC,0,NoSA,manufacturing,3,satisfactory,29,0.103,0.31,1,less50
65637,2007,9,1121.0967741935483,7.022062747797054,1,WC,0,NoSA,manufacturing,1,unsatisfactory,31,0.032,0.419,1,less50
65640,2013,15,1938.6666666666667,7.569755730545245,1,WC,0,NoSA,construction,5,very good,24,0.125,0.375,1,less50
65640,2014,16,2471.7083333333335,7.812664823482669,1,WC,0,NoSA,construction,4,good,24,0.125,0.958,1,less50
65640,2016,18,2458.846153846154,7.80744747573929,1,WC,0,NoSA,construction,5,very good,26,0.038,0.654,1,less50
65654,2000,2,3637.067410714286,8.198932979518078,0,NoWC,1,SA,manufacturing,4,good,70,0.086,0.343,2,less100
65654,2001,3,3416.9233141447367,8.136495809412398,0,NoWC,1,SA,manufacturing,4,good,76,0.079,0.382,2,less100
65654,2002,4,2298.283185840708,7.7399176822526705,0,NoWC,0,NoSA,manufacturing,4,good,113,0.053,0.566,3,less250
65654,2003,5,2400.97247706422,7.7836291330419405,0,NoWC,0,NoSA,manufacturing,4,good,109,0.018,0.514,3,less250
65654,2004,6,2548.9449541284403,7.84343480905798,0,NoWC,1,SA,manufacturing,2,sufficient,109,0.018,0.459,3,less250
65654,2005,7,1916.142857142857,7.558069515846777,0,NoWC,0,NoSA,manufacturing,3,satisfactory,147,0.054,0.497,3,less250
65654,2006,8,1507.8541666666667,7.318442837437066,0,NoWC,0,NoSA,manufacturing,3,satisfactory,192,0.036,0.573,3,less250
65679,2006,8,1336.9565217391305,7.198151057305514,0,NoWC,0,NoSA,health,4,good,368,0.269,0.043,4,more250
65679,2008,10,782.0481171548117,6.661916269540869,0,NoWC,0,NoSA,health,4,good,478,0.251,0.084,4,more250
65679,2009,11,1150,7.047517221357296,0,NoWC,0,NoSA,health,4,good,300,0.43,0.107,4,more250
65728,2010,12,1661.6521739130435,7.415567671872167,1,WC,0,NoSA,manufacturing,1,unsatisfactory,23,0.217,1,1,less50
65728,2011,13,1831.0454545454545,7.51264236935024,1,WC,0,NoSA,mining,1,unsatisfactory,22,0.227,0.864,1,less50
65728,2012,14,1266.6666666666667,7.1441440570463675,1,WC,0,NoSA,mining,3,satisfactory,27,0.185,0.815,1,less50
65728,2013,15,1786.0833333333333,7.487780419549132,1,WC,0,NoSA,mining,3,satisfactory,24,0.292,0.833,1,less50
65740,2013,15,1927.710843373494,7.564088486419366,0,NoWC,0,NoSA,public,2,sufficient,166,0.072,0.416,3,less250
65740,2014,16,1915.1515151515152,7.557552018668469,0,NoWC,0,NoSA,public,3,satisfactory,165,0.073,0.509,3,less250
65740,2015,17,3692.5,8.214059014405535,1,WC,0,NoSA,public,4,good,170,0.071,0.465,3,less250
65740,2016,18,2780.6220930232557,7.930429956119708,0,NoWC,0,NoSA,public,4,good,172,0.07,0.448,3,less250
65740,2018,20,3134.7078651685392,8.05029126377082,0,NoWC,0,NoSA,public,4,good,178,0.067,0.556,3,less250
65740,2019,21,3260.909090909091,8.089761297727957,0,NoWC,0,NoSA,public,3,satisfactory,176,0.062,0.557,3,less250
65740,2020,22,3216.1222222222223,8.07593163399904,0,NoWC,0,NoSA,buservices,3,satisfactory,180,0.061,0.578,3,less250
65740,2021,23,4028.6432432432434,8.30118493404898,0,NoWC,0,NoSA,buservices,4,good,185,0.059,0.584,3,less250
65761,2013,15,1729.3333333333333,7.455491256768225,1,WC,0,NoSA,public,2,sufficient,21,0.048,0.286,1,less50
65761,2014,16,1114.142857142857,7.015840650275185,1,WC,0,NoSA,public,4,good,21,0.048,0.19,1,less50
65761,2015,17,1288.8095238095239,7.161474221507655,1,WC,0,NoSA,public,4,good,21,0.048,0.095,1,less50
65761,2016,18,1116.0869565217392,7.017584057936037,1,WC,0,NoSA,public,4,good,23,0.043,0.087,1,less50
65761,2017,19,1449.695652173913,7.279108918331097,1,WC,0,NoSA,public,5,very good,23,0.043,0.087,1,less50
65779,2016,18,2402.766666666667,7.784376130175712,1,WC,0,NoSA,wholesretail,3,satisfactory,30,0.233,0.867,1,less50
65779,2017,19,2583.266666666667,7.856810026894678,1,WC,0,NoSA,wholesretail,3,satisfactory,30,0.2,0.533,1,less50
65779,2018,20,1432.2222222222222,7.266982518597014,1,WC,0,NoSA,wholesretail,3,satisfactory,36,0.111,0.889,1,less50
65801,2010,12,814.445652173913,6.702507700430857,1,WC,1,SA,public,2,sufficient,92,0.011,0.467,2,less100
65801,2013,15,1082.1927710843374,6.986744605352964,1,WC,1,SA,public,2,sufficient,83,0.024,0.482,2,less100
65801,2014,16,1320.4025974025974,7.185691967110243,1,WC,1,SA,public,3,satisfactory,77,0.052,0.481,2,less100
65801,2015,17,1753.1948051948052,7.469195005498287,1,WC,1,SA,public,4,good,77,0.026,0.558,2,less100
65854,2016,18,2206.2,7.699026857535281,1,WC,0,NoSA,wholesretail,2,sufficient,35,0.571,0.886,1,less50
65854,2018,20,1671.9565217391305,7.421749789562004,1,WC,0,NoSA,wholesretail,3,satisfactory,46,0.609,0.891,1,less50
65854,2019,21,2399.575,7.783046917321599,1,WC,0,NoSA,wholesretail,3,satisfactory,40,0.55,0.85,1,less50
65854,2020,22,2001.3541666666667,7.601579313757911,1,WC,0,NoSA,wholesretail,4,good,48,0.5,0.896,1,less50
65910,2007,9,1418.504347826087,7.257358319331334,0,NoWC,0,NoSA,buservices,1,unsatisfactory,115,0.052,0.104,3,less250
65910,2010,12,1303.7875,7.173028769084455,0,NoWC,0,NoSA,buservices,1,unsatisfactory,160,0.006,0.106,3,less250
65910,2011,13,1731.7365269461077,7.456879956849992,0,NoWC,0,NoSA,buservices,3,satisfactory,167,0.012,0.084,3,less250
65910,2012,14,1900,7.549609165154532,0,NoWC,0,NoSA,buservices,4,good,174,0.017,0.718,3,less250
65910,2013,15,1692.9774011299435,7.4342440336269995,0,NoWC,0,NoSA,buservices,3,satisfactory,177,0.017,0.09,3,less250
65910,2014,16,1169.316384180791,7.064174570004654,0,NoWC,0,NoSA,buservices,4,good,177,0.023,0.107,3,less250
65910,2016,18,858.5684210526316,6.755266375534098,0,NoWC,0,NoSA,buservices,4,good,190,0.021,0.126,3,less250
65910,2017,19,630.6494845360825,6.446750216179475,0,NoWC,0,NoSA,buservices,3,satisfactory,194,0.046,0.144,3,less250
65917,2010,12,2177.6666666666665,7.686009246172641,1,WC,0,NoSA,manufacturing,1,unsatisfactory,24,0.125,0.5,1,less50
65917,2011,13,1900.5151515151515,7.549880260781187,1,WC,0,NoSA,manufacturing,3,satisfactory,33,0.182,0.364,1,less50
65917,2012,14,2687.8571428571427,7.896499553972224,1,WC,0,NoSA,manufacturing,3,satisfactory,35,0.086,0.343,1,less50
65917,2013,15,1684.0555555555557,7.428960184492997,1,WC,0,NoSA,manufacturing,4,good,36,0.222,0.361,1,less50
65917,2014,16,1991,7.596392304064196,1,WC,0,NoSA,manufacturing,4,good,42,0.167,0.333,1,less50
65917,2015,17,2508.6666666666665,7.827506682485272,1,WC,0,NoSA,manufacturing,4,good,45,0.111,0.356,1,less50
65917,2016,18,1463.4,7.28851777444993,1,WC,0,NoSA,manufacturing,4,good,50,0.14,0.42,1,less50
65917,2017,19,2623.8571428571427,7.872400706073222,1,WC,0,NoSA,manufacturing,4,good,49,0.061,0.449,1,less50
65917,2018,20,2271.480769230769,7.728187219053459,1,WC,0,NoSA,manufacturing,4,good,52,0.096,0.462,2,less100
65917,2019,21,2708.2619047619046,7.904062344555665,1,WC,0,NoSA,manufacturing,3,satisfactory,42,0.167,0.405,1,less50
65917,2021,23,2108.7924528301887,7.653870765408664,1,WC,0,NoSA,manufacturing,3,satisfactory,53,0.113,0.547,2,less100
65918,2001,3,1609.9524066091954,7.383959896429269,0,NoWC,0,NoSA,buservices,3,satisfactory,174,0.069,0.247,3,less250
65918,2002,4,1225.9044943820224,7.111434213283984,0,NoWC,1,SA,buservices,3,satisfactory,178,0.067,0.27,3,less250
65918,2003,5,1872.1436464088397,7.534839388286376,0,NoWC,0,NoSA,buservices,4,good,181,0.066,0.249,3,less250
65918,2004,6,2296.9285714285716,7.739328105744371,0,NoWC,0,NoSA,buservices,3,satisfactory,196,0.061,0.24,3,less250
65918,2005,7,1907.49,7.553543520680912,0,NoWC,0,NoSA,buservices,3,satisfactory,200,0.06,0.275,3,less250
65946,1999,1,5754.413060897436,8.657722328274163,0,NoWC,1,SA,public,4,good,78,0.231,0.026,2,less100
65946,2000,2,6074.108173076923,8.711790454646474,0,NoWC,1,SA,public,3,satisfactory,78,0.231,0.026,2,less100
65946,2001,3,7672.5504807692305,8.94540436591431,0,NoWC,1,SA,public,3,satisfactory,78,0.256,0.026,2,less100
65964,2015,17,1638.0344827586207,7.4012523159366195,1,WC,0,NoSA,wholesretail,5,very good,58,0.086,0.862,2,less100
65964,2017,19,2333.4814814814813,7.755116629417297,1,WC,0,NoSA,wholesretail,5,very good,54,0.037,0.815,2,less100
65964,2018,20,2118.7796610169494,7.658595570330807,1,WC,0,NoSA,wholesretail,4,good,59,0.085,0.898,2,less100
66000,2017,19,5659.4029850746265,8.641073685965063,1,WC,0,NoSA,wholesretail,5,very good,67,0.119,0.448,2,less100
66000,2018,20,3346.608695652174,8.1157027824113,1,WC,0,NoSA,wholesretail,4,good,69,0.13,0.855,2,less100
66000,2019,21,2408.560975609756,7.786784742590066,1,WC,0,NoSA,wholesretail,4,good,82,0.159,0.915,2,less100
66008,1999,1,765.1374889964789,6.640055541856484,0,NoWC,0,NoSA,health,4,good,1136,0.289,0.332,4,more250
66008,2000,2,539.5010775862069,6.290644782075633,0,NoWC,0,NoSA,health,4,good,1160,0.279,0.489,4,more250
66008,2001,3,556.3107914462081,6.321327115502135,0,NoWC,0,NoSA,health,3,satisfactory,1134,0.295,0.492,4,more250
66014,2002,4,1532.709090909091,7.334792096290913,1,WC,0,NoSA,transcom,4,good,55,0.055,0.127,2,less100
66014,2003,5,2081.4444444444443,7.640817376124839,1,WC,0,NoSA,transcom,2,sufficient,45,0.022,0.133,1,less50
66014,2004,6,1643.3777777777777,7.404509023303787,1,WC,0,NoSA,transcom,4,good,45,0.022,0.067,1,less50
66038,1999,1,365.24501255580356,5.900568395659561,1,WC,0,NoSA,manufacturing,1,unsatisfactory,28,0.607,0.5,1,less50
66038,2001,3,368.09606119791664,5.908343939968901,1,WC,0,NoSA,manufacturing,3,satisfactory,30,0.033,0.533,1,less50
66038,2003,5,469.51612903225805,6.151702651694578,1,WC,0,NoSA,manufacturing,3,satisfactory,31,0.194,0.742,1,less50
66038,2004,6,452.14814814814815,6.114009887519909,1,WC,0,NoSA,manufacturing,2,sufficient,27,0.222,0.444,1,less50
66044,2000,2,1265.3666897506926,7.143117232477173,0,NoWC,1,SA,health,4,good,361,0.03,0.222,4,more250
66044,2001,3,1037.3614659367397,6.944435716381394,0,NoWC,1,SA,health,3,satisfactory,411,0.029,0.214,4,more250
66044,2002,4,1021.1871921182266,6.928721143297125,0,NoWC,1,SA,health,3,satisfactory,406,0.044,0.227,4,more250
66044,2003,5,973.0762124711316,6.880462406427042,0,NoWC,1,SA,health,4,good,433,0.016,0.212,4,more250
66048,2000,2,573.0963827838827,6.351053909871193,0,NoWC,0,NoSA,public,3,satisfactory,1092,0.124,0.067,4,more250
66048,2002,4,606.060606060606,6.406979991069647,0,NoWC,0,NoSA,public,3,satisfactory,924,0.144,0.069,4,more250
66048,2003,5,623.4511691884456,6.435270444793224,0,NoWC,0,NoSA,public,4,good,727,0.004,0.083,4,more250
66066,2001,3,2493.503705533597,7.821444111062313,0,NoWC,0,NoSA,art,3,satisfactory,253,0.107,0.498,4,more250
66066,2002,4,1992.88256227758,7.597337393377586,0,NoWC,0,NoSA,art,2,sufficient,281,0.527,0.495,4,more250
66066,2003,5,1515.8829431438128,7.323753348936057,0,NoWC,0,NoSA,art,4,good,299,0.411,0.401,4,more250
66067,2015,17,3886.775,8.265335043918252,0,NoWC,0,NoSA,buservices,3,satisfactory,40,0.025,1,1,less50
66067,2016,18,3788.285714285714,8.239668877619351,0,NoWC,0,NoSA,buservices,4,good,42,0.024,1,1,less50
66067,2017,19,3730.186046511628,8.224213389815322,0,NoWC,0,NoSA,buservices,4,good,43,0.023,1,1,less50
66067,2018,20,3756.872340425532,8.231342065871175,0,NoWC,0,NoSA,buservices,3,satisfactory,47,0.021,0.957,1,less50
66067,2019,21,3842.3829787234044,8.253848020485348,0,NoWC,0,NoSA,buservices,3,satisfactory,47,0.043,0.957,1,less50
66067,2020,22,3787.6382978723404,8.239497963440721,1,WC,0,NoSA,buservices,3,satisfactory,47,0.043,0.957,1,less50
66067,2021,23,3661,8.205491613120236,0,NoWC,0,NoSA,buservices,2,sufficient,49,0.02,0.918,1,less50
66073,2001,3,1057.4968927556818,6.963659972623617,0,NoWC,0,NoSA,buservices,2,sufficient,176,0.273,0.153,3,less250
66073,2002,4,597.1578947368421,6.392181558720072,0,NoWC,0,NoSA,buservices,2,sufficient,209,0.603,0.22,3,less250
66073,2004,6,349.46945337620576,5.8564161569277315,0,NoWC,0,NoSA,buservices,1,unsatisfactory,311,0.405,0.174,4,more250
66073,2007,9,381.17277486910996,5.943252749683668,0,NoWC,0,NoSA,buservices,2,sufficient,191,0.518,0.215,3,less250
66088,2000,2,726.7471590909091,6.588578630371709,1,WC,0,NoSA,construction,5,very good,66,0.591,0.076,2,less100
66088,2001,3,705.3722426470588,6.558725667222027,1,WC,0,NoSA,construction,4,good,68,0.118,0.074,2,less100
66088,2002,4,750.4923076923077,6.620729401443785,1,WC,0,NoSA,construction,3,satisfactory,65,0.477,0.092,2,less100
66111,2003,5,12949.971428571429,9.46884886083733,0,NoWC,0,NoSA,manufacturing,4,good,35,0.114,0.114,1,less50
66111,2004,6,13513.513513513513,9.511445464760104,0,NoWC,0,NoSA,manufacturing,4,good,37,0.162,0.108,1,less50
66111,2005,7,13225.307692307691,9.489887522414845,0,NoWC,0,NoSA,manufacturing,4,good,39,0.103,0.128,1,less50
66111,2006,8,11714.285714285714,9.368564377191078,0,NoWC,0,NoSA,manufacturing,4,good,42,0.167,0.095,1,less50
66111,2008,10,6128.180327868852,8.720653137859014,0,NoWC,0,NoSA,manufacturing,5,very good,61,0.295,0.082,2,less100
66111,2009,11,5655.737704918033,8.640425831840185,0,NoWC,0,NoSA,manufacturing,5,very good,61,0.213,0.082,2,less100
66111,2010,12,3819.6470588235293,8.247913304353993,0,NoWC,0,NoSA,manufacturing,4,good,68,0.059,0.074,2,less100
66111,2011,13,3707.6923076923076,8.218164942577156,0,NoWC,0,NoSA,manufacturing,4,good,78,0.167,0.064,2,less100
66111,2012,14,3480,8.15478757276852,0,NoWC,0,NoSA,manufacturing,5,very good,95,0.168,0.074,2,less100
66119,2019,21,2131.9333333333334,7.664784515253368,0,NoWC,0,NoSA,buservices,4,good,135,0.067,0.333,3,less250
66119,2020,22,2978.3366336633662,7.999120247037855,0,NoWC,0,NoSA,buservices,4,good,101,0.04,0.465,3,less250
66119,2021,23,3412.3979591836733,8.135170536975421,0,NoWC,1,SA,buservices,1,unsatisfactory,98,0.02,0.5,2,less100
66128,1999,1,23.810334304283405,3.1701197008992974,1,WC,0,NoSA,finance,4,good,116,0.017,0.414,3,less250
66128,2001,3,27.317004788306452,3.307509394296489,1,WC,0,NoSA,buservices,4,good,124,0.024,0.694,3,less250
66128,2002,4,12.214876033057852,2.502654555911406,1,WC,1,SA,buservices,4,good,121,0.017,0.736,3,less250
66134,2003,5,691.8222222222222,6.539329018308959,1,WC,0,NoSA,manufacturing,2,sufficient,45,0.111,0.289,1,less50
66134,2004,6,1230.7906976744187,7.115412085468739,1,WC,1,SA,manufacturing,1,unsatisfactory,43,0.023,0.279,1,less50
66134,2008,10,752.35,6.623201641204887,1,WC,0,NoSA,manufacturing,4,good,40,0.1,0.3,1,less50
66134,2011,13,1235.404761904762,7.119153937799264,1,WC,1,SA,manufacturing,1,unsatisfactory,42,0.024,0.31,1,less50
66134,2021,23,1138.0625,7.037082534092062,1,WC,1,SA,manufacturing,1,unsatisfactory,48,0.062,0.271,1,less50
66155,2010,12,1274.4444444444443,7.150265632787197,0,NoWC,0,NoSA,manufacturing,3,satisfactory,36,0.111,0.167,1,less50
66155,2011,13,1198.9512195121952,7.0892024698897895,0,NoWC,0,NoSA,manufacturing,4,good,41,0.073,0.171,1,less50
66155,2012,14,525.9629629629629,6.265230797640684,0,NoWC,1,SA,manufacturing,5,very good,54,0.074,0.241,2,less100
66155,2013,15,870.2033898305085,6.768726965740391,0,NoWC,1,SA,manufacturing,3,satisfactory,59,0.068,0.271,2,less100
66163,2013,15,2580.6451612903224,7.855794709170873,0,NoWC,0,NoSA,transcom,1,unsatisfactory,124,0.177,0.177,3,less250
66163,2014,16,2092.7152317880796,7.646217655754125,0,NoWC,0,NoSA,transcom,1,unsatisfactory,151,0.152,0.093,3,less250
66163,2015,17,5742.532258064516,8.655655551972728,0,NoWC,0,NoSA,transcom,2,sufficient,124,0.185,0.121,3,less250
66190,2000,2,2966.6075,7.995174323033016,1,WC,0,NoSA,finance,2,sufficient,100,0.63,0.21,2,less100
66190,2002,4,2574.6944444444443,7.85348614370523,1,WC,0,NoSA,finance,2,sufficient,108,0.556,0.241,3,less250
66190,2004,6,4609.473684210527,8.435868961188948,1,WC,0,NoSA,finance,4,good,95,0.947,0.232,2,less100
66197,2004,6,1369.6,7.222274005387478,1,WC,0,NoSA,construction,3,satisfactory,20,0.15,0.4,1,less50
66197,2005,7,858.4166666666666,6.755089607095693,1,WC,0,NoSA,construction,4,good,24,0.125,0,1,less50
66197,2006,8,1167.4666666666667,7.062591438100489,1,WC,0,NoSA,construction,4,good,30,0.067,0.5,1,less50
66205,2012,14,5917.045454545455,8.685592524672783,0,NoWC,0,NoSA,health,4,good,44,0.045,0.114,1,less50
66205,2015,17,862.1363636363636,6.759413452626006,0,NoWC,0,NoSA,health,3,satisfactory,44,0.045,0.114,1,less50
66205,2016,18,931.7272727272727,6.837040146033193,0,NoWC,0,NoSA,health,2,sufficient,44,0.114,0.114,1,less50
66205,2018,20,1742.325,7.462975707175138,0,NoWC,0,NoSA,health,3,satisfactory,40,0.125,0.1,1,less50
66205,2019,21,1844.8,7.520126149514795,0,NoWC,0,NoSA,health,3,satisfactory,40,0.125,0.125,1,less50
66205,2020,22,1279.2571428571428,7.1540348312984134,0,NoWC,0,NoSA,health,1,unsatisfactory,35,0.029,0.143,1,less50
66205,2021,23,1399.0714285714287,7.243564030239485,0,NoWC,0,NoSA,health,1,unsatisfactory,28,0.071,0.143,1,less50
66220,2014,16,2786.762886597938,7.932635945498007,1,WC,0,NoSA,manufacturing,4,good,97,0.031,0.072,2,less100
66220,2017,19,2703.153846153846,7.90217446147282,1,WC,0,NoSA,manufacturing,1,unsatisfactory,104,0.058,0.144,3,less250
66220,2018,20,3326.9615384615386,8.109814715525307,1,WC,0,NoSA,manufacturing,2,sufficient,104,0.048,0.106,3,less250
66220,2019,21,3468.198113207547,8.151390462337874,1,WC,0,NoSA,manufacturing,4,good,106,0.047,0.057,3,less250
66220,2020,22,3570.2075471698113,8.180379009545959,1,WC,0,NoSA,manufacturing,4,good,106,0.057,0.132,3,less250
66220,2021,23,3504.0925925925926,8.161686876533805,1,WC,0,NoSA,manufacturing,4,good,108,0.056,0.13,3,less250
66232,2010,12,2170.7727272727275,7.68283847866493,1,WC,0,NoSA,edu,5,very good,22,0.091,0.364,1,less50
66232,2011,13,1825.8214285714287,7.509785262600299,1,WC,0,NoSA,edu,4,good,28,0.071,0.321,1,less50
66232,2012,14,2219.0384615384614,7.704829255607286,1,WC,0,NoSA,edu,4,good,26,0.115,0.308,1,less50
66232,2013,15,1889.448275862069,7.544040147904174,1,WC,0,NoSA,edu,4,good,29,0.103,0.345,1,less50
66232,2014,16,2059.3333333333335,7.630137584810417,1,WC,0,NoSA,edu,4,good,30,0.1,0.333,1,less50
66232,2015,17,2034.5666666666666,7.618038134988769,1,WC,0,NoSA,edu,4,good,30,0.1,0.367,1,less50
66232,2016,18,2155.1111111111113,7.675597560889024,1,WC,0,NoSA,edu,4,good,27,0.148,0.407,1,less50
66232,2019,21,2311.75,7.745760092457748,1,WC,0,NoSA,edu,4,good,32,0.094,0.25,1,less50
66232,2020,22,2318.3714285714286,7.748620247720392,1,WC,0,NoSA,edu,5,very good,35,0.114,0.371,1,less50
66232,2021,23,1897.59375,7.548341915163919,1,WC,0,NoSA,edu,5,very good,32,0.25,0.312,1,less50
66237,2012,14,2071.3030303030305,7.635933171456125,1,WC,0,NoSA,manufacturing,3,satisfactory,33,0.03,0.061,1,less50
66237,2013,15,1404.0222222222221,7.247096412254104,1,WC,0,NoSA,manufacturing,3,satisfactory,45,0.111,0.067,1,less50
66237,2014,16,2866.5555555555557,7.960866433132391,1,WC,0,NoSA,manufacturing,3,satisfactory,27,0.111,0.111,1,less50
66244,2010,12,1583.7560975609756,7.367554581705901,1,WC,0,NoSA,buservices,4,good,164,0.226,0.652,3,less250
66244,2011,13,1785.1851851851852,7.487277434034363,1,WC,0,NoSA,buservices,2,sufficient,162,0.074,0.642,3,less250
66244,2012,14,1878.409090909091,7.538180469330909,1,WC,0,NoSA,buservices,3,satisfactory,176,0.273,0.591,3,less250
66244,2013,15,1094.7445652173913,6.998276341263971,1,WC,0,NoSA,buservices,3,satisfactory,184,0.228,0.777,3,less250
66252,2013,15,1015.8730158730159,6.923503635950277,0,NoWC,0,NoSA,transcom,1,unsatisfactory,315,0.067,0.597,4,more250
66252,2015,17,3011.882716049383,8.010320649267019,0,NoWC,0,NoSA,transcom,3,satisfactory,324,0.034,0.494,4,more250
66252,2016,18,3049.53125,8.022743169265576,0,NoWC,0,NoSA,transcom,3,satisfactory,320,0.069,0.491,4,more250
66270,2009,11,790.5463917525773,6.672724341521562,1,WC,0,NoSA,manufacturing,3,satisfactory,97,0.021,0.825,2,less100
66270,2010,12,2333.009090909091,7.7549141686744,1,WC,0,NoSA,manufacturing,4,good,110,0.036,0.809,3,less250
66270,2013,15,2328.551181102362,7.753001542469622,1,WC,0,NoSA,manufacturing,5,very good,127,0.024,0.669,3,less250
66270,2014,16,1791.1007194244605,7.490585636897404,1,WC,0,NoSA,manufacturing,5,very good,139,0.043,0.806,3,less250
66270,2016,18,1383.2941176470588,7.2322229754659295,1,WC,0,NoSA,manufacturing,4,good,136,0.051,0.801,3,less250
66270,2018,20,3091.077519379845,8.036275020879383,1,WC,0,NoSA,manufacturing,4,good,129,0.078,0.752,3,less250
66270,2019,21,3108.532258064516,8.041905951028722,1,WC,0,NoSA,manufacturing,4,good,124,0.048,0.903,3,less250
66300,2018,20,2211.9285714285716,7.701620070723275,0,NoWC,1,SA,transcom,4,good,588,0.16,0.061,4,more250
66300,2019,21,2826.8356401384085,7.946913216682037,0,NoWC,1,SA,transcom,4,good,578,0.131,0.116,4,more250
66300,2020,22,2283.8495867768597,7.7336177134308475,0,NoWC,1,SA,wholesretail,4,good,605,0.215,0.114,4,more250
66300,2021,23,2377.418367346939,7.773770458329307,0,NoWC,1,SA,wholesretail,4,good,588,0.037,0.09,4,more250
66325,2000,2,2742.3623310810813,7.91657499255981,0,NoWC,0,NoSA,wholesretail,4,good,74,0.041,0.149,2,less100
66325,2001,3,2832.0975079113923,7.948772884980558,0,NoWC,0,NoSA,wholesretail,3,satisfactory,79,0.038,0.051,2,less100
66325,2002,4,2235.448275862069,7.712197057791536,0,NoWC,0,NoSA,wholesretail,5,very good,87,0.034,0.057,2,less100
66337,1998,0,1551.62265625,7.3470565373218,1,WC,0,NoSA,edu,3,satisfactory,100,0.01,0.7,2,less100
66337,1999,1,2092.0742626404494,7.645911322948857,1,WC,0,NoSA,edu,3,satisfactory,89,0.011,0.685,2,less100
66337,2000,2,2193.186458333333,7.693110769123331,0,NoWC,0,NoSA,buservices,4,good,90,0.011,0.744,2,less100
66337,2001,3,2498.919471153846,7.823613705887501,0,NoWC,0,NoSA,buservices,2,sufficient,91,0.011,0.516,2,less100
66337,2002,4,1720.781690140845,7.450533937578946,1,WC,0,NoSA,buservices,4,good,142,0.014,0.768,3,less250
66337,2003,5,1877.8661971830986,7.537891409723647,1,WC,0,NoSA,buservices,3,satisfactory,142,0.028,0.866,3,less250
66337,2005,7,2265.0162601626016,7.725337216771102,0,NoWC,0,NoSA,buservices,3,satisfactory,123,0.033,0.813,3,less250
66337,2006,8,2487.46875,7.819020906139765,1,WC,0,NoSA,buservices,4,good,128,0.031,0.641,3,less250
66337,2007,9,2591.4253731343283,7.85996334043115,1,WC,0,NoSA,buservices,4,good,134,0.037,0.575,3,less250
66337,2008,10,2688.0725806451615,7.896579703006611,1,WC,0,NoSA,buservices,4,good,124,0.355,0.702,3,less250
66366,2016,18,1671.927113702624,7.421732200411356,0,NoWC,1,SA,health,4,good,343,0.472,0.636,4,more250
66366,2017,19,2254.8885714285716,7.720855836715233,0,NoWC,0,NoSA,health,2,sufficient,350,0.669,0.734,4,more250
66366,2018,20,1795.8614130434783,7.493240081655143,0,NoWC,0,NoSA,health,1,unsatisfactory,368,0.016,0.677,4,more250
66371,2016,18,1283.1369426751592,7.157063095221483,1,WC,0,NoSA,public,4,good,314,0.236,0.541,4,more250
66371,2017,19,1380.0813253012047,7.229897707792549,1,WC,0,NoSA,public,4,good,332,0.226,0.527,4,more250
66371,2019,21,1408.1823529411765,7.250055040364114,1,WC,0,NoSA,public,4,good,340,0.221,0.55,4,more250
66371,2020,22,1421.4126074498568,7.259406450094459,1,WC,0,NoSA,public,3,satisfactory,349,0.226,0.53,4,more250
66371,2021,23,1409.2982954545455,7.250847196698788,1,WC,0,NoSA,public,4,good,352,0.219,0.545,4,more250
66485,2001,3,2257.531976744186,7.722027449861558,0,NoWC,1,SA,health,4,good,129,0.225,0.527,3,less250
66485,2003,5,2319.7478260869566,7.749213763100381,1,WC,1,SA,health,4,good,115,0.287,0.478,3,less250
66485,2004,6,2260.2393162393164,7.723225978801445,1,WC,1,SA,health,4,good,117,0.299,0.547,3,less250
66485,2005,7,2451.467289719626,7.804442018036586,0,NoWC,1,SA,health,3,satisfactory,107,0.318,0.505,3,less250
66501,2002,4,2764.1363636363635,7.924483519284334,0,NoWC,0,NoSA,wholesretail,4,good,22,0.5,0.182,1,less50
66501,2005,7,3202.72,8.071755727742396,0,NoWC,0,NoSA,wholesretail,3,satisfactory,25,0.2,0.2,1,less50
66501,2006,8,2308.5925925925926,7.744393350561176,0,NoWC,0,NoSA,wholesretail,3,satisfactory,27,0.407,0.222,1,less50
66501,2007,9,2271.689655172414,7.728279175076359,0,NoWC,0,NoSA,wholesretail,4,good,29,0.379,0.207,1,less50
66501,2008,10,3269.4193548387098,8.092367680796743,1,WC,0,NoSA,wholesretail,3,satisfactory,31,0.226,0.226,1,less50
66501,2009,11,3494.896551724138,8.159059055295415,1,WC,0,NoSA,wholesretail,4,good,29,0.241,0.207,1,less50
66501,2010,12,2615.548387096774,7.869229062772125,0,NoWC,0,NoSA,wholesretail,3,satisfactory,31,0.419,0.194,1,less50
66501,2011,13,2090.757575757576,7.645281755719175,0,NoWC,0,NoSA,wholesretail,4,good,33,0.273,0.212,1,less50
66501,2012,14,3194.121212121212,8.0690672779989,1,WC,0,NoSA,wholesretail,3,satisfactory,33,0.394,0.182,1,less50
66501,2013,15,3759.8387096774195,8.232131339101477,1,WC,0,NoSA,wholesretail,4,good,31,0.387,0.226,1,less50
66501,2014,16,2487.7272727272725,7.819124830779648,1,WC,0,NoSA,wholesretail,3,satisfactory,33,0.364,0.212,1,less50
66501,2015,17,2000.3684210526317,7.601086653103723,1,WC,0,NoSA,wholesretail,4,good,38,0.237,0.263,1,less50
66501,2016,18,2484.315789473684,7.817752564390857,1,WC,0,NoSA,wholesretail,4,good,38,0.342,0.289,1,less50
66501,2017,19,3430.3846153846152,8.140427666638772,0,NoWC,0,NoSA,wholesretail,4,good,39,0.308,0.179,1,less50
66501,2018,20,1925.7,7.563044816985842,0,NoWC,0,NoSA,wholesretail,3,satisfactory,40,0.275,0.2,1,less50
66501,2019,21,2144.2631578947367,7.670551256213945,1,WC,0,NoSA,wholesretail,3,satisfactory,38,0.342,0.289,1,less50
66501,2020,22,2892.243902439024,7.9697879166654495,1,WC,0,NoSA,wholesretail,3,satisfactory,41,0.293,0.195,1,less50
66513,2003,5,3279.037037037037,8.095305072004107,1,WC,0,NoSA,transcom,2,sufficient,27,0.074,0.037,1,less50
66513,2005,7,2148.1935483870966,7.672382557894888,1,WC,0,NoSA,transcom,3,satisfactory,31,0.032,0.065,1,less50
66513,2006,8,1630.3125,7.396526993216712,1,WC,0,NoSA,transcom,3,satisfactory,32,0.031,0.062,1,less50
66513,2007,9,1849.1538461538462,7.522483432984644,1,WC,0,NoSA,transcom,2,sufficient,26,0.192,0.154,1,less50
66516,2009,11,892.0748031496063,6.793549989097144,0,NoWC,0,NoSA,transcom,4,good,254,0.012,0.398,4,more250
66516,2010,12,914.5633802816901,6.818446771368894,0,NoWC,0,NoSA,transcom,3,satisfactory,284,0.025,0.419,4,more250
66516,2011,13,928.4049295774648,6.833467984142179,0,NoWC,0,NoSA,transcom,5,very good,284,0.018,0.426,4,more250
66548,2007,9,1675.0537190082644,7.423600514794612,0,NoWC,0,NoSA,manufacturing,5,very good,242,0.012,0.298,3,less250
66548,2008,10,1538.3497942386832,7.3384655586917775,0,NoWC,0,NoSA,manufacturing,4,good,243,0.016,0.556,3,less250
66548,2009,11,1425.6198347107438,7.26236196985681,0,NoWC,0,NoSA,manufacturing,4,good,242,0.037,0.298,3,less250
66551,2000,2,2374.669005102041,7.772613340483535,1,WC,0,NoSA,manufacturing,3,satisfactory,98,0.112,0.714,2,less100
66551,2001,3,3102.900833333333,8.040092705617797,1,WC,0,NoSA,manufacturing,3,satisfactory,75,0.32,0.667,2,less100
66551,2002,4,3298.231884057971,8.10114181115666,1,WC,0,NoSA,manufacturing,2,sufficient,69,0.029,0.493,2,less100
66584,2005,7,14327.416666666666,9.569930230088382,0,NoWC,0,NoSA,mining,4,good,36,0.083,0.139,1,less50
66584,2006,8,13666.666666666666,9.522715057018335,0,NoWC,0,NoSA,mining,4,good,36,0.111,0.139,1,less50
66584,2007,9,5709.338028169014,8.649858363909983,0,NoWC,0,NoSA,mining,4,good,71,0.042,0.155,2,less100
66584,2008,10,5265.056338028169,8.56884712499101,0,NoWC,0,NoSA,mining,4,good,71,0.056,0.155,2,less100
66586,2011,13,1059.4074074074074,6.965464981163957,0,NoWC,0,NoSA,manufacturing,4,good,27,0.037,0.111,1,less50
66586,2012,14,1230.2903225806451,7.115005455133086,0,NoWC,0,NoSA,manufacturing,3,satisfactory,31,0.032,0.129,1,less50
66586,2013,15,1765.7037037037037,7.476304588890346,0,NoWC,0,NoSA,manufacturing,4,good,27,0.037,0.074,1,less50
66586,2015,17,1483.1851851851852,7.301947206348266,0,NoWC,0,NoSA,manufacturing,3,satisfactory,27,0.074,0.111,1,less50
66586,2017,19,1108.6976744186047,7.010941339201112,0,NoWC,0,NoSA,manufacturing,4,good,43,0.116,0.07,1,less50
66586,2019,21,1135.095238095238,7.034471836611306,0,NoWC,0,NoSA,manufacturing,5,very good,42,0.119,0.095,1,less50
66586,2021,23,888.8305084745763,6.78990656320276,0,NoWC,0,NoSA,manufacturing,4,good,59,0.051,0.102,2,less100
66660,2013,15,1321.2545454545455,7.186336977446871,1,WC,0,NoSA,transcom,4,good,55,0.2,0.655,2,less100
66660,2014,16,1713.9056603773586,7.446530057022957,1,WC,0,NoSA,transcom,1,unsatisfactory,53,0.208,0.679,2,less100
66660,2015,17,1739.4255319148936,7.46131018362382,1,WC,0,NoSA,transcom,1,unsatisfactory,47,0.213,0.681,1,less50
66660,2016,18,1907.58,7.5535907019908315,1,WC,0,NoSA,transcom,1,unsatisfactory,50,0.22,0.68,1,less50
66662,2012,14,1836.3389830508474,7.515529185429488,1,WC,0,NoSA,manufacturing,3,satisfactory,59,0.085,0.203,2,less100
66662,2013,15,3692.8125,8.214143641833335,1,WC,0,NoSA,manufacturing,3,satisfactory,64,0.406,0.203,2,less100
66662,2014,16,4006.3333333333335,8.295631721284678,1,WC,0,NoSA,manufacturing,4,good,60,0.45,0.233,2,less100
66662,2015,17,4084.133333333333,8.314864826482614,1,WC,0,NoSA,manufacturing,2,sufficient,60,0.3,0.2,2,less100
66662,2016,18,2792.0491803278687,7.934531078457738,1,WC,0,NoSA,manufacturing,5,very good,61,0.295,0.23,2,less100
66662,2018,20,3933.7837837837837,8.277357036529544,1,WC,0,NoSA,manufacturing,4,good,74,0.203,0.23,2,less100
66662,2019,21,3641.0882352941176,8.200037881689576,1,WC,0,NoSA,manufacturing,4,good,68,0.221,0.206,2,less100
66680,2006,8,5743.128205128205,8.655759324335865,1,WC,0,NoSA,wholesretail,5,very good,39,0.051,0.179,1,less50
66680,2007,9,4765.574468085107,8.469173368755452,1,WC,0,NoSA,wholesretail,4,good,47,0.021,0.149,1,less50
66680,2010,12,4099.019607843137,8.318503104060385,1,WC,0,NoSA,wholesretail,1,unsatisfactory,51,0.039,0.216,2,less100
66680,2011,13,4053,8.307212626628308,1,WC,0,NoSA,wholesretail,5,very good,50,0.04,0.22,1,less50
66680,2013,15,2199.0158730158732,7.695765208816964,1,WC,0,NoSA,wholesretail,5,very good,63,0.111,0.19,2,less100
66680,2014,16,2075.107692307692,7.637768331225367,1,WC,0,NoSA,wholesretail,5,very good,65,0.108,0.185,2,less100
66680,2015,17,1116.6911764705883,7.018125284988264,1,WC,0,NoSA,wholesretail,4,good,68,0.044,0.176,2,less100
66680,2017,19,1535.75,7.336774140044037,1,WC,0,NoSA,wholesretail,4,good,60,0.1,0.2,2,less100
66680,2019,21,875.4098360655738,6.774692160774975,1,WC,0,NoSA,wholesretail,5,very good,61,0.115,0.197,2,less100
66680,2020,22,863.3898305084746,6.760866304627728,1,WC,0,NoSA,transcom,3,satisfactory,59,0.102,0.237,2,less100
66680,2021,23,797.7666666666667,6.6818161570324595,1,WC,0,NoSA,transcom,3,satisfactory,60,0.033,0.367,2,less100
66687,2013,15,1657.2608695652175,7.412921439896322,1,WC,0,NoSA,manufacturing,2,sufficient,23,0.478,0.652,1,less50
66687,2014,16,1588.2083333333333,7.370361825477526,1,WC,0,NoSA,manufacturing,3,satisfactory,24,0.042,0.75,1,less50
66687,2015,17,1657.2608695652175,7.412921439896322,1,WC,1,SA,manufacturing,4,good,23,0.304,0.696,1,less50
66687,2016,18,1653.5416666666667,7.41067473117703,1,WC,0,NoSA,manufacturing,4,good,24,0.125,0.833,1,less50
66687,2017,19,2277.809523809524,7.730969524975387,1,WC,0,NoSA,manufacturing,4,good,21,0.048,0.857,1,less50
66687,2018,20,2335.625,7.756034800239749,1,WC,0,NoSA,manufacturing,4,good,24,0.208,0.875,1,less50
66687,2019,21,2548.913043478261,7.843422289819431,1,WC,0,NoSA,manufacturing,3,satisfactory,23,0.043,0.826,1,less50
66687,2020,22,2416.5925925925926,7.790113807369853,1,WC,0,NoSA,manufacturing,3,satisfactory,27,0.148,0.852,1,less50
66712,2002,4,2058.823529411765,7.629889996415335,1,WC,0,NoSA,public,5,very good,272,0.408,0.147,4,more250
66712,2004,6,2049.1803278688526,7.625195152111127,1,WC,0,NoSA,public,3,satisfactory,244,0.43,0.119,3,less250
66712,2005,7,2038.6837944664032,7.620059679816972,1,WC,0,NoSA,public,4,good,253,0.573,0.13,4,more250
66712,2006,8,1877.8625954198474,7.537889491713348,1,WC,0,NoSA,public,3,satisfactory,262,0.561,0.099,4,more250
66712,2007,9,1559.0884615384616,7.351856609935771,1,WC,0,NoSA,public,5,very good,260,0.542,0.112,4,more250
66712,2008,10,1443.3166023166023,7.2746989403327875,1,WC,0,NoSA,public,4,good,259,0.494,0.124,4,more250
66712,2009,11,1321.83908045977,7.186779288690803,1,WC,0,NoSA,public,5,very good,261,0.563,0.161,4,more250
66712,2010,12,1010.6459143968872,6.91834492463488,1,WC,0,NoSA,public,3,satisfactory,257,0.65,0.097,4,more250
66712,2011,13,1138.5826771653544,7.03753950224821,1,WC,0,NoSA,public,3,satisfactory,254,0.728,0.102,4,more250
66712,2012,14,1394.9367088607594,7.24060432323393,1,WC,0,NoSA,public,3,satisfactory,237,0.84,0.114,3,less250
66712,2015,17,5812.807692307692,8.667818984805535,1,WC,0,NoSA,public,3,satisfactory,234,0.487,0.098,3,less250
66712,2016,18,6117.380341880342,8.718889235155007,1,WC,0,NoSA,public,4,good,234,0.444,0.081,3,less250
66712,2017,19,6302.524017467249,8.748705469838987,1,WC,0,NoSA,public,4,good,229,0.463,0.079,3,less250
66712,2018,20,6028.648760330579,8.704278178429504,1,WC,0,NoSA,public,3,satisfactory,242,0.438,0.074,3,less250
66712,2019,21,5468.640316205534,8.606785293439517,1,WC,0,NoSA,public,3,satisfactory,253,0.415,0.119,4,more250
66724,2009,11,1925.2307692307693,7.562801119656718,0,NoWC,0,NoSA,transcom,5,very good,26,0.038,0.962,1,less50
66724,2010,12,1732.7307692307693,7.457453922326908,0,NoWC,0,NoSA,transcom,2,sufficient,26,0.077,0.962,1,less50
66724,2011,13,1663.44,7.416643026277839,0,NoWC,0,NoSA,transcom,2,sufficient,25,0.08,0.96,1,less50
66728,2012,14,796.6265060240963,6.680385944138362,0,NoWC,0,NoSA,health,4,good,415,0.171,0.176,4,more250
66728,2014,16,714.9321266968326,6.572187610491351,0,NoWC,0,NoSA,health,4,good,442,0.161,0.19,4,more250
66728,2015,17,3517.612244897959,8.16553769889817,0,NoWC,0,NoSA,health,5,very good,441,0.17,0.2,4,more250
66785,2012,14,2476.233333333333,7.814493867382673,0,NoWC,0,NoSA,wholesretail,4,good,120,0.017,0.25,3,less250
66785,2013,15,2530.6825396825398,7.83624432386853,0,NoWC,0,NoSA,wholesretail,4,good,126,0.024,0.23,3,less250
66785,2014,16,2412.2137404580153,7.788300169367898,0,NoWC,0,NoSA,wholesretail,4,good,131,0.008,0.221,3,less250
66785,2015,17,2145.1679389312976,7.670973121505428,0,NoWC,0,NoSA,wholesretail,4,good,131,0.008,0.244,3,less250
66785,2016,18,2132.656488549618,7.6651236593461975,1,WC,0,NoSA,wholesretail,4,good,131,0.008,0.244,3,less250
66785,2017,19,2017.6350364963503,7.609681330492248,0,NoWC,0,NoSA,wholesretail,4,good,137,0.029,0.263,3,less250
66785,2018,20,2820.5785714285716,7.944697310061505,0,NoWC,0,NoSA,wholesretail,4,good,140,0.057,0.271,3,less250
66785,2019,21,2857.690789473684,7.957769161409877,0,NoWC,0,NoSA,wholesretail,4,good,152,0.046,0.224,3,less250
66785,2021,23,3022.0476190476193,8.013689900169695,0,NoWC,0,NoSA,wholesretail,4,good,147,0.048,0.218,3,less250
66811,2014,16,1483.5680751173709,7.302205326859624,1,WC,0,NoSA,health,3,satisfactory,213,0.136,0.042,3,less250
66811,2015,17,4636.088785046729,8.441626355494277,1,WC,0,NoSA,health,3,satisfactory,214,0.262,0.042,3,less250
66811,2016,18,4679.825471698113,8.451016095844116,1,WC,1,SA,health,3,satisfactory,212,0.236,0.042,3,less250
66811,2017,19,7272.727272727273,8.891886640857647,1,WC,1,SA,health,2,sufficient,220,0.3,0.041,3,less250
66828,2000,2,3028.3033759124087,8.015757799734281,0,NoWC,0,NoSA,manufacturing,4,good,137,0.007,0.146,3,less250
66828,2001,3,3162.0327280405404,8.058970368139805,0,NoWC,0,NoSA,manufacturing,4,good,148,0.007,0.203,3,less250
66828,2002,4,2418.092715231788,7.7907343742079505,0,NoWC,0,NoSA,manufacturing,4,good,151,0.026,0.113,3,less250
66828,2003,5,3206.0530303030305,8.072795873988104,0,NoWC,0,NoSA,manufacturing,2,sufficient,132,0.023,0.114,3,less250
66828,2004,6,3317.8939393939395,8.107085505017652,0,NoWC,0,NoSA,manufacturing,4,good,132,0.015,0.114,3,less250
66828,2005,7,3907.4772727272725,8.270647245958122,0,NoWC,0,NoSA,manufacturing,4,good,132,0.015,0.098,3,less250
66828,2006,8,3967.7419354838707,8.285952429869408,0,NoWC,0,NoSA,manufacturing,3,satisfactory,124,0.016,0.081,3,less250
66828,2007,9,2916.2805755395684,7.978064307820606,0,NoWC,0,NoSA,manufacturing,3,satisfactory,139,0.043,0.086,3,less250
66828,2008,10,2689.345323741007,7.897053068901634,0,NoWC,0,NoSA,manufacturing,3,satisfactory,139,0.029,0.108,3,less250
66828,2009,11,2482.0143884892086,7.816825762882805,0,NoWC,0,NoSA,manufacturing,1,unsatisfactory,139,0.05,0.108,3,less250
66828,2010,12,2061.3968253968255,7.631139102578622,0,NoWC,0,NoSA,manufacturing,2,sufficient,126,0.079,0.127,3,less250
66828,2011,13,2080.5755395683454,7.640399836136055,0,NoWC,0,NoSA,manufacturing,5,very good,139,0.029,0.058,3,less250
66828,2012,14,2467.1641791044776,7.810824664418149,0,NoWC,0,NoSA,manufacturing,2,sufficient,134,0.082,0.082,3,less250
66828,2014,16,2135.135135135135,7.666285218804934,0,NoWC,0,NoSA,manufacturing,3,satisfactory,148,0.041,0.095,3,less250
66828,2015,17,3392.842105263158,8.129423228264688,0,NoWC,0,NoSA,manufacturing,3,satisfactory,152,0.046,0.092,3,less250
66828,2016,18,5506.281045751634,8.61364472794358,0,NoWC,0,NoSA,manufacturing,3,satisfactory,153,0.065,0.078,3,less250
66828,2017,19,3457.2628205128203,8.148232462635765,0,NoWC,0,NoSA,manufacturing,3,satisfactory,156,0.103,0.064,3,less250
66828,2018,20,3634.0128205128203,8.198092776884076,0,NoWC,0,NoSA,manufacturing,3,satisfactory,156,0.045,0.103,3,less250
66828,2019,21,2680.2215568862275,7.893654740567822,0,NoWC,0,NoSA,manufacturing,3,satisfactory,167,0.084,0.06,3,less250
66828,2020,22,3350.268292682927,8.116795708980328,0,NoWC,0,NoSA,manufacturing,2,sufficient,164,0.043,0.14,3,less250
66828,2021,23,3017.420731707317,8.012157683101307,0,NoWC,0,NoSA,manufacturing,4,good,164,0.037,0.073,3,less250
66840,2015,17,3114.766666666667,8.04390952204889,0,NoWC,0,NoSA,manufacturing,3,satisfactory,30,0.067,0.033,1,less50
66840,2016,18,3806.9333333333334,8.244579244627731,0,NoWC,0,NoSA,manufacturing,4,good,30,0.067,0.033,1,less50
66840,2018,20,5906.518518518518,8.683811853661492,0,NoWC,0,NoSA,manufacturing,4,good,27,0.074,0.037,1,less50
66840,2019,21,6259.791666666667,8.741902183455153,0,NoWC,0,NoSA,manufacturing,4,good,24,0.25,0.042,1,less50
66840,2020,22,3915.2258064516127,8.272628284016196,0,NoWC,0,NoSA,manufacturing,4,good,31,0.065,0.097,1,less50
66840,2021,23,3530.1428571428573,8.169093618554045,0,NoWC,0,NoSA,manufacturing,4,good,35,0.029,0.086,1,less50
66848,2002,4,2310.0285714285715,7.745015172023146,0,NoWC,0,NoSA,manufacturing,1,unsatisfactory,35,0.057,0.143,1,less50
66848,2004,6,2133.2894736842104,7.6654204212577834,0,NoWC,0,NoSA,manufacturing,2,sufficient,38,0.026,0.132,1,less50
66848,2005,7,3613.3255813953488,8.192383840952935,0,NoWC,0,NoSA,manufacturing,5,very good,43,0.023,0.116,1,less50
66848,2006,8,2100.8571428571427,7.650100703700854,0,NoWC,0,NoSA,manufacturing,4,good,42,0.143,0.119,1,less50
66857,2001,3,1782.7413383152175,7.485907536287841,0,NoWC,0,NoSA,health,3,satisfactory,92,0.837,0.315,2,less100
66857,2002,4,2637,7.877397186353287,0,NoWC,0,NoSA,health,4,good,94,0.766,0.319,2,less100
66857,2003,5,1878.5111111111112,7.538234779881338,0,NoWC,0,NoSA,health,3,satisfactory,90,0.922,0.333,2,less100
66861,1999,1,1931.2550951086957,7.56592537888656,0,NoWC,0,NoSA,edu,3,satisfactory,92,0.033,0.315,2,less100
66861,2000,2,1637.657797029703,7.401022327464929,0,NoWC,0,NoSA,buservices,3,satisfactory,101,0.01,0.297,3,less250
66861,2001,3,1604.4088723776224,7.380510663909043,0,NoWC,0,NoSA,buservices,3,satisfactory,143,0.007,0.224,3,less250
66861,2002,4,1475.1911764705883,7.296542871541619,0,NoWC,0,NoSA,buservices,2,sufficient,136,0.007,0.25,3,less250
66878,2001,3,1747.5247576177285,7.465955641456952,0,NoWC,0,NoSA,finance,5,very good,361,0.044,0.152,4,more250
66878,2002,4,1157.0247933884298,7.0536071559947,0,NoWC,0,NoSA,finance,4,good,484,0.033,0.413,4,more250
66878,2003,5,902.8864541832669,6.805596802635014,0,NoWC,0,NoSA,finance,3,satisfactory,502,0.024,0.398,4,more250
66909,2010,12,167.8421052631579,5.1230236878436175,1,WC,0,NoSA,transcom,3,satisfactory,38,0.158,0.184,1,less50
66909,2011,13,152.225,5.025359689494637,1,WC,0,NoSA,transcom,3,satisfactory,40,0.15,0.2,1,less50
66909,2012,14,393.27027027027026,5.974497086116054,0,NoWC,0,NoSA,transcom,3,satisfactory,37,0.189,0.216,1,less50
66909,2016,18,607.0588235294117,6.408625694979338,0,NoWC,0,NoSA,transcom,4,good,34,0.088,0.118,1,less50
66909,2017,19,630.6666666666666,6.446777460943713,0,NoWC,0,NoSA,transcom,4,good,36,0.056,0.111,1,less50
66909,2018,20,782.8965517241379,6.66300056941335,0,NoWC,0,NoSA,transcom,5,very good,29,0.034,0.103,1,less50
66909,2019,21,798.9677419354839,6.683320571904307,0,NoWC,0,NoSA,transcom,5,very good,31,0.032,0.129,1,less50
66909,2020,22,599.2258064516129,6.395638499452526,0,NoWC,0,NoSA,resthotels,4,good,31,0.129,0.129,1,less50
66910,2014,16,2388.608695652174,7.778466339708389,1,WC,0,NoSA,manufacturing,4,good,23,0.391,0.043,1,less50
66910,2015,17,1990.423076923077,7.596102496590931,1,WC,0,NoSA,manufacturing,4,good,26,0.115,0.038,1,less50
66910,2016,18,1208.6333333333334,7.097245523667383,1,WC,0,NoSA,manufacturing,4,good,30,0.1,0.067,1,less50
66910,2017,19,1591.3103448275863,7.372313072060706,1,WC,0,NoSA,manufacturing,5,very good,29,0.103,0.069,1,less50
66910,2019,21,1871.962962962963,7.53474287209981,1,WC,0,NoSA,manufacturing,4,good,27,0.148,0.037,1,less50
66920,2008,10,1529.0657894736842,7.3324122327821275,0,NoWC,0,NoSA,health,4,good,76,0.461,0.355,2,less100
66920,2009,11,2433.48,7.797077610624573,0,NoWC,0,NoSA,health,4,good,75,0.427,0.347,2,less100
66920,2010,12,1926.6020408163265,7.563513129606844,0,NoWC,0,NoSA,health,2,sufficient,98,0.49,0.357,2,less100
66920,2011,13,1908.3823529411766,7.554011226555169,0,NoWC,0,NoSA,health,2,sufficient,102,0.108,0.412,3,less250
66927,2012,14,2632.25,7.875594272736869,1,WC,0,NoSA,edu,3,satisfactory,28,0.036,0.786,1,less50
66927,2013,15,2456.75,7.806594617242537,1,WC,0,NoSA,edu,2,sufficient,24,0.042,0.833,1,less50
66927,2014,16,2866.2083333333335,7.960745297069795,1,WC,0,NoSA,edu,1,unsatisfactory,24,0.042,0.792,1,less50
66960,2003,5,1654.3720930232557,7.411176815834831,1,WC,0,NoSA,buservices,1,unsatisfactory,43,0.07,0.744,1,less50
66960,2005,7,1559.48,7.352107711342345,1,WC,0,NoSA,buservices,3,satisfactory,50,0.04,0.86,1,less50
66960,2006,8,1421.9,7.259749284402329,0,NoWC,0,NoSA,buservices,3,satisfactory,50,0.02,0.84,1,less50
66960,2007,9,1616.872340425532,7.388248908053302,1,WC,0,NoSA,buservices,3,satisfactory,47,0.085,0.894,1,less50
66965,2005,7,1071.75,6.977048105478087,0,NoWC,0,NoSA,construction,5,very good,60,0.067,0.883,2,less100
66965,2006,8,1629.9444444444443,7.396301210057047,0,NoWC,0,NoSA,construction,5,very good,54,0.093,0.778,2,less100
66965,2007,9,1752.8148148148148,7.468978240330667,0,NoWC,0,NoSA,construction,5,very good,54,0.13,0.685,2,less100
66965,2008,10,2168.425925925926,7.681756803561676,0,NoWC,0,NoSA,construction,5,very good,54,0.13,0.704,2,less100
66985,2018,20,3325.7083333333335,8.10943796298319,1,WC,0,NoSA,manufacturing,4,good,24,0.458,0.708,1,less50
66985,2019,21,4157.125,8.332579008562398,1,WC,0,NoSA,manufacturing,4,good,24,0.458,0.75,1,less50
66985,2020,22,3791.32,8.240469522399767,1,WC,0,NoSA,manufacturing,3,satisfactory,25,0.36,0.76,1,less50
66992,2013,15,2868.264705882353,7.961462493793226,1,WC,0,NoSA,manufacturing,3,satisfactory,34,0.029,0.147,1,less50
66992,2014,16,2810.942857142857,7.941275242397831,1,WC,0,NoSA,manufacturing,3,satisfactory,35,0.086,0.114,1,less50
66992,2018,20,3072.7,8.030311932893705,1,WC,0,NoSA,manufacturing,3,satisfactory,40,0.025,0.15,1,less50
66992,2019,21,3450.5,8.146274427060657,1,WC,0,NoSA,manufacturing,2,sufficient,42,0.048,0.143,1,less50
66992,2020,22,3668.8837209302324,8.207642731547327,1,WC,0,NoSA,manufacturing,3,satisfactory,43,0.023,0.14,1,less50
67018,2002,4,683.5,6.527226656164005,1,WC,0,NoSA,manufacturing,3,satisfactory,32,0.5,0.469,1,less50
67018,2003,5,902.1875,6.804822369857254,1,WC,0,NoSA,manufacturing,4,good,32,0.531,0.5,1,less50
67018,2004,6,991.25,6.898966772949057,1,WC,0,NoSA,manufacturing,3,satisfactory,28,0.536,0.5,1,less50
67018,2005,7,1014.975,6.922619260630679,1,WC,0,NoSA,manufacturing,3,satisfactory,40,0.3,0.575,1,less50
67018,2006,8,733.2,6.59741851596555,1,WC,0,NoSA,manufacturing,4,good,55,0.273,0.527,2,less100
67018,2007,9,559.4230769230769,6.32690603290782,1,WC,0,NoSA,manufacturing,4,good,52,0.308,0.558,2,less100
67018,2008,10,601.9807692307693,6.4002254999991885,1,WC,0,NoSA,manufacturing,3,satisfactory,52,0.308,0.596,2,less100
67018,2009,11,588.7413793103449,6.377987002863079,1,WC,0,NoSA,manufacturing,4,good,58,0.207,0.776,2,less100
67018,2010,12,902.2,6.804836224974296,1,WC,0,NoSA,manufacturing,4,good,45,0.289,0.622,1,less50
67018,2011,13,911.4081632653061,6.8149908356311295,1,WC,0,NoSA,manufacturing,4,good,49,0.245,0.571,1,less50
67018,2012,14,775.6739130434783,6.653732216717934,1,WC,0,NoSA,manufacturing,4,good,46,0.413,0.609,1,less50
67018,2013,15,816.5238095238095,6.705056072455428,1,WC,0,NoSA,manufacturing,3,satisfactory,42,0.476,0.69,1,less50
67018,2015,17,935.3111111111111,6.8408792130995595,1,WC,0,NoSA,manufacturing,3,satisfactory,45,0.6,0.689,1,less50
67018,2016,18,813.42,6.701247581319353,1,WC,0,NoSA,manufacturing,4,good,50,0.66,0.82,1,less50
67018,2017,19,669.1911764705883,6.50606978383535,1,WC,0,NoSA,manufacturing,4,good,68,0.618,0.838,2,less100
67018,2018,20,753.2794117647059,6.624436223732957,1,WC,0,NoSA,manufacturing,3,satisfactory,68,0.485,0.794,2,less100
67018,2019,21,558.2934782608696,6.324884770823887,1,WC,0,NoSA,manufacturing,3,satisfactory,92,0.402,0.478,2,less100
67018,2020,22,435.8181818181818,6.077225142195959,1,WC,0,NoSA,manufacturing,3,satisfactory,121,0.231,0.388,3,less250
67018,2021,23,380.0342465753425,5.9402613712263275,1,WC,0,NoSA,manufacturing,4,good,146,0.199,0.664,3,less250
67020,2010,12,1143.7280701754387,7.042048442788812,1,WC,0,NoSA,buservices,2,sufficient,114,0.009,0.289,3,less250
67020,2011,13,990.9038461538462,6.898617502532592,1,WC,0,NoSA,buservices,4,good,104,0.01,0.231,3,less250
67020,2012,14,1465.972602739726,7.290274193827031,1,WC,0,NoSA,buservices,4,good,73,0.014,0.178,2,less100
67020,2014,16,2146.34375,7.671521092096377,1,WC,0,NoSA,buservices,4,good,96,0.01,0.281,2,less100
67042,2013,15,1091.2608695652175,6.995089067759616,1,WC,0,NoSA,wholesretail,4,good,23,0.087,0.522,1,less50
67042,2014,16,1189.95,7.0816665684161215,1,WC,0,NoSA,wholesretail,4,good,20,0.1,0.45,1,less50
67042,2015,17,1237.3181818181818,7.120701559865202,1,WC,0,NoSA,wholesretail,4,good,22,0.045,0.364,1,less50
67047,2000,2,2249.6138200431033,7.718513844931003,0,NoWC,0,NoSA,construction,4,good,29,0.517,0.276,1,less50
67047,2001,3,1887.7261439732142,7.543128285322908,0,NoWC,0,NoSA,construction,3,satisfactory,28,0.5,0.25,1,less50
67047,2002,4,2011.576923076923,7.60667423230763,0,NoWC,0,NoSA,construction,3,satisfactory,26,0.423,0.269,1,less50
67057,2009,11,1097.7619047619048,7.001028754076173,1,WC,0,NoSA,wholesretail,2,sufficient,21,0.571,0.238,1,less50
67057,2012,14,1159.625,7.055851955973435,1,WC,0,NoSA,wholesretail,3,satisfactory,24,0.375,0.208,1,less50
67057,2013,15,1091.4,6.9952165547521314,1,WC,0,NoSA,wholesretail,3,satisfactory,25,0.36,0.28,1,less50
67057,2014,16,1811.5,7.501910510335132,1,WC,0,NoSA,wholesretail,3,satisfactory,24,0.458,0.167,1,less50
67057,2015,17,1789.125,7.489481952504381,1,WC,0,NoSA,wholesretail,3,satisfactory,24,0.458,0.333,1,less50
67057,2017,19,2110.8636363636365,7.654852449060602,1,WC,0,NoSA,wholesretail,3,satisfactory,22,0.455,0.227,1,less50
67057,2021,23,3065.7619047619046,8.028051399782898,1,WC,0,NoSA,transcom,3,satisfactory,21,0.524,0.333,1,less50
67061,2009,11,881.5681818181819,6.781702346343281,0,NoWC,0,NoSA,manufacturing,3,satisfactory,132,0.008,0.659,3,less250
67061,2010,12,1206.5205479452054,7.095495915956285,0,NoWC,0,NoSA,manufacturing,2,sufficient,146,0.027,0.603,3,less250
67061,2011,13,1784.6268656716418,7.48696463352266,0,NoWC,0,NoSA,manufacturing,3,satisfactory,134,0.022,0.575,3,less250
67089,2013,15,1578.6666666666667,7.364335887895732,1,WC,0,NoSA,manufacturing,4,good,39,0.026,0.718,1,less50
67089,2014,16,1173.8958333333333,7.068083268456023,1,WC,0,NoSA,manufacturing,3,satisfactory,48,0.042,0.75,1,less50
67089,2015,17,1641.7916666666667,7.403543404171394,1,WC,0,NoSA,manufacturing,3,satisfactory,48,0.083,0.646,1,less50
67089,2017,19,2221.2549019607845,7.705827586314275,1,WC,0,NoSA,manufacturing,3,satisfactory,51,0.039,0.608,2,less100
67089,2018,20,1545.2156862745098,7.3429187823549595,1,WC,0,NoSA,manufacturing,3,satisfactory,51,0.412,0.725,2,less100
67089,2019,21,1598.0222222222221,7.376522032501257,1,WC,0,NoSA,manufacturing,3,satisfactory,45,0.489,0.733,1,less50
67089,2020,22,1176.4117647058824,7.07022420722987,1,WC,0,NoSA,manufacturing,4,good,68,0.368,0.662,2,less100
67098,2009,11,1569.05,7.3582256196567615,0,NoWC,0,NoSA,wholesretail,3,satisfactory,80,0.15,0.088,2,less100
67098,2011,13,1287.637254901961,7.160564232604998,0,NoWC,0,NoSA,wholesretail,2,sufficient,102,0.324,0.069,3,less250
67098,2012,14,2119.5222222222224,7.658945975390817,0,NoWC,0,NoSA,wholesretail,4,good,90,0.367,0.089,2,less100
67098,2014,16,2291.7425742574255,7.737067756630429,0,NoWC,0,NoSA,wholesretail,2,sufficient,101,0.515,0.079,3,less250
67098,2016,18,2951.8407079646017,7.990184223547833,0,NoWC,0,NoSA,wholesretail,3,satisfactory,113,0.708,0.071,3,less250
67098,2017,19,2822.4193548387098,7.945349723370701,0,NoWC,0,NoSA,wholesretail,3,satisfactory,124,0.669,0.065,3,less250
67098,2019,21,2471.0647482014388,7.812404408883449,0,NoWC,0,NoSA,wholesretail,1,unsatisfactory,139,0.273,0.058,3,less250
67098,2020,22,3286.6129032258063,8.097612800749891,0,NoWC,0,NoSA,wholesretail,1,unsatisfactory,124,0.323,0.089,3,less250
67114,2007,9,3169.2258064516127,8.061242611949393,0,NoWC,0,NoSA,wholesretail,2,sufficient,62,0.016,0.161,2,less100
67114,2008,10,3676.3064516129034,8.209663845510361,0,NoWC,0,NoSA,wholesretail,1,unsatisfactory,62,0.048,0.161,2,less100
67114,2009,11,2550.8,7.844162314441117,0,NoWC,0,NoSA,wholesretail,2,sufficient,60,0.083,0.167,2,less100
67114,2011,13,3150.4166666666665,8.055289998204369,0,NoWC,0,NoSA,wholesretail,2,sufficient,60,0.05,0.167,2,less100
67114,2012,14,3298.728813559322,8.10129246523058,0,NoWC,0,NoSA,wholesretail,2,sufficient,59,0.034,0.169,2,less100
67114,2013,15,2635.1525423728813,7.876696350143451,0,NoWC,0,NoSA,wholesretail,2,sufficient,59,0.22,0.169,2,less100
67114,2014,16,4146.813559322034,8.330095501271439,0,NoWC,0,NoSA,wholesretail,1,unsatisfactory,59,0.22,0.136,2,less100
67114,2016,18,4288.6,8.36371561833513,0,NoWC,0,NoSA,wholesretail,3,satisfactory,60,0.6,0.117,2,less100
67114,2017,19,5259.133333333333,8.567721526630443,0,NoWC,0,NoSA,wholesretail,1,unsatisfactory,60,0.583,0.1,2,less100
67114,2019,21,6376.433333333333,8.760364181355973,0,NoWC,0,NoSA,wholesretail,1,unsatisfactory,60,0.45,0.133,2,less100
67130,2007,9,425.24633431085044,6.052668611158514,1,WC,0,NoSA,manufacturing,3,satisfactory,682,0.032,0.57,4,more250
67130,2008,10,600.9951768488746,6.398586909293146,1,WC,0,NoSA,manufacturing,4,good,622,0.019,0.397,4,more250
67130,2009,11,828.318407960199,6.719397631141168,1,WC,0,NoSA,manufacturing,2,sufficient,402,0.035,0.299,4,more250
67130,2010,12,494.7352380952381,6.204022746938476,1,WC,0,NoSA,manufacturing,4,good,525,0.036,0.528,4,more250
67130,2011,13,486.0504201680672,6.186312363721117,1,WC,0,NoSA,manufacturing,4,good,595,0.024,0.511,4,more250
67130,2012,14,511.7647058823529,6.237864960586459,1,WC,0,NoSA,manufacturing,4,good,646,0.045,0.511,4,more250
67130,2013,15,537.8151260504202,6.28751486923028,1,WC,0,NoSA,manufacturing,3,satisfactory,595,0.049,0.555,4,more250
67130,2014,16,592.8705440900563,6.384976068403205,1,WC,0,NoSA,manufacturing,3,satisfactory,533,0.045,0.546,4,more250
67130,2015,17,956,6.862757913051401,1,WC,0,NoSA,manufacturing,2,sufficient,510,0.051,0.524,4,more250
67130,2016,18,632.3714759535656,6.449476999880329,1,WC,0,NoSA,manufacturing,2,sufficient,603,0.045,0.491,4,more250
67130,2017,19,729.7155797101449,6.5926548413866595,1,WC,0,NoSA,manufacturing,2,sufficient,552,0.053,0.525,4,more250
67130,2018,20,980.4244966442953,6.887985637719093,1,WC,0,NoSA,manufacturing,3,satisfactory,596,0.047,0.545,4,more250
67130,2019,21,709.6688,6.564798382327004,1,WC,0,NoSA,manufacturing,2,sufficient,625,0.086,0.555,4,more250
67130,2020,22,492.02814814814815,6.1985359265390105,1,WC,0,NoSA,manufacturing,4,good,675,0.159,0.526,4,more250
67130,2021,23,470.4621099554235,6.153715424338232,1,WC,0,NoSA,manufacturing,5,very good,673,0.165,0.473,4,more250
67142,2004,6,2968.6666666666665,7.995868197213538,1,WC,0,NoSA,health,3,satisfactory,27,0.556,0.667,1,less50
67142,2005,7,1634.595238095238,7.399150491885101,1,WC,0,NoSA,health,2,sufficient,42,0.333,0.929,1,less50
67142,2007,9,3134.1428571428573,8.050111004883748,1,WC,0,NoSA,health,4,good,21,0.714,0.905,1,less50
67142,2008,10,3233.6190476190477,8.081357237162392,1,WC,0,NoSA,health,4,good,21,0.524,0.905,1,less50
67172,2015,17,2510.8805970149256,7.8283888060615725,1,WC,0,NoSA,resthotels,4,good,67,0.06,0.254,2,less100
67172,2016,18,2900.4745762711864,7.9726296495759215,1,WC,0,NoSA,resthotels,4,good,59,0.051,0.186,2,less100
67172,2017,19,3108.3,8.041831231925816,1,WC,0,NoSA,resthotels,5,very good,60,0.133,0.183,2,less100
67172,2019,21,3034.2615384615383,8.01772335871848,1,WC,0,NoSA,resthotels,5,very good,65,0.108,0.2,2,less100
67172,2021,23,2875.1666666666665,7.963865922565689,1,WC,0,NoSA,finance,1,unsatisfactory,72,0.056,0.194,2,less100
67191,2002,4,3146.067415730337,8.053908512419246,0,NoWC,0,NoSA,manufacturing,2,sufficient,178,0.584,0.59,3,less250
67191,2004,6,2353.953488372093,7.763851529074507,0,NoWC,0,NoSA,manufacturing,2,sufficient,172,0.453,0.57,3,less250
67191,2006,8,1766.5428571428572,7.476779727553791,0,NoWC,0,NoSA,manufacturing,3,satisfactory,175,0.566,0.594,3,less250
67191,2007,9,1772.8777777777777,7.480359368434542,0,NoWC,0,NoSA,manufacturing,2,sufficient,180,0.106,0.594,3,less250
67218,2012,14,1158.6764705882354,7.055033659063628,0,NoWC,0,NoSA,public,3,satisfactory,68,0.721,0.662,2,less100
67218,2013,15,1427.953125,7.263997316730505,0,NoWC,0,NoSA,public,3,satisfactory,64,0.641,0.734,2,less100
67218,2014,16,1740.6190476190477,7.4619961034295414,0,NoWC,0,NoSA,public,2,sufficient,63,0.762,0.651,2,less100
67218,2015,17,2897.3333333333335,7.97154605270821,0,NoWC,0,NoSA,public,2,sufficient,42,0.929,0.571,1,less50
67218,2016,18,2724,7.909856667269403,0,NoWC,0,NoSA,public,2,sufficient,40,0.9,0.6,1,less50
67218,2017,19,2334.6666666666665,7.755624404737633,0,NoWC,0,NoSA,public,3,satisfactory,57,0.684,0.526,2,less100
67218,2018,20,2004.1929824561403,7.602996756199149,0,NoWC,0,NoSA,public,3,satisfactory,57,0.596,0.649,2,less100
67219,2015,17,2043.15625,7.622251072558813,1,WC,0,NoSA,transcom,5,very good,32,0.094,0.125,1,less50
67219,2016,18,2229.5588235294117,7.709559007899521,1,WC,0,NoSA,transcom,3,satisfactory,34,0.118,0.118,1,less50
67219,2017,19,2805.3333333333335,7.939277646309382,1,WC,0,NoSA,transcom,4,good,33,0.03,0.121,1,less50
67235,2006,8,1613.1147540983607,7.385922218867034,0,NoWC,0,NoSA,edu,3,satisfactory,305,0.026,0.367,4,more250
67235,2007,9,849.8176100628931,6.745021750062957,0,NoWC,0,NoSA,edu,2,sufficient,477,0.01,0.434,4,more250
67235,2009,11,754.9234135667396,6.626616305119292,0,NoWC,0,NoSA,public,4,good,457,0.009,0.486,4,more250
67235,2010,12,1374.2645502645503,7.2256739944704576,0,NoWC,0,NoSA,public,4,good,189,0.021,0.439,3,less250
67286,2011,13,5670.588235294118,8.64304813654242,0,NoWC,0,NoSA,public,4,good,51,0.02,0.706,2,less100
67286,2013,15,7619.047619047619,8.93840665649254,0,NoWC,0,NoSA,public,4,good,42,0.024,0.619,1,less50
67286,2014,16,7707.317073170731,8.949925425864741,0,NoWC,0,NoSA,public,3,satisfactory,41,0.024,0.561,1,less50
67286,2015,17,11397.475,9.341147118621713,0,NoWC,0,NoSA,public,2,sufficient,40,0.025,0.625,1,less50
67303,2008,10,255.37662337662337,5.542739409952132,1,WC,0,NoSA,finance,3,satisfactory,154,0.006,0.662,3,less250
67303,2009,11,260.60625,5.56301064751904,1,WC,0,NoSA,finance,4,good,160,0.006,0.662,3,less250
67303,2010,12,256.5906432748538,5.54748198727217,1,WC,0,NoSA,finance,4,good,171,0.018,0.696,3,less250
67303,2011,13,303.25142857142856,5.714562258683396,1,WC,0,NoSA,finance,3,satisfactory,175,0.017,0.64,3,less250
67303,2019,21,488.76666666666665,6.191885211314924,1,WC,0,NoSA,finance,4,good,270,0.037,0.596,4,more250
67308,2009,11,144.12820512820514,4.970703216872429,1,WC,0,NoSA,wholesretail,3,satisfactory,39,0.154,0.205,1,less50
67308,2010,12,3122.9523809523807,8.046534109312963,1,WC,0,NoSA,wholesretail,3,satisfactory,42,0.143,0.262,1,less50
67308,2011,13,209.02702702702703,5.342463559523018,1,WC,0,NoSA,wholesretail,4,good,37,0.162,0.297,1,less50
67313,2009,11,1026.069306930693,6.933490574063986,1,WC,0,NoSA,construction,3,satisfactory,101,0.099,0.109,3,less250
67313,2010,12,1233.23,7.117392022670365,1,WC,0,NoSA,construction,3,satisfactory,100,0.1,0.34,2,less100
67313,2012,14,1259.8431372549019,7.138742497953331,1,WC,0,NoSA,construction,4,good,102,0.098,0.363,3,less250
67315,2013,15,2269.503546099291,7.727316384397741,0,NoWC,0,NoSA,edu,2,sufficient,141,0.326,0.716,3,less250
67315,2014,16,2241.1347517730496,7.714737602190881,0,NoWC,0,NoSA,edu,3,satisfactory,141,0.348,0.787,3,less250
67315,2015,17,2403.6204379562046,7.784731395484116,0,NoWC,1,SA,edu,4,good,137,0.328,0.788,3,less250
67315,2017,19,2335.432624113475,7.755952430934073,0,NoWC,0,NoSA,edu,3,satisfactory,141,0.241,0.738,3,less250
67315,2018,20,2238.346405228758,7.713492660285024,0,NoWC,0,NoSA,edu,4,good,153,0.216,0.641,3,less250
67315,2019,21,2303.716049382716,7.742278771765388,0,NoWC,0,NoSA,edu,5,very good,162,0.21,0.765,3,less250
67320,2002,4,2155.2950819672133,7.675682922151036,0,NoWC,0,NoSA,resthotels,3,satisfactory,61,0.754,0.541,2,less100
67320,2003,5,2118.0967741935483,7.658273216427048,0,NoWC,0,NoSA,resthotels,1,unsatisfactory,62,0.71,0.387,2,less100
67320,2009,11,2572.839285714286,7.85276534850204,0,NoWC,0,NoSA,resthotels,4,good,56,0.286,0.482,2,less100
67337,1998,0,2448.786044034091,7.803347688510949,0,NoWC,0,NoSA,buservices,3,satisfactory,88,0.023,0.58,2,less100
67337,1999,1,3298.6205882352942,8.101259656501666,0,NoWC,0,NoSA,buservices,4,good,85,0.024,0.6,2,less100
67337,2000,2,3711.51875,8.219196438410664,0,NoWC,0,NoSA,buservices,3,satisfactory,90,0.011,0.556,2,less100
67337,2001,3,3686.071771978022,8.212316609548076,0,NoWC,0,NoSA,buservices,4,good,91,0.022,0.692,2,less100
67344,2002,4,2005.6,7.603698546844083,0,NoWC,0,NoSA,manufacturing,1,unsatisfactory,50,0.14,0.18,1,less50
67344,2003,5,1648.111111111111,7.407385129987393,0,NoWC,0,NoSA,manufacturing,3,satisfactory,45,0.022,0.2,1,less50
67344,2004,6,1150.8135593220338,7.048224414126257,0,NoWC,0,NoSA,manufacturing,4,good,59,0.017,0.203,2,less100
67356,2007,9,4406.119565217391,8.390749663902257,1,WC,0,NoSA,public,4,good,92,0.174,0.033,2,less100
67356,2008,10,3893.9479166666665,8.26717881056449,1,WC,0,NoSA,public,4,good,96,0.198,0.01,2,less100
67356,2009,11,8023.2558139534885,8.990099580319935,1,WC,0,NoSA,public,4,good,43,0.442,0.023,1,less50
67356,2010,12,4402.3050847457625,8.38988356562438,1,WC,0,NoSA,public,3,satisfactory,59,0.305,0.034,2,less100
67356,2011,13,2174.436090225564,7.684524641044993,1,WC,0,NoSA,public,4,good,133,0.173,0.15,3,less250
67356,2012,14,2218.7919463087246,7.704718158423602,1,WC,0,NoSA,public,4,good,149,0.087,0.141,3,less250
67356,2013,15,1044.3020833333333,6.951104078440262,1,WC,0,NoSA,public,4,good,96,0.312,0.021,2,less100
67356,2014,16,1687.9016393442623,7.4312414029274585,1,WC,0,NoSA,public,2,sufficient,61,0.525,0.049,2,less100
67356,2015,17,573.4444444444445,6.351661060812508,1,WC,0,NoSA,public,4,good,63,0.492,0.016,2,less100
67356,2016,18,410.530303030303,6.017449745973789,1,WC,0,NoSA,public,4,good,66,0.5,0.03,2,less100
67356,2018,20,693.1395348837209,6.541231327960465,1,WC,0,NoSA,public,4,good,43,0.721,0.023,1,less50
67356,2019,21,672.1395348837209,6.510465960164713,1,WC,0,NoSA,public,4,good,43,0.419,0.023,1,less50
67365,2015,17,1699.3,7.43797168054006,1,WC,0,NoSA,manufacturing,3,satisfactory,20,0.2,0.05,1,less50
67365,2016,18,1307.15,7.175604473680198,1,WC,0,NoSA,manufacturing,2,sufficient,20,0.2,0.05,1,less50
67365,2018,20,2566.818181818182,7.850422349308567,1,WC,0,NoSA,manufacturing,4,good,22,0.045,0.045,1,less50
67370,2007,9,4406.119565217391,8.390749663902257,1,WC,0,NoSA,public,4,good,92,0.674,0.609,2,less100
67370,2008,10,2251.921686746988,7.719539213675782,1,WC,0,NoSA,public,5,very good,166,0.536,0.62,3,less250
67370,2009,11,1885.2459016393443,7.541813543172076,1,WC,0,NoSA,public,4,good,183,0.546,0.607,3,less250
67393,2000,2,1149.3645104895104,7.04696446904354,0,NoWC,0,NoSA,wholesretail,4,good,286,0.161,0.038,4,more250
67393,2001,3,1483.3869584837546,7.302083237625517,0,NoWC,0,NoSA,wholesretail,4,good,277,0.181,0.032,4,more250
67393,2003,5,1323.549019607843,7.188072058841372,0,NoWC,0,NoSA,wholesretail,4,good,255,0.173,0.055,4,more250
67393,2005,7,2071.4337349397592,7.635996272079785,0,NoWC,0,NoSA,wholesretail,4,good,249,0.02,0.064,3,less250
67393,2007,9,1559.0884615384616,7.351856609935771,0,NoWC,0,NoSA,wholesretail,3,satisfactory,260,0.188,0.062,4,more250
67393,2008,10,1443.3166023166023,7.2746989403327875,0,NoWC,0,NoSA,wholesretail,4,good,259,0.189,0.069,4,more250
67393,2009,11,1316.793893129771,7.1829551922524,0,NoWC,0,NoSA,wholesretail,4,good,262,0.214,0.069,4,more250
67393,2010,12,1030.6984126984128,6.937991922018677,0,NoWC,0,NoSA,wholesretail,4,good,252,0.111,0.067,4,more250
67393,2011,13,1120.9302325581396,7.021914184345129,0,NoWC,0,NoSA,wholesretail,4,good,258,0.198,0.074,4,more250
67393,2012,14,1311.904761904762,7.179235376857638,0,NoWC,0,NoSA,wholesretail,4,good,252,0.107,0.103,4,more250
67393,2013,15,1295.5465587044534,7.166687938147932,0,NoWC,0,NoSA,wholesretail,4,good,247,0.174,0.089,3,less250
67393,2014,16,1327.7310924369747,7.191226818897574,0,NoWC,0,NoSA,wholesretail,4,good,238,0.109,0.097,3,less250
67393,2015,17,3524.7675438596493,8.167569768067548,0,NoWC,0,NoSA,wholesretail,5,very good,228,0.228,0.114,3,less250
67393,2016,18,3527.6666666666665,8.168391930425615,0,NoWC,0,NoSA,wholesretail,5,very good,243,0.206,0.123,3,less250
67393,2017,19,4860.344444444445,8.48886458772562,0,NoWC,0,NoSA,wholesretail,5,very good,270,0.156,0.111,4,more250
67393,2019,21,3553.6358208955226,8.175726533260319,0,NoWC,0,NoSA,wholesretail,4,good,335,0.137,0.146,4,more250
67393,2020,22,3754.681940700809,8.230758857734795,0,NoWC,0,NoSA,wholesretail,5,very good,371,0.102,0.143,4,more250
67393,2021,23,2766.9848101265825,7.925513490117568,0,NoWC,0,NoSA,wholesretail,5,very good,395,0.124,0.149,4,more250
67405,2007,9,3666.575,8.207013262799892,1,WC,0,NoSA,construction,4,good,40,0.6,0.55,1,less50
67405,2009,11,1946.6734693877552,7.573877281696562,1,WC,0,NoSA,construction,4,good,49,0.49,0.408,1,less50
67405,2010,12,2439.075,7.799374148050642,1,WC,0,NoSA,construction,4,good,40,0.05,0.475,1,less50
67405,2011,13,1815.1190476190477,7.503906335522639,1,WC,0,NoSA,construction,4,good,42,0.167,0.452,1,less50
67405,2012,14,1572.9761904761904,7.360724766564949,1,WC,0,NoSA,construction,4,good,42,0.167,0.476,1,less50
67405,2013,15,1855.425,7.52586905931186,1,WC,0,NoSA,construction,3,satisfactory,40,0.55,0.475,1,less50
67405,2014,16,1414.4545454545455,7.254499255516592,1,WC,0,NoSA,construction,2,sufficient,44,0.636,0.545,1,less50
67405,2015,17,1202.2156862745098,7.091921538494076,1,WC,0,NoSA,construction,4,good,51,0.314,0.471,2,less100
67405,2016,18,1354.0816326530612,7.210878741649727,1,WC,0,NoSA,construction,3,satisfactory,49,0.449,0.449,1,less50
67405,2017,19,3033.12,8.017347071693255,1,WC,0,NoSA,construction,2,sufficient,50,0.62,0.44,1,less50
67405,2018,20,2897.2075471698113,7.971502637305287,1,WC,0,NoSA,construction,3,satisfactory,53,0.566,0.434,2,less100
67405,2019,21,2271.5689655172414,7.728226045961212,1,WC,0,NoSA,construction,3,satisfactory,58,0.483,0.397,2,less100
67405,2020,22,2955.078431372549,7.991280471407612,1,WC,0,NoSA,construction,3,satisfactory,51,0.51,0.392,2,less100
67405,2021,23,3777.324324324324,8.236771187261184,1,WC,0,NoSA,construction,2,sufficient,37,0.973,0.459,1,less50
67441,2003,5,640.6086956521739,6.462418811313609,0,NoWC,0,NoSA,finance,3,satisfactory,46,0.261,0.37,1,less50
67441,2006,8,1105.157894736842,7.007743494908446,1,WC,0,NoSA,finance,3,satisfactory,38,0.5,0.5,1,less50
67441,2007,9,1319.8684210526317,7.185287329591199,1,WC,0,NoSA,finance,4,good,38,0.526,0.474,1,less50
67457,2000,2,1104.1129464285714,7.006797528151702,1,WC,0,NoSA,construction,4,good,35,0.114,0.257,1,less50
67457,2002,4,958.3939393939394,6.865258903670426,0,NoWC,0,NoSA,construction,3,satisfactory,33,0.061,0.333,1,less50
67457,2009,11,1550.3529411764705,7.3462378879774946,1,WC,1,SA,construction,3,satisfactory,34,0.088,0.206,1,less50
67457,2018,20,2530.269230769231,7.836080991383664,1,WC,1,SA,construction,4,good,26,0.154,0.231,1,less50
67457,2019,21,2708.0384615384614,7.90397983686279,1,WC,0,NoSA,construction,4,good,26,0.115,0.231,1,less50
67457,2020,22,3458.875,8.148698670672163,1,WC,1,SA,wholesretail,3,satisfactory,24,0.083,0.25,1,less50
67467,2015,17,2364.777777777778,7.768439333626584,0,NoWC,0,NoSA,edu,5,very good,27,0.222,0.778,1,less50
67467,2017,19,2349.871794871795,7.762116050276302,0,NoWC,0,NoSA,edu,4,good,39,0.128,0.692,1,less50
67467,2018,20,2367.6046511627906,7.769634027319958,0,NoWC,0,NoSA,edu,5,very good,43,0.163,0.744,1,less50
67467,2019,21,2068.315789473684,7.6344899268107005,0,NoWC,0,NoSA,edu,4,good,38,0.158,0.711,1,less50
67467,2020,22,352.14814814814815,5.864051962475756,0,NoWC,0,NoSA,buservices,5,very good,135,0.022,0.733,3,less250
67467,2021,23,338.51724137931035,5.824575025706047,0,NoWC,0,NoSA,buservices,1,unsatisfactory,145,0.014,0.69,3,less250
67470,1998,0,408.21398492907804,6.011791509781726,1,WC,0,NoSA,wholesretail,4,good,141,0.021,0.837,3,less250
67470,1999,1,213.20211693548387,5.362240621583313,1,WC,1,SA,wholesretail,4,good,155,0.019,0.742,3,less250
67470,2000,2,246.0454868285124,5.505516424646352,1,WC,0,NoSA,wholesretail,2,sufficient,121,0.008,0.62,3,less250
67477,2001,3,1325.9631485849056,7.189894378945521,1,WC,0,NoSA,manufacturing,4,good,53,0.226,0.453,2,less100
67477,2002,4,1636.2857142857142,7.400184143898489,1,WC,0,NoSA,manufacturing,3,satisfactory,56,0.125,0.429,2,less100
67477,2003,5,1868.5686274509803,7.532927976884176,1,WC,1,SA,manufacturing,1,unsatisfactory,51,0.216,0.49,2,less100
67477,2004,6,2061.714285714286,7.631293093247091,1,WC,0,NoSA,manufacturing,4,good,28,0.393,0.5,1,less50
67519,2013,15,60.458333333333336,4.1019544225362425,1,WC,0,NoSA,health,2,sufficient,24,0.292,0.458,1,less50
67519,2015,17,315.9032258064516,5.755435919235648,1,WC,0,NoSA,health,4,good,31,0.613,0.419,1,less50
67519,2017,19,453.38461538461536,6.116740805836103,1,WC,0,NoSA,health,4,good,26,0.731,0.615,1,less50
67519,2018,20,403,5.998936561946683,1,WC,0,NoSA,health,3,satisfactory,27,0.259,0.556,1,less50
67519,2020,22,587.7407407407408,6.376285933558513,1,WC,0,NoSA,buservices,3,satisfactory,27,0.556,0.444,1,less50
67557,2019,21,2275.0454545454545,7.729755311205433,1,WC,0,NoSA,edu,4,good,66,0.091,0.106,2,less100
67557,2020,22,1499.9710144927535,7.313201063232099,1,WC,0,NoSA,buservices,4,good,69,0.058,0.116,2,less100
67557,2021,23,2735.710144927536,7.914146331948822,1,WC,0,NoSA,buservices,4,good,69,0.087,0.087,2,less100
67561,1998,0,691.2921875,6.538562581715655,0,NoWC,0,NoSA,wholesretail,4,good,100,0.02,0.07,2,less100
67561,2000,2,693.91094970703125,6.542343637730607,0,NoWC,0,NoSA,wholesretail,3,satisfactory,128,0.023,0.102,3,less250
67561,2001,3,1428.7429617117118,7.264550288910859,0,NoWC,0,NoSA,wholesretail,4,good,111,0.036,0.063,3,less250
67561,2002,4,545.3053435114504,6.301345901098107,0,NoWC,0,NoSA,wholesretail,4,good,131,0.046,0.13,3,less250
67563,2013,15,2394.978494623656,7.781129530524391,1,WC,0,NoSA,public,4,good,93,0.118,0.71,2,less100
67563,2014,16,2842.0348837209303,7.952275582938131,1,WC,0,NoSA,public,4,good,86,0.163,0.756,2,less100
67563,2015,17,3171.8735632183907,8.062077721688667,1,WC,0,NoSA,public,4,good,87,0.161,0.736,2,less100
67600,2018,20,1698.3548387096773,7.4374153195442725,1,WC,0,NoSA,wholesretail,4,good,31,0.161,0.097,1,less50
67600,2019,21,1868.1935483870968,7.532727226048296,1,WC,0,NoSA,wholesretail,4,good,31,0.032,0.161,1,less50
67600,2020,22,1974.3125,7.58797551546809,1,WC,0,NoSA,transcom,5,very good,32,0.031,0.125,1,less50
67600,2021,23,2632.4375,7.875665502035884,1,WC,0,NoSA,transcom,5,very good,32,0.062,0.156,1,less50
67605,2000,2,2077.742849576271,7.639037415000801,0,NoWC,0,NoSA,manufacturing,3,satisfactory,118,0.136,0.542,3,less250
67605,2001,3,2195.2863247863247,7.6940677610961785,0,NoWC,0,NoSA,manufacturing,3,satisfactory,117,0.145,0.436,3,less250
67605,2002,4,2626.3826086956524,7.873362744438248,0,NoWC,0,NoSA,manufacturing,2,sufficient,115,0.139,0.304,3,less250
67605,2003,5,4196.75,8.342065695202523,0,NoWC,0,NoSA,manufacturing,2,sufficient,108,0.167,0.444,3,less250
67605,2005,7,2415.518181818182,7.789669111110898,0,NoWC,0,NoSA,manufacturing,5,very good,110,0.155,0.455,3,less250
67605,2006,8,2696.549019607843,7.899728093587697,0,NoWC,0,NoSA,manufacturing,4,good,102,0.108,0.441,3,less250
67608,2012,14,745.8285714285714,6.614495776783743,1,WC,0,NoSA,construction,3,satisfactory,35,0.257,0.086,1,less50
67608,2013,15,623.8235294117648,6.435867522942567,1,WC,0,NoSA,construction,2,sufficient,34,0.441,0.088,1,less50
67608,2014,16,758.060606060606,6.630763337671197,1,WC,0,NoSA,construction,3,satisfactory,33,0.455,0.091,1,less50
67608,2015,17,764.78125,6.639589845223275,1,WC,0,NoSA,construction,3,satisfactory,32,0.406,0.094,1,less50
67614,2007,9,2854.282608695652,7.956575815102073,1,WC,0,NoSA,resthotels,5,very good,46,0.022,0.13,1,less50
67614,2008,10,2606.31914893617,7.865694217161062,1,WC,0,NoSA,resthotels,5,very good,47,0.021,0.149,1,less50
67614,2009,11,1470.6236559139784,7.293441845525564,1,WC,0,NoSA,resthotels,5,very good,93,0.011,0.194,2,less100
67614,2010,12,1492.0113636363637,7.307880397112962,1,WC,0,NoSA,resthotels,5,very good,88,0.011,0.182,2,less100
67614,2011,13,1176.494623655914,7.070294638378747,1,WC,0,NoSA,resthotels,4,good,93,0.011,0.14,2,less100
67614,2012,14,1719.3619047619047,7.449708515371771,1,WC,0,NoSA,resthotels,3,satisfactory,105,0.019,0.171,3,less250
67614,2013,15,1578.0865384615386,7.363968340498794,1,WC,0,NoSA,resthotels,4,good,104,0.01,0.154,3,less250
67614,2015,17,1126.3235294117646,7.0267140937275325,1,WC,0,NoSA,resthotels,5,very good,102,0.01,0.157,3,less250
67614,2016,18,1411.44,7.25236573881981,1,WC,0,NoSA,resthotels,5,very good,100,0.01,0.13,2,less100
67614,2017,19,2224.0405405405404,7.707080883864648,1,WC,0,NoSA,resthotels,5,very good,74,0.014,0.176,2,less100
67614,2018,20,2328.8333333333335,7.753122705852393,1,WC,0,NoSA,resthotels,4,good,72,0.014,0.181,2,less100
67614,2019,21,2585.625,7.857722537215676,1,WC,0,NoSA,resthotels,5,very good,72,0.014,0.194,2,less100
67620,2017,19,6393.232142857143,8.762995232145181,0,NoWC,0,NoSA,manufacturing,5,very good,112,0.696,0.402,3,less250
67620,2018,20,6469.735042735043,8.774890434992578,0,NoWC,0,NoSA,manufacturing,5,very good,117,0.53,0.282,3,less250
67620,2019,21,3351.6851063829786,8.117218515179296,0,NoWC,0,NoSA,manufacturing,4,good,235,0.294,0.196,3,less250
67624,2001,3,4291.540391156463,8.364401013011097,0,NoWC,0,NoSA,manufacturing,3,satisfactory,147,0.272,0.741,3,less250
67624,2002,4,3566.87898089172,8.179446257363024,0,NoWC,0,NoSA,manufacturing,1,unsatisfactory,157,0.076,0.771,3,less250
67624,2003,5,3907.3189655172414,8.27060673122038,0,NoWC,0,NoSA,manufacturing,3,satisfactory,116,0.259,0.759,3,less250
67624,2004,6,4310.3448275862065,8.368773186297965,0,NoWC,0,NoSA,manufacturing,5,very good,116,0.078,0.759,3,less250
67624,2005,7,4446.439655172414,8.399858977438127,0,NoWC,0,NoSA,manufacturing,3,satisfactory,116,0.078,0.75,3,less250
67624,2006,8,4241.379310344828,8.35264380436808,0,NoWC,0,NoSA,manufacturing,2,sufficient,116,0.293,0.759,3,less250
67624,2007,9,3406.4117647058824,8.133414747839769,0,NoWC,0,NoSA,manufacturing,1,unsatisfactory,119,0.076,0.748,3,less250
67633,2003,5,3233.5158730158732,8.081325329801729,0,NoWC,1,SA,manufacturing,1,unsatisfactory,126,0.016,0.397,3,less250
67633,2004,6,3129.031496062992,8.048478809474084,0,NoWC,1,SA,manufacturing,1,unsatisfactory,127,0.008,0.52,3,less250
67633,2006,8,2656.3333333333335,7.884702004729639,0,NoWC,0,NoSA,manufacturing,2,sufficient,153,0.02,0.471,3,less250
67633,2007,9,2502.240740740741,7.824941905718914,0,NoWC,0,NoSA,manufacturing,2,sufficient,162,0.012,0.475,3,less250
67633,2008,10,2307.5246913580245,7.743930666799941,0,NoWC,0,NoSA,manufacturing,2,sufficient,162,0.012,0.543,3,less250
67633,2009,11,2782.2580645161293,7.93101813040846,0,NoWC,0,NoSA,manufacturing,1,unsatisfactory,124,0.016,0.484,3,less250
67633,2018,20,6196.268292682927,8.731702501548773,0,NoWC,0,NoSA,manufacturing,3,satisfactory,82,0.037,0.512,2,less100
67633,2019,21,6144.988235294118,8.723392107481478,0,NoWC,0,NoSA,manufacturing,2,sufficient,85,0.047,0.494,2,less100
67633,2020,22,7063.493333333333,8.86269501453211,0,NoWC,0,NoSA,manufacturing,3,satisfactory,75,0.053,0.52,2,less100
67633,2021,23,9291.530303030304,9.136858544079566,0,NoWC,0,NoSA,manufacturing,3,satisfactory,66,0.045,0.515,2,less100
67641,2017,19,897.3,6.799390254304012,1,WC,0,NoSA,wholesretail,4,good,20,0.65,0.85,1,less50
67641,2018,20,1189.4,7.081204257272494,1,WC,0,NoSA,wholesretail,4,good,20,0.65,0.8,1,less50
67641,2019,21,980.0952380952381,6.887649748672614,1,WC,0,NoSA,wholesretail,4,good,21,0.714,0.81,1,less50
67648,1998,0,881.238125,6.781327878858383,1,WC,1,SA,manufacturing,5,very good,250,0.028,0.704,3,less250
67648,2000,2,781.5906635802469,6.661331155391423,1,WC,1,SA,manufacturing,4,good,243,0.025,0.835,3,less250
67648,2001,3,694.1667531120332,6.54271220990402,1,WC,1,SA,manufacturing,3,satisfactory,241,0.033,0.701,3,less250
67665,2016,18,3977.4,8.2883836184754,1,WC,0,NoSA,manufacturing,3,satisfactory,20,0.35,0.4,1,less50
67665,2017,19,3598.6190476190477,8.188305452968114,1,WC,0,NoSA,manufacturing,3,satisfactory,21,0.333,0.476,1,less50
67665,2018,20,3285.695652173913,8.097333674762389,1,WC,0,NoSA,manufacturing,3,satisfactory,23,0.217,0.478,1,less50
67665,2019,21,3181.92,8.065240067161191,1,WC,0,NoSA,manufacturing,2,sufficient,25,0.16,0.48,1,less50
67665,2020,22,3579.64,8.183017515679166,1,WC,0,NoSA,manufacturing,4,good,25,0.32,0.52,1,less50
67665,2021,23,3130.3703703703704,8.048906605725664,1,WC,0,NoSA,construction,3,satisfactory,27,0.111,0.481,1,less50
67674,2000,2,2471.9723011363635,7.81277161347288,1,WC,0,NoSA,buservices,4,good,66,0.091,0.121,2,less100
67674,2001,3,2169.999067164179,7.682482016656154,1,WC,0,NoSA,buservices,4,good,67,0.119,0.164,2,less100
67674,2002,4,2198.4117647058824,7.695490453499284,0,NoWC,0,NoSA,buservices,4,good,68,0.118,0.206,2,less100
67674,2003,5,2386.21875,7.777465279092498,1,WC,0,NoSA,buservices,3,satisfactory,64,0.109,0.219,2,less100
67674,2004,6,2752.5245901639346,7.920273802313127,0,NoWC,0,NoSA,buservices,5,very good,61,0.18,0.295,2,less100
67674,2005,7,3040.8490566037735,8.019892050340149,1,WC,0,NoSA,buservices,3,satisfactory,53,0.321,0.208,2,less100
67767,2003,5,1675.9615384615386,7.424142332366739,1,WC,0,NoSA,manufacturing,5,very good,26,0.385,0.769,1,less50
67767,2004,6,1376.0526315789473,7.22697426745579,1,WC,0,NoSA,manufacturing,3,satisfactory,38,0.263,0.684,1,less50
67767,2005,7,1518.3125,7.325354799746302,1,WC,0,NoSA,manufacturing,3,satisfactory,32,0.25,0.562,1,less50
67767,2006,8,998.5833333333334,6.906337607894517,1,WC,0,NoSA,manufacturing,3,satisfactory,48,0.146,0.521,1,less50
67767,2007,9,976.6724137931035,6.884151297755489,1,WC,0,NoSA,manufacturing,4,good,58,0.086,0.5,2,less100
67771,2019,21,3220.90350877193,8.077417191965974,0,NoWC,0,NoSA,health,5,very good,570,0.421,0.609,4,more250
67771,2020,22,3697.6458333333335,8.21545163487096,0,NoWC,0,NoSA,buservices,5,very good,576,0.417,0.616,4,more250
67771,2021,23,3501.295,8.160888179044385,0,NoWC,0,NoSA,buservices,1,unsatisfactory,600,0.4,0.53,4,more250
67779,2004,6,841.4313725490196,6.735104456590404,0,NoWC,0,NoSA,finance,3,satisfactory,153,0.294,0.32,3,less250
67779,2005,7,1139.0067567567567,7.037911895612868,0,NoWC,0,NoSA,finance,2,sufficient,148,0.331,0.291,3,less250
67779,2006,8,1026.7702702702702,6.934173494809089,0,NoWC,1,SA,finance,4,good,148,0.311,0.547,3,less250
67779,2007,9,1068.5342465753424,6.974043125322173,0,NoWC,0,NoSA,finance,3,satisfactory,146,0.315,0.575,3,less250
67779,2008,10,967.5704697986578,6.874788259252648,0,NoWC,0,NoSA,finance,2,sufficient,149,0.315,0.705,3,less250
67779,2009,11,913.0822784810126,6.8168259953527075,0,NoWC,1,SA,finance,3,satisfactory,158,0.272,0.741,3,less250
67779,2010,12,812.25625,6.69981586919489,0,NoWC,1,SA,finance,1,unsatisfactory,160,0.344,0.694,3,less250
67779,2011,13,842.0493827160494,6.735838661828995,0,NoWC,1,SA,finance,4,good,162,0.309,0.759,3,less250
67780,2000,2,3795.3392427884614,8.24152907787362,1,WC,0,NoSA,manufacturing,5,very good,26,0.038,0.154,1,less50
67780,2001,3,2672.5439453125,7.89078608628599,1,WC,1,SA,manufacturing,4,good,24,0.042,0.125,1,less50
67780,2004,6,2895,7.970740390007095,1,WC,0,NoSA,manufacturing,2,sufficient,20,0.05,0.2,1,less50
67795,2007,9,2795.7,7.935837801459719,0,NoWC,0,NoSA,transcom,3,satisfactory,50,0.1,0.36,1,less50
67795,2008,10,2764.9615384615386,7.924782003719196,0,NoWC,0,NoSA,transcom,3,satisfactory,52,0.154,0.365,2,less100
67795,2009,11,2893.4897959183672,7.970218594454493,1,WC,0,NoSA,transcom,3,satisfactory,49,0.082,0.367,1,less50
67811,2000,2,2910.796511627907,7.97618203804838,0,NoWC,0,NoSA,manufacturing,4,good,215,0.051,0.098,3,less250
67811,2001,3,3092.4335171568628,8.036713605945616,0,NoWC,0,NoSA,manufacturing,3,satisfactory,204,0.059,0.118,3,less250
67811,2002,4,2857.1428571428573,7.957577403480815,0,NoWC,0,NoSA,manufacturing,3,satisfactory,196,0.061,0.112,3,less250
67811,2003,5,2560.728813559322,7.848047189752914,0,NoWC,0,NoSA,manufacturing,1,unsatisfactory,177,0.068,0.102,3,less250
67811,2004,6,2824.858757062147,7.946213644830499,0,NoWC,0,NoSA,manufacturing,3,satisfactory,177,0.096,0.119,3,less250
67824,2006,8,2892.1315789473683,7.969749079805004,0,NoWC,0,NoSA,construction,4,good,38,0.026,0.105,1,less50
67824,2007,9,1962.5238095238096,7.5819865818244,0,NoWC,0,NoSA,construction,4,good,42,0.024,0.119,1,less50
67824,2008,10,2948.560975609756,7.989072525440311,0,NoWC,0,NoSA,construction,5,very good,41,0.024,0.146,1,less50
67827,2010,12,559.1428571428571,6.326404998900708,1,WC,0,NoSA,wholesretail,3,satisfactory,21,0.095,0.143,1,less50
67827,2011,13,488.3478260869565,6.191027910336443,1,WC,0,NoSA,wholesretail,3,satisfactory,23,0.043,0.174,1,less50
67827,2012,14,729.3333333333334,6.592130874873762,1,WC,0,NoSA,wholesretail,4,good,21,0.095,0.143,1,less50
67834,2005,7,1246.6652360515022,7.128227454187538,0,NoWC,0,NoSA,buservices,4,good,233,0.09,0.193,3,less250
67834,2006,8,1288.6746987951808,7.161369603979227,0,NoWC,0,NoSA,buservices,4,good,249,0.104,0.217,3,less250
67834,2007,9,1587.14,7.369688933396724,0,NoWC,0,NoSA,buservices,4,good,250,0.212,0.228,3,less250
67834,2008,10,1465.956862745098,7.290263456873899,0,NoWC,0,NoSA,buservices,4,good,255,0.161,0.224,4,more250
67842,1998,0,304.8154456967213,5.719706497386573,0,NoWC,0,NoSA,public,5,very good,305,0.679,0.056,4,more250
67842,1999,1,288.9545882936508,5.666269541833598,0,NoWC,1,SA,public,4,good,315,0.771,0.067,4,more250
67842,2000,2,338.64513126959247,5.824952748677577,0,NoWC,1,SA,health,4,good,319,0.74,0.063,4,more250
67842,2001,3,285.1152111235119,5.652893348137995,0,NoWC,1,SA,health,4,good,336,0.467,0.054,4,more250
67853,2008,10,975.4831460674158,6.882932882689326,0,NoWC,1,SA,manufacturing,5,very good,178,0.478,0.494,3,less250
67853,2009,11,523.5935828877006,6.2607157782075875,0,NoWC,1,SA,manufacturing,4,good,187,0.332,0.492,3,less250
67853,2010,12,495.35675675675674,6.205278223694955,0,NoWC,1,SA,manufacturing,4,good,185,0.373,0.686,3,less250
67853,2011,13,766.5027027027027,6.641838224336576,0,NoWC,1,SA,manufacturing,4,good,185,0.378,0.735,3,less250
67865,2018,20,1304,7.1731917424865985,1,WC,0,NoSA,manufacturing,4,good,24,0.083,0.833,1,less50
67865,2019,21,1005.8333333333334,6.913571664303577,1,WC,0,NoSA,manufacturing,4,good,24,0.083,0.875,1,less50
67865,2020,22,1176.4,7.07021420667984,1,WC,0,NoSA,manufacturing,4,good,25,0.08,0.92,1,less50
67869,2003,5,2773.7067669172934,7.927939887615119,1,WC,0,NoSA,art,3,satisfactory,133,0.053,0.85,3,less250
67869,2004,6,2171.902255639098,7.683358678033423,1,WC,0,NoSA,art,1,unsatisfactory,133,0.03,0.955,3,less250
67869,2005,7,3046.785185185185,8.021842276068925,1,WC,0,NoSA,art,4,good,135,0.015,0.822,3,less250
67869,2007,9,3297.4144144144143,8.100893929566062,1,WC,1,SA,art,4,good,111,0.009,0.91,3,less250
67869,2009,11,3317.3076923076924,8.106908796872125,1,WC,0,NoSA,buservices,3,satisfactory,104,0.077,0.865,3,less250
67869,2010,12,2128.9836065573772,7.663399964796843,1,WC,0,NoSA,buservices,3,satisfactory,122,0.057,0.877,3,less250
67869,2011,13,2174.436090225564,7.684524641044993,1,WC,0,NoSA,buservices,3,satisfactory,133,0.015,0.872,3,less250
67869,2012,14,2523.664122137405,7.833467141167909,1,WC,0,NoSA,buservices,4,good,131,0.053,0.87,3,less250
67869,2013,15,2580.6451612903224,7.855794709170873,1,WC,0,NoSA,buservices,3,satisfactory,124,0.048,0.815,3,less250
67869,2014,16,3098.0392156862745,8.038524679284778,1,WC,0,NoSA,buservices,3,satisfactory,102,0.088,0.814,3,less250
67869,2015,17,5392.558139534884,8.592775159760107,1,WC,0,NoSA,buservices,5,very good,129,0.062,0.612,3,less250
67869,2016,18,5004.878048780488,8.518168325574443,1,WC,0,NoSA,buservices,4,good,123,0.049,0.829,3,less250
67869,2017,19,5834.6518518518515,8.671569877448201,1,WC,0,NoSA,buservices,3,satisfactory,135,0.022,0.852,3,less250
67869,2018,20,4937.347826086957,8.50458358870141,1,WC,0,NoSA,buservices,3,satisfactory,138,0.029,0.87,3,less250
67890,2017,19,1617.6637931034484,7.3887382843725256,1,WC,1,SA,manufacturing,3,satisfactory,232,0.121,0.836,3,less250
67890,2018,20,1976.440170940171,7.589052612073767,1,WC,1,SA,manufacturing,4,good,234,0.162,0.863,3,less250
67890,2019,21,891.4458874458875,6.792844737138922,1,WC,1,SA,manufacturing,4,good,231,0.173,0.861,3,less250
67931,1998,0,638.1512620192308,6.458575343048355,0,NoWC,0,NoSA,manufacturing,3,satisfactory,260,0.012,0.096,4,more250
67931,1999,1,686.4274711879433,6.531500569499846,0,NoWC,0,NoSA,manufacturing,4,good,282,0.011,0.106,4,more250
67931,2000,2,663.6773295454545,6.4977960818849825,0,NoWC,0,NoSA,manufacturing,5,very good,275,0.011,0.08,4,more250
67931,2001,3,316.56886574074076,5.7575408031947894,0,NoWC,0,NoSA,manufacturing,4,good,297,0.003,0.148,4,more250
67931,2002,4,374.29065743944636,5.925032654511903,0,NoWC,0,NoSA,manufacturing,2,sufficient,289,0.007,0.166,4,more250
67931,2003,5,486.1573033707865,6.18653224101804,1,WC,0,NoSA,manufacturing,4,good,267,0.007,0.112,4,more250
67931,2006,8,312.6300578034682,5.745020567566611,0,NoWC,0,NoSA,manufacturing,3,satisfactory,346,0.009,0.127,4,more250
67952,1998,0,630.4462083847102,6.446427835959997,0,NoWC,0,NoSA,manufacturing,3,satisfactory,1622,0.105,0.509,4,more250
67952,1999,1,612.5413583509513,6.417616463977538,0,NoWC,0,NoSA,manufacturing,2,sufficient,1419,0.136,0.519,4,more250
67952,2001,3,556.3107914462081,6.321327115502135,0,NoWC,0,NoSA,manufacturing,2,sufficient,1134,0.213,0.492,4,more250
67973,2017,19,2587.5714285714284,7.858475042437603,1,WC,0,NoSA,manufacturing,3,satisfactory,21,0.048,0.905,1,less50
67973,2018,20,3669.6666666666665,8.207856110402293,1,WC,0,NoSA,manufacturing,4,good,21,0.048,1,1,less50
67973,2020,22,3567.0454545454545,8.179492928351838,1,WC,0,NoSA,manufacturing,4,good,22,0.136,1,1,less50
67973,2021,23,3529.7727272727275,8.168988764645796,1,WC,0,NoSA,manufacturing,1,unsatisfactory,22,0.045,0.955,1,less50
67975,2004,6,4565.5,8.426283316056395,1,WC,0,NoSA,public,2,sufficient,46,0.022,0.696,1,less50
67975,2005,7,4150.729166666667,8.331039300602058,1,WC,0,NoSA,public,2,sufficient,48,0.021,0.542,1,less50
67975,2007,9,4012.785714285714,8.297240970955755,1,WC,0,NoSA,public,3,satisfactory,56,0.018,0.411,2,less100
67975,2008,10,3910.0508474576272,8.27130565735972,1,WC,0,NoSA,public,5,very good,59,0.034,0.356,2,less100
67993,2015,17,2244.731707317073,7.716341286271856,1,WC,0,NoSA,buservices,3,satisfactory,41,0.463,0.634,1,less50
67993,2016,18,1539.725806451613,7.339359631796598,1,WC,0,NoSA,buservices,3,satisfactory,62,0.323,0.758,2,less100
67993,2017,19,1090.421052631579,6.994319187451607,1,WC,0,NoSA,buservices,2,sufficient,76,0.184,0.658,2,less100
67995,2017,19,2628.244755244755,7.874071508922609,1,WC,0,NoSA,edu,2,sufficient,143,0.175,0.622,3,less250
67995,2018,20,2685.734693877551,7.895709598518051,1,WC,0,NoSA,edu,2,sufficient,147,0.19,0.605,3,less250
67995,2019,21,2507.6577181208054,7.827104416410724,1,WC,0,NoSA,edu,2,sufficient,149,0.215,0.597,3,less250
68013,2018,20,1304.25,7.173383441902502,1,WC,0,NoSA,health,5,very good,52,0.577,0,2,less100
68013,2019,21,1269.157894736842,7.146108884510816,1,WC,0,NoSA,health,4,good,57,0.474,0,2,less100
68013,2021,23,1216.7441860465117,7.103933870437518,1,WC,0,NoSA,health,5,very good,43,0.837,0.023,1,less50
68025,1999,1,899.1295138888889,6.801427088487877,0,NoWC,0,NoSA,construction,3,satisfactory,90,0.022,0.544,2,less100
68025,2000,2,628.7816840277778,6.443784112236203,0,NoWC,0,NoSA,construction,1,unsatisfactory,81,0.025,0.469,2,less100
68025,2003,5,996.1294117647059,6.903877180634902,0,NoWC,0,NoSA,construction,3,satisfactory,85,0.012,0.494,2,less100
68037,2016,18,931.1463414634146,6.836416452317994,1,WC,1,SA,manufacturing,5,very good,41,0.415,0.268,1,less50
68037,2017,19,867.6590909090909,6.765798885104041,1,WC,0,NoSA,manufacturing,4,good,44,0.295,0.295,1,less50
68037,2018,20,1060.4888888888888,6.96648529671165,1,WC,0,NoSA,manufacturing,4,good,45,0.222,0.222,1,less50
68037,2019,21,1299.340909090909,7.169612421878225,1,WC,0,NoSA,manufacturing,4,good,44,0.25,0.227,1,less50
68044,2006,8,1918.6190476190477,7.559360960208561,0,NoWC,0,NoSA,manufacturing,3,satisfactory,42,0.024,0.452,1,less50
68044,2007,9,2319.7954545454545,7.749234294629292,0,NoWC,0,NoSA,manufacturing,3,satisfactory,44,0.023,0.568,1,less50
68044,2008,10,2865.1428571428573,7.960373490782816,0,NoWC,0,NoSA,manufacturing,2,sufficient,42,0.048,0.548,1,less50
68044,2009,11,2954.6875,7.991148171286877,0,NoWC,0,NoSA,manufacturing,1,unsatisfactory,48,0.062,0.458,1,less50
68044,2010,12,3410.1521739130435,8.134512195062813,0,NoWC,0,NoSA,manufacturing,2,sufficient,46,0.043,0.565,1,less50
68044,2011,13,3614.5581395348836,8.192724897394648,0,NoWC,0,NoSA,manufacturing,4,good,43,0.047,0.465,1,less50
68044,2012,14,3447.1458333333335,8.14530187294231,0,NoWC,0,NoSA,manufacturing,4,good,48,0.042,0.521,1,less50
68044,2013,15,4067.5,8.310783839093192,0,NoWC,0,NoSA,manufacturing,4,good,42,0.071,0.476,1,less50
68044,2014,16,4645.863636363636,8.443732562138448,0,NoWC,0,NoSA,manufacturing,3,satisfactory,44,0.091,0.545,1,less50
68044,2015,17,4395.409090909091,8.388315886767964,0,NoWC,0,NoSA,manufacturing,4,good,44,0.091,0.477,1,less50
68044,2016,18,4180.934782608696,8.338290132719886,0,NoWC,0,NoSA,manufacturing,5,very good,46,0.087,0.457,1,less50
68044,2017,19,4118.478260869565,8.323239019957652,0,NoWC,0,NoSA,manufacturing,4,good,46,0.022,0.457,1,less50
68044,2018,20,2880.404255319149,7.965685929709806,0,NoWC,0,NoSA,manufacturing,3,satisfactory,47,0.021,0.638,1,less50
68091,2009,11,1244.75,7.126689985522292,0,NoWC,0,NoSA,public,4,good,28,0.25,0.179,1,less50
68091,2010,12,949.1481481481482,6.85556489617122,0,NoWC,0,NoSA,public,1,unsatisfactory,27,0.296,0.185,1,less50
68091,2011,13,1176.9259259259259,7.070661170637435,0,NoWC,0,NoSA,public,4,good,27,0.222,0.185,1,less50
68091,2016,18,1981.8333333333333,7.591777621209523,0,NoWC,0,NoSA,public,1,unsatisfactory,30,0.167,0.1,1,less50
68091,2017,19,2118.5,7.658463570066614,0,NoWC,0,NoSA,public,1,unsatisfactory,30,0.2,0.1,1,less50
68091,2018,20,2130.90625,7.664302637700564,0,NoWC,0,NoSA,public,5,very good,32,0.156,0.188,1,less50
68091,2019,21,2131.78125,7.664713176832175,0,NoWC,0,NoSA,public,3,satisfactory,32,0.219,0.125,1,less50
68095,2006,8,3174.1935483870966,8.062808878555199,0,NoWC,0,NoSA,edu,4,good,155,0.032,0.542,3,less250
68095,2007,9,2581.9299363057326,7.85629243560299,0,NoWC,0,NoSA,edu,4,good,157,0.032,0.573,3,less250
68095,2010,12,1664.974358974359,7.417565002280563,0,NoWC,0,NoSA,edu,3,satisfactory,156,0.013,0.583,3,less250
68095,2011,13,1902.6315789473683,7.55099324842047,0,NoWC,0,NoSA,edu,4,good,152,0.033,0.599,3,less250
68095,2012,14,2175,7.684783943522785,0,NoWC,0,NoSA,edu,4,good,152,0.092,0.612,3,less250
68116,2012,14,1937.2307692307693,7.569014793755593,1,WC,0,NoSA,wholesretail,4,good,26,0.038,0.731,1,less50
68116,2014,16,2350.5238095238096,7.762393479969916,1,WC,0,NoSA,wholesretail,4,good,21,0.048,0.667,1,less50
68116,2016,18,1914,7.5569505720129,0,NoWC,0,NoSA,wholesretail,4,good,20,0.05,0.7,1,less50
68116,2018,20,2781.217391304348,7.930644021370977,0,NoWC,0,NoSA,wholesretail,4,good,23,0.043,0.565,1,less50
68116,2021,23,4461.190476190476,8.40317093230919,0,NoWC,0,NoSA,wholesretail,3,satisfactory,21,0.095,0.81,1,less50
68127,2008,10,2789.694029850746,7.933687202081414,0,NoWC,0,NoSA,manufacturing,4,good,134,0.03,0.478,3,less250
68127,2009,11,2500,7.824046010856292,0,NoWC,0,NoSA,manufacturing,4,good,138,0.022,0.558,3,less250
68127,2010,12,1895.8832116788321,7.547440083701975,0,NoWC,0,NoSA,manufacturing,4,good,137,0.036,0.562,3,less250
68127,2012,14,2344.68085106383,7.759904573990893,0,NoWC,0,NoSA,manufacturing,3,satisfactory,141,0.021,0.56,3,less250
68127,2014,16,2135.135135135135,7.666285218804934,0,NoWC,0,NoSA,manufacturing,3,satisfactory,148,0.007,0.615,3,less250
68127,2016,18,4059.510067114094,8.308817572189584,0,NoWC,0,NoSA,manufacturing,4,good,149,0.027,0.604,3,less250
68127,2017,19,4041.6103896103896,8.304398502820522,0,NoWC,0,NoSA,manufacturing,3,satisfactory,154,0.032,0.526,3,less250
68127,2018,20,4485.948387096774,8.40870520968556,0,NoWC,0,NoSA,manufacturing,3,satisfactory,155,0.026,0.548,3,less250
68127,2019,21,5292.25786163522,8.574000250736178,0,NoWC,0,NoSA,manufacturing,2,sufficient,159,0.05,0.541,3,less250
68127,2020,22,4505.621118012423,8.41308103357155,0,NoWC,0,NoSA,manufacturing,2,sufficient,161,0.031,0.534,3,less250
68141,2001,3,555.7174873737374,6.320260048881498,0,NoWC,1,SA,manufacturing,3,satisfactory,297,0.071,0.259,4,more250
68141,2002,4,581.5440251572327,6.365686678735593,0,NoWC,1,SA,manufacturing,3,satisfactory,318,0.06,0.286,4,more250
68141,2003,5,615.2295597484276,6.421995466043015,0,NoWC,1,SA,manufacturing,3,satisfactory,318,0.044,0.274,4,more250
68141,2004,6,698.068493150685,6.548317225671207,0,NoWC,1,SA,manufacturing,3,satisfactory,292,0.065,0.274,4,more250
68141,2006,8,793.85140562249,6.67689629716186,0,NoWC,1,SA,manufacturing,3,satisfactory,249,0.169,0.301,3,less250
68141,2007,9,865.2371541501976,6.7630036360027,0,NoWC,1,SA,manufacturing,4,good,253,0.063,0.32,4,more250
68141,2008,10,911.3098039215686,6.814882909615582,0,NoWC,1,SA,manufacturing,3,satisfactory,255,0.169,0.325,4,more250
68162,1999,1,2931.9547821969695,7.983424640717418,0,NoWC,0,NoSA,manufacturing,1,unsatisfactory,264,0.068,0.106,4,more250
68162,2000,2,1525.472969890511,7.3300597851472435,0,NoWC,0,NoSA,manufacturing,2,sufficient,274,0.095,0.099,4,more250
68162,2001,3,1308.6426866319443,7.176745761979991,0,NoWC,0,NoSA,manufacturing,1,unsatisfactory,288,0.08,0.097,4,more250
68162,2002,4,925.7191780821918,6.830570925242372,0,NoWC,0,NoSA,manufacturing,1,unsatisfactory,292,0.048,0.103,4,more250
68186,2015,17,1908.4888888888888,7.554067050260498,0,NoWC,0,NoSA,manufacturing,5,very good,45,0.889,0.311,1,less50
68186,2018,20,2260.0416666666665,7.723138528674551,0,NoWC,0,NoSA,manufacturing,5,very good,48,0.812,0.375,1,less50
68186,2020,22,3088.7291666666665,8.035515012372478,0,NoWC,0,NoSA,manufacturing,4,good,48,0.812,0.396,1,less50
68199,2013,15,1764.3577235772357,7.47554200715095,0,NoWC,0,NoSA,wholesretail,4,good,123,0.106,0.447,3,less250
68199,2015,17,1690.4186046511627,7.432731472305622,0,NoWC,1,SA,wholesretail,3,satisfactory,129,0.031,0.411,3,less250
68199,2016,18,2225.906779661017,7.707919652998574,0,NoWC,1,SA,wholesretail,2,sufficient,118,0.102,0.373,3,less250
68199,2017,19,2003.6864406779662,7.602743983234999,0,NoWC,1,SA,wholesretail,3,satisfactory,118,0.059,0.364,3,less250
68199,2019,21,3133.2276422764226,8.0498189478327,0,NoWC,1,SA,wholesretail,3,satisfactory,123,0.106,0.431,3,less250
68199,2020,22,2220.109243697479,7.705311682528347,0,NoWC,1,SA,transcom,4,good,119,0.092,0.462,3,less250
68199,2021,23,2096.775,7.6481557290079385,0,NoWC,1,SA,transcom,4,good,120,0.125,0.433,3,less250
68200,1998,0,4370.016025641025,8.382521955277655,0,NoWC,0,NoSA,finance,3,satisfactory,234,0.081,0.312,3,less250
68200,1999,1,3267.654840225564,8.091827832355882,0,NoWC,0,NoSA,finance,3,satisfactory,266,0.079,0.282,4,more250
68200,2000,2,2379.5484790874525,7.774666033998279,1,WC,0,NoSA,finance,3,satisfactory,263,0.099,0.3,4,more250
68241,2019,21,3691.711111111111,8.213845345299921,1,WC,0,NoSA,wholesretail,4,good,45,0.044,0.311,1,less50
68241,2020,22,2960.2340425531916,7.993023612622495,1,WC,0,NoSA,wholesretail,4,good,47,0.021,0.319,1,less50
68241,2021,23,3420.264705882353,8.137473226442278,1,WC,0,NoSA,buservices,4,good,34,0.029,0.353,1,less50
68264,2018,20,2231.874316939891,7.710597012301012,0,NoWC,0,NoSA,manufacturing,4,good,183,0.393,0.071,3,less250
68264,2019,21,2256.53591160221,7.721586133876607,0,NoWC,0,NoSA,manufacturing,4,good,181,0.989,0.072,3,less250
68264,2020,22,2081.9329896907216,7.641052063109744,0,NoWC,0,NoSA,manufacturing,4,good,194,0.309,0.067,3,less250
68264,2021,23,2166.765,7.680990550801153,0,NoWC,0,NoSA,manufacturing,4,good,200,0.225,0.08,3,less250
68277,2002,4,16470.58823529412,9.70933153809517,1,WC,0,NoSA,manufacturing,2,sufficient,34,0.029,0.941,1,less50
68277,2004,6,6944.444444444444,8.845697258388274,1,WC,0,NoSA,manufacturing,4,good,72,0.014,0.917,2,less100
68277,2005,7,6970.094594594595,8.849384075340323,1,WC,0,NoSA,manufacturing,2,sufficient,74,0.014,0.892,2,less100
68277,2006,8,5655.172413793103,8.640325876819862,1,WC,0,NoSA,manufacturing,3,satisfactory,87,0.023,0.828,2,less100
68279,2015,17,2069.2972972972975,7.634964358721776,1,WC,0,NoSA,transcom,4,good,37,0.135,0.108,1,less50
68279,2016,18,1884.904761904762,7.5416325744172665,1,WC,0,NoSA,transcom,4,good,42,0.071,0.095,1,less50
68279,2017,19,2090.8837209302324,7.645342088571155,1,WC,0,NoSA,transcom,4,good,43,0.116,0.07,1,less50
68279,2018,20,2335.9761904761904,7.756185151463037,1,WC,0,NoSA,transcom,4,good,42,0.143,0.071,1,less50
68279,2019,21,2236.1555555555556,7.712513400529422,1,WC,0,NoSA,transcom,4,good,45,0.133,0.244,1,less50
68279,2020,22,2278.6875,7.731354898299129,1,WC,1,SA,resthotels,4,good,48,0.104,0.333,1,less50
68279,2021,23,2552.1176470588234,7.84467874334679,1,WC,1,SA,resthotels,4,good,51,0.059,0.392,2,less100
68282,2005,7,3967.5923076923077,8.28591471808891,1,WC,0,NoSA,wholesretail,5,very good,130,0.915,0.446,3,less250
68282,2006,8,3258.2781456953644,8.08895415865952,1,WC,0,NoSA,wholesretail,4,good,151,0.801,0.477,3,less250
68282,2007,9,2441.9457831325303,7.800550452594755,1,WC,0,NoSA,wholesretail,4,good,166,0.729,0.47,3,less250
68311,2008,10,334.3076923076923,5.812061803354839,1,WC,0,NoSA,resthotels,3,satisfactory,26,0.192,0.115,1,less50
68311,2013,15,499.21875,6.213044376446009,1,WC,0,NoSA,resthotels,3,satisfactory,32,0.594,0.094,1,less50
68311,2014,16,445.10526315789474,6.098310800615781,1,WC,0,NoSA,resthotels,1,unsatisfactory,38,0.526,0.079,1,less50
68311,2015,17,446.9268292682927,6.102394888302325,1,WC,0,NoSA,resthotels,1,unsatisfactory,41,0.537,0.098,1,less50
68311,2016,18,507.8809523809524,6.2302470744084495,1,WC,0,NoSA,resthotels,3,satisfactory,42,0.643,0.071,1,less50
68311,2018,20,250.16216216216216,5.522109356229288,1,WC,0,NoSA,resthotels,4,good,37,0.649,0.108,1,less50
68318,2004,6,1248.078431372549,7.129360392605749,1,WC,0,NoSA,construction,2,sufficient,51,0.059,0.118,2,less100
68318,2005,7,1402.9622641509434,7.246341183198293,1,WC,0,NoSA,construction,2,sufficient,53,0.038,0.057,2,less100
68318,2006,8,1699.8909090909092,7.438319356862258,1,WC,0,NoSA,construction,2,sufficient,55,0.073,0.145,2,less100
68318,2007,9,1638.5555555555557,7.401570373914722,1,WC,0,NoSA,construction,2,sufficient,54,0.111,0.074,2,less100
68322,2016,18,12514.21875,9.434620776827455,0,NoWC,0,NoSA,health,3,satisfactory,32,0.188,0,1,less50
68322,2018,20,14865.39393939394,9.606791236217541,0,NoWC,0,NoSA,health,4,good,33,0.242,0,1,less50
68322,2019,21,18486.9375,9.824819680592688,0,NoWC,0,NoSA,health,4,good,32,0.281,0.031,1,less50
68322,2020,22,18151.375,9.806501594399295,0,NoWC,0,NoSA,buservices,4,good,32,0.281,0.031,1,less50
68322,2021,23,961.4680534918276,6.868461338779322,0,NoWC,0,NoSA,buservices,2,sufficient,673,0.013,0.473,4,more250
68331,2007,9,2144.777777777778,7.670791225891656,0,NoWC,0,NoSA,manufacturing,1,unsatisfactory,189,0.032,0.106,3,less250
68331,2008,10,1977.8783068783068,7.589779986972683,0,NoWC,0,NoSA,manufacturing,2,sufficient,189,0.058,0.106,3,less250
68331,2009,11,1815.7894736842106,7.504275623853011,0,NoWC,0,NoSA,manufacturing,5,very good,190,0.058,0.095,3,less250
68331,2010,12,1442.9777777777779,7.27446415863989,0,NoWC,0,NoSA,manufacturing,4,good,180,0.061,0.1,3,less250
68331,2011,13,1701.1764705882354,7.439075332216485,0,NoWC,0,NoSA,manufacturing,1,unsatisfactory,170,0.088,0.106,3,less250
68331,2012,14,1944.7058823529412,7.572866027318799,0,NoWC,0,NoSA,manufacturing,3,satisfactory,170,0.1,0.118,3,less250
68331,2013,15,1882.3529411764705,7.540277837725648,0,NoWC,0,NoSA,manufacturing,3,satisfactory,170,0.124,0.118,3,less250
68331,2014,16,1816.0919540229886,7.50444219335452,0,NoWC,0,NoSA,manufacturing,4,good,174,0.103,0.121,3,less250
68331,2015,17,8214.238578680202,9.013624339466038,0,NoWC,0,NoSA,manufacturing,3,satisfactory,197,0.086,0.117,3,less250
68331,2016,18,9306.5625,9.13847507545215,0,NoWC,0,NoSA,manufacturing,2,sufficient,192,0.078,0.115,3,less250
68331,2018,20,9693.877551020409,9.179249784906151,0,NoWC,0,NoSA,manufacturing,1,unsatisfactory,196,0.071,0.117,3,less250
68372,2008,10,1860.2230215827337,7.5284516635960665,1,WC,0,NoSA,manufacturing,3,satisfactory,139,0.079,0.424,3,less250
68372,2010,12,1771.1167883211679,7.479365580453948,1,WC,0,NoSA,manufacturing,4,good,137,0.051,0.562,3,less250
68372,2011,13,2095.6521739130435,7.647620084109542,1,WC,0,NoSA,manufacturing,4,good,138,0.036,0.558,3,less250
68381,2014,16,1129.060606060606,7.029141243896307,1,WC,0,NoSA,manufacturing,5,very good,33,0.03,0.303,1,less50
68381,2016,18,1683.2666666666667,7.4284916288566425,1,WC,0,NoSA,manufacturing,5,very good,30,0.067,0.333,1,less50
68381,2017,19,1742.9310344827586,7.463323477601684,1,WC,0,NoSA,manufacturing,4,good,29,0.069,0.207,1,less50
68381,2018,20,1768.3333333333333,7.477792762379973,1,WC,0,NoSA,manufacturing,4,good,24,0.083,0.25,1,less50
68381,2019,21,1705.375,7.441540306883038,1,WC,0,NoSA,manufacturing,4,good,24,0.042,0.25,1,less50
68382,2013,15,242.65319865319864,5.491633257932891,0,NoWC,0,NoSA,health,3,satisfactory,297,0.848,0.572,4,more250
68382,2014,16,267.4,5.588745664667843,0,NoWC,0,NoSA,health,3,satisfactory,280,0.761,0.593,4,more250
68382,2015,17,349.13576158940396,5.855460848249723,0,NoWC,0,NoSA,health,3,satisfactory,302,0.699,0.53,4,more250
68388,2019,21,3238.877300613497,8.082982036580837,1,WC,0,NoSA,public,2,sufficient,163,0.086,0.344,3,less250
68388,2020,22,3910.6444444444446,8.27145745894917,1,WC,0,NoSA,public,2,sufficient,180,0.072,0.294,3,less250
68388,2021,23,3946.1045751633987,8.280484187793336,1,WC,0,NoSA,public,3,satisfactory,153,0.078,0.405,3,less250
68416,2002,4,1296.0220588235295,7.167054897464538,0,NoWC,0,NoSA,public,3,satisfactory,136,0.022,0.368,3,less250
68416,2004,6,1203.4076923076923,7.092912554911154,0,NoWC,0,NoSA,public,3,satisfactory,130,0.023,0.385,3,less250
68416,2006,8,1262.953125,7.1412080076474975,0,NoWC,0,NoSA,public,2,sufficient,128,0.047,0.375,3,less250
68416,2007,9,1286.7662337662337,7.159887554552939,0,NoWC,0,NoSA,public,2,sufficient,77,0.052,0.377,2,less100
68416,2010,12,1322.056338028169,7.18694363525865,0,NoWC,0,NoSA,public,4,good,71,0.085,0.648,2,less100
68416,2011,13,1042.9571428571428,6.9498153638949365,0,NoWC,0,NoSA,public,1,unsatisfactory,70,0.071,0.657,2,less100
68416,2012,14,995.0857142857143,6.9028288784590925,0,NoWC,0,NoSA,public,1,unsatisfactory,70,0.229,0.657,2,less100
68416,2013,15,939.2941176470588,6.845128654495029,0,NoWC,0,NoSA,public,1,unsatisfactory,68,0.132,0.647,2,less100
68416,2014,16,1037.8510638297873,6.944907569644719,0,NoWC,0,NoSA,public,1,unsatisfactory,47,0.191,0.809,1,less50
68416,2015,17,1309.2391304347825,7.177201430993977,0,NoWC,0,NoSA,public,3,satisfactory,46,0.174,0.804,1,less50
68416,2016,18,1251.5555555555557,7.132142501061605,0,NoWC,0,NoSA,public,3,satisfactory,45,0.2,0.689,1,less50
68416,2017,19,1296.590909090909,7.167493721371961,0,NoWC,0,NoSA,public,3,satisfactory,44,0.205,0.773,1,less50
68416,2018,20,1312.7380952380952,7.17987038390941,0,NoWC,0,NoSA,public,3,satisfactory,42,0.262,0.69,1,less50
68416,2019,21,1460.15,7.286294449151045,0,NoWC,0,NoSA,public,3,satisfactory,40,0.25,0.65,1,less50
68416,2020,22,1127.6486486486488,7.027889901843045,0,NoWC,0,NoSA,buservices,1,unsatisfactory,37,0.216,0.757,1,less50
68438,2000,2,543.2476128472222,6.2975652249202065,0,NoWC,0,NoSA,manufacturing,3,satisfactory,1152,0.1,0.247,4,more250
68438,2001,3,914.2846920289855,6.8181420021985275,0,NoWC,0,NoSA,manufacturing,3,satisfactory,690,0.323,0.214,4,more250
68438,2002,4,1264.1083521444696,7.142122292666197,0,NoWC,0,NoSA,manufacturing,3,satisfactory,443,0.46,0.312,4,more250
68441,1998,0,709.6348022206801,6.564750474635834,0,NoWC,0,NoSA,manufacturing,3,satisfactory,1441,0.008,0.188,4,more250
68441,2000,2,539.5010775862069,6.290644782075633,0,NoWC,0,NoSA,manufacturing,4,good,1160,0.008,0.222,4,more250
68441,2001,3,556.3107914462081,6.321327115502135,0,NoWC,0,NoSA,manufacturing,4,good,1134,0.01,0.281,4,more250
68460,2014,16,393.5435684647303,5.975191782096213,0,NoWC,0,NoSA,wholesretail,4,good,241,0.129,0.286,3,less250
68460,2015,17,771.8874458874459,6.648838743912998,0,NoWC,0,NoSA,wholesretail,1,unsatisfactory,231,0.065,0.346,3,less250
68460,2016,18,605.3872340425532,6.405868309550874,0,NoWC,0,NoSA,wholesretail,5,very good,235,0.085,0.409,3,less250
68460,2017,19,900.6176470588235,6.8030808024554466,0,NoWC,0,NoSA,wholesretail,2,sufficient,238,0.088,0.429,3,less250
68487,2017,19,1527.6923076923076,7.331513580137627,0,NoWC,0,NoSA,manufacturing,5,very good,169,0.036,0.089,3,less250
68487,2018,20,1740.3311258278145,7.461830676303301,0,NoWC,0,NoSA,manufacturing,5,very good,151,0.026,0.093,3,less250
68487,2019,21,4044.1684210526314,8.30503122641771,0,NoWC,0,NoSA,manufacturing,5,very good,95,0.032,0.084,2,less100
68488,2015,17,4419.115942028986,8.393694941950839,1,WC,0,NoSA,wholesretail,2,sufficient,69,0.203,0.145,2,less100
68488,2016,18,3240.68115942029,8.083538821079202,1,WC,0,NoSA,wholesretail,1,unsatisfactory,69,0.232,0.13,2,less100
68488,2017,19,4888.987341772152,8.494740473451168,1,WC,0,NoSA,wholesretail,3,satisfactory,79,0.215,0.152,2,less100
68488,2019,21,6457.105882352941,8.772936490564335,1,WC,0,NoSA,wholesretail,5,very good,85,0.224,0.165,2,less100
68517,1998,0,94.8193359375,4.551973354048267,1,WC,0,NoSA,finance,2,sufficient,202,0.005,0.109,3,less250
68517,1999,1,46.47853346175799,3.8389905600182983,1,WC,0,NoSA,finance,1,unsatisfactory,219,0.005,0.105,3,less250
68517,2000,2,58.216563123337764,4.064169903997483,0,NoWC,0,NoSA,finance,1,unsatisfactory,188,0.005,0.128,3,less250
68521,2015,17,1001.1578947368421,6.90891250387589,1,WC,0,NoSA,health,4,good,247,0.174,0.417,3,less250
68521,2016,18,1958.638888888889,7.580005066541885,1,WC,0,NoSA,health,2,sufficient,216,0.245,0.727,3,less250
68521,2018,20,2350.5086206896553,7.762387018055696,0,NoWC,0,NoSA,health,4,good,232,0.405,0.776,3,less250
68521,2019,21,2434.603375527426,7.797539137455857,0,NoWC,0,NoSA,health,4,good,237,0.89,0.768,3,less250
68521,2021,23,4587.219178082192,8.431029275902148,0,NoWC,0,NoSA,buservices,2,sufficient,146,0.849,0.616,3,less250
68525,2000,2,2237.3968413978496,7.713068344682974,1,WC,0,NoSA,finance,5,very good,93,0.086,0.495,2,less100
68525,2001,3,1153.9357167119565,7.050933740760807,1,WC,0,NoSA,finance,5,very good,92,0.13,0.543,2,less100
68525,2002,4,933.1910112359551,6.838609907906237,1,WC,0,NoSA,finance,5,very good,89,0.112,0.719,2,less100
68532,2011,13,917.7654320987655,6.8219418373799625,1,WC,0,NoSA,manufacturing,4,good,81,0.173,0.531,2,less100
68532,2012,14,1431.8636363636363,7.26673211698326,1,WC,0,NoSA,manufacturing,3,satisfactory,66,0.242,0.53,2,less100
68532,2013,15,1669.4262295081967,7.4202352712305455,1,WC,0,NoSA,manufacturing,3,satisfactory,61,0.311,0.475,2,less100
68532,2014,16,1502.4754098360656,7.3148693001097556,1,WC,0,NoSA,manufacturing,2,sufficient,61,0.443,0.475,2,less100
68532,2015,17,2103.4754098360654,7.651346212843903,0,NoWC,0,NoSA,manufacturing,2,sufficient,61,0.361,0.541,2,less100
68532,2018,20,3806.6666666666665,8.244509194541891,1,WC,0,NoSA,manufacturing,3,satisfactory,42,0.714,0.619,1,less50
68554,2004,6,1877.877192982456,7.537897265181923,0,NoWC,0,NoSA,finance,2,sufficient,57,0.018,0.491,2,less100
68554,2005,7,1549.140350877193,7.345455443721686,0,NoWC,0,NoSA,finance,4,good,57,0.053,0.456,2,less100
68554,2006,8,1440.578947368421,7.27280035855452,0,NoWC,0,NoSA,finance,3,satisfactory,57,0.053,0.456,2,less100
68564,2019,21,2326.2224,7.752000943297145,0,NoWC,0,NoSA,transcom,4,good,625,0.058,0.555,4,more250
68564,2020,22,3155.3244444444445,8.05684660469432,0,NoWC,0,NoSA,wholesretail,3,satisfactory,675,0.033,0.526,4,more250
68564,2021,23,2844.5794947994054,7.953170530644775,0,NoWC,0,NoSA,wholesretail,2,sufficient,673,0.034,0.473,4,more250
68566,2016,18,1909.7894736842106,7.554748291763668,0,NoWC,0,NoSA,health,5,very good,57,0.035,0.719,2,less100
68566,2017,19,2230.7049180327867,7.710072921244115,0,NoWC,0,NoSA,health,4,good,61,0.033,0.787,2,less100
68566,2018,20,1868.171875,7.532715624727418,0,NoWC,0,NoSA,health,5,very good,64,0.016,0.797,2,less100
68566,2019,21,1873.0625,7.535330070814213,0,NoWC,0,NoSA,health,5,very good,64,0.016,0.859,2,less100
68566,2020,22,2797.0625,7.936325038322345,1,WC,0,NoSA,art,5,very good,48,0.021,0.708,1,less50
68566,2021,23,2324.235294117647,7.751146358164244,1,WC,0,NoSA,art,2,sufficient,51,0.039,0.784,2,less100
68615,2001,3,617.2600835755813,6.425290464382791,0,NoWC,0,NoSA,resthotels,2,sufficient,43,0.186,0.186,1,less50
68615,2002,4,468.97727272727275,6.150554308268421,0,NoWC,0,NoSA,resthotels,4,good,44,0.136,0.545,1,less50
68615,2005,7,627.4888888888889,6.4417259638991915,0,NoWC,0,NoSA,art,4,good,45,0.933,0.6,1,less50
68615,2007,9,608.18,6.410470890782813,0,NoWC,0,NoSA,art,3,satisfactory,50,0.66,0.62,1,less50
68615,2008,10,1020.86,6.928400688292667,0,NoWC,0,NoSA,art,3,satisfactory,50,0.84,0.62,1,less50
68615,2009,11,506.8222222222222,6.22816029559583,0,NoWC,0,NoSA,resthotels,3,satisfactory,45,0.578,0.622,1,less50
68615,2010,12,651.6222222222223,6.479464980232028,0,NoWC,0,NoSA,resthotels,4,good,45,0.467,0.622,1,less50
68615,2011,13,820.5555555555555,6.709981617629261,0,NoWC,0,NoSA,resthotels,2,sufficient,45,0.444,0.622,1,less50
68615,2012,14,844.6888888888889,6.738968380732991,0,NoWC,0,NoSA,resthotels,3,satisfactory,45,0.356,0.622,1,less50
68619,2014,16,2528,7.8351837552667485,0,NoWC,0,NoSA,manufacturing,2,sufficient,125,0.088,0.648,3,less250
68619,2015,17,4373.251968503937,8.383262168894081,1,WC,1,SA,manufacturing,2,sufficient,127,0.063,0.646,3,less250
68619,2016,18,4622.893442622951,8.4387760743224,0,NoWC,1,SA,manufacturing,1,unsatisfactory,122,0.098,0.656,3,less250
68619,2017,19,4887.201612903225,8.494375151361535,0,NoWC,0,NoSA,manufacturing,1,unsatisfactory,124,0.137,0.653,3,less250
68619,2018,20,5221.504065040651,8.560540774439007,0,NoWC,1,SA,manufacturing,2,sufficient,123,0.203,0.618,3,less250
68620,1999,1,4134.942073170731,8.327228598452951,0,NoWC,0,NoSA,buservices,3,satisfactory,123,0.016,0.797,3,less250
68620,2000,2,4458.2550403225805,8.40251272189276,0,NoWC,0,NoSA,buservices,3,satisfactory,124,0.008,0.556,3,less250
68620,2003,5,4750.848484848485,8.46607850946569,0,NoWC,0,NoSA,buservices,1,unsatisfactory,66,0.061,0.545,2,less100
68620,2005,7,1247.576923076923,7.128958487509773,0,NoWC,0,NoSA,public,3,satisfactory,78,0.064,0.692,2,less100
68621,2000,2,2463.91309079602,7.809506052438829,0,NoWC,0,NoSA,construction,4,good,201,0.03,0.194,3,less250
68621,2001,3,2610.7863636363636,7.867406743687963,0,NoWC,0,NoSA,construction,2,sufficient,220,0.027,0.136,3,less250
68621,2002,4,2178.01171875,7.686167683988073,0,NoWC,0,NoSA,construction,4,good,256,0.023,0.148,4,more250
68621,2005,7,2198.5371179039303,7.695547471764189,0,NoWC,0,NoSA,construction,4,good,229,0.035,0.061,3,less250
68621,2006,8,2111.587982832618,7.6551955419087445,0,NoWC,0,NoSA,construction,4,good,233,0.047,0.06,3,less250
68621,2007,9,1762.4478260869564,7.474458932028103,0,NoWC,0,NoSA,construction,4,good,230,0.048,0.057,3,less250
68623,2013,15,1358.142857142857,7.213873499303717,1,WC,0,NoSA,resthotels,4,good,35,0.029,0.429,1,less50
68623,2015,17,1368.2424242424242,7.221282293186061,1,WC,0,NoSA,buservices,4,good,33,0.03,0.455,1,less50
68623,2016,18,1106.235294117647,7.008717902780806,1,WC,0,NoSA,buservices,4,good,34,0.029,0.412,1,less50
68623,2017,19,1088.7142857142858,6.9927527246108045,1,WC,0,NoSA,buservices,4,good,35,0.029,0.4,1,less50
68623,2018,20,1024.25,6.93171591642698,1,WC,0,NoSA,buservices,4,good,36,0.028,0.417,1,less50
68623,2019,21,1179.8285714285714,7.073124428455411,1,WC,0,NoSA,buservices,4,good,35,0.029,0.4,1,less50
68623,2020,22,1558.8709677419354,7.351717099591386,1,WC,0,NoSA,transcom,4,good,31,0.032,0.452,1,less50
68623,2021,23,1692.2142857142858,7.433793178550432,1,WC,0,NoSA,finance,2,sufficient,28,0.036,0.464,1,less50
68628,2009,11,1684.7777777777778,7.42938895146472,0,NoWC,0,NoSA,manufacturing,4,good,63,0.016,0.762,2,less100
68628,2010,12,1707.123076923077,7.442564821497596,0,NoWC,0,NoSA,manufacturing,2,sufficient,65,0.215,0.769,2,less100
68628,2011,13,1836.1746031746031,7.515439666427042,0,NoWC,0,NoSA,manufacturing,1,unsatisfactory,63,0.46,0.778,2,less100
68641,2009,11,3343.625,8.114810826767979,1,WC,0,NoSA,manufacturing,5,very good,32,0.156,0.375,1,less50
68641,2010,12,2918.068181818182,7.978677094751555,1,WC,0,NoSA,manufacturing,2,sufficient,44,0.136,0.341,1,less50
68641,2011,13,1671.8125,7.4216636462080325,1,WC,0,NoSA,manufacturing,4,good,48,0.042,0.188,1,less50
68641,2012,14,2006.1875,7.603991433745097,1,WC,0,NoSA,manufacturing,4,good,48,0.042,0.188,1,less50
68641,2014,16,2452,7.804659297056102,1,WC,0,NoSA,manufacturing,4,good,48,0.125,0.188,1,less50
68641,2015,17,2897.8125,7.971711420994545,1,WC,0,NoSA,manufacturing,4,good,48,0.125,0.188,1,less50
68641,2016,18,2184.5,7.689142248391491,1,WC,0,NoSA,manufacturing,4,good,48,0.125,0.188,1,less50
68641,2017,19,2093.413043478261,7.646551048163893,1,WC,0,NoSA,manufacturing,4,good,46,0.13,0.261,1,less50
68641,2018,20,2229.0833333333335,7.709345718659814,1,WC,0,NoSA,manufacturing,2,sufficient,48,0.125,0.229,1,less50
68641,2019,21,4012.3541666666665,8.297133422021814,1,WC,0,NoSA,manufacturing,2,sufficient,48,0.125,0.25,1,less50
68641,2021,23,5144.038461538462,8.545593742860433,1,WC,0,NoSA,manufacturing,3,satisfactory,52,0.058,0.115,2,less100
68643,2002,4,726.7174887892377,6.5885378033702136,0,NoWC,1,SA,public,5,very good,223,0.004,0.143,3,less250
68643,2004,6,1269.9254385964912,7.146713467962609,0,NoWC,1,SA,public,3,satisfactory,228,0.009,0.154,3,less250
68643,2005,7,1271.84388185654,7.1482230019780735,0,NoWC,1,SA,public,3,satisfactory,237,0.008,0.253,3,less250
68643,2006,8,745.542372881356,6.614111970793931,0,NoWC,0,NoSA,public,4,good,413,0.002,0.334,4,more250
68643,2007,9,639.6204933586338,6.460875021344927,0,NoWC,1,SA,public,4,good,527,0.002,0.112,4,more250
68643,2008,10,588.7906574394464,6.378070700168277,0,NoWC,0,NoSA,public,4,good,578,0.002,0.102,4,more250
68643,2009,11,582.1761658031088,6.366773092313294,0,NoWC,0,NoSA,public,4,good,579,0.003,0.098,4,more250
68643,2010,12,494.7352380952381,6.204022746938476,0,NoWC,0,NoSA,public,2,sufficient,525,0.004,0.11,4,more250
68643,2011,13,539.5522388059702,6.290739608195945,0,NoWC,0,NoSA,public,2,sufficient,536,0.007,0.112,4,more250
68643,2012,14,644.4444444444445,6.468388619198292,0,NoWC,0,NoSA,public,3,satisfactory,513,0.004,0.109,4,more250
68643,2013,15,677.9661016949152,6.519097289190354,0,NoWC,0,NoSA,public,1,unsatisfactory,472,0.004,0.104,4,more250
68643,2015,17,1032.3666666666666,6.939609180096042,0,NoWC,0,NoSA,public,3,satisfactory,360,0.011,0.117,4,more250
68643,2016,18,1074.2796610169491,6.9794056331810275,0,NoWC,0,NoSA,public,4,good,354,0.011,0.121,4,more250
68643,2017,19,924.7853260869565,6.829561630671724,0,NoWC,0,NoSA,public,3,satisfactory,368,0.011,0.106,4,more250
68643,2018,20,978.6315789473684,6.886155247849363,0,NoWC,0,NoSA,public,3,satisfactory,361,0.017,0.097,4,more250
68643,2019,21,1246.597902097902,7.12817344147417,0,NoWC,0,NoSA,public,4,good,286,0.021,0.154,4,more250
68668,2006,8,666.6733212341197,6.502300152675334,0,NoWC,0,NoSA,buservices,2,sufficient,551,0.122,0.316,4,more250
68668,2007,9,636.7772108843537,6.456419846961969,0,NoWC,0,NoSA,buservices,4,good,588,0.111,0.498,4,more250
68668,2008,10,600.9951768488746,6.398586909293146,0,NoWC,0,NoSA,buservices,4,good,622,0.087,0.545,4,more250
68668,2009,11,549.3630573248407,6.308759529545298,0,NoWC,0,NoSA,buservices,4,good,628,0.075,0.331,4,more250
68668,2010,12,494.7352380952381,6.204022746938476,0,NoWC,0,NoSA,buservices,4,good,525,0.112,0.299,4,more250
68668,2011,13,486.0504201680672,6.186312363721117,0,NoWC,0,NoSA,buservices,5,very good,595,0.101,0.291,4,more250
68668,2012,14,516.5625,6.247196288015343,0,NoWC,0,NoSA,buservices,3,satisfactory,640,0.167,0.281,4,more250
68711,2019,21,2536.5,7.8385404570067445,1,WC,0,NoSA,edu,4,good,30,0.167,0.233,1,less50
68711,2020,22,1875.5833333333333,7.536675001130596,1,WC,0,NoSA,buservices,5,very good,24,0.5,0.208,1,less50
68711,2021,23,2829.44,7.947834091197824,1,WC,0,NoSA,buservices,3,satisfactory,25,0.4,0.24,1,less50
68742,2000,2,1787.840625,7.488763815854578,0,NoWC,0,NoSA,buservices,4,good,80,0.162,0.15,2,less100
68742,2001,3,1472.1579760174418,7.294484614194394,0,NoWC,0,NoSA,buservices,4,good,86,0.128,0.151,2,less100
68742,2002,4,1642.5365853658536,7.403997024306044,0,NoWC,0,NoSA,buservices,5,very good,82,0.146,0.171,2,less100
68744,2015,17,3936.794117647059,8.27812199535411,1,WC,0,NoSA,edu,4,good,34,0.206,0.176,1,less50
68744,2016,18,3747.85,8.22893762121272,1,WC,0,NoSA,edu,4,good,20,0.1,0.1,1,less50
68744,2017,19,3747.85,8.22893762121272,1,WC,0,NoSA,edu,4,good,20,0.7,0.15,1,less50
68746,2012,14,2218.7919463087246,7.704718158423602,0,NoWC,0,NoSA,public,5,very good,149,0.134,0.57,3,less250
68746,2014,16,2164.3835616438355,7.679890870860713,0,NoWC,0,NoSA,public,5,very good,146,0.123,0.644,3,less250
68746,2015,17,3612.5694444444443,8.192174555611546,0,NoWC,0,NoSA,public,5,very good,144,0.118,0.646,3,less250
68746,2016,18,3602.7013888888887,8.189439228848007,0,NoWC,0,NoSA,public,5,very good,144,0.097,0.604,3,less250
68746,2017,19,4076.8424657534247,8.313078062326197,0,NoWC,0,NoSA,public,5,very good,146,0.096,0.603,3,less250
68746,2018,20,3947.412162162162,8.280815494371693,0,NoWC,0,NoSA,public,5,very good,148,0.074,0.615,3,less250
68746,2019,21,4625.371794871795,8.439312034795964,0,NoWC,0,NoSA,public,5,very good,156,0.071,0.622,3,less250
68746,2020,22,5444.3836477987425,8.602339832963352,0,NoWC,0,NoSA,public,5,very good,159,0.05,0.629,3,less250
68746,2021,23,6056.029940119761,8.70880973898217,0,NoWC,0,NoSA,public,5,very good,167,0.066,0.635,3,less250
68820,2015,17,1100.2222222222222,7.003267458585149,0,NoWC,0,NoSA,public,4,good,27,0.037,0.259,1,less50
68820,2018,20,1650.3333333333333,7.408732566693313,0,NoWC,0,NoSA,public,4,good,27,0.037,0.259,1,less50
68820,2019,21,1320.2592592592594,7.185583404824528,0,NoWC,0,NoSA,public,3,satisfactory,27,0.037,0.259,1,less50
68820,2020,22,1449.9285714285713,7.279269573117509,0,NoWC,0,NoSA,public,3,satisfactory,28,0.036,0.214,1,less50
68841,2019,21,1689.7857142857142,7.432357003597149,1,WC,0,NoSA,transcom,4,good,28,0.643,0.714,1,less50
68841,2020,22,2872.6785714285716,7.963000173649204,1,WC,0,NoSA,resthotels,4,good,28,0.321,0.714,1,less50
68841,2021,23,977.8333333333334,6.885339239697805,1,WC,0,NoSA,resthotels,4,good,30,0.267,0.767,1,less50
68866,2008,10,2016.1904761904761,7.608965106965433,0,NoWC,1,SA,construction,4,good,84,0.071,0.548,2,less100
68866,2011,13,2211.1782178217823,7.7012807826844645,0,NoWC,0,NoSA,construction,4,good,101,0.188,0.446,3,less250
68866,2012,14,2284.809090909091,7.7340377510016225,0,NoWC,0,NoSA,construction,2,sufficient,110,0.209,0.464,3,less250
68866,2013,15,2089.704347826087,7.644777874582101,0,NoWC,0,NoSA,construction,2,sufficient,115,0.139,0.443,3,less250
68866,2014,16,2122.1428571428573,7.660181638841395,0,NoWC,0,NoSA,construction,2,sufficient,126,0.111,0.492,3,less250
68866,2015,17,2198.3387096774195,7.695457222125843,0,NoWC,1,SA,construction,2,sufficient,124,0.202,0.403,3,less250
68866,2016,18,2333.6825396825398,7.7552027880353664,0,NoWC,0,NoSA,construction,4,good,126,0.198,0.397,3,less250
68866,2017,19,2552.635593220339,7.84488167035968,0,NoWC,0,NoSA,construction,3,satisfactory,118,0.254,0.441,3,less250
68866,2018,20,2574.7398373983738,7.853503773973507,0,NoWC,0,NoSA,construction,4,good,123,0.26,0.423,3,less250
68866,2019,21,2724.321100917431,7.90997453877949,0,NoWC,0,NoSA,construction,4,good,109,0.202,0.385,3,less250
68870,2002,4,18666.666666666668,9.834494681049177,0,NoWC,1,SA,buservices,4,good,30,0.667,0.567,1,less50
68870,2003,5,3516.2258064516127,8.165143479283165,0,NoWC,1,SA,buservices,4,good,31,0.677,0.516,1,less50
68870,2004,6,3702.7419354838707,8.216828887824525,0,NoWC,1,SA,buservices,4,good,31,0.677,0.581,1,less50
68870,2005,7,4442.870967741936,8.399056060817575,0,NoWC,1,SA,buservices,4,good,31,0.677,0.806,1,less50
68870,2006,8,5130.709677419355,8.542999267275139,0,NoWC,0,NoSA,buservices,4,good,31,0.677,0.774,1,less50
68870,2007,9,5085.977272727273,8.534242477377365,0,NoWC,1,SA,buservices,5,very good,44,0.818,0.545,1,less50
68913,2008,10,109.75,4.698205051955281,1,WC,0,NoSA,edu,4,good,32,0.031,0.125,1,less50
68913,2009,11,143.90322580645162,4.969141030643119,1,WC,0,NoSA,edu,2,sufficient,31,0.032,0.129,1,less50
68913,2010,12,142.375,4.958464421767347,1,WC,0,NoSA,edu,4,good,32,0.031,0.062,1,less50
68913,2011,13,142.36666666666667,4.9584058891793115,1,WC,0,NoSA,edu,4,good,30,0.1,0.067,1,less50
68918,2010,12,952.4814814814815,6.859070664797665,0,NoWC,0,NoSA,construction,1,unsatisfactory,108,0.38,0.25,3,less250
68918,2011,13,870.8095238095239,6.76942326615121,0,NoWC,0,NoSA,construction,4,good,105,0.295,0.257,3,less250
68918,2013,15,702.7021276595744,6.554933086028454,0,NoWC,0,NoSA,construction,4,good,188,0.122,0.351,3,less250
68918,2015,17,1067.2641509433963,6.9728537848084455,0,NoWC,0,NoSA,construction,4,good,212,0.061,0.335,3,less250
68929,2008,10,714.6451612903226,6.571786141591732,0,NoWC,1,SA,health,4,good,93,0.011,0.151,2,less100
68929,2009,11,811.8875,6.699361783765155,0,NoWC,0,NoSA,health,3,satisfactory,80,0.025,0.138,2,less100
68929,2012,14,890.8602150537635,6.792187529701453,0,NoWC,0,NoSA,health,5,very good,93,0.022,0.226,2,less100
68929,2014,16,985.2371134020618,6.892882336468705,0,NoWC,0,NoSA,health,2,sufficient,97,0.021,0.196,2,less100
68929,2015,17,962.675925925926,6.869716829642457,0,NoWC,0,NoSA,health,4,good,108,0.028,0.194,3,less250
68929,2016,18,1008.9716981132076,6.9166869705184,0,NoWC,0,NoSA,health,2,sufficient,106,0.019,0.198,3,less250
68929,2019,21,928.1503759398496,6.8331937626972765,0,NoWC,0,NoSA,health,4,good,133,0.038,0.233,3,less250
68934,2002,4,2304.5267489711932,7.742630619370783,0,NoWC,1,SA,health,3,satisfactory,243,0.259,0.815,3,less250
68934,2003,5,1805.7729083665338,7.498743983194959,0,NoWC,1,SA,health,2,sufficient,251,0.147,0.813,4,more250
68934,2004,6,1915.7088122605364,7.557842970081635,0,NoWC,0,NoSA,health,3,satisfactory,261,0.142,0.797,4,more250
68980,2016,18,1866.5806451612902,7.5318635040439705,1,WC,0,NoSA,public,4,good,31,0.065,0.903,1,less50
68980,2017,19,1303.090909090909,7.172494343755494,1,WC,0,NoSA,public,3,satisfactory,44,0.068,0.932,1,less50
68980,2018,20,1084.3207547169811,6.988709037415468,1,WC,0,NoSA,public,3,satisfactory,53,0.038,0.906,2,less100
68980,2019,21,1106.8,7.0092282479127705,1,WC,0,NoSA,public,2,sufficient,45,0.089,0.889,1,less50
68980,2020,22,1024.2857142857142,6.931750784538353,1,WC,0,NoSA,public,4,good,49,0.061,0.857,1,less50
68990,2010,12,2111.6747967479673,7.655236654157682,0,NoWC,1,SA,manufacturing,1,unsatisfactory,123,0.715,0.732,3,less250
68990,2011,13,2202.59375,7.697390922171202,0,NoWC,0,NoSA,manufacturing,4,good,128,0.727,0.797,3,less250
68990,2012,14,2119.0151515151515,7.658706708556634,0,NoWC,0,NoSA,manufacturing,3,satisfactory,132,0.765,0.78,3,less250
68990,2013,15,2388.0597014925374,7.778236474824998,0,NoWC,0,NoSA,manufacturing,1,unsatisfactory,134,0.754,0.746,3,less250
68990,2014,16,2164.3835616438355,7.679890870860713,0,NoWC,1,SA,manufacturing,1,unsatisfactory,146,0.801,0.705,3,less250
68990,2015,17,1846.638418079096,7.521122193887137,0,NoWC,0,NoSA,manufacturing,1,unsatisfactory,177,0.305,0.797,3,less250
68990,2018,20,1880.7083333333333,7.539403757912498,0,NoWC,0,NoSA,manufacturing,1,unsatisfactory,192,0.745,0.75,3,less250
68998,2000,2,1483.138698630137,7.301915863476164,0,NoWC,0,NoSA,manufacturing,4,good,73,0.014,0.096,2,less100
68998,2001,3,1632.616021455224,7.397938928429366,0,NoWC,0,NoSA,manufacturing,4,good,67,0.015,0.104,2,less100
68998,2002,4,3200.576271186441,8.07108615732027,0,NoWC,0,NoSA,manufacturing,4,good,59,0.017,0.102,2,less100
69003,2018,20,2178.2327586206898,7.6862691658364986,1,WC,0,NoSA,public,4,good,116,0.655,0.586,3,less250
69003,2019,21,2305.353448275862,7.742989283491393,1,WC,0,NoSA,public,4,good,116,0.328,0.716,3,less250
69003,2021,23,2195.939655172414,7.694365322822171,1,WC,0,NoSA,public,3,satisfactory,116,0.259,0.871,3,less250
69015,2006,8,1822.2222222222222,7.5078120364760705,0,NoWC,0,NoSA,art,3,satisfactory,270,0.696,0.833,4,more250
69015,2007,9,2047.2878787878788,7.624271210256763,0,NoWC,0,NoSA,art,3,satisfactory,198,0.909,0.399,3,less250
69015,2008,10,1897.5583756345177,7.548323273294337,0,NoWC,0,NoSA,art,3,satisfactory,197,0.929,0.563,3,less250
69025,1998,0,3430.034455128205,8.140325585336415,0,NoWC,0,NoSA,mining,2,sufficient,39,0.051,0.154,1,less50
69025,1999,1,2306.3974095394738,7.7434420231616965,0,NoWC,0,NoSA,mining,2,sufficient,38,0.105,0.184,1,less50
69025,2000,2,2644.3229166666665,7.88017032538499,0,NoWC,0,NoSA,mining,2,sufficient,39,0.026,0.179,1,less50
69025,2001,3,2644.937881097561,7.880402858609264,0,NoWC,0,NoSA,mining,1,unsatisfactory,41,0.024,0.244,1,less50
69025,2004,6,2453.9565217391305,7.805456907811186,0,NoWC,0,NoSA,mining,1,unsatisfactory,46,0.196,0.196,1,less50
69025,2005,7,2281.659574468085,7.732658340708375,0,NoWC,0,NoSA,mining,2,sufficient,47,0.021,0.191,1,less50
69025,2006,8,2076.3541666666665,7.638368830248975,0,NoWC,0,NoSA,mining,1,unsatisfactory,48,0.062,0.188,1,less50
69025,2007,9,1906.787234042553,7.553175028344211,0,NoWC,0,NoSA,mining,1,unsatisfactory,47,0.043,0.213,1,less50
69025,2008,10,2196.1111111111113,7.694443398394567,0,NoWC,0,NoSA,mining,2,sufficient,45,0.044,0.222,1,less50
69032,2011,13,589.4013377926422,6.379107340054398,0,NoWC,0,NoSA,buservices,4,good,299,0.12,0.14,4,more250
69032,2012,14,604.7973856209151,6.404893502139239,0,NoWC,1,SA,buservices,3,satisfactory,306,0.186,0.134,4,more250
69032,2013,15,631.0830564784053,6.447437480627834,0,NoWC,1,SA,buservices,3,satisfactory,301,0.15,0.126,4,more250
69032,2014,16,633.4741935483871,6.451219262622667,0,NoWC,1,SA,buservices,3,satisfactory,310,0.145,0.139,4,more250
69032,2015,17,643.5411764705882,6.4669860132883,0,NoWC,1,SA,buservices,3,satisfactory,340,0.135,0.153,4,more250
69032,2017,19,648.5365168539325,6.474718311891956,0,NoWC,1,SA,buservices,5,very good,356,0.129,0.18,4,more250
69032,2018,20,654.4755434782609,6.4838342179264545,0,NoWC,1,SA,buservices,1,unsatisfactory,368,0.16,0.179,4,more250
69032,2019,21,730.9505813953489,6.594345853354188,0,NoWC,1,SA,buservices,2,sufficient,344,0.134,0.14,4,more250
69032,2020,22,787.8666666666667,6.66932887080341,0,NoWC,1,SA,buservices,4,good,330,0.161,0.13,4,more250
69032,2021,23,847.7041800643087,6.742531730667801,0,NoWC,1,SA,buservices,2,sufficient,311,0.145,0.145,4,more250
69036,2008,10,2202.6428571428573,7.697413217065773,0,NoWC,0,NoSA,buservices,1,unsatisfactory,42,0.048,0.738,1,less50
69036,2009,11,2167.159090909091,7.681172414120358,0,NoWC,0,NoSA,buservices,2,sufficient,44,0.136,0.727,1,less50
69036,2010,12,1814.4166666666667,7.503519299264319,0,NoWC,0,NoSA,buservices,4,good,48,0.146,0.75,1,less50
69036,2012,14,1927.5,7.563979105437484,0,NoWC,0,NoSA,buservices,4,good,50,0.06,0.72,1,less50
69036,2013,15,1904.86,7.552163794046571,1,WC,0,NoSA,buservices,5,very good,50,0.08,0.54,1,less50
69041,2012,14,1291.7611940298507,7.163761832916354,0,NoWC,0,NoSA,manufacturing,4,good,67,0.194,0.731,2,less100
69041,2013,15,679.8823529411765,6.521919772821507,0,NoWC,0,NoSA,manufacturing,4,good,68,0.441,0.279,2,less100
69041,2014,16,907.1066666666667,6.8102600470224735,0,NoWC,0,NoSA,manufacturing,4,good,75,0.013,0.853,2,less100
69041,2016,18,1166.2857142857142,7.061579374874422,0,NoWC,0,NoSA,manufacturing,4,good,84,0.25,0.548,2,less100
69041,2017,19,842.3095238095239,6.736147552166482,0,NoWC,0,NoSA,manufacturing,4,good,84,0.19,0.81,2,less100
69041,2018,20,837.3296703296703,6.730217864304126,0,NoWC,0,NoSA,manufacturing,4,good,91,0.33,0.714,2,less100
69041,2019,21,837.3296703296703,6.730217864304126,0,NoWC,0,NoSA,manufacturing,4,good,91,0.352,0.648,2,less100
69041,2020,22,854.6280991735537,6.750666402582279,0,NoWC,0,NoSA,manufacturing,4,good,121,0.19,0.736,3,less250
69041,2021,23,719.6859504132232,6.578814936874307,0,NoWC,0,NoSA,manufacturing,4,good,121,0.149,0.521,3,less250
69068,2015,17,642.1496062992126,6.464821308161022,1,WC,1,SA,wholesretail,4,good,127,0.425,0.031,3,less250
69068,2016,18,685.8846153846154,6.530709414431032,1,WC,1,SA,wholesretail,4,good,130,0.423,0.031,3,less250
69068,2017,19,1053.6589147286822,6.9600240664138475,1,WC,1,SA,wholesretail,4,good,129,0.395,0.047,3,less250
69068,2018,20,654.5339805825242,6.483923502386542,1,WC,1,SA,wholesretail,4,good,103,0.476,0.039,3,less250
69068,2020,22,1931.5263157894738,7.566065806548585,1,WC,1,SA,wholesretail,4,good,76,0.697,0.053,2,less100
69089,1999,1,664.4359654017857,6.498938508426043,1,WC,0,NoSA,manufacturing,3,satisfactory,42,0.048,0.214,1,less50
69089,2001,3,781.010509672619,6.660588606436238,1,WC,0,NoSA,wholesretail,3,satisfactory,42,0.119,0.238,1,less50
69089,2002,4,1454.5714285714287,7.282466585406968,1,WC,0,NoSA,wholesretail,1,unsatisfactory,42,0.31,0.238,1,less50
69091,2011,13,663.7201365187714,6.497860579481861,0,NoWC,0,NoSA,health,3,satisfactory,293,0.706,0.382,4,more250
69091,2012,14,432.24202626641653,6.068985677351994,0,NoWC,0,NoSA,health,1,unsatisfactory,533,0.469,0.379,4,more250
69091,2013,15,740.7407407407408,6.607650686531799,0,NoWC,0,NoSA,health,4,good,432,0.583,0.431,4,more250
69091,2014,16,2257.1428571428573,7.721855069959745,0,NoWC,0,NoSA,health,4,good,140,0.607,0.321,3,less250
69091,2015,17,1562.820512820513,7.354247488779771,0,NoWC,0,NoSA,health,2,sufficient,156,0.712,0.449,3,less250
69091,2016,18,2032.8353658536585,7.6171868294607075,0,NoWC,0,NoSA,health,3,satisfactory,164,0.768,0.244,3,less250
69091,2018,20,2962.2738095238096,7.993712431312892,0,NoWC,0,NoSA,health,3,satisfactory,84,0.81,0.238,2,less100
69092,1998,0,3472.7399305555555,8.152699166714028,1,WC,1,SA,manufacturing,2,sufficient,45,0.044,0.244,1,less50
69092,2000,2,2751.696808510638,7.919973021657852,1,WC,1,SA,manufacturing,3,satisfactory,47,0.085,0.255,1,less50
69092,2001,3,3280.093070652174,8.095627076174454,1,WC,1,SA,manufacturing,1,unsatisfactory,46,0.043,0.261,1,less50
69092,2002,4,4036.3829787234044,8.303104267636533,1,WC,1,SA,manufacturing,3,satisfactory,47,0.043,0.234,1,less50
69092,2006,8,2542.28,7.840816595171981,1,WC,1,SA,manufacturing,3,satisfactory,50,0.04,0.28,1,less50
69097,2013,15,3213.566037735849,8.075136514696922,1,WC,0,NoSA,resthotels,3,satisfactory,53,0.547,0.075,2,less100
69097,2014,16,3229.1964285714284,8.079988601540881,1,WC,0,NoSA,resthotels,2,sufficient,56,0.589,0.089,2,less100
69097,2015,17,3256.214285714286,8.08832053752269,1,WC,0,NoSA,resthotels,1,unsatisfactory,56,0.429,0.107,2,less100
69097,2016,18,3720.423076923077,8.221592671156051,1,WC,0,NoSA,resthotels,2,sufficient,52,0.635,0.115,2,less100
69097,2017,19,4132.568627450981,8.326654436320986,1,WC,0,NoSA,resthotels,2,sufficient,51,0.608,0.098,2,less100
69128,2014,16,2078.9473684210525,7.639616971722773,0,NoWC,1,SA,construction,5,very good,152,0.013,0.625,3,less250
69128,2015,17,1887.357142857143,7.542932792355357,0,NoWC,1,SA,construction,4,good,168,0.012,0.381,3,less250
69128,2016,18,2979.241610738255,7.999424054069747,0,NoWC,0,NoSA,construction,5,very good,149,0.02,0.691,3,less250
69128,2017,19,2026.972602739726,7.6142986301987055,0,NoWC,1,SA,construction,3,satisfactory,146,0.021,0.575,3,less250
69128,2018,20,2072.392156862745,7.63645885036618,0,NoWC,1,SA,transcom,4,good,153,0.033,0.588,3,less250
69128,2019,21,3323.6540880503144,8.108820085593392,0,NoWC,1,SA,transcom,4,good,159,0.044,0.591,3,less250
69128,2020,22,2127.1383647798743,7.662532864697013,0,NoWC,1,SA,wholesretail,3,satisfactory,159,0.031,0.572,3,less250
69128,2021,23,1651.4375,7.409401399730834,0,NoWC,1,SA,wholesretail,4,good,160,0.05,0.581,3,less250
69134,2019,21,4671.312834224599,8.44919543197486,1,WC,1,SA,manufacturing,5,very good,374,0.39,0.126,4,more250
69134,2020,22,4653.722222222223,8.445422656267093,1,WC,1,SA,manufacturing,5,very good,378,0.41,0.101,4,more250
69134,2021,23,2915.645077720207,7.977846370261158,1,WC,1,SA,manufacturing,5,very good,386,0.459,0.114,4,more250
69149,1998,0,887.9005612864078,6.7888597561885575,0,NoWC,0,NoSA,buservices,3,satisfactory,206,0.019,0.097,3,less250
69149,1999,1,1671.4093983208954,7.421422500574678,0,NoWC,1,SA,buservices,3,satisfactory,134,0.022,0.112,3,less250
69149,2000,2,1846.0505589430895,7.520803803064281,0,NoWC,0,NoSA,buservices,3,satisfactory,123,0.024,0.163,3,less250
69158,1998,0,2132.632110778443,7.665112228573997,1,WC,1,SA,resthotels,4,good,167,0.06,0.126,3,less250
69158,1999,1,1898.2745535714287,7.548700622855693,1,WC,1,SA,resthotels,4,good,168,0.071,0.113,3,less250
69158,2000,2,2057.711174242424,7.629349563611293,1,WC,1,SA,resthotels,4,good,165,0.133,0.115,3,less250
69164,2004,6,1028.972972972973,6.936316470156722,1,WC,1,SA,wholesretail,1,unsatisfactory,74,0.27,0.095,2,less100
69164,2005,7,1050.8309859154929,6.957336545305338,1,WC,1,SA,wholesretail,1,unsatisfactory,71,0.535,0.197,2,less100
69164,2006,8,1321.2876712328766,7.186362048590956,1,WC,1,SA,wholesretail,1,unsatisfactory,73,0.575,0.192,2,less100
69169,2005,7,1251.9101941747572,7.132425819194966,0,NoWC,1,SA,buservices,3,satisfactory,412,0.032,0.049,4,more250
69169,2006,8,1044.5859872611466,6.951375901458028,0,NoWC,1,SA,buservices,4,good,471,0.028,0.072,4,more250
69169,2007,9,769.1897533206832,6.645337692409936,0,NoWC,1,SA,buservices,4,good,527,0.013,0.053,4,more250
69169,2010,12,494.7352380952381,6.204022746938476,0,NoWC,1,SA,buservices,2,sufficient,525,0.008,0.061,4,more250
69178,2007,9,465.0740740740741,6.142196691984635,1,WC,0,NoSA,edu,3,satisfactory,27,0.185,0.259,1,less50
69178,2008,10,499.90625,6.214420580841869,1,WC,0,NoSA,edu,2,sufficient,32,0.188,0.281,1,less50
69178,2009,11,403.4,5.999928625520111,1,WC,0,NoSA,health,2,sufficient,30,0.167,0.367,1,less50
69178,2011,13,848.3225806451613,6.743260965161718,1,WC,0,NoSA,health,4,good,31,0.161,0.29,1,less50
69178,2012,14,1271.04,7.147590741976698,1,WC,0,NoSA,health,4,good,25,0.24,0.32,1,less50
69188,2009,11,5847.457627118644,8.673762252107778,1,WC,0,NoSA,manufacturing,4,good,59,0.153,0.559,2,less100
69188,2013,15,1529.3636363636363,7.33260700392079,1,WC,0,NoSA,manufacturing,4,good,77,0.169,0.675,2,less100
69188,2014,16,1615.4285714285713,7.387355569758167,1,WC,0,NoSA,manufacturing,4,good,77,0.169,0.494,2,less100
69188,2016,18,1806.8354430379748,7.499332220058037,0,NoWC,1,SA,manufacturing,4,good,79,0.19,0.468,2,less100
69188,2017,19,1942.047619047619,7.571498169172488,0,NoWC,0,NoSA,manufacturing,4,good,84,0.143,0.607,2,less100
69188,2018,20,1506.1931818181818,7.317340674913002,0,NoWC,0,NoSA,manufacturing,4,good,88,0.17,0.636,2,less100
69188,2019,21,1640.6896551724137,7.402871953870474,0,NoWC,0,NoSA,manufacturing,4,good,87,0.172,0.494,2,less100
69188,2020,22,1516.2948717948718,7.324025053749385,0,NoWC,0,NoSA,manufacturing,4,good,78,0.333,0.449,2,less100
69191,2011,13,1994.4827586206898,7.598140026846172,1,WC,0,NoSA,health,3,satisfactory,145,0.221,0.11,3,less250
69191,2014,16,1645.8333333333333,7.406002120541268,1,WC,0,NoSA,health,2,sufficient,192,0.099,0.089,3,less250
69191,2015,17,3826.6059113300494,8.249733504249283,1,WC,0,NoSA,health,4,good,203,0.059,0.103,3,less250
69238,1998,0,1556.6088615023475,7.350264927366816,0,NoWC,0,NoSA,manufacturing,4,good,426,0.007,0.099,4,more250
69238,1999,1,1805.7611662531017,7.498737480632231,0,NoWC,0,NoSA,manufacturing,3,satisfactory,403,0.007,0.099,4,more250
69238,2000,2,1584.357594936709,7.367934301274921,0,NoWC,0,NoSA,manufacturing,4,good,395,0.008,0.101,4,more250
69238,2002,4,1278.538812785388,7.153473152334886,0,NoWC,0,NoSA,manufacturing,2,sufficient,438,0.007,0.091,4,more250
69238,2004,6,1272.264631043257,7.148553765535068,0,NoWC,0,NoSA,manufacturing,2,sufficient,393,0.013,0.092,4,more250
69238,2005,7,1216.4787735849056,7.103715713312535,0,NoWC,0,NoSA,manufacturing,2,sufficient,424,0.012,0.099,4,more250
69238,2006,8,1042.3728813559321,6.94925500988889,0,NoWC,0,NoSA,manufacturing,3,satisfactory,472,0.013,0.131,4,more250
69238,2007,9,842.7505197505197,6.7366709708455375,0,NoWC,0,NoSA,manufacturing,2,sufficient,481,0.006,0.098,4,more250
69238,2008,10,661.6265486725664,6.4947012708858844,0,NoWC,0,NoSA,manufacturing,2,sufficient,565,0.009,0.106,4,more250
69238,2009,11,592.7835051546392,6.384829248282059,0,NoWC,0,NoSA,manufacturing,2,sufficient,582,0.009,0.113,4,more250
69238,2010,12,494.7352380952381,6.204022746938476,0,NoWC,0,NoSA,manufacturing,2,sufficient,525,0.01,0.128,4,more250
69238,2011,13,486.0504201680672,6.186312363721117,0,NoWC,0,NoSA,manufacturing,2,sufficient,595,0.008,0.114,4,more250
69279,2017,19,2004.24,7.603020215513084,1,WC,0,NoSA,buservices,4,good,25,0.04,0,1,less50
69279,2018,20,1927.1538461538462,7.563799502359802,1,WC,0,NoSA,buservices,5,very good,26,0.038,0,1,less50
69279,2019,21,1541.7307692307693,7.34066094045557,1,WC,0,NoSA,buservices,4,good,26,0.077,0,1,less50
69279,2021,23,2714.0833333333335,7.906209544909916,1,WC,0,NoSA,buservices,4,good,24,0.125,0,1,less50
69300,2000,2,2629.4226973684213,7.874519594372665,0,NoWC,0,NoSA,health,3,satisfactory,152,0.099,0.401,3,less250
69300,2003,5,1143.8362573099416,7.042143029973341,0,NoWC,1,SA,health,3,satisfactory,171,0.094,0.363,3,less250
69300,2004,6,1156.5919540229886,7.053232989122875,0,NoWC,0,NoSA,health,2,sufficient,174,0.08,0.351,3,less250
69303,2003,5,892.2224409448819,6.793715474748261,0,NoWC,1,SA,buservices,2,sufficient,508,0.398,0.626,4,more250
69303,2004,6,1022.4948875255624,6.930000887929457,0,NoWC,0,NoSA,buservices,2,sufficient,489,0.446,0.636,4,more250
69303,2005,7,1097.4191489361701,7.000716473840388,1,WC,0,NoSA,buservices,1,unsatisfactory,470,0.477,0.636,4,more250
69317,2004,6,3103.9885057471265,8.040443178250868,1,WC,0,NoSA,buservices,4,good,87,0.046,0.184,2,less100
69317,2006,8,3740.8101265822784,8.227057478337354,1,WC,0,NoSA,buservices,4,good,79,0.013,0.165,2,less100
69317,2007,9,3829.065789473684,8.250376133224094,1,WC,0,NoSA,buservices,2,sufficient,76,0.066,0.171,2,less100
69322,2002,4,2742.5714285714284,7.9166512368681685,1,WC,0,NoSA,manufacturing,4,good,42,0.476,0.143,1,less50
69322,2004,6,1246.111111111111,7.127782869618089,1,WC,0,NoSA,manufacturing,3,satisfactory,45,0.489,0.133,1,less50
69322,2005,7,1114.9692307692308,7.016582087790787,1,WC,0,NoSA,wholesretail,4,good,65,0.092,0.185,2,less100
69322,2006,8,1116.6122448979593,7.018054599051094,1,WC,0,NoSA,wholesretail,4,good,49,0.49,0.265,1,less50
69322,2007,9,1548.225806451613,7.344864913312491,1,WC,0,NoSA,wholesretail,2,sufficient,62,0.21,0.113,2,less100
69336,2013,15,4761.72,8.468364226494066,1,WC,0,NoSA,transcom,4,good,25,0.12,0.76,1,less50
69336,2014,16,5093.476190476191,8.535715821527429,1,WC,0,NoSA,transcom,1,unsatisfactory,21,0.238,0.762,1,less50
69336,2016,18,3624.5185185185187,8.19547673598944,1,WC,0,NoSA,transcom,2,sufficient,27,0.296,0.852,1,less50
69336,2017,19,2882.945945945946,7.966567948224321,1,WC,0,NoSA,transcom,3,satisfactory,37,0.243,0.865,1,less50
69336,2018,20,2935.8611111111113,7.9847560831356,1,WC,0,NoSA,transcom,3,satisfactory,36,0.361,0.472,1,less50
69336,2019,21,3891.09375,8.266445566757518,1,WC,0,NoSA,transcom,2,sufficient,32,0.281,0.719,1,less50
69346,2005,7,1491.5482625482625,7.307569961827703,0,NoWC,0,NoSA,manufacturing,4,good,259,0.073,0.486,4,more250
69346,2006,8,1782.608695652174,7.485833129757295,0,NoWC,0,NoSA,manufacturing,4,good,276,0.065,0.475,4,more250
69346,2007,9,1422.3263157894737,7.260049060682648,0,NoWC,0,NoSA,manufacturing,4,good,285,0.014,0.505,4,more250
69377,2002,4,1044.8461538461538,6.951624932360954,0,NoWC,0,NoSA,manufacturing,2,sufficient,390,0.162,0.31,4,more250
69377,2003,5,1072.7696078431372,6.977999001815183,0,NoWC,0,NoSA,manufacturing,4,good,408,0.125,0.203,4,more250
69377,2004,6,1044.9074074074074,6.951683555121462,0,NoWC,0,NoSA,manufacturing,3,satisfactory,432,0.155,0.255,4,more250
69385,2002,4,7152.413043478261,8.875205067349944,1,WC,0,NoSA,wholesretail,2,sufficient,46,0.348,0.783,1,less50
69385,2003,5,4584.509433962264,8.430438385283075,1,WC,0,NoSA,wholesretail,3,satisfactory,53,0.226,0.585,2,less100
69385,2004,6,3076.4675324675327,8.031537312725714,1,WC,0,NoSA,wholesretail,1,unsatisfactory,77,0.208,0.727,2,less100
69385,2005,7,3213.978947368421,8.075264995986155,1,WC,0,NoSA,wholesretail,2,sufficient,95,0.242,0.663,2,less100
69385,2006,8,3070.1946902654868,8.029496255595056,1,WC,0,NoSA,wholesretail,1,unsatisfactory,113,0.186,0.504,3,less250
69442,2003,5,1547.377049180328,7.344316550145679,0,NoWC,0,NoSA,health,3,satisfactory,61,0.016,0.049,2,less100
69442,2004,6,1892.7735849056603,7.545798537561263,0,NoWC,0,NoSA,health,4,good,53,0.019,0.057,2,less100
69442,2005,7,2004.5283018867924,7.603164051158139,0,NoWC,0,NoSA,health,4,good,53,0.038,0.057,2,less100
69450,1998,0,601.5217848557693,6.39946275230797,0,NoWC,0,NoSA,manufacturing,3,satisfactory,156,0.115,0.532,3,less250
69450,1999,1,1836.1639030612246,7.515433839015783,0,NoWC,0,NoSA,manufacturing,3,satisfactory,147,0.143,0.49,3,less250
69450,2000,2,1614.8689123376623,7.38700906353122,0,NoWC,0,NoSA,manufacturing,3,satisfactory,154,0.318,0.545,3,less250
69465,2001,3,1051.9891748366013,6.958438103165435,0,NoWC,1,SA,health,4,good,459,0.19,0.621,4,more250
69465,2004,6,407.3373205741627,6.0096416396591295,0,NoWC,0,NoSA,health,4,good,418,0.141,0.62,4,more250
69465,2005,7,338.74411764705883,5.825245007163608,0,NoWC,0,NoSA,health,5,very good,340,0.112,0.597,4,more250
69465,2006,8,377.61356932153393,5.933871369328888,0,NoWC,0,NoSA,health,4,good,339,0.1,0.596,4,more250
69465,2007,9,187.79301075268816,5.235340349642254,0,NoWC,0,NoSA,health,4,good,372,0.188,0.573,4,more250
69543,2014,16,1317.1785714285713,7.183247282095184,1,WC,0,NoSA,edu,1,unsatisfactory,28,0.036,0.679,1,less50
69543,2016,18,1051.8484848484848,6.958304357115517,1,WC,0,NoSA,edu,1,unsatisfactory,33,0.061,0.485,1,less50
69543,2018,20,1549.4054054054054,7.345626526900511,1,WC,0,NoSA,edu,1,unsatisfactory,37,0.027,0.568,1,less50
69561,2017,19,1249.3027027027026,7.130340836809094,0,NoWC,1,SA,buservices,2,sufficient,370,0.108,0.784,4,more250
69561,2018,20,1209.3537735849056,7.097841424506416,0,NoWC,1,SA,buservices,3,satisfactory,424,0.118,0.767,4,more250
69561,2019,21,1173.9614561027838,7.068139168590808,0,NoWC,1,SA,buservices,3,satisfactory,467,0.105,0.743,4,more250
69561,2020,22,1014.782,6.922429090082597,0,NoWC,1,SA,art,2,sufficient,500,0.09,0.71,4,more250
69579,2003,5,1175.8227848101267,7.069723423914545,0,NoWC,0,NoSA,construction,2,sufficient,237,0.194,0.57,3,less250
69579,2004,6,894.55,6.796320798535832,0,NoWC,0,NoSA,construction,1,unsatisfactory,300,0.17,0.467,4,more250
69579,2005,7,1902.8830409356726,7.55112540504778,0,NoWC,0,NoSA,construction,1,unsatisfactory,171,0.275,0.515,3,less250
69598,1998,0,2117.1506211180126,7.657826416982783,0,NoWC,0,NoSA,finance,1,unsatisfactory,483,0.841,0.625,4,more250
69598,1999,1,1784.7970995893224,7.487060018054991,0,NoWC,0,NoSA,finance,1,unsatisfactory,487,0.823,0.511,4,more250
69598,2001,3,1380.429841356674,7.230150208895628,0,NoWC,0,NoSA,finance,4,good,457,0.759,0.449,4,more250
69598,2002,4,1320.754716981132,7.185958607479375,0,NoWC,0,NoSA,finance,2,sufficient,424,0.684,0.486,4,more250
69598,2004,6,1184.8341232227488,7.077358063368317,0,NoWC,0,NoSA,finance,3,satisfactory,422,0.668,0.382,4,more250
69598,2005,7,1216.4787735849056,7.103715713312535,0,NoWC,0,NoSA,finance,4,good,424,0.66,0.382,4,more250
69623,2011,13,729.3409090909091,6.592141262055979,1,WC,0,NoSA,buservices,2,sufficient,44,0.068,0.773,1,less50
69623,2012,14,1050.5833333333333,6.957100844443269,1,WC,0,NoSA,buservices,4,good,48,0.333,0.75,1,less50
69623,2013,15,1293.025641025641,7.164740209221514,1,WC,0,NoSA,buservices,3,satisfactory,39,0.179,0.744,1,less50
69623,2014,16,1068.8684210526317,6.974355817436835,1,WC,0,NoSA,buservices,3,satisfactory,38,0.368,0.763,1,less50
69668,2007,9,1010.8802992518703,6.918576813644729,0,NoWC,0,NoSA,buservices,4,good,401,0.07,0.451,4,more250
69668,2008,10,898.6033653846154,6.8008417417710625,0,NoWC,0,NoSA,buservices,4,good,416,0.072,0.498,4,more250
69668,2009,11,800.4640371229698,6.685191605909749,0,NoWC,0,NoSA,manufacturing,4,good,431,0.074,0.506,4,more250
69671,2012,14,3324.7,8.109134723455474,0,NoWC,0,NoSA,public,4,good,20,0.6,0.1,1,less50
69671,2013,15,2970.2,7.996384569596845,1,WC,0,NoSA,public,4,good,20,0.6,0.1,1,less50
69671,2014,16,2484.3333333333335,7.817759626213584,1,WC,0,NoSA,public,2,sufficient,24,0.5,0.125,1,less50
69671,2015,17,2756.7727272727275,7.9218159728317845,1,WC,0,NoSA,public,2,sufficient,22,0.455,0.091,1,less50
69671,2016,18,2508.5454545454545,7.827458363969608,1,WC,0,NoSA,public,3,satisfactory,22,0.545,0.091,1,less50
69671,2017,19,2646.2380952380954,7.880894323709847,1,WC,0,NoSA,public,4,good,21,0.524,0.048,1,less50
69684,2007,9,1703.016393442623,7.440156306830463,1,WC,0,NoSA,wholesretail,5,very good,61,0.016,0.311,2,less100
69684,2008,10,1195.3676470588234,7.086209071492218,1,WC,0,NoSA,wholesretail,4,good,68,0.147,0.221,2,less100
69684,2010,12,4638.142857142857,8.442069318794951,1,WC,0,NoSA,construction,4,good,56,0.196,0.25,2,less100
69726,2008,10,507.17783505154637,6.228861701559967,0,NoWC,1,SA,edu,1,unsatisfactory,388,0.332,0.281,4,more250
69726,2009,11,994.943661971831,6.9026861144217175,0,NoWC,1,SA,edu,4,good,142,0.831,0.387,3,less250
69726,2010,12,304.9166666666667,5.720038515231207,0,NoWC,1,SA,edu,2,sufficient,372,0.341,0.288,4,more250
69726,2011,13,407.73118279569894,6.0106080915599565,0,NoWC,1,SA,edu,3,satisfactory,372,0.379,0.395,4,more250
69726,2012,14,398.90575916230364,5.988725196416324,0,NoWC,1,SA,edu,3,satisfactory,382,0.353,0.325,4,more250
69726,2013,15,671.3801652892562,6.509335541793877,0,NoWC,1,SA,edu,3,satisfactory,242,0.554,0.306,3,less250
69726,2015,17,699.68,6.5506230876646105,0,NoWC,1,SA,edu,2,sufficient,300,0.55,0.25,4,more250
69726,2016,18,484.87987987987987,6.183901189911354,0,NoWC,1,SA,edu,2,sufficient,333,0.502,0.303,4,more250
69745,1998,0,716.005,6.573687150176486,0,NoWC,1,SA,buservices,4,good,125,0.392,0.736,3,less250
69745,1999,1,1479.370670180723,7.299372053474425,0,NoWC,0,NoSA,buservices,3,satisfactory,83,0.542,0.675,2,less100
69745,2001,3,1325.8297764227643,7.189793788766706,0,NoWC,0,NoSA,buservices,4,good,123,0.285,0.472,3,less250
69745,2004,6,2075.424778761062,7.637921124369956,1,WC,0,NoSA,buservices,3,satisfactory,113,0.292,0.77,3,less250
69754,1998,0,4276.569836956522,8.360906527287712,0,NoWC,0,NoSA,public,3,satisfactory,115,0.078,0.13,3,less250
69754,1999,1,5234.827986725663,8.563089264450687,0,NoWC,0,NoSA,public,3,satisfactory,113,0.115,0.159,3,less250
69754,2001,3,4557.283368644068,8.424481972487067,0,NoWC,0,NoSA,public,4,good,118,0.22,0.127,3,less250
69754,2002,4,4260.360655737705,8.35710909665117,0,NoWC,0,NoSA,public,4,good,122,0.164,0.123,3,less250
69754,2004,6,3671.624,8.208389349983339,0,NoWC,0,NoSA,public,4,good,125,0.168,0.12,3,less250
69754,2005,7,3300.488888888889,8.101825884629866,0,NoWC,0,NoSA,public,3,satisfactory,135,0.319,0.119,3,less250
69754,2006,8,3039.4238410596026,8.019423250470716,0,NoWC,0,NoSA,public,3,satisfactory,151,0.166,0.106,3,less250
69754,2007,9,2738.939189189189,7.915325967187183,0,NoWC,0,NoSA,public,4,good,148,0.23,0.128,3,less250
69754,2008,10,2525.804054054054,7.83431472826821,0,NoWC,0,NoSA,public,3,satisfactory,148,0.25,0.128,3,less250
69754,2009,11,2613.6363636363635,7.8684977734271255,0,NoWC,0,NoSA,public,1,unsatisfactory,132,0.288,0.136,3,less250
69754,2010,12,1982.7175572519084,7.592223686328948,0,NoWC,0,NoSA,public,3,satisfactory,131,0.305,0.137,3,less250
69754,2011,13,2174.436090225564,7.684524641044993,0,NoWC,0,NoSA,public,4,good,133,0.308,0.15,3,less250
69754,2012,14,2485.714285714286,7.8183153361473074,0,NoWC,0,NoSA,public,4,good,133,0.338,0.15,3,less250
69754,2013,15,2406.0150375939847,7.785727146554155,0,NoWC,0,NoSA,public,4,good,133,0.346,0.143,3,less250
69754,2014,16,2430.769230769231,7.795963042113467,0,NoWC,0,NoSA,public,3,satisfactory,130,0.392,0.108,3,less250
69754,2017,19,5514.909774436091,8.615210571524056,0,NoWC,0,NoSA,public,3,satisfactory,133,0.519,0.113,3,less250
69754,2018,20,5203.925373134329,8.557168499240243,0,NoWC,0,NoSA,public,4,good,134,0.522,0.112,3,less250
69754,2020,22,5921.89928057554,8.686412500846446,0,NoWC,0,NoSA,public,3,satisfactory,139,0.784,0.108,3,less250
69754,2021,23,5187.183823529412,8.55394621300037,0,NoWC,0,NoSA,public,3,satisfactory,136,0.772,0.11,3,less250
69768,2001,3,1411.3119407158836,7.252275005176264,0,NoWC,1,SA,public,3,satisfactory,447,0.445,0.604,4,more250
69768,2002,4,1287.3563218390805,7.160346031622648,0,NoWC,0,NoSA,public,4,good,435,0.363,0.743,4,more250
69768,2003,5,1054.0674418604651,6.960411713639135,0,NoWC,0,NoSA,public,2,sufficient,430,0.467,0.712,4,more250
69778,2001,3,2872.733826754386,7.963019408239164,0,NoWC,0,NoSA,manufacturing,4,good,57,0.105,0.965,2,less100
69778,2002,4,4991.054545454545,8.515402498172573,0,NoWC,0,NoSA,manufacturing,4,good,55,0.018,0.945,2,less100
69778,2003,5,3951.9655172413795,8.281968333435303,0,NoWC,0,NoSA,manufacturing,3,satisfactory,58,0.034,0.931,2,less100
69778,2004,6,2743.4736842105262,7.916980164402917,0,NoWC,0,NoSA,manufacturing,4,good,57,0.035,0.93,2,less100
69778,2005,7,4084.9464285714284,8.315063893027311,0,NoWC,0,NoSA,manufacturing,4,good,56,0.036,0.982,2,less100
69778,2006,8,3162.6949152542375,8.059179764418495,0,NoWC,0,NoSA,manufacturing,4,good,59,0.051,0.915,2,less100
69778,2007,9,4652.677966101695,8.445198239499325,0,NoWC,0,NoSA,manufacturing,4,good,59,0.017,0.898,2,less100
69778,2008,10,4800.147540983607,8.476401934128507,0,NoWC,0,NoSA,manufacturing,4,good,61,0.033,0.918,2,less100
69778,2009,11,4575.136363636364,8.428391783524738,0,NoWC,0,NoSA,manufacturing,4,good,66,0.03,0.924,2,less100
69778,2010,12,3819.6470588235293,8.247913304353993,0,NoWC,0,NoSA,manufacturing,4,good,68,0.029,0.897,2,less100
69778,2011,13,4381.818181818182,8.385219027240321,0,NoWC,0,NoSA,manufacturing,4,good,66,0.045,0.909,2,less100
69778,2012,14,4003.2375,8.294858687734713,0,NoWC,0,NoSA,manufacturing,4,good,80,0.025,0.95,2,less100
69778,2013,15,4050.6329113924053,8.306628422308888,0,NoWC,0,NoSA,manufacturing,4,good,79,0.025,0.975,2,less100
69778,2014,16,4450.704225352113,8.400817615527734,0,NoWC,0,NoSA,manufacturing,4,good,71,0.028,0.972,2,less100
69778,2016,18,4641.434782608696,8.442778817811334,0,NoWC,0,NoSA,manufacturing,4,good,69,0.043,0.884,2,less100
69778,2017,19,4906.666666666667,8.498350103614758,0,NoWC,0,NoSA,manufacturing,4,good,69,0.087,0.812,2,less100
69778,2018,20,5228.728571428572,8.561923424527322,0,NoWC,0,NoSA,manufacturing,3,satisfactory,70,0.157,0.786,2,less100
69778,2019,21,6535.9,8.785065336545193,0,NoWC,0,NoSA,manufacturing,3,satisfactory,70,0.157,0.786,2,less100
69778,2020,22,7088.239436619719,8.866192272275839,0,NoWC,0,NoSA,manufacturing,4,good,71,0.169,0.887,2,less100
69778,2021,23,7320.213333333333,8.898394750428679,0,NoWC,0,NoSA,manufacturing,3,satisfactory,75,0.24,0.867,2,less100
69790,2014,16,1490.566037735849,7.306911217897037,0,NoWC,0,NoSA,buservices,3,satisfactory,212,0.052,0.58,3,less250
69790,2015,17,4174.683673469388,8.336793867580825,0,NoWC,0,NoSA,buservices,4,good,196,0.056,0.434,3,less250
69790,2016,18,2407.6647727272725,7.786412582753854,0,NoWC,0,NoSA,buservices,4,good,176,0.017,0.386,3,less250
69808,2005,7,1612.6216216216217,7.385616470087132,0,NoWC,0,NoSA,wholesretail,4,good,74,0.027,0.662,2,less100
69808,2007,9,1828.0441176470588,7.511001886103095,0,NoWC,0,NoSA,wholesretail,4,good,68,0.088,0.456,2,less100
69808,2008,10,1988.9142857142858,7.595344183764651,0,NoWC,0,NoSA,wholesretail,4,good,70,0.086,0.329,2,less100
69815,1998,0,1001.5511753183154,6.90930525247069,0,NoWC,1,SA,health,3,satisfactory,1021,0.237,0.246,4,more250
69815,1999,1,858.041646100691,6.754652636888897,0,NoWC,1,SA,health,3,satisfactory,1013,0.19,0.239,4,more250
69815,2000,2,615.9657972440945,6.423191438037616,0,NoWC,1,SA,health,3,satisfactory,1016,0.185,0.239,4,more250
69815,2001,3,573.5058522727272,6.351768141003371,0,NoWC,1,SA,health,4,good,1100,0.159,0.253,4,more250
69815,2002,4,606.060606060606,6.406979991069647,0,NoWC,1,SA,health,5,very good,924,0.195,0.307,4,more250
69840,1998,0,1128.4148773006134,7.028569163461889,0,NoWC,0,NoSA,health,3,satisfactory,163,0.012,0.141,3,less250
69840,1999,1,1315.8891469594594,7.182267873504072,0,NoWC,0,NoSA,health,3,satisfactory,148,0.014,0.128,3,less250
69840,2000,2,1631.7535460992908,7.3974105107008254,0,NoWC,0,NoSA,health,3,satisfactory,141,0.021,0.121,3,less250
69848,2003,5,2285.6190476190477,7.734392184631859,1,WC,0,NoSA,buservices,2,sufficient,21,0.143,0.238,1,less50
69848,2004,6,1976.52,7.589093001582585,1,WC,1,SA,buservices,2,sufficient,25,0.16,0.16,1,less50
69848,2005,7,1603.5833333333333,7.379995987432559,1,WC,0,NoSA,buservices,2,sufficient,24,0.125,0.292,1,less50
69872,2009,11,3631.5789473684213,8.197422804412955,1,WC,0,NoSA,wholesretail,4,good,95,0.011,0.295,2,less100
69872,2010,12,3287.7974683544303,8.097973157063079,1,WC,0,NoSA,wholesretail,3,satisfactory,79,0.013,0.266,2,less100
69872,2011,13,3143.478260869565,8.053085192217706,1,WC,0,NoSA,wholesretail,4,good,92,0.207,0.326,2,less100
69872,2012,14,3554.8387096774195,8.176064971215805,1,WC,0,NoSA,wholesretail,2,sufficient,93,0.022,0.301,2,less100
69873,2012,14,749.6598639455782,6.619619588922215,0,NoWC,1,SA,manufacturing,3,satisfactory,441,0.07,0.714,4,more250
69873,2013,15,717.4887892376681,6.5757573227558455,0,NoWC,1,SA,manufacturing,4,good,446,0.056,0.688,4,more250
69873,2014,16,705.3571428571429,6.558704260154064,0,NoWC,1,SA,manufacturing,5,very good,448,0.056,0.616,4,more250
69873,2015,17,3419.7107623318384,8.137311254062611,0,NoWC,1,SA,manufacturing,4,good,446,0.056,0.599,4,more250
69873,2017,19,3090.4849884526557,8.036083311767568,0,NoWC,1,SA,manufacturing,5,very good,433,0.095,0.67,4,more250
69873,2018,20,3070.9107551487414,8.0297294595004,1,WC,1,SA,manufacturing,4,good,437,0.073,0.648,4,more250
69873,2019,21,3159.5620915032678,8.058188718339844,1,WC,1,SA,manufacturing,3,satisfactory,459,0.111,0.632,4,more250
69873,2020,22,2910.443736730361,7.9760608353895215,1,WC,1,SA,manufacturing,4,good,471,0.096,0.628,4,more250
69873,2021,23,3421.2306079664572,8.137755592225258,1,WC,1,SA,manufacturing,4,good,477,0.044,0.667,4,more250
69890,2016,18,3164.909090909091,8.059879610914283,1,WC,1,SA,edu,3,satisfactory,22,0.636,0.182,1,less50
69890,2017,19,3289.217391304348,8.098404940479195,1,WC,1,SA,edu,4,good,23,0.217,0.217,1,less50
69890,2018,20,3221.9583333333335,8.077744631726961,1,WC,0,NoSA,edu,4,good,24,0.208,0.208,1,less50
69890,2019,21,3318.4,8.107238018035208,1,WC,0,NoSA,edu,5,very good,25,0.48,0.2,1,less50
69890,2020,22,3482.28,8.155442530650566,1,WC,0,NoSA,buservices,5,very good,25,0.2,0.2,1,less50
69894,2004,6,483.28735632183907,6.180611417370487,1,WC,0,NoSA,buservices,3,satisfactory,174,0.023,0.276,3,less250
69894,2005,7,637.060606060606,6.456864793998646,1,WC,0,NoSA,buservices,3,satisfactory,165,0.024,0.273,3,less250
69894,2006,8,878.8720930232558,6.7786393729027115,1,WC,0,NoSA,buservices,2,sufficient,172,0.023,0.285,3,less250
69894,2007,9,536.3035714285714,6.284700365352444,1,WC,0,NoSA,buservices,3,satisfactory,168,0.024,0.292,3,less250
69894,2008,10,565.3235294117648,6.33739818569097,1,WC,0,NoSA,buservices,4,good,170,0.024,0.218,3,less250
69894,2009,11,643.9824561403509,6.467671483715194,1,WC,0,NoSA,buservices,3,satisfactory,171,0.023,0.275,3,less250
69894,2010,12,705.5903614457832,6.559034844516775,1,WC,0,NoSA,buservices,1,unsatisfactory,166,0.024,0.277,3,less250
69894,2011,13,880.9657142857143,6.781018708363593,1,WC,0,NoSA,buservices,3,satisfactory,175,0.011,0.269,3,less250
69894,2012,14,907.4269005847954,6.81061301257487,1,WC,0,NoSA,buservices,2,sufficient,171,0.023,0.269,3,less250
69894,2013,15,1077.204678362573,6.982124704005039,1,WC,0,NoSA,buservices,3,satisfactory,171,0.012,0.269,3,less250
69894,2014,16,1150.0714285714287,7.04757933122968,1,WC,0,NoSA,buservices,4,good,168,0.012,0.274,3,less250
69894,2016,18,1666.4223602484471,7.418434308152733,1,WC,0,NoSA,buservices,4,good,161,0.037,0.28,3,less250
69894,2017,19,1694.632530120482,7.43522119992172,1,WC,0,NoSA,buservices,3,satisfactory,166,0.024,0.265,3,less250
69894,2018,20,1722.8197674418604,7.451717627134248,1,WC,0,NoSA,buservices,5,very good,172,0.035,0.244,3,less250
69894,2019,21,1832.421052631579,7.513393351049174,1,WC,0,NoSA,buservices,5,very good,171,0.035,0.251,3,less250
69894,2020,22,1668.4970760233919,7.4196785457316325,1,WC,0,NoSA,finance,2,sufficient,171,0.029,0.257,3,less250
69894,2021,23,2064.1965317919075,7.63249634095985,1,WC,0,NoSA,finance,1,unsatisfactory,173,0.023,0.249,3,less250
69895,2002,4,663.1333333333333,6.4969760760502036,0,NoWC,0,NoSA,manufacturing,3,satisfactory,210,0.052,0.448,3,less250
69895,2003,5,1211.1421319796955,7.09931910411421,0,NoWC,0,NoSA,manufacturing,4,good,197,0.066,0.411,3,less250
69895,2004,6,1084.7421052631578,6.989097546719878,0,NoWC,0,NoSA,manufacturing,2,sufficient,190,0.068,0.416,3,less250
69895,2006,8,1120.4655172413793,7.021499518328688,0,NoWC,0,NoSA,manufacturing,5,very good,174,0.069,0.569,3,less250
69895,2007,9,1287.7612903225806,7.160660555887424,0,NoWC,0,NoSA,manufacturing,5,very good,155,0.09,0.574,3,less250
69895,2008,10,1374.0066666666667,7.225486324784109,0,NoWC,0,NoSA,manufacturing,5,very good,150,0.1,0.387,3,less250
69895,2009,11,1375.0844155844156,7.226270401368492,0,NoWC,0,NoSA,manufacturing,5,very good,154,0.084,0.513,3,less250
69895,2010,12,1623.35,7.392247194296273,0,NoWC,0,NoSA,manufacturing,5,very good,160,0.094,0.462,3,less250
69895,2011,13,1259.1896551724137,7.138223662232643,0,NoWC,0,NoSA,manufacturing,4,good,174,0.086,0.471,3,less250
69895,2012,14,1707.3735632183907,7.442711540807739,0,NoWC,0,NoSA,manufacturing,4,good,174,0.086,0.402,3,less250
69895,2013,15,1501.8070175438597,7.314424340410133,0,NoWC,0,NoSA,manufacturing,4,good,171,0.076,0.363,3,less250
69895,2014,16,1259.345029239766,7.1383470467295975,0,NoWC,0,NoSA,manufacturing,4,good,171,0.094,0.351,3,less250
69895,2015,17,1925.398773006135,7.5628883800766715,0,NoWC,0,NoSA,manufacturing,4,good,163,0.08,0.337,3,less250
69895,2017,19,1864.8150289017342,7.530917146945686,0,NoWC,0,NoSA,manufacturing,4,good,173,0.075,0.457,3,less250
69895,2018,20,1789.3908045977012,7.489630508281526,0,NoWC,0,NoSA,manufacturing,4,good,174,0.075,0.489,3,less250
69895,2019,21,1955.2146892655367,7.5782552818712805,0,NoWC,0,NoSA,manufacturing,4,good,177,0.079,0.48,3,less250
69895,2020,22,1994.021978021978,7.597908972538262,0,NoWC,0,NoSA,manufacturing,5,very good,182,0.071,0.5,3,less250
69895,2021,23,2059.516129032258,7.630226345373635,0,NoWC,0,NoSA,manufacturing,4,good,186,0.065,0.522,3,less250
69916,2019,21,2937.464,7.9853019030581684,0,NoWC,0,NoSA,public,3,satisfactory,625,0.011,0.395,4,more250
69916,2020,22,3155.3244444444445,8.05684660469432,0,NoWC,0,NoSA,public,4,good,675,0.006,0.361,4,more250
69916,2021,23,3121.5111441307577,8.046072504615804,0,NoWC,0,NoSA,public,3,satisfactory,673,0.015,0.377,4,more250
69950,2004,6,1018.3299389002036,6.925919249609808,0,NoWC,0,NoSA,manufacturing,4,good,491,0.574,0.069,4,more250
69950,2005,7,1074.55625,6.979663064642556,0,NoWC,0,NoSA,manufacturing,4,good,480,0.65,0.062,4,more250
69950,2006,8,1004.0816326530612,6.911828604369773,0,NoWC,0,NoSA,manufacturing,3,satisfactory,490,0.616,0.061,4,more250
69950,2008,10,797.0554371002132,6.680924233586047,0,NoWC,0,NoSA,manufacturing,3,satisfactory,469,0.469,0.06,4,more250
69950,2009,11,699.7971602434077,6.550790521970806,0,NoWC,0,NoSA,manufacturing,2,sufficient,493,0.418,0.059,4,more250
69950,2010,12,581.0648769574944,6.364862414916531,0,NoWC,0,NoSA,manufacturing,3,satisfactory,447,0.445,0.054,4,more250
69950,2011,13,621.9354838709677,6.432836363679391,0,NoWC,0,NoSA,manufacturing,4,good,465,0.445,0.054,4,more250
69950,2012,14,717.1366594360087,6.575266421372413,0,NoWC,0,NoSA,manufacturing,4,good,461,0.039,0.05,4,more250
69950,2013,15,682.3027718550106,6.52547350632963,0,NoWC,0,NoSA,manufacturing,4,good,469,0.045,0.053,4,more250
69950,2014,16,694.5054945054945,6.543200073618099,0,NoWC,0,NoSA,manufacturing,4,good,455,0.042,0.059,4,more250
69950,2015,17,1718.2008639308856,7.449033013015426,0,NoWC,0,NoSA,manufacturing,4,good,463,0.037,0.093,4,more250
69950,2016,18,1958.4320175438597,7.579899441011909,0,NoWC,0,NoSA,manufacturing,4,good,456,0.053,0.101,4,more250
69950,2017,19,1927.5368852459017,7.563998241568734,0,NoWC,0,NoSA,manufacturing,4,good,488,0.049,0.121,4,more250
69950,2018,20,2063.8910505836575,7.6323483396383125,0,NoWC,0,NoSA,manufacturing,4,good,514,0.062,0.144,4,more250
69950,2019,21,2590.842829076621,7.859738518388975,0,NoWC,0,NoSA,manufacturing,5,very good,509,0.079,0.112,4,more250
69950,2020,22,3687.5576131687244,8.212719624436186,0,NoWC,0,NoSA,manufacturing,4,good,486,0.068,0.134,4,more250
69950,2021,23,4565.53316953317,8.426290581287514,0,NoWC,0,NoSA,manufacturing,4,good,407,0.044,0.138,4,more250
69954,2003,5,4174.452830188679,8.33673857005858,1,WC,0,NoSA,finance,4,good,53,0.396,0.472,2,less100
69954,2004,6,3508.55,8.162958125695258,1,WC,0,NoSA,finance,4,good,60,0.233,0.517,2,less100
69954,2005,7,4205.090909090909,8.344051191457757,1,WC,0,NoSA,finance,3,satisfactory,55,0.218,0.473,2,less100
69954,2006,8,3990,8.29154650988391,1,WC,0,NoSA,finance,3,satisfactory,60,0.233,0.467,2,less100
69954,2007,9,5028.793103448276,8.522935294631345,1,WC,0,NoSA,finance,3,satisfactory,58,0.431,0.517,2,less100
69954,2008,10,5094.046875,8.53582785749942,1,WC,0,NoSA,finance,4,good,64,0.344,0.578,2,less100
69954,2009,11,6764.705882352941,8.81947406328917,1,WC,0,NoSA,finance,4,good,51,0.255,0.608,2,less100
69955,2000,2,2012.2869774919614,7.607027153996809,0,NoWC,0,NoSA,public,3,satisfactory,311,0.344,0.248,4,more250
69955,2002,4,1774.6099290780141,7.4813359194932225,0,NoWC,0,NoSA,public,4,good,282,0.358,0.238,4,more250
69955,2003,5,1710.3735849056604,7.444467096340521,0,NoWC,0,NoSA,public,1,unsatisfactory,265,0.347,0.249,4,more250
69955,2004,6,1945.5252918287938,7.573287292509109,0,NoWC,0,NoSA,public,3,satisfactory,257,0.366,0.253,4,more250
69955,2005,7,1991.4555984555984,7.596621106844954,0,NoWC,0,NoSA,public,2,sufficient,259,0.359,0.29,4,more250
70025,2007,9,2125.3,7.661668247864646,1,WC,0,NoSA,wholesretail,3,satisfactory,30,0.033,0.067,1,less50
70025,2008,10,2016.2333333333333,7.608986363234557,1,WC,0,NoSA,wholesretail,3,satisfactory,30,0.033,0.067,1,less50
70025,2013,15,1617.7037037037037,7.388762955820388,1,WC,0,NoSA,wholesretail,4,good,27,0.111,0.037,1,less50
70025,2014,16,1536.8148148148148,7.337467251448755,1,WC,0,NoSA,wholesretail,4,good,27,0.074,0.037,1,less50
70025,2015,17,1544.9259259259259,7.342731243797963,1,WC,0,NoSA,wholesretail,5,very good,27,0.074,0.037,1,less50
70025,2016,18,910.074074074074,6.8135259962794885,1,WC,0,NoSA,wholesretail,4,good,27,0.074,0.037,1,less50
70025,2017,19,3395.185185185185,8.130113584951491,1,WC,0,NoSA,wholesretail,5,very good,27,0.074,0.037,1,less50
70025,2018,20,1168.7777777777778,7.063713847403055,1,WC,0,NoSA,wholesretail,5,very good,27,0.074,0.037,1,less50
70025,2019,21,1840.7407407407406,7.517923346080391,1,WC,0,NoSA,wholesretail,5,very good,27,0.074,0.037,1,less50
70025,2020,22,1516.5925925925926,7.324221382035333,1,WC,0,NoSA,wholesretail,5,very good,27,0.111,0.037,1,less50
70025,2021,23,1818.5384615384614,7.505788414348261,1,WC,0,NoSA,wholesretail,4,good,26,0.115,0.038,1,less50
70042,2007,9,1290.9649681528663,7.163145255043045,0,NoWC,0,NoSA,transcom,4,good,314,0.006,0.532,4,more250
70042,2008,10,1150.2123076923076,7.0477018197025885,0,NoWC,0,NoSA,transcom,3,satisfactory,325,0.012,0.434,4,more250
70042,2009,11,1014.7058823529412,6.9223540784032895,0,NoWC,0,NoSA,transcom,2,sufficient,340,0.006,0.553,4,more250
70058,2018,20,2584.410714285714,7.85725279742906,1,WC,0,NoSA,edu,4,good,56,0.071,0.339,2,less100
70058,2019,21,3580.3636363636365,8.183219648639666,1,WC,0,NoSA,edu,4,good,55,0.073,0.418,2,less100
70058,2020,22,4136.290909090909,8.327554749568517,1,WC,0,NoSA,health,4,good,55,0.2,0.582,2,less100
70058,2021,23,1321.7777777777778,7.186732910803772,1,WC,0,NoSA,health,4,good,54,0.185,0.333,2,less100
70064,2012,14,903.2786885245902,6.806031130967694,0,NoWC,1,SA,transcom,4,good,366,0.23,0.762,4,more250
70064,2013,15,786.2407862407863,6.667263089333314,0,NoWC,1,SA,transcom,3,satisfactory,407,0.194,0.617,4,more250
70064,2014,16,1132.616487455197,7.032285710747684,0,NoWC,1,SA,transcom,4,good,279,0.369,0.505,4,more250
70071,2013,15,2824.5333333333333,7.94609843819447,1,WC,0,NoSA,manufacturing,2,sufficient,30,0.033,0.933,1,less50
70071,2014,16,5555.466666666666,8.622537706946062,1,WC,0,NoSA,manufacturing,3,satisfactory,30,0.067,0.933,1,less50
70071,2015,17,5168.7,8.55037648520647,1,WC,0,NoSA,manufacturing,3,satisfactory,30,0.067,0.867,1,less50
70071,2018,20,5565.172413793103,8.624283245043394,1,WC,0,NoSA,manufacturing,4,good,29,0.034,0.862,1,less50
70084,2005,7,4660.366666666667,8.44684940785833,1,WC,0,NoSA,mining,1,unsatisfactory,90,0.011,0.567,2,less100
70084,2007,9,2474.470588235294,7.813781748378807,1,WC,0,NoSA,mining,1,unsatisfactory,102,0.01,0.412,3,less250
70084,2008,10,2266.963963963964,7.7261967544676295,1,WC,0,NoSA,mining,3,satisfactory,111,0.009,0.459,3,less250
70100,2013,15,1996.6875,7.599244836443712,1,WC,0,NoSA,construction,4,good,48,0.667,0.021,1,less50
70100,2015,17,3442.264705882353,8.143884878486858,1,WC,0,NoSA,construction,3,satisfactory,34,0.206,0.029,1,less50
70100,2016,18,2733.9333333333334,7.91349663269008,1,WC,0,NoSA,construction,3,satisfactory,30,0.267,0.033,1,less50
70100,2017,19,2046.1153846153845,7.623698340139107,1,WC,0,NoSA,construction,3,satisfactory,26,0.192,0.038,1,less50
70100,2018,20,2180.590909090909,7.687351178269236,1,WC,0,NoSA,construction,3,satisfactory,22,0.182,0.045,1,less50
70103,2012,14,2111.5285714285715,7.655167405624422,0,NoWC,0,NoSA,manufacturing,4,good,70,0.743,0.086,2,less100
70103,2013,15,1421.1931818181818,7.259252066653083,0,NoWC,0,NoSA,manufacturing,3,satisfactory,88,0.511,0.057,2,less100
70103,2014,16,2383.975,7.776524541553075,0,NoWC,0,NoSA,manufacturing,4,good,80,0.65,0.175,2,less100
70110,2006,8,6538.586956521739,8.78547635941263,1,WC,0,NoSA,finance,2,sufficient,46,0.065,0.761,1,less50
70110,2007,9,6477.116279069767,8.776030671634055,1,WC,0,NoSA,finance,4,good,43,0.047,0.837,1,less50
70110,2008,10,9350.763157894737,9.143213240117118,1,WC,0,NoSA,finance,4,good,38,0.079,0.789,1,less50
70110,2010,12,5526.297872340426,8.617273407820042,1,WC,0,NoSA,finance,4,good,47,0.064,0.787,1,less50
70110,2011,13,6153.191489361702,8.724726167556689,1,WC,0,NoSA,finance,2,sufficient,47,0.106,0.745,1,less50
70110,2012,14,7034.04255319149,8.858516862659002,1,WC,0,NoSA,finance,2,sufficient,47,0.021,0.766,1,less50
70116,2016,18,3110.5238095238096,8.042546418490579,1,WC,0,NoSA,manufacturing,5,very good,21,0.286,0.19,1,less50
70116,2017,19,2575.964285714286,7.853979222886786,1,WC,0,NoSA,manufacturing,5,very good,28,0.214,0.143,1,less50
70116,2018,20,2399.848484848485,7.783160883030041,1,WC,0,NoSA,manufacturing,5,very good,33,0.152,0.152,1,less50
70116,2019,21,2784.3055555555557,7.931753769582467,1,WC,0,NoSA,manufacturing,5,very good,36,0.111,0.139,1,less50
70116,2021,23,2263.529411764706,7.724680560723427,1,WC,0,NoSA,manufacturing,5,very good,34,0.118,0.235,1,less50
70119,2016,18,2081.4,7.640796023203759,1,WC,0,NoSA,manufacturing,4,good,35,0.171,0.543,1,less50
70119,2017,19,2618.2903225806454,7.870276835119274,1,WC,0,NoSA,manufacturing,4,good,31,0.194,0.484,1,less50
70119,2018,20,2764.483870967742,7.924609231421211,1,WC,0,NoSA,manufacturing,4,good,31,0.484,0.484,1,less50
70183,2012,14,1023.5294117647059,6.931012141146404,0,NoWC,0,NoSA,buservices,4,good,323,0.04,0.102,4,more250
70183,2014,16,972.3076923076923,6.879672310239312,0,NoWC,0,NoSA,buservices,1,unsatisfactory,325,0.043,0.108,4,more250
70183,2015,17,4918.556231003039,8.500770317438654,0,NoWC,0,NoSA,buservices,1,unsatisfactory,329,0.043,0.085,4,more250
70198,2009,11,1377.9142857142858,7.228326247689988,1,WC,0,NoSA,wholesretail,1,unsatisfactory,35,0.029,0.943,1,less50
70198,2017,19,853.4074074074074,6.74923705059367,1,WC,0,NoSA,wholesretail,3,satisfactory,54,0.019,0.889,2,less100
70198,2020,22,779.4363636363636,6.658571047752056,1,WC,0,NoSA,transcom,4,good,55,0.018,0.764,2,less100
70276,2000,2,1098.487393465909,7.001689415624002,0,NoWC,0,NoSA,manufacturing,3,satisfactory,22,0.136,0.318,1,less50
70276,2001,3,1449.9982421875,7.279317623129402,0,NoWC,0,NoSA,manufacturing,3,satisfactory,20,0.15,0.45,1,less50
70276,2002,4,709,6.5638555265321274,0,NoWC,0,NoSA,manufacturing,3,satisfactory,20,0.15,0.55,1,less50
70311,2008,10,1477.5454545454545,7.298137513304805,1,WC,1,SA,manufacturing,1,unsatisfactory,253,0.012,0.099,4,more250
70311,2009,11,1326.923076923077,7.190618064997969,1,WC,1,SA,manufacturing,4,good,260,0.019,0.104,4,more250
70311,2010,12,886.4709897610921,6.7872484005130325,1,WC,0,NoSA,manufacturing,2,sufficient,293,0.017,0.092,4,more250
70314,2000,2,3068.99875,8.029106647320859,0,NoWC,0,NoSA,public,4,good,50,0.02,0.94,1,less50
70314,2001,3,3420.849375,8.137644154484745,0,NoWC,0,NoSA,public,5,very good,50,0.02,0.88,1,less50
70314,2002,4,4923.818181818182,8.50183956172784,0,NoWC,0,NoSA,public,4,good,33,0.03,0.879,1,less50
70357,1998,0,452.2250675154321,6.114179992883795,1,WC,0,NoSA,public,4,good,162,0.012,0.543,3,less250
70357,1999,1,343.6765046296296,5.83970082140749,1,WC,0,NoSA,public,2,sufficient,162,0.006,0.29,3,less250
70357,2000,2,294.1879368832237,5.684218804210519,1,WC,0,NoSA,public,4,good,152,0.013,0.513,3,less250
70357,2001,3,244.05545774647888,5.497395485313912,1,WC,0,NoSA,public,1,unsatisfactory,142,0.007,0.359,3,less250
70418,2017,19,2782.559633027523,7.931126514376482,1,WC,0,NoSA,edu,2,sufficient,109,0.073,0.661,3,less250
70418,2018,20,2905.9622641509436,7.974519858550714,1,WC,0,NoSA,edu,3,satisfactory,106,0.075,0.745,3,less250
70418,2019,21,3389.0186915887853,8.128295686961799,1,WC,0,NoSA,edu,2,sufficient,107,0.112,0.673,3,less250
70418,2021,23,3222.2735042735044,8.07784244662511,1,WC,0,NoSA,art,3,satisfactory,117,0.068,0.718,3,less250
70425,2004,6,5333.819672131148,8.581822896920977,1,WC,0,NoSA,wholesretail,4,good,61,0.492,0.098,2,less100
70425,2005,7,3147.885714285714,8.054486304648837,1,WC,1,SA,wholesretail,1,unsatisfactory,105,0.238,0.124,3,less250
70425,2006,8,2102.362831858407,7.6508171492234425,1,WC,1,SA,wholesretail,1,unsatisfactory,113,0.212,0.15,3,less250
70439,2004,6,3314.621212121212,8.106098631271093,0,NoWC,0,NoSA,manufacturing,4,good,66,0.015,0.106,2,less100
70439,2005,7,2002.090909090909,7.601947367980521,0,NoWC,0,NoSA,manufacturing,3,satisfactory,66,0.076,0.106,2,less100
70439,2006,8,1960.409090909091,7.580908450297182,0,NoWC,0,NoSA,manufacturing,3,satisfactory,66,0.152,0.091,2,less100
70439,2007,9,510.35820895522386,6.235112849672088,0,NoWC,1,SA,manufacturing,3,satisfactory,67,0.045,0.104,2,less100
70439,2008,10,490.36507936507934,6.195150173614045,0,NoWC,0,NoSA,manufacturing,3,satisfactory,63,0.206,0.095,2,less100
70440,2008,10,2031.7345132743362,7.616645147246364,0,NoWC,0,NoSA,buservices,3,satisfactory,113,0.071,0.858,3,less250
70440,2009,11,1388.081300813008,7.235677713424129,0,NoWC,0,NoSA,transcom,3,satisfactory,123,0.065,0.878,3,less250
70440,2010,12,2019.632075471698,7.610670632949995,0,NoWC,0,NoSA,transcom,3,satisfactory,106,0.123,0.821,3,less250
70442,2014,16,4805.793103448276,8.477577365733522,0,NoWC,0,NoSA,wholesretail,3,satisfactory,29,0.448,0.138,1,less50
70442,2015,17,4223.272727272727,8.348365634253515,0,NoWC,0,NoSA,wholesretail,3,satisfactory,33,0.394,0.152,1,less50
70442,2016,18,7121.535714285715,8.8708786713569,0,NoWC,0,NoSA,wholesretail,3,satisfactory,28,0.321,0.071,1,less50
70491,2012,14,2323.720930232558,7.750925029105897,0,NoWC,1,SA,edu,4,good,43,0.349,0.163,1,less50
70491,2013,15,1800.6734693877552,7.49591602356759,0,NoWC,1,SA,edu,4,good,49,0.286,0.143,1,less50
70491,2014,16,1910.1777777777777,7.55495159407981,0,NoWC,1,SA,edu,3,satisfactory,45,0.711,0.156,1,less50
70491,2017,19,1776.3478260869565,7.48231475239833,0,NoWC,0,NoSA,edu,3,satisfactory,46,0.957,0.217,1,less50
70491,2018,20,2502.530612244898,7.825057743779851,0,NoWC,0,NoSA,edu,3,satisfactory,49,0.939,0.204,1,less50
70491,2019,21,1992.8,7.59729596394797,0,NoWC,0,NoSA,edu,3,satisfactory,50,0.92,0.2,1,less50
70513,2019,21,8293.964285714286,9.023283334758267,0,NoWC,0,NoSA,buservices,4,good,28,0.714,0.821,1,less50
70513,2020,22,3229.8,8.080175494794966,0,NoWC,0,NoSA,buservices,4,good,65,0.523,0.615,2,less100
70513,2021,23,6775.676470588235,8.82109448882072,0,NoWC,0,NoSA,buservices,3,satisfactory,34,0.412,0.765,1,less50
70521,1998,0,1746.6210290055249,7.465438359873673,0,NoWC,0,NoSA,manufacturing,2,sufficient,362,0.014,0.89,4,more250
70521,1999,1,1836.6867816091954,7.515718565293215,0,NoWC,0,NoSA,manufacturing,3,satisfactory,348,0.026,0.764,4,more250
70521,2000,2,1808.731936416185,7.500381291118319,0,NoWC,0,NoSA,manufacturing,3,satisfactory,346,0.026,0.775,4,more250
70521,2001,3,1812.8058548850574,7.502631120015359,0,NoWC,0,NoSA,manufacturing,3,satisfactory,348,0.02,0.756,4,more250
70521,2002,4,1609.1954022988505,7.383489582936858,0,NoWC,0,NoSA,manufacturing,2,sufficient,348,0.029,0.776,4,more250
70521,2004,6,1445.086705202312,7.275924602346604,0,NoWC,0,NoSA,manufacturing,1,unsatisfactory,346,0.026,0.746,4,more250
70521,2005,7,1525.9970414201184,7.330403273061473,0,NoWC,0,NoSA,manufacturing,2,sufficient,338,0.027,0.74,4,more250
70534,2008,10,1260.2758620689656,7.139085914132037,0,NoWC,0,NoSA,health,5,very good,58,0.328,0.897,2,less100
70534,2010,12,1763.5714285714287,7.475096252723967,0,NoWC,0,NoSA,health,3,satisfactory,42,0.333,0.881,1,less50
70534,2011,13,1924.2307692307693,7.5622815664607685,0,NoWC,0,NoSA,health,2,sufficient,39,0.103,0.897,1,less50
70534,2012,14,2170.7272727272725,7.682817539106963,0,NoWC,0,NoSA,health,3,satisfactory,44,0.091,0.818,1,less50
70534,2013,15,1679.659574468085,7.426346417619024,0,NoWC,0,NoSA,health,3,satisfactory,47,0.17,0.766,1,less50
70534,2014,16,1949.2173913043478,7.575183233207584,0,NoWC,0,NoSA,health,4,good,46,0.261,0.804,1,less50
70534,2015,17,2099.153846153846,7.649289612110317,0,NoWC,0,NoSA,health,3,satisfactory,39,0.333,0.795,1,less50
70534,2016,18,1492.5925925925926,7.308269881930445,0,NoWC,0,NoSA,health,3,satisfactory,54,0.148,0.833,2,less100
70534,2017,19,1526.2830188679245,7.330590659174801,0,NoWC,0,NoSA,health,4,good,53,0.151,0.868,2,less100
70534,2018,20,1406,7.2485040723706105,0,NoWC,0,NoSA,health,4,good,61,0.18,0.852,2,less100
70534,2019,21,1380.7,7.230345895922107,0,NoWC,1,SA,health,2,sufficient,60,0.217,0.85,2,less100
70534,2020,22,1529.3846153846155,7.332620721310554,0,NoWC,1,SA,edu,4,good,65,0.215,0.785,2,less100
70534,2021,23,1732.6349206349207,7.457398604300212,0,NoWC,1,SA,edu,1,unsatisfactory,63,0.206,0.841,2,less100
70542,2019,21,4507.8707482993195,8.41358020312026,1,WC,1,SA,resthotels,2,sufficient,147,0.034,0.755,3,less250
70542,2020,22,5160.985507246377,8.548882830015813,1,WC,1,SA,transcom,3,satisfactory,138,0.043,0.812,3,less250
70542,2021,23,5727.2535211267605,8.652991379115619,1,WC,1,SA,transcom,3,satisfactory,142,0.07,0.803,3,less250
70550,2000,2,1386.976344273743,7.23488136485125,0,NoWC,1,SA,manufacturing,5,very good,358,0.014,0.332,4,more250
70550,2001,3,1230.3223214285715,7.115031463979302,0,NoWC,0,NoSA,manufacturing,5,very good,385,0.016,0.319,4,more250
70550,2004,6,1252.0650406504064,7.132549499712003,0,NoWC,1,SA,manufacturing,4,good,369,0.027,0.192,4,more250
70550,2005,7,923.8770949720671,6.82857904869503,0,NoWC,1,SA,manufacturing,4,good,358,0.017,0.207,4,more250
70550,2006,8,3865.086956521739,8.259739459221667,0,NoWC,1,SA,manufacturing,3,satisfactory,69,0.087,0.449,2,less100
70550,2007,9,3596.289855072464,8.187657997201974,0,NoWC,0,NoSA,manufacturing,4,good,69,0.145,0.449,2,less100
70563,2018,20,1876.8846153846155,7.537368561806518,1,WC,0,NoSA,public,4,good,26,0.038,0.423,1,less50
70563,2020,22,2349.5925925925926,7.761997227254565,1,WC,0,NoSA,art,4,good,27,0.037,0.444,1,less50
70563,2021,23,2439.9615384615386,7.799737555237412,1,WC,0,NoSA,art,1,unsatisfactory,26,0.077,0.423,1,less50
70575,2000,2,1075.2942439862543,6.980349618444605,0,NoWC,0,NoSA,public,3,satisfactory,582,0.261,0.296,4,more250
70575,2001,3,1194.8038589015152,7.085737316083572,0,NoWC,0,NoSA,public,2,sufficient,528,0.188,0.324,4,more250
70575,2002,4,1115.5378486055777,7.017091943019603,0,NoWC,0,NoSA,public,2,sufficient,502,0.217,0.313,4,more250
70590,2019,21,3638.1603053435115,8.199233422247874,1,WC,0,NoSA,buservices,3,satisfactory,131,0.153,0.527,3,less250
70590,2020,22,6336.547008547009,8.754089263187414,1,WC,0,NoSA,buservices,4,good,117,0.538,0.513,3,less250
70590,2021,23,6127.074380165289,8.720472652388429,1,WC,0,NoSA,buservices,1,unsatisfactory,121,0.736,0.678,3,less250
70609,2012,14,1302.770588235294,7.172248497337672,0,NoWC,0,NoSA,manufacturing,4,good,170,0.024,0.247,3,less250
70609,2013,15,1335.7288135593221,7.197232349629796,0,NoWC,0,NoSA,manufacturing,3,satisfactory,177,0.028,0.26,3,less250
70609,2014,16,1042.2787878787879,6.949164737275391,0,NoWC,0,NoSA,manufacturing,4,good,165,0.036,0.273,3,less250
70609,2015,17,958.1717791411043,6.865027072064881,0,NoWC,0,NoSA,manufacturing,4,good,163,0.043,0.141,3,less250
70611,2000,2,1229.7208658854167,7.11454248430753,1,WC,0,NoSA,wholesretail,5,very good,24,0.833,0.542,1,less50
70611,2001,3,797.6567778716217,6.681678402011252,1,WC,0,NoSA,wholesretail,3,satisfactory,37,0.378,0.568,1,less50
70611,2002,4,858.9666666666667,6.7557301164195325,1,WC,0,NoSA,wholesretail,3,satisfactory,30,0.467,0.567,1,less50
70619,2012,14,2219.2340425531916,7.704917389454262,1,WC,0,NoSA,buservices,3,satisfactory,94,0.755,0.351,2,less100
70619,2013,15,2462.468085106383,7.8089194125993675,1,WC,0,NoSA,buservices,3,satisfactory,94,0.489,0.223,2,less100
70619,2014,16,1844.5689655172414,7.520000906154632,1,WC,0,NoSA,buservices,3,satisfactory,116,0.466,0.138,3,less250
70620,2002,4,4719.136363636364,8.459381088031996,1,WC,0,NoSA,health,1,unsatisfactory,22,0.318,0.045,1,less50
70620,2003,5,2448.6,7.803271711639815,1,WC,0,NoSA,health,3,satisfactory,25,0.88,0.08,1,less50
70620,2004,6,2611.8518518518517,7.8678147705074775,1,WC,0,NoSA,health,4,good,27,0.852,0.037,1,less50
70620,2005,7,1974.56,7.588100867704873,1,WC,0,NoSA,health,3,satisfactory,25,0.44,0.04,1,less50
70643,2008,10,2446.86,7.8025608488921785,1,WC,0,NoSA,transcom,3,satisfactory,50,0.04,0.22,1,less50
70643,2009,11,997.3541666666666,6.9051059392455185,1,WC,0,NoSA,transcom,3,satisfactory,48,0.062,0.229,1,less50
70643,2010,12,1208.9318181818182,7.097492453806837,1,WC,0,NoSA,transcom,2,sufficient,44,0.068,0.227,1,less50
70643,2015,17,2335.2926829268295,7.755892508255051,1,WC,0,NoSA,transcom,2,sufficient,41,0.049,0.22,1,less50
70643,2016,18,2335.2926829268295,7.755892508255051,1,WC,0,NoSA,transcom,3,satisfactory,41,0.049,0.22,1,less50
70643,2017,19,2335.2926829268295,7.755892508255051,1,WC,0,NoSA,transcom,3,satisfactory,41,0.049,0.22,1,less50
70643,2018,20,2474.0697674418607,7.8136197528142555,1,WC,0,NoSA,transcom,3,satisfactory,43,0.047,0.209,1,less50
70646,2005,7,771.5714285714286,6.648429251537578,1,WC,0,NoSA,edu,2,sufficient,21,0.714,0.048,1,less50
70646,2006,8,914.65,6.818541478437307,1,WC,0,NoSA,edu,5,very good,20,0.75,0.05,1,less50
70646,2007,9,1306.65,7.17522188893301,1,WC,0,NoSA,edu,2,sufficient,20,0.8,0.05,1,less50
70646,2008,10,2045.2173913043478,7.623259366643359,1,WC,0,NoSA,edu,2,sufficient,23,0.652,0.043,1,less50
70653,2003,5,2428.227848101266,7.794916989663362,0,NoWC,1,SA,manufacturing,3,satisfactory,79,0.038,0.139,2,less100
70653,2005,7,2811.4666666666667,7.941461571594631,0,NoWC,1,SA,manufacturing,4,good,75,0.08,0.2,2,less100
70653,2006,8,2545.6666666666665,7.842147846220274,0,NoWC,1,SA,manufacturing,4,good,75,0.067,0.16,2,less100
70653,2007,9,3173.7611940298507,8.06267266007997,0,NoWC,1,SA,manufacturing,4,good,67,0.06,0.104,2,less100
70653,2008,10,3526.5671641791046,8.168080202030206,0,NoWC,1,SA,manufacturing,4,good,67,0.06,0.134,2,less100
70653,2009,11,3944.625,8.280109171727547,0,NoWC,1,SA,transcom,4,good,64,0.172,0.109,2,less100
70653,2011,13,4626.6140350877195,8.43958056962648,0,NoWC,0,NoSA,transcom,4,good,57,0.228,0.123,2,less100
70653,2012,14,4469.660714285715,8.405067781882488,0,NoWC,0,NoSA,transcom,3,satisfactory,56,0.25,0.107,2,less100
70661,2015,17,1013.5833333333334,6.9212471858304365,1,WC,0,NoSA,health,4,good,24,0.208,0.083,1,less50
70661,2016,18,770.3333333333334,6.646823321606271,1,WC,0,NoSA,health,3,satisfactory,24,0.083,0.083,1,less50
70661,2017,19,1256.8333333333333,7.136350608974592,1,WC,0,NoSA,health,4,good,24,0.125,0.125,1,less50
70661,2019,21,1946.08,7.573572371870126,1,WC,0,NoSA,health,4,good,25,0.24,0.12,1,less50
70661,2021,23,3308.36,8.104207877308196,1,WC,0,NoSA,buservices,5,very good,25,0.2,0.12,1,less50
70682,2004,6,1426.7832512315272,7.263177714721926,0,NoWC,1,SA,manufacturing,3,satisfactory,203,0.005,0.118,3,less250
70682,2005,7,1524.4824120603016,7.329410229503971,0,NoWC,0,NoSA,manufacturing,4,good,199,0.005,0.111,3,less250
70682,2006,8,1494.9195979899498,7.3098277037698285,0,NoWC,0,NoSA,manufacturing,5,very good,199,0.005,0.116,3,less250
70682,2007,9,1585.6294416243654,7.368736731531722,0,NoWC,0,NoSA,manufacturing,5,very good,197,0.005,0.122,3,less250
70682,2008,10,1583.4607843137255,7.367368100477037,0,NoWC,0,NoSA,manufacturing,4,good,204,0.015,0.064,3,less250
70682,2011,13,1390.3846153846155,7.237335689565429,0,NoWC,0,NoSA,manufacturing,3,satisfactory,208,0.014,0.111,3,less250
70691,1998,0,1741.1241071428572,7.46228622220333,1,WC,0,NoSA,finance,3,satisfactory,35,0.771,0.657,1,less50
70691,1999,1,1582.8427455357144,7.366977715423909,1,WC,0,NoSA,finance,2,sufficient,35,0.743,0.657,1,less50
70691,2000,2,1107.9841517857142,7.010297563762438,1,WC,0,NoSA,finance,4,good,35,0.8,0.829,1,less50
70691,2004,6,1098.162162162162,7.001393299836856,1,WC,0,NoSA,finance,1,unsatisfactory,37,0.703,0.73,1,less50
70691,2006,8,963.1388888888889,6.870197626620775,1,WC,0,NoSA,finance,5,very good,36,0.833,0.778,1,less50
70691,2007,9,928.7428571428571,6.8338319051737075,1,WC,0,NoSA,finance,4,good,35,0.886,0.743,1,less50
70691,2008,10,902.9444444444445,6.805661028207012,1,WC,0,NoSA,finance,4,good,36,0.722,0.694,1,less50
70691,2010,12,963.1388888888889,6.870197626620775,1,WC,0,NoSA,finance,4,good,36,0.833,0.722,1,less50
70691,2011,13,902.9444444444445,6.805661028207012,1,WC,0,NoSA,finance,4,good,36,0.75,0.778,1,less50
70691,2012,14,1013.6129032258065,6.9212763590223965,1,WC,0,NoSA,finance,5,very good,31,0.774,0.71,1,less50
70691,2013,15,1083.53125,6.987980662277159,1,WC,0,NoSA,finance,5,very good,32,0.781,0.688,1,less50
70691,2014,16,1048.5806451612902,6.955192762177975,1,WC,0,NoSA,finance,5,very good,31,0.968,0.677,1,less50
70691,2016,18,1681.3103448275863,7.427328735540269,1,WC,0,NoSA,finance,3,satisfactory,29,0.862,0.69,1,less50
70691,2017,19,1382.4137931034484,7.231586375650079,1,WC,0,NoSA,finance,2,sufficient,29,0.931,0.69,1,less50
70691,2018,20,1747.6129032258063,7.466006080447715,1,WC,0,NoSA,finance,4,good,31,0.871,0.613,1,less50
70691,2019,21,1793.4137931034484,7.491876229524085,1,WC,0,NoSA,finance,2,sufficient,29,0.897,0.586,1,less50
70691,2021,23,1791.9615384615386,7.491066130392456,1,WC,0,NoSA,finance,1,unsatisfactory,26,0.077,0.538,1,less50
70732,2011,13,1047.8260869565217,6.954472903549597,0,NoWC,0,NoSA,buservices,5,very good,276,0.728,0.522,4,more250
70732,2012,14,978.3142857142857,6.885830973947266,0,NoWC,0,NoSA,buservices,4,good,280,0.893,0.539,4,more250
70732,2013,15,1055.6702127659576,6.961931116973784,0,NoWC,0,NoSA,buservices,4,good,282,0.429,0.546,4,more250
70777,2009,11,1529.563725490196,7.332737826985986,0,NoWC,1,SA,buservices,2,sufficient,204,0.015,0.436,3,less250
70777,2010,12,1338.8453608247423,7.199562850466772,0,NoWC,1,SA,buservices,1,unsatisfactory,194,0.005,0.531,3,less250
70777,2011,13,1865.8064516129032,7.5314486523475,0,NoWC,0,NoSA,buservices,2,sufficient,155,0.013,0.477,3,less250
70816,2007,9,406.7647058823529,6.008234900042642,1,WC,0,NoSA,art,3,satisfactory,51,0.725,0.098,2,less100
70816,2008,10,467.7843137254902,6.1480073215773725,1,WC,0,NoSA,art,5,very good,51,0.333,0.098,2,less100
70816,2009,11,563.7391304347826,6.334591609805791,1,WC,0,NoSA,art,3,satisfactory,46,0.696,0.087,1,less50
70822,2014,16,749.1666666666666,6.618961477677666,1,WC,0,NoSA,wholesretail,4,good,90,0.033,0.4,2,less100
70822,2015,17,527.7802197802198,6.268679946633759,1,WC,0,NoSA,wholesretail,4,good,91,0.033,0.385,2,less100
70822,2016,18,988.7977528089888,6.8964898140562125,1,WC,0,NoSA,wholesretail,4,good,89,0.045,0.382,2,less100
70822,2017,19,1269.3295454545455,7.146244123090489,1,WC,0,NoSA,wholesretail,4,good,88,0.057,0.432,2,less100
70822,2019,21,951.2871287128713,6.857815939912606,1,WC,0,NoSA,wholesretail,4,good,101,0.05,0.267,3,less250
70822,2020,22,723.5045871559633,6.5841068862808285,1,WC,0,NoSA,construction,5,very good,109,0.083,0.275,3,less250
70822,2021,23,576.6173913043478,6.357178946567598,1,WC,0,NoSA,construction,5,very good,115,0.061,0.27,3,less250
70831,2015,17,2674.2361111111113,7.891419052608619,0,NoWC,0,NoSA,public,3,satisfactory,72,0.403,0.861,2,less100
70831,2016,18,2962.230769230769,7.993697901729036,0,NoWC,0,NoSA,public,3,satisfactory,78,0.192,0.821,2,less100
70831,2017,19,2861.5833333333335,7.95913036368034,0,NoWC,0,NoSA,public,4,good,84,0.083,0.833,2,less100
70831,2018,20,2489.9166666666665,7.820004521696572,0,NoWC,0,NoSA,public,4,good,84,0.143,0.929,2,less100
70831,2019,21,4028.440476190476,8.301134601432398,0,NoWC,0,NoSA,public,4,good,84,0.155,0.798,2,less100
70831,2020,22,3069.2619047619046,8.029192389773604,0,NoWC,0,NoSA,public,4,good,84,0.155,0.845,2,less100
70831,2021,23,2854.977011494253,7.95681907004167,0,NoWC,0,NoSA,public,4,good,87,0.092,0.713,2,less100
70836,1998,0,2009.7696707589287,7.60577540282477,0,NoWC,0,NoSA,manufacturing,2,sufficient,112,0.018,0.83,3,less250
70836,1999,1,2134.625942887931,7.666046707918581,0,NoWC,0,NoSA,manufacturing,3,satisfactory,116,0.009,0.828,3,less250
70836,2000,2,1952.0118856837607,7.576615855931837,0,NoWC,0,NoSA,manufacturing,3,satisfactory,117,0.009,0.838,3,less250
70836,2001,3,1695.124875,7.435511689667232,0,NoWC,0,NoSA,manufacturing,2,sufficient,125,0.016,0.776,3,less250
70836,2002,4,2145.063492063492,7.6709244309536455,0,NoWC,1,SA,manufacturing,2,sufficient,126,0.032,0.77,3,less250
70836,2004,6,1990.1544715447155,7.595967538597777,1,WC,0,NoSA,manufacturing,3,satisfactory,123,0.033,0.805,3,less250
70837,2002,4,2477.8761061946902,7.815157063439046,0,NoWC,0,NoSA,manufacturing,2,sufficient,226,0.022,0.23,3,less250
70837,2003,5,2088.705069124424,7.644299568786283,0,NoWC,0,NoSA,manufacturing,2,sufficient,217,0.032,0.281,3,less250
70837,2004,6,2140.555,7.668820420185982,0,NoWC,0,NoSA,manufacturing,2,sufficient,200,0.045,0.275,3,less250
70837,2005,7,2170.8368421052633,7.682868013717088,0,NoWC,0,NoSA,manufacturing,2,sufficient,190,0.074,0.263,3,less250
70842,2011,13,1491,7.307202314764738,1,WC,0,NoSA,health,4,good,24,0.083,0.125,1,less50
70842,2012,14,1807.25,7.499561631880407,1,WC,0,NoSA,health,4,good,24,0.208,0.125,1,less50
70842,2013,15,2218,7.704361167910313,1,WC,0,NoSA,health,4,good,22,0.5,0.136,1,less50
70842,2014,16,2259.0833333333335,7.722714405266724,1,WC,0,NoSA,health,4,good,24,0.458,0.125,1,less50
70857,1999,1,2189.495675223214,7.691426511004615,0,NoWC,0,NoSA,finance,5,very good,224,0.424,0.629,3,less250
70857,2001,3,1768.9021739130435,7.478114392411928,0,NoWC,0,NoSA,finance,4,good,253,0.328,0.739,4,more250
70857,2002,4,3253.3473053892217,8.087439685419117,0,NoWC,0,NoSA,finance,4,good,167,0.479,0.689,3,less250
70857,2003,5,1804.171052631579,7.497856514659493,0,NoWC,0,NoSA,finance,5,very good,228,0.408,0.662,3,less250
70867,2000,2,2086.5220588235293,7.643253872141325,1,WC,0,NoSA,construction,3,satisfactory,34,0.118,0.5,1,less50
70867,2001,3,2040.5057444852941,7.620952970076053,1,WC,0,NoSA,construction,1,unsatisfactory,34,0.118,0.529,1,less50
70867,2002,4,3283.84375,8.096769890268652,1,WC,0,NoSA,construction,1,unsatisfactory,32,0.156,0.562,1,less50
70869,2001,3,1141.72119140625,7.040292219783781,0,NoWC,0,NoSA,health,3,satisfactory,80,0.013,0.112,2,less100
70869,2002,4,1422.841463414634,7.260411181774103,0,NoWC,0,NoSA,health,2,sufficient,82,0.232,0.11,2,less100
70869,2004,6,1413.0357142857142,7.25349565786809,0,NoWC,0,NoSA,health,3,satisfactory,84,0.25,0.107,2,less100
70869,2005,7,1258.8271604938273,7.137935741454009,0,NoWC,0,NoSA,health,3,satisfactory,81,0.074,0.136,2,less100
70869,2006,8,1289.1829268292684,7.161763906624664,0,NoWC,0,NoSA,health,3,satisfactory,82,0.085,0.146,2,less100
70869,2007,9,879.9662921348314,6.779883602346383,0,NoWC,0,NoSA,health,3,satisfactory,89,0.079,0.135,2,less100
70881,2012,14,2395.6521739130435,7.781410779211856,0,NoWC,0,NoSA,manufacturing,2,sufficient,138,0.036,0.08,3,less250
70881,2013,15,2222.222222222222,7.706262975199909,1,WC,0,NoSA,manufacturing,2,sufficient,144,0.062,0.042,3,less250
70881,2014,16,2164.3835616438355,7.679890870860713,1,WC,0,NoSA,manufacturing,3,satisfactory,146,0.144,0.301,3,less250
70881,2015,17,3846.953020134228,8.255036690599283,0,NoWC,0,NoSA,manufacturing,2,sufficient,149,0.141,0.248,3,less250
70881,2016,18,3793.8445945945946,8.241135188821723,0,NoWC,0,NoSA,manufacturing,1,unsatisfactory,148,0.081,0.047,3,less250
70888,2013,15,1788.8370786516855,7.489321010972522,0,NoWC,0,NoSA,art,4,good,178,0.006,0.376,3,less250
70888,2014,16,1903.6144578313254,7.551509704212506,0,NoWC,0,NoSA,art,4,good,166,0.006,0.361,3,less250
70888,2015,17,3179.4742857142855,8.064471143149765,0,NoWC,0,NoSA,art,3,satisfactory,175,0.006,0.371,3,less250
70888,2017,19,3156.4422110552764,8.057200789721595,0,NoWC,0,NoSA,art,1,unsatisfactory,199,0.005,0.317,3,less250
70888,2018,20,3267.03743315508,8.091638869495355,0,NoWC,0,NoSA,art,4,good,187,0.005,0.289,3,less250
70888,2019,21,5154.3966480446925,8.547605347514716,0,NoWC,0,NoSA,art,2,sufficient,179,0.006,0.318,3,less250
70916,2002,4,3992.2297297297296,8.292105183303047,0,NoWC,0,NoSA,public,4,good,74,0.608,0.973,2,less100
70916,2004,6,3578.654761904762,8.182742243946379,0,NoWC,0,NoSA,public,2,sufficient,84,0.679,0.964,2,less100
70916,2010,12,2473.6761904761906,7.813460659372576,0,NoWC,0,NoSA,public,4,good,105,0.876,0.971,3,less250
70916,2011,13,2754.285714285714,7.920913419109223,0,NoWC,0,NoSA,public,4,good,105,0.848,0.971,3,less250
70916,2012,14,2492.8110236220473,7.821166277851362,0,NoWC,0,NoSA,public,3,satisfactory,127,0.858,0.961,3,less250
70916,2013,15,2539.6825396825398,7.839794367824432,0,NoWC,0,NoSA,public,4,good,126,0.794,0.96,3,less250
70916,2014,16,2488.1889763779527,7.819310406110458,0,NoWC,0,NoSA,public,2,sufficient,127,0.787,0.969,3,less250
70916,2015,17,2587.4538461538464,7.858429600179311,0,NoWC,0,NoSA,public,3,satisfactory,130,0.715,0.962,3,less250
70916,2016,18,2525.686567164179,7.834268212537031,0,NoWC,0,NoSA,public,3,satisfactory,134,0.866,0.97,3,less250
70916,2017,19,3020.2442748091603,8.01309299279624,0,NoWC,0,NoSA,public,3,satisfactory,131,0.771,0.954,3,less250
70916,2020,22,2056.660606060606,7.628838881416904,0,NoWC,0,NoSA,buservices,3,satisfactory,165,0.618,0.964,3,less250
70916,2021,23,2182.9454545454546,7.688430369772113,0,NoWC,0,NoSA,buservices,4,good,165,0.703,0.97,3,less250
70918,2009,11,811.7391304347826,6.699179020606619,1,WC,0,NoSA,buservices,3,satisfactory,23,0.13,0.913,1,less50
70918,2010,12,680,6.522092798170152,1,WC,0,NoSA,buservices,3,satisfactory,23,0.043,0.913,1,less50
70918,2012,14,765.2380952380952,6.640187021008135,1,WC,0,NoSA,buservices,3,satisfactory,21,0.238,0.952,1,less50
70929,2006,8,2030.7519379844962,7.6161614162501925,0,NoWC,0,NoSA,manufacturing,1,unsatisfactory,129,0.093,0.14,3,less250
70929,2007,9,2023.378787878788,7.612524060312069,0,NoWC,0,NoSA,manufacturing,1,unsatisfactory,132,0.159,0.136,3,less250
70929,2008,10,1958.2076923076922,7.579784891166618,0,NoWC,0,NoSA,manufacturing,1,unsatisfactory,130,0.146,0.146,3,less250
70929,2009,11,1551.3478260869565,7.346879397277879,0,NoWC,0,NoSA,manufacturing,1,unsatisfactory,115,0.139,0.148,3,less250
70929,2010,12,1673.2264150943397,7.422509026614321,0,NoWC,0,NoSA,manufacturing,1,unsatisfactory,106,0.17,0.151,3,less250
70929,2011,13,1615.7787610619469,7.387572324425208,0,NoWC,0,NoSA,manufacturing,1,unsatisfactory,113,0.239,0.15,3,less250
70929,2012,14,1490.4375,7.306824980001441,0,NoWC,0,NoSA,manufacturing,1,unsatisfactory,112,0.259,0.152,3,less250
70929,2013,15,0.9203539823008849,-0.08299691957096791,0,NoWC,0,NoSA,manufacturing,1,unsatisfactory,113,0.301,0.142,3,less250
70930,2000,2,2202.2820723684213,7.697249407338699,1,WC,0,NoSA,wholesretail,3,satisfactory,38,0.053,0.184,1,less50
70930,2001,3,2001.7515625,7.601777857519442,1,WC,0,NoSA,wholesretail,4,good,35,0.114,0.171,1,less50
70930,2002,4,2446.9333333333334,7.8025908188268875,1,WC,0,NoSA,wholesretail,3,satisfactory,30,0.1,0.133,1,less50
70957,2019,21,567.4285714285714,6.34111487610975,1,WC,0,NoSA,health,4,good,21,0.333,0.333,1,less50
70957,2020,22,1323.952380952381,7.188376769802109,1,WC,0,NoSA,health,4,good,21,0.333,0.476,1,less50
70957,2021,23,1241.2,7.123833932574225,1,WC,0,NoSA,health,3,satisfactory,20,0.35,0.55,1,less50
70972,2016,18,1068.6818181818182,6.974181222362659,0,NoWC,0,NoSA,construction,4,good,22,0.5,0.045,1,less50
70972,2017,19,1202.2727272727273,7.09196898392813,0,NoWC,0,NoSA,construction,3,satisfactory,22,0.5,0.091,1,less50
70972,2018,20,1332.32,7.194677062487509,0,NoWC,0,NoSA,construction,4,good,25,0.48,0,1,less50
70979,2014,16,2814.3,7.942468841800015,1,WC,0,NoSA,manufacturing,3,satisfactory,20,0.65,0.05,1,less50
70979,2015,17,2140.03125,7.668575710713015,1,WC,0,NoSA,manufacturing,4,good,32,0.125,0.031,1,less50
70979,2017,19,2453.5,7.805270855529958,1,WC,0,NoSA,manufacturing,5,very good,26,0.385,0.038,1,less50
70979,2018,20,3908.75,8.270972908772052,1,WC,0,NoSA,manufacturing,4,good,24,0.5,0.042,1,less50
70979,2019,21,5628.56,8.635608915771797,1,WC,0,NoSA,manufacturing,4,good,25,0.6,0.04,1,less50
70979,2020,22,1507.642857142857,7.3183026883853595,1,WC,0,NoSA,manufacturing,4,good,28,0.464,0.071,1,less50
70979,2021,23,1980.4074074074074,7.591057863839497,1,WC,0,NoSA,manufacturing,4,good,27,0.481,0.074,1,less50
71005,2012,14,2845.8,7.953599502111591,1,WC,0,NoSA,buservices,1,unsatisfactory,20,0.5,0.4,1,less50
71005,2013,15,3252.35,8.087133090952692,1,WC,1,SA,buservices,4,good,20,0.3,0.55,1,less50
71005,2014,16,2636.15625,7.877077169282979,1,WC,1,SA,buservices,5,very good,32,0.188,0.594,1,less50
71005,2015,17,2235.967741935484,7.71242940748733,1,WC,1,SA,buservices,3,satisfactory,31,0.194,0.581,1,less50
71005,2016,18,1950.2972972972973,7.575737100089385,1,WC,1,SA,buservices,4,good,37,0.27,0.595,1,less50
71005,2017,19,1880.25,7.539160025706512,1,WC,1,SA,buservices,4,good,40,0.15,0.55,1,less50
71014,2001,3,697.749765625,6.547860536515264,1,WC,0,NoSA,resthotels,5,very good,25,0.52,0.88,1,less50
71014,2002,4,521.675,6.2570447886194485,1,WC,0,NoSA,resthotels,3,satisfactory,40,0.3,0.875,1,less50
71014,2003,5,535.0526315789474,6.282365118840407,1,WC,0,NoSA,resthotels,3,satisfactory,38,0.289,0.816,1,less50
71014,2004,6,640.35,6.462014901872081,1,WC,0,NoSA,resthotels,4,good,40,0.075,0.9,1,less50
71019,2009,11,1624.8866995073893,7.393193368952982,1,WC,0,NoSA,health,4,good,203,0.212,0.389,3,less250
71019,2010,12,1279.487684729064,7.154215030488312,1,WC,0,NoSA,health,3,satisfactory,203,0.202,0.379,3,less250
71019,2011,13,1571.7391304347825,7.359938011657761,1,WC,0,NoSA,health,3,satisfactory,184,0.147,0.413,3,less250
71027,2004,6,900.9009009009009,6.803395263657894,0,NoWC,1,SA,public,5,very good,555,0.068,0.732,4,more250
71027,2005,7,1029.5149700598802,6.936843067459627,0,NoWC,1,SA,public,4,good,501,0.082,0.615,4,more250
71027,2006,8,1074.956873315364,6.980035821910848,0,NoWC,1,SA,public,4,good,371,0.121,0.59,4,more250
71027,2007,9,1136.9350282485875,7.03609134897672,0,NoWC,1,SA,public,4,good,354,0.136,0.669,4,more250
71027,2008,10,1394.847014925373,7.240540021521469,0,NoWC,1,SA,public,4,good,268,0.179,0.668,4,more250
71027,2010,12,1510.093023255814,7.3199265327166465,0,NoWC,1,SA,public,3,satisfactory,172,0.326,0.744,3,less250
71027,2011,13,1606.6666666666667,7.381916918376536,0,NoWC,1,SA,public,3,satisfactory,180,0.394,0.733,3,less250
71027,2012,14,2079.245283018868,7.63976026214883,0,NoWC,1,SA,public,1,unsatisfactory,159,0.434,0.736,3,less250
71027,2013,15,2091.503267973856,7.6456383533834735,0,NoWC,1,SA,public,3,satisfactory,153,0.458,0.791,3,less250
71027,2015,17,6272.5887096774195,8.743944420775472,0,NoWC,1,SA,public,4,good,124,0.54,0.5,3,less250
71027,2016,18,5125.164473684211,8.541917895917846,0,NoWC,1,SA,public,2,sufficient,152,0.447,0.783,3,less250
71027,2017,19,5424.902597402597,8.598755223851644,0,NoWC,1,SA,public,2,sufficient,154,0.474,0.76,3,less250
71027,2018,20,5297.543046357616,8.574998415896626,0,NoWC,1,SA,public,3,satisfactory,151,0.536,0.795,3,less250
71027,2019,21,7159.408,8.876182574972136,0,NoWC,1,SA,public,1,unsatisfactory,125,0.48,0.832,3,less250
71027,2020,22,7261.357142857143,8.89032202462665,0,NoWC,1,SA,public,3,satisfactory,140,0.679,0.771,3,less250
71027,2021,23,6428.171232876713,8.768445365095744,0,NoWC,1,SA,public,1,unsatisfactory,146,0.603,0.836,3,less250
71037,2000,2,1133.38275,7.032962023926739,1,WC,0,NoSA,manufacturing,4,good,125,0.016,0.144,3,less250
71037,2001,3,1388.9494485294117,7.236302947944769,1,WC,0,NoSA,manufacturing,4,good,102,0.029,0.108,3,less250
71037,2002,4,1857.2934782608695,7.526875587778565,1,WC,0,NoSA,manufacturing,4,good,92,0.011,0.152,2,less100
71037,2003,5,2439.5760869565215,7.799579568339715,1,WC,0,NoSA,manufacturing,2,sufficient,92,0.022,0.12,2,less100
71037,2004,6,3017.173333333333,8.01207568972397,1,WC,0,NoSA,manufacturing,3,satisfactory,75,0.027,0.067,2,less100
71037,2005,7,2530.4794520547944,7.836164070508457,1,WC,0,NoSA,manufacturing,4,good,73,0.027,0.11,2,less100
71037,2006,8,5057.952380952381,8.528717012585432,1,WC,0,NoSA,manufacturing,4,good,42,0.071,0.095,1,less50
71037,2007,9,8312.633333333333,9.02553172493572,1,WC,0,NoSA,manufacturing,4,good,30,0.067,0.1,1,less50
71037,2008,10,7504.46875,8.923253955419533,1,WC,0,NoSA,manufacturing,4,good,32,0.062,0.094,1,less50
71037,2009,11,7504.46875,8.923253955419533,1,WC,0,NoSA,manufacturing,3,satisfactory,32,0.062,0.125,1,less50
71037,2010,12,7063.029411764706,8.862629333603099,1,WC,0,NoSA,manufacturing,4,good,34,0.059,0.147,1,less50
71037,2011,13,7117.35294117647,8.870291157354822,1,WC,0,NoSA,manufacturing,4,good,34,0.059,0.147,1,less50
71037,2013,15,6414.055555555556,8.766247041823876,1,WC,0,NoSA,manufacturing,4,good,36,0.056,0.167,1,less50
71037,2014,16,7063.029411764706,8.862629333603099,1,WC,0,NoSA,manufacturing,4,good,34,0.059,0.176,1,less50
71037,2015,17,8116.69696969697,9.00167857326855,1,WC,0,NoSA,manufacturing,4,good,33,0.061,0.152,1,less50
71037,2019,21,7104.807692307692,8.868526973635367,1,WC,0,NoSA,manufacturing,3,satisfactory,26,0.115,0.192,1,less50
71037,2020,22,4926,8.502282578680484,1,WC,0,NoSA,manufacturing,4,good,24,0.167,0.167,1,less50
71037,2021,23,9068.318181818182,9.11254209943466,1,WC,0,NoSA,manufacturing,3,satisfactory,22,0.227,0.182,1,less50
71056,2013,15,1675.392670157068,7.42380284672928,1,WC,0,NoSA,manufacturing,5,very good,191,0.047,0.785,3,less250
71056,2014,16,1519.2307692307693,7.325959412867731,1,WC,0,NoSA,manufacturing,4,good,208,0.038,0.784,3,less250
71056,2015,17,2702.6854460093896,7.902001167329094,1,WC,0,NoSA,manufacturing,4,good,213,0.019,0.596,3,less250
71056,2016,18,2906.2034632034633,7.974602856546288,1,WC,0,NoSA,manufacturing,4,good,231,0.009,0.697,3,less250
71056,2017,19,2999.1974789915967,8.006100024861064,1,WC,0,NoSA,manufacturing,4,good,238,0.021,0.731,3,less250
71056,2018,20,2892.1382113821137,7.969751373071046,1,WC,0,NoSA,manufacturing,4,good,246,0.016,0.752,3,less250
71065,2012,14,1620.107142857143,7.390247563605575,1,WC,0,NoSA,wholesretail,3,satisfactory,28,0.214,0.786,1,less50
71065,2014,16,1463.3225806451612,7.288464869295632,1,WC,0,NoSA,wholesretail,4,good,31,0.129,0.613,1,less50
71065,2015,17,1512.1,7.3212546921186235,1,WC,0,NoSA,wholesretail,4,good,30,0.267,0.733,1,less50
71065,2016,18,2510.0666666666666,7.828064592198075,1,WC,0,NoSA,wholesretail,3,satisfactory,30,0.233,0.667,1,less50
71065,2017,19,2487.6451612903224,7.819091823627702,1,WC,0,NoSA,wholesretail,3,satisfactory,31,0.258,0.677,1,less50
71065,2018,20,2336.878787878788,7.756571466646369,1,WC,0,NoSA,wholesretail,3,satisfactory,33,0.242,0.667,1,less50
71065,2019,21,2206.837837837838,7.699315927271693,1,WC,0,NoSA,wholesretail,3,satisfactory,37,0.216,0.703,1,less50
71065,2021,23,1915.3333333333333,7.557646950871125,1,WC,0,NoSA,wholesretail,4,good,36,0.333,0.556,1,less50
71069,2005,7,9062.514285714286,9.111901875516368,1,WC,0,NoSA,health,1,unsatisfactory,35,0.029,0.4,1,less50
71069,2006,8,8430.021276595744,9.039554574906802,1,WC,1,SA,health,4,good,47,0.085,0.553,1,less50
71069,2007,9,6574.468085106383,8.790948954169824,1,WC,0,NoSA,health,3,satisfactory,47,0.064,0.553,1,less50
71069,2008,10,6769.413043478261,8.820169662513756,1,WC,0,NoSA,health,3,satisfactory,46,0.087,0.348,1,less50
71069,2009,11,6710.979166666667,8.811500145797389,1,WC,0,NoSA,health,3,satisfactory,48,0.042,0.354,1,less50
71080,2016,18,2281.6875,7.732670579765128,1,WC,0,NoSA,public,1,unsatisfactory,48,0.958,0.979,1,less50
71080,2017,19,2046.851851851852,7.624058209740727,1,WC,0,NoSA,public,1,unsatisfactory,54,0.407,0.981,2,less100
71080,2018,20,1821.6031746031747,7.507472257503378,1,WC,0,NoSA,public,3,satisfactory,63,0.603,1,2,less100
71123,2013,15,2611.782608695652,7.867788259021374,1,WC,0,NoSA,wholesretail,4,good,69,0.174,0.087,2,less100
71123,2014,16,2597.2753623188405,7.862218236969414,1,WC,0,NoSA,wholesretail,4,good,69,0.174,0.087,2,less100
71123,2015,17,1741.1884057971015,7.46232315091321,1,WC,0,NoSA,wholesretail,5,very good,69,0.101,0.101,2,less100
71149,2003,5,684.609756097561,6.52884897679437,1,WC,0,NoSA,buservices,2,sufficient,41,0.366,0.146,1,less50
71149,2004,6,690.9333333333333,6.53804334057979,0,NoWC,0,NoSA,buservices,5,very good,45,0.156,0.178,1,less50
71149,2005,7,526.609756097561,6.266459773471606,0,NoWC,0,NoSA,buservices,5,very good,41,0.171,0.146,1,less50
71153,2013,15,3642.4444444444443,8.200410285913087,0,NoWC,0,NoSA,manufacturing,4,good,54,0.074,0.019,2,less100
71153,2014,16,3212.101694915254,8.074680735497976,0,NoWC,0,NoSA,manufacturing,2,sufficient,59,0.085,0.034,2,less100
71153,2015,17,5184.6511627906975,8.553457840250053,0,NoWC,0,NoSA,manufacturing,3,satisfactory,43,0.163,0.07,1,less50
71153,2016,18,5276.695652173913,8.57105535733916,0,NoWC,0,NoSA,manufacturing,3,satisfactory,46,0.109,0.152,1,less50
71161,2002,4,1512.0849056603774,7.321244709700158,0,NoWC,0,NoSA,health,4,good,106,0.019,0.425,3,less250
71161,2004,6,3057.449438202247,8.025336330450672,0,NoWC,0,NoSA,health,5,very good,89,0.022,0.494,2,less100
71161,2005,7,2538.932584269663,7.839499029272474,0,NoWC,0,NoSA,health,4,good,89,0.045,0.404,2,less100
71172,2013,15,774.818401937046,6.6526286818148765,0,NoWC,0,NoSA,health,3,satisfactory,413,0.029,0.225,4,more250
71172,2014,16,748.8151658767772,6.618492178533037,0,NoWC,0,NoSA,health,2,sufficient,422,0.033,0.223,4,more250
71172,2015,17,3644.6058558558557,8.201003505771801,0,NoWC,0,NoSA,health,2,sufficient,444,0.014,0.221,4,more250
71172,2016,18,3705.08843537415,8.217462406642124,0,NoWC,0,NoSA,health,3,satisfactory,441,0.036,0.236,4,more250
71172,2017,19,3501.09409190372,8.160830796315805,0,NoWC,0,NoSA,health,2,sufficient,457,0.009,0.234,4,more250
71172,2018,20,2318.5717391304347,7.748706645397433,0,NoWC,0,NoSA,health,2,sufficient,460,0.03,0.241,4,more250
71172,2019,21,3701.7130620985013,8.216550981241982,0,NoWC,0,NoSA,health,2,sufficient,467,0.021,0.24,4,more250
71172,2021,23,3686.6632860040568,8.212477069410705,0,NoWC,0,NoSA,buservices,4,good,493,0.008,0.205,4,more250
71178,2018,20,1700,7.438383530044307,1,WC,0,NoSA,resthotels,5,very good,120,0.067,0.25,3,less250
71178,2019,21,2170.527397260274,7.682725457217125,1,WC,0,NoSA,resthotels,4,good,146,0.055,0.185,3,less250
71178,2020,22,1406.296089385475,7.2487146400897675,1,WC,0,NoSA,transcom,4,good,179,0.056,0.184,3,less250
71178,2021,23,1256.0555555555557,7.135731578180152,1,WC,0,NoSA,transcom,3,satisfactory,180,0.067,0.183,3,less250
71218,2015,17,2641.804347826087,7.879217427770106,1,WC,0,NoSA,transcom,5,very good,46,0.087,0.391,1,less50
71218,2016,18,2261.4,7.7237393695011445,1,WC,0,NoSA,transcom,5,very good,45,0.089,0.378,1,less50
71218,2017,19,2963.9736842105262,7.994286107905081,1,WC,0,NoSA,transcom,4,good,38,0.132,0.368,1,less50
71218,2018,20,3218.0285714285715,8.076524206142054,1,WC,0,NoSA,transcom,4,good,35,0.114,0.314,1,less50
71221,1998,0,4954.829391891892,8.508118014666142,0,NoWC,0,NoSA,manufacturing,3,satisfactory,148,0.034,0.534,3,less250
71221,1999,1,5513.644736842105,8.614981160208504,0,NoWC,0,NoSA,manufacturing,4,good,133,0.038,0.459,3,less250
71221,2000,2,5046.945564516129,8.526538500571005,0,NoWC,0,NoSA,manufacturing,4,good,124,0.04,0.444,3,less250
71243,2007,9,413.39285714285717,6.024398368779231,1,WC,0,NoSA,manufacturing,4,good,28,0.036,0.071,1,less50
71243,2010,12,434.0769230769231,6.073221760507604,0,NoWC,0,NoSA,manufacturing,4,good,26,0.077,0.077,1,less50
71243,2011,13,464.44444444444446,6.140841948182582,0,NoWC,0,NoSA,manufacturing,4,good,27,0.074,0.074,1,less50
71243,2019,21,2710.1428571428573,7.904756627297232,0,NoWC,0,NoSA,manufacturing,4,good,21,0.048,0.095,1,less50
71243,2020,22,2411.5454545454545,7.788023088406838,0,NoWC,0,NoSA,manufacturing,4,good,22,0.045,0.091,1,less50
71273,2015,17,1829.1666666666667,7.511615768715317,1,WC,0,NoSA,construction,4,good,24,0.542,0.083,1,less50
71273,2016,18,2159.0833333333335,7.677439027886331,1,WC,0,NoSA,construction,5,very good,24,0.5,0.083,1,less50
71273,2017,19,2423,7.792761720816526,1,WC,0,NoSA,construction,5,very good,22,0.727,0.091,1,less50
71273,2018,20,1997.1818181818182,7.599492374930809,1,WC,0,NoSA,construction,4,good,22,0.909,0.091,1,less50
71301,2000,2,1578.4448702830189,7.364195382005194,1,WC,0,NoSA,construction,5,very good,106,0.651,0.113,3,less250
71301,2001,3,1149.1432542067307,7.046771947367642,1,WC,0,NoSA,construction,3,satisfactory,104,0.5,0.106,3,less250
71301,2002,4,1283.2941176470588,7.157185580469208,1,WC,0,NoSA,construction,3,satisfactory,102,0.52,0.127,3,less250
71310,2004,6,1259.7708333333333,7.13868510509678,0,NoWC,0,NoSA,art,3,satisfactory,48,0.229,0.979,1,less50
71310,2005,7,2412.340425531915,7.788352686168237,0,NoWC,0,NoSA,art,3,satisfactory,47,0.277,0.957,1,less50
71310,2006,8,4724.176470588235,8.46044853279824,0,NoWC,0,NoSA,art,3,satisfactory,34,0.265,0.941,1,less50
71317,2019,21,3740.2413793103447,8.226905428248518,1,WC,0,NoSA,wholesretail,2,sufficient,29,0.172,0.034,1,less50
71317,2020,22,1621.148148148148,7.390889910618282,1,WC,0,NoSA,wholesretail,2,sufficient,27,0.148,0.037,1,less50
71317,2021,23,1558.448275862069,7.351445910246038,1,WC,0,NoSA,wholesretail,3,satisfactory,29,0.345,0.034,1,less50
71361,2003,5,1092.878787878788,6.996570583471293,0,NoWC,0,NoSA,manufacturing,5,very good,33,0.061,0.121,1,less50
71361,2004,6,1585.0833333333333,7.368392261164841,0,NoWC,0,NoSA,manufacturing,4,good,36,0.056,0.194,1,less50
71361,2005,7,1318.2777777777778,7.184081449895593,0,NoWC,0,NoSA,manufacturing,3,satisfactory,36,0.056,0.167,1,less50
71361,2006,8,1534.3333333333333,7.335851255149132,0,NoWC,0,NoSA,manufacturing,3,satisfactory,36,0.028,0.111,1,less50
71361,2007,9,2508.6857142857143,7.827514275182617,0,NoWC,0,NoSA,manufacturing,3,satisfactory,35,0.029,0.2,1,less50
71361,2008,10,1650,7.408530566894626,0,NoWC,0,NoSA,manufacturing,3,satisfactory,35,0.057,0.2,1,less50
71361,2015,17,986.3404255319149,6.894001554174564,1,WC,0,NoSA,manufacturing,3,satisfactory,47,0.064,0.277,1,less50
71361,2016,18,1005.204081632653,6.912945866179153,0,NoWC,0,NoSA,manufacturing,4,good,49,0.102,0.265,1,less50
71361,2017,19,1287.7111111111112,7.160621588891352,0,NoWC,0,NoSA,manufacturing,4,good,45,0.133,0.222,1,less50
71361,2018,20,1143.22,7.041604121214201,0,NoWC,0,NoSA,manufacturing,4,good,50,0.12,0.22,1,less50
71361,2019,21,1394.2745098039215,7.24012949431825,0,NoWC,0,NoSA,manufacturing,3,satisfactory,51,0.078,0.216,2,less100
71361,2020,22,1916.4565217391305,7.558233198280533,0,NoWC,0,NoSA,manufacturing,4,good,46,0.239,0.217,1,less50
71361,2021,23,187.07142857142858,5.231490514892453,0,NoWC,0,NoSA,manufacturing,1,unsatisfactory,42,0.214,0.262,1,less50
71370,2015,17,1462.4294736842105,7.287854354821332,0,NoWC,0,NoSA,resthotels,1,unsatisfactory,475,0.006,0.562,4,more250
71370,2016,18,1977.4433198380566,7.589560036696546,0,NoWC,1,SA,resthotels,1,unsatisfactory,494,0.008,0.599,4,more250
71370,2018,20,2707.9143389199253,7.903934000932113,0,NoWC,0,NoSA,resthotels,1,unsatisfactory,537,0.013,0.605,4,more250
71376,2005,7,280.92045454545456,5.638071549349651,0,NoWC,0,NoSA,manufacturing,4,good,88,0.148,0.068,2,less100
71376,2006,8,185.43956043956044,5.2227290092238805,1,WC,0,NoSA,manufacturing,1,unsatisfactory,91,0.132,0.198,2,less100
71376,2009,11,368.8783783783784,5.9104669918206305,0,NoWC,0,NoSA,manufacturing,1,unsatisfactory,74,0.243,0.081,2,less100
71376,2012,14,570.4285714285714,6.346387958007908,0,NoWC,0,NoSA,manufacturing,2,sufficient,56,0.339,0.107,2,less100
71376,2013,15,554.1034482758621,6.317351399055279,0,NoWC,0,NoSA,manufacturing,4,good,58,0.31,0.086,2,less100
71376,2014,16,804.0222222222222,6.689626908376878,0,NoWC,0,NoSA,manufacturing,4,good,45,0.4,0.089,1,less50
71376,2015,17,956.9565217391304,6.863757958591358,0,NoWC,0,NoSA,manufacturing,3,satisfactory,46,0.435,0.109,1,less50
71376,2016,18,959.3695652173913,6.866276365839533,0,NoWC,0,NoSA,manufacturing,4,good,46,0.435,0.109,1,less50
71376,2017,19,895.5490196078431,6.797436959933181,0,NoWC,0,NoSA,manufacturing,4,good,51,0.392,0.098,2,less100
71376,2018,20,858.9107142857143,6.755664975121798,0,NoWC,0,NoSA,manufacturing,4,good,56,0.375,0.107,2,less100
71376,2019,21,736.6379310344828,6.602096497437373,0,NoWC,0,NoSA,manufacturing,3,satisfactory,58,0.362,0.172,2,less100
71376,2020,22,787.6346153846154,6.669034296262122,0,NoWC,0,NoSA,manufacturing,4,good,52,0.404,0.115,2,less100
71376,2021,23,744.1153846153846,6.612196109657005,0,NoWC,0,NoSA,manufacturing,2,sufficient,52,0.404,0.115,2,less100
71382,2016,18,1737.578431372549,7.460247716778453,0,NoWC,0,NoSA,public,1,unsatisfactory,306,0.01,0.739,4,more250
71382,2017,19,1964.0228758169935,7.5827501364112395,0,NoWC,0,NoSA,public,1,unsatisfactory,306,0.01,0.739,4,more250
71382,2018,20,1980.6677631578948,7.591189320951342,0,NoWC,1,SA,public,1,unsatisfactory,304,0.023,0.737,4,more250
71403,2009,11,321.1689189189189,5.7719672118827985,1,WC,0,NoSA,buservices,4,good,148,0.02,0.466,3,less250
71403,2010,12,1729.3648648648648,7.455509489947141,1,WC,0,NoSA,buservices,4,good,148,0.02,0.473,3,less250
71403,2011,13,1545.837837837838,7.343321332208514,1,WC,0,NoSA,buservices,3,satisfactory,148,0.02,0.486,3,less250
71403,2012,14,994.9319727891157,6.902674365765157,1,WC,0,NoSA,buservices,4,good,147,0.02,0.49,3,less250
71436,1999,1,2174.5965544871797,7.684598434127178,0,NoWC,0,NoSA,public,2,sufficient,78,0.385,0.449,2,less100
71436,2000,2,2120.5609567901233,7.659435934924547,0,NoWC,0,NoSA,public,1,unsatisfactory,81,0.42,0.432,2,less100
71436,2001,3,2068.518673780488,7.634588013552516,0,NoWC,0,NoSA,public,3,satisfactory,82,0.463,0.451,2,less100
71439,2011,13,917.9090909090909,6.8220983562059505,1,WC,0,NoSA,transcom,4,good,22,0.136,0.091,1,less50
71439,2015,17,1538.5714285714287,7.338609621095121,1,WC,0,NoSA,transcom,4,good,21,0.048,0.095,1,less50
71439,2016,18,1295.0434782608695,7.1662995475166635,1,WC,0,NoSA,transcom,4,good,23,0.13,0.043,1,less50
71439,2020,22,2570.090909090909,7.851696550450773,1,WC,0,NoSA,transcom,4,good,22,0.045,0.045,1,less50
71461,2000,2,3493.5858004385964,8.15868393771341,1,WC,0,NoSA,public,3,satisfactory,57,0.123,0.965,2,less100
71461,2001,3,3336.5334134615387,8.112687646818179,1,WC,0,NoSA,public,2,sufficient,65,0.246,0.954,2,less100
71461,2002,4,2776.75,7.9290364580472295,1,WC,0,NoSA,public,2,sufficient,68,0.765,0.912,2,less100
71469,2005,7,2823.7166666666667,7.945809263079219,0,NoWC,1,SA,health,3,satisfactory,60,0.017,0.417,2,less100
71469,2006,8,2272.6666666666665,7.7287091640297385,0,NoWC,1,SA,health,3,satisfactory,60,0.033,0.683,2,less100
71469,2007,9,2272.6666666666665,7.7287091640297385,0,NoWC,1,SA,health,4,good,60,0.033,0.633,2,less100
71473,2012,14,522.1428571428571,6.257941223128565,0,NoWC,0,NoSA,edu,2,sufficient,21,0.333,0.19,1,less50
71473,2014,16,874,6.773080375655535,0,NoWC,0,NoSA,edu,3,satisfactory,23,0.304,0.174,1,less50
71473,2015,17,563.5909090909091,6.3343286498215265,0,NoWC,0,NoSA,edu,3,satisfactory,22,0.591,0.182,1,less50
71473,2016,18,881.75,6.781908569116162,0,NoWC,0,NoSA,edu,3,satisfactory,20,0.7,0.2,1,less50
71473,2019,21,946.9,6.8531934909894545,0,NoWC,0,NoSA,edu,1,unsatisfactory,20,0.7,0.2,1,less50
71473,2020,22,1003.25,6.911000009147026,0,NoWC,0,NoSA,buservices,1,unsatisfactory,20,0.75,0.2,1,less50
71473,2021,23,1000.5,6.908255154023788,0,NoWC,0,NoSA,buservices,1,unsatisfactory,20,0.8,0.2,1,less50
71479,2004,6,10110.51282051282,9.221331034814426,1,WC,1,SA,wholesretail,3,satisfactory,39,0.103,0.615,1,less50
71479,2005,7,9895.421052631578,9.199827409191139,1,WC,0,NoSA,wholesretail,2,sufficient,38,0.132,0.658,1,less50
71479,2006,8,6880.210526315789,8.836404530214429,1,WC,0,NoSA,wholesretail,3,satisfactory,57,0.07,0.491,2,less100
71479,2007,9,6006.418181818181,8.70058387346176,1,WC,0,NoSA,wholesretail,2,sufficient,55,0.073,0.418,2,less100
71491,1999,1,1024.540994623656,6.931999981152349,0,NoWC,0,NoSA,public,5,very good,93,0.71,0.774,2,less100
71491,2000,2,886.8059244791667,6.7876261584586395,0,NoWC,0,NoSA,public,3,satisfactory,120,0.383,0.85,3,less250
71491,2001,3,655.1171875,6.484814131846111,0,NoWC,0,NoSA,public,4,good,141,0.383,0.83,3,less250
71491,2002,4,524.0266666666666,6.261542573611402,0,NoWC,0,NoSA,public,4,good,150,0.3,0.753,3,less250
71524,1998,0,903.8451126453489,6.8066580101432566,1,WC,0,NoSA,manufacturing,4,good,86,0.023,0.058,2,less100
71524,1999,1,1706.5999348958333,7.442258327954021,1,WC,0,NoSA,manufacturing,4,good,72,0.028,0.069,2,less100
71524,2001,3,1265.3002996575342,7.143064764022451,1,WC,0,NoSA,manufacturing,2,sufficient,73,0.027,0.068,2,less100
71524,2002,4,1393.8055555555557,7.2397930949023115,1,WC,0,NoSA,manufacturing,3,satisfactory,72,0.028,0.056,2,less100
71524,2003,5,938.5975609756098,6.844386804779922,1,WC,0,NoSA,manufacturing,3,satisfactory,82,0.012,0.061,2,less100
71524,2004,6,1395.280701754386,7.240850893909076,1,WC,0,NoSA,manufacturing,3,satisfactory,57,0.053,0.088,2,less100
71527,2013,15,1541.142857142857,7.340279535204307,1,WC,0,NoSA,manufacturing,3,satisfactory,21,0.095,0.143,1,less50
71527,2014,16,1681.2727272727273,7.427306361339213,1,WC,0,NoSA,manufacturing,3,satisfactory,22,0.045,0.136,1,less50
71527,2016,18,1871.3809523809523,7.5344319145175715,1,WC,0,NoSA,manufacturing,4,good,21,0.048,0.095,1,less50
71527,2017,19,1805.3333333333333,7.498500525924001,1,WC,0,NoSA,manufacturing,3,satisfactory,21,0.048,0.095,1,less50
71563,2004,6,1391.673076923077,7.238261954778508,1,WC,0,NoSA,buservices,2,sufficient,52,0.173,0.135,2,less100
71563,2005,7,841.5192307692307,6.735208866333765,1,WC,0,NoSA,buservices,3,satisfactory,52,0.173,0.135,2,less100
71563,2006,8,1257.5384615384614,7.136911487222631,1,WC,0,NoSA,buservices,2,sufficient,52,0.308,0.135,2,less100
71563,2007,9,1108.7307692307693,7.010971188923896,1,WC,0,NoSA,buservices,2,sufficient,52,0.308,0.135,2,less100
71563,2008,10,1268.78,7.145811087830748,1,WC,0,NoSA,buservices,3,satisfactory,50,0.36,0.14,1,less50
71563,2009,11,1141.12,7.039765515234721,1,WC,0,NoSA,manufacturing,1,unsatisfactory,50,0.5,0.14,1,less50
71596,2000,2,4467.366987179487,8.404554473155423,0,NoWC,0,NoSA,finance,4,good,39,0.026,0.487,1,less50
71596,2001,3,3877.45859375,8.262935216399223,0,NoWC,0,NoSA,finance,4,good,40,0.05,0.425,1,less50
71596,2002,4,4524.925,8.417356281411031,0,NoWC,0,NoSA,finance,4,good,40,0.05,0.425,1,less50
71596,2003,5,4209.232558139535,8.345035619831405,0,NoWC,1,SA,finance,4,good,43,0.023,0.419,1,less50
71596,2018,20,4774.888888888889,8.471125983301453,0,NoWC,1,SA,finance,4,good,36,0.222,0.611,1,less50
71596,2019,21,4513.195121951219,8.414760634423331,0,NoWC,1,SA,finance,3,satisfactory,41,0.195,0.537,1,less50
71596,2020,22,3796.6976744186045,8.24188693483861,0,NoWC,1,SA,finance,3,satisfactory,43,0.023,0.535,1,less50
71596,2021,23,4069.871794871795,8.311366777909004,0,NoWC,1,SA,finance,2,sufficient,39,0.308,0.513,1,less50
71671,2011,13,1607.9642857142858,7.38272423911557,1,WC,0,NoSA,transcom,4,good,112,0.25,0.062,3,less250
71671,2013,15,2112.5,7.655627359231329,0,NoWC,0,NoSA,transcom,3,satisfactory,122,0.213,0.049,3,less250
71671,2019,21,2009.6791044776119,7.605730338794156,0,NoWC,0,NoSA,transcom,3,satisfactory,134,0.351,0.06,3,less250
71671,2020,22,901.6642857142857,6.804242261996364,0,NoWC,0,NoSA,transcom,3,satisfactory,140,0.45,0.086,3,less250
71671,2021,23,1402.585185185185,7.246072373652321,0,NoWC,1,SA,transcom,2,sufficient,135,0.422,0.081,3,less250
71681,2006,8,2880.8424657534247,7.96583805318458,0,NoWC,0,NoSA,finance,3,satisfactory,146,0.096,0.856,3,less250
71681,2007,9,2649.4313725490197,7.882100319558862,0,NoWC,0,NoSA,finance,4,good,153,0.085,0.85,3,less250
71681,2008,10,2443.2614379084966,7.8010890806398905,0,NoWC,0,NoSA,finance,4,good,153,0.222,0.863,3,less250
71681,2009,11,2197.452229299363,7.695053890665188,0,NoWC,0,NoSA,finance,3,satisfactory,157,0.217,0.854,3,less250
71681,2010,12,1603.3086419753085,7.379824674297716,0,NoWC,0,NoSA,finance,2,sufficient,162,0.123,0.883,3,less250
71710,2018,20,2778.076404494382,7.9295140263537816,0,NoWC,0,NoSA,manufacturing,1,unsatisfactory,445,0.249,0.685,4,more250
71710,2019,21,3560.097192224622,8.177543124660097,0,NoWC,0,NoSA,manufacturing,1,unsatisfactory,463,0.197,0.749,4,more250
71710,2020,22,3323.2365591397847,8.108694454246875,0,NoWC,0,NoSA,manufacturing,1,unsatisfactory,465,0.245,0.763,4,more250
71710,2021,23,2967.6646090534978,7.99553059556156,0,NoWC,0,NoSA,manufacturing,1,unsatisfactory,486,0.134,0.654,4,more250
71731,2002,4,5808.75,8.667120680399188,0,NoWC,0,NoSA,resthotels,4,good,36,0.139,0.861,1,less50
71731,2003,5,5285.972222222223,8.572811840179224,0,NoWC,0,NoSA,resthotels,4,good,36,0.167,0.917,1,less50
71731,2006,8,3833.766666666667,8.25160306277256,1,WC,0,NoSA,resthotels,4,good,30,0.2,0.8,1,less50
71731,2007,9,3116.4864864864867,8.044461520120938,0,NoWC,0,NoSA,resthotels,4,good,37,0.216,0.811,1,less50
71738,2004,6,1612.9032258064517,7.385791079925137,0,NoWC,0,NoSA,buservices,3,satisfactory,310,0.506,0.135,4,more250
71738,2005,7,1394.0189189189189,7.239946162906222,0,NoWC,0,NoSA,buservices,3,satisfactory,370,0.435,0.062,4,more250
71738,2006,8,1157.6470588235295,7.054144826550028,0,NoWC,0,NoSA,buservices,3,satisfactory,425,0.433,0.068,4,more250
71741,2001,3,770.090790719697,6.646508417922469,0,NoWC,0,NoSA,manufacturing,4,good,132,0.159,0.25,3,less250
71741,2002,4,1325.6105263157895,7.189628406874269,0,NoWC,0,NoSA,manufacturing,4,good,95,0.221,0.253,2,less100
71741,2003,5,2106.9253731343283,7.65298499463604,0,NoWC,0,NoSA,manufacturing,4,good,67,0.388,0.209,2,less100
71741,2004,6,2610.5890410958905,7.867331161097066,0,NoWC,0,NoSA,manufacturing,4,good,73,0.301,0.055,2,less100
71741,2005,7,3188.651515151515,8.067353383883502,0,NoWC,0,NoSA,manufacturing,3,satisfactory,66,0.409,0.227,2,less100
71741,2006,8,3764.4477611940297,8.233356452502177,0,NoWC,0,NoSA,manufacturing,2,sufficient,67,0.403,0.224,2,less100
71741,2007,9,3967.779411764706,8.285961875066313,0,NoWC,0,NoSA,manufacturing,3,satisfactory,68,0.412,0.206,2,less100
71767,1998,0,919.3028192934783,6.823615577647861,0,NoWC,0,NoSA,public,1,unsatisfactory,69,0.029,0.812,2,less100
71767,1999,1,689.4733922101449,6.535928106510709,0,NoWC,0,NoSA,public,1,unsatisfactory,69,0.087,0.812,2,less100
71767,2000,2,827.3739809782609,6.718256806806071,0,NoWC,0,NoSA,public,1,unsatisfactory,69,0.043,0.812,2,less100
71767,2002,4,1352.7627118644068,7.209904233532403,0,NoWC,0,NoSA,public,1,unsatisfactory,59,0.051,0.797,2,less100
71767,2003,5,1156.5084745762713,7.053160809423523,0,NoWC,0,NoSA,public,2,sufficient,59,0.034,0.644,2,less100
71767,2004,6,539.9074074074074,6.291397657091982,0,NoWC,0,NoSA,public,4,good,54,0.037,0.796,2,less100
71767,2005,7,465.3269230769231,6.142740218936665,0,NoWC,0,NoSA,public,3,satisfactory,52,0.038,0.788,2,less100
71767,2006,8,516.3829787234042,6.246848697010589,0,NoWC,0,NoSA,public,4,good,47,0.021,0.766,1,less50
71781,2007,9,1444.948275862069,7.275828804654704,1,WC,0,NoSA,wholesretail,1,unsatisfactory,58,0.052,0.069,2,less100
71781,2008,10,3021.1960784313724,8.013408084421561,1,WC,0,NoSA,wholesretail,1,unsatisfactory,51,0.059,0.078,2,less100
71781,2009,11,3269.6346153846152,8.092433519233607,1,WC,0,NoSA,wholesretail,1,unsatisfactory,52,0.038,0.077,2,less100
71781,2010,12,3269.6346153846152,8.092433519233607,1,WC,0,NoSA,wholesretail,1,unsatisfactory,52,0.058,0.058,2,less100
71781,2011,13,3187.8846153846152,8.067112845837483,1,WC,0,NoSA,wholesretail,3,satisfactory,52,0.058,0.077,2,less100
71781,2012,14,3379.16,8.125382436880615,1,WC,0,NoSA,wholesretail,3,satisfactory,50,0.04,0.04,1,less50
71790,1998,0,712.1056754874652,6.568226321027186,0,NoWC,1,SA,manufacturing,2,sufficient,1436,0.292,0.187,4,more250
71790,1999,1,618.204969772404,6.426820068766971,0,NoWC,1,SA,manufacturing,4,good,1406,0.292,0.191,4,more250
71790,2000,2,539.5010775862069,6.290644782075633,0,NoWC,1,SA,manufacturing,4,good,1160,0.279,0.207,4,more250
71795,2001,3,717.6978811149033,6.576048702104656,1,WC,0,NoSA,public,3,satisfactory,879,0.03,0.262,4,more250
71795,2002,4,691.358024691358,6.538657815044847,0,NoWC,0,NoSA,public,2,sufficient,810,0.044,0.264,4,more250
71795,2003,5,623.4511691884456,6.435270444793224,1,WC,0,NoSA,public,2,sufficient,727,0.05,0.304,4,more250
71795,2004,6,787.4015748031496,6.668738378511637,1,WC,0,NoSA,public,2,sufficient,635,0.113,0.213,4,more250
71795,2005,7,874.2152542372881,6.773326631644727,1,WC,0,NoSA,public,3,satisfactory,590,0.19,0.198,4,more250
71799,2002,4,1583.6666666666667,7.3674981125188115,0,NoWC,0,NoSA,edu,2,sufficient,39,0.487,0.103,1,less50
71799,2004,6,1464.125,7.289013073390039,0,NoWC,0,NoSA,edu,1,unsatisfactory,40,0.375,0.125,1,less50
71799,2005,7,1238.2051282051282,7.121418132737941,0,NoWC,0,NoSA,edu,3,satisfactory,39,0.41,0.128,1,less50
71799,2007,9,845.1176470588235,6.739475844954503,0,NoWC,0,NoSA,edu,5,very good,51,0.294,0.098,2,less100
71799,2008,10,903.7777777777778,6.806583509130951,0,NoWC,0,NoSA,edu,5,very good,54,0.222,0.056,2,less100
71799,2009,11,550.72,6.311226513023175,0,NoWC,0,NoSA,edu,4,good,50,0.26,0.1,1,less50
71818,2003,5,1681.84,7.42764371115687,1,WC,0,NoSA,edu,1,unsatisfactory,100,0.27,0.59,2,less100
71818,2004,6,1186.790909090909,7.079008228369557,1,WC,0,NoSA,edu,3,satisfactory,110,0.3,0.518,3,less250
71818,2005,7,1208.4552845528456,7.097098198675248,1,WC,0,NoSA,edu,4,good,123,0.325,0.585,3,less250
71818,2006,8,1017.2573529411765,6.924865415109474,1,WC,0,NoSA,edu,4,good,136,0.272,0.574,3,less250
71818,2007,9,657.9571428571429,6.489139796768155,1,WC,0,NoSA,edu,4,good,140,0.364,0.579,3,less250
71818,2008,10,789.4042553191489,6.67127855378826,1,WC,0,NoSA,edu,4,good,141,0.298,0.617,3,less250
71818,2009,11,836.5957446808511,6.729340972551045,1,WC,0,NoSA,edu,4,good,141,0.319,0.603,3,less250
71827,2008,10,866.9285714285714,6.764956587491103,1,WC,0,NoSA,wholesretail,5,very good,56,0.018,0.107,2,less100
71827,2009,11,732.3333333333334,6.596235783716501,1,WC,0,NoSA,wholesretail,5,very good,57,0.018,0.088,2,less100
71827,2010,12,713.448275862069,6.570109940753115,1,WC,0,NoSA,wholesretail,5,very good,58,0.034,0.103,2,less100
71827,2011,13,731.8064516129032,6.595516068633842,1,WC,0,NoSA,wholesretail,5,very good,62,0.048,0.097,2,less100
71827,2012,14,827.6969696969697,6.71864710877189,1,WC,0,NoSA,wholesretail,5,very good,66,0.076,0.106,2,less100
71827,2014,16,828.536231884058,6.719660567816329,1,WC,0,NoSA,wholesretail,5,very good,69,0.058,0.087,2,less100
71827,2017,19,839.974358974359,6.733371366340936,0,NoWC,0,NoSA,wholesretail,5,very good,78,0.051,0.128,2,less100
71827,2019,21,1065.9759036144578,6.971645999981053,0,NoWC,0,NoSA,wholesretail,5,very good,83,0.06,0.169,2,less100
71854,2014,16,1006.5526315789474,6.914286535395692,1,WC,0,NoSA,health,1,unsatisfactory,76,0.487,0.474,2,less100
71854,2017,19,1150.342105263158,7.047814659955579,1,WC,0,NoSA,health,4,good,76,0.539,0.566,2,less100
71854,2019,21,1935.2083333333333,7.567970265473676,1,WC,0,NoSA,health,4,good,96,0.438,0.479,2,less100
71862,2006,8,113.80503144654088,4.7344867337776115,0,NoWC,0,NoSA,manufacturing,4,good,636,0.025,0.22,4,more250
71862,2007,9,124.77586206896552,4.826519024319708,0,NoWC,0,NoSA,manufacturing,4,good,638,0.034,0.224,4,more250
71862,2008,10,113.19292604501608,4.729093673048044,0,NoWC,0,NoSA,manufacturing,3,satisfactory,622,0.039,0.246,4,more250
71862,2009,11,120.52388535031847,4.791847951962826,0,NoWC,0,NoSA,manufacturing,3,satisfactory,628,0.027,0.264,4,more250
71862,2010,12,195.22285714285715,5.274141763142524,0,NoWC,0,NoSA,manufacturing,3,satisfactory,525,0.021,0.326,4,more250
71862,2011,13,151.74453781512605,5.0221984346632915,0,NoWC,0,NoSA,manufacturing,4,good,595,0.02,0.303,4,more250
71896,2000,2,2764.3458473154365,7.924559302716814,0,NoWC,0,NoSA,transcom,3,satisfactory,149,0.188,0.852,3,less250
71896,2001,3,2900.189955357143,7.972531515676704,0,NoWC,0,NoSA,transcom,2,sufficient,140,0.207,0.821,3,less250
71896,2002,4,1372.9485294117646,7.224715917382672,0,NoWC,0,NoSA,transcom,2,sufficient,136,0.169,0.772,3,less250
71897,2009,11,1579.7083333333333,7.364995509824373,0,NoWC,0,NoSA,manufacturing,3,satisfactory,24,0.083,0.042,1,less50
71897,2012,14,1822.871794871795,7.508168445750236,0,NoWC,0,NoSA,manufacturing,4,good,39,0.026,0.026,1,less50
71897,2013,15,3249.6666666666665,8.086307705961161,0,NoWC,0,NoSA,manufacturing,4,good,30,0.033,0.033,1,less50
71897,2016,18,4038.28,8.303574137726837,0,NoWC,1,SA,manufacturing,4,good,25,0.04,0.04,1,less50
71897,2017,19,3916.269230769231,8.272894752760372,0,NoWC,1,SA,manufacturing,4,good,26,0.077,0.038,1,less50
71897,2018,20,3541.3076923076924,8.17225134252143,0,NoWC,1,SA,manufacturing,4,good,26,0.038,0.038,1,less50
71897,2020,22,3893.5384615384614,8.267073653365184,0,NoWC,1,SA,manufacturing,1,unsatisfactory,26,0.038,0.038,1,less50
71918,1998,0,2848.4227019498608,7.954520682147077,0,NoWC,0,NoSA,manufacturing,4,good,359,0.017,0.618,4,more250
71918,1999,1,2427.922311452514,7.79479115473688,0,NoWC,0,NoSA,manufacturing,3,satisfactory,358,0.017,0.617,4,more250
71918,2000,2,1695.9925474254742,7.4360234221355155,0,NoWC,0,NoSA,manufacturing,3,satisfactory,369,0.019,0.526,4,more250
71918,2001,3,1747.5247576177285,7.465955641456952,0,NoWC,0,NoSA,manufacturing,5,very good,361,0.053,0.543,4,more250
71934,2012,14,3709.1428571428573,8.218556093098046,0,NoWC,0,NoSA,buservices,4,good,21,0.19,1,1,less50
71934,2015,17,3558.391304347826,8.177063840916006,0,NoWC,0,NoSA,buservices,4,good,23,0.348,1,1,less50
71934,2016,18,4407.333333333333,8.391025099225415,0,NoWC,0,NoSA,buservices,4,good,21,0.238,1,1,less50
71934,2017,19,3610.095238095238,8.191489432722769,0,NoWC,0,NoSA,buservices,4,good,21,0.429,1,1,less50
71934,2018,20,3354.7619047619046,8.118136079603403,0,NoWC,0,NoSA,buservices,4,good,21,0.429,1,1,less50
71934,2020,22,3150.0434782608695,8.055171534346922,0,NoWC,0,NoSA,buservices,5,very good,23,0.391,1,1,less50
71934,2021,23,3692.2608695652175,8.213994251188664,0,NoWC,0,NoSA,buservices,3,satisfactory,23,0.565,1,1,less50
71959,1998,0,1321.2733466569769,7.186351207156602,1,WC,0,NoSA,manufacturing,3,satisfactory,43,0.721,0.14,1,less50
71959,1999,1,1345.0491536458333,7.204185836829756,1,WC,0,NoSA,manufacturing,4,good,48,0.083,0.167,1,less50
71959,2000,2,702.578071489726,6.554756528826203,1,WC,0,NoSA,wholesretail,3,satisfactory,73,0.301,0.151,2,less100
71975,2014,16,1656.810975609756,7.412649934642819,1,WC,0,NoSA,transcom,2,sufficient,164,0.189,0.78,3,less250
71975,2015,17,2934.4931506849316,7.984290025930213,1,WC,0,NoSA,transcom,2,sufficient,146,0.212,0.76,3,less250
71975,2016,18,3264.474074074074,8.090853948819712,1,WC,0,NoSA,transcom,3,satisfactory,135,0.23,0.748,3,less250
71975,2017,19,3902.70802919708,8.269425957617674,1,WC,0,NoSA,transcom,4,good,137,0.226,0.708,3,less250
71975,2018,20,2961.38202247191,7.993411337838211,1,WC,0,NoSA,transcom,3,satisfactory,178,0.202,0.77,3,less250
72004,2010,12,302.875,5.71332017913669,1,WC,0,NoSA,manufacturing,4,good,24,0.125,0.667,1,less50
72004,2011,13,229.33333333333334,5.435176549265234,1,WC,0,NoSA,manufacturing,4,good,24,0.333,0.667,1,less50
72004,2012,14,339.5,5.827473946998751,1,WC,0,NoSA,manufacturing,4,good,26,0.115,0.654,1,less50
72004,2013,15,353.08,5.8666946601520324,1,WC,0,NoSA,manufacturing,4,good,25,0.2,0.68,1,less50
72004,2014,16,261.55555555555554,5.566646710484003,1,WC,0,NoSA,manufacturing,1,unsatisfactory,27,0.111,0.63,1,less50
72004,2017,19,429.69565217391306,6.063077172447034,1,WC,0,NoSA,manufacturing,4,good,23,0.087,0.609,1,less50
72025,2007,9,2099,7.649216319820633,1,WC,0,NoSA,wholesretail,3,satisfactory,20,0.05,0.2,1,less50
72025,2011,13,2454.5666666666666,7.805705514126062,1,WC,0,NoSA,wholesretail,3,satisfactory,30,0.033,0.133,1,less50
72025,2012,14,2525.967741935484,7.834379532415388,1,WC,0,NoSA,wholesretail,4,good,31,0.032,0.129,1,less50
72025,2013,15,1424.8529411764705,7.261823888202943,1,WC,0,NoSA,wholesretail,3,satisfactory,34,0.088,0.118,1,less50
72025,2014,16,1903.9705882352941,7.551696767876586,1,WC,0,NoSA,wholesretail,3,satisfactory,34,0.088,0.118,1,less50
72025,2015,17,1657.342105263158,7.412970456746046,1,WC,0,NoSA,wholesretail,4,good,38,0.105,0.105,1,less50
72025,2016,18,1853.025,7.524574717829535,1,WC,0,NoSA,wholesretail,4,good,40,0.125,0.125,1,less50
72025,2017,19,1647.1333333333334,7.406791682173151,1,WC,0,NoSA,wholesretail,3,satisfactory,45,0.111,0.089,1,less50
72027,2000,2,5992.704166666666,8.698298036093892,0,NoWC,0,NoSA,health,2,sufficient,45,0.089,0.4,1,less50
72027,2001,3,7912.461309523809,8.976194176648857,0,NoWC,0,NoSA,health,4,good,42,0.024,0.31,1,less50
72027,2002,4,8297.720930232557,9.023736169359884,0,NoWC,0,NoSA,health,1,unsatisfactory,43,0.093,0.256,1,less50
72027,2003,5,7776.222222222223,8.95882592369261,0,NoWC,0,NoSA,health,1,unsatisfactory,45,0.022,0.378,1,less50
72033,1999,1,974.3002088688946,6.881719478809693,0,NoWC,0,NoSA,public,3,satisfactory,389,0.023,0.524,4,more250
72033,2000,2,1012.7593510230179,6.920433915338636,0,NoWC,0,NoSA,public,4,good,391,0.02,0.629,4,more250
72033,2007,9,1417.3531468531469,7.256546430131445,0,NoWC,0,NoSA,public,4,good,286,0.22,0.717,4,more250
72050,2000,2,354.57400760135135,5.87091709033688,1,WC,0,NoSA,wholesretail,3,satisfactory,37,0.054,0.216,1,less50
72050,2001,3,576.6641741071429,6.357260076456818,1,WC,0,NoSA,wholesretail,2,sufficient,35,0.057,0.2,1,less50
72050,2002,4,822.3888888888889,6.7122133840173275,1,WC,1,SA,wholesretail,2,sufficient,36,0.028,0.139,1,less50
72050,2003,5,563.9428571428572,6.334952929242539,1,WC,0,NoSA,wholesretail,4,good,35,0.086,0.143,1,less50
72050,2006,8,672.8636363636364,6.511542688555176,1,WC,0,NoSA,wholesretail,1,unsatisfactory,22,0.5,0.227,1,less50
72050,2007,9,1738.8095238095239,7.460955976330787,1,WC,0,NoSA,wholesretail,1,unsatisfactory,21,0.095,0.19,1,less50
72088,2006,8,813.2849604221636,6.701081552959654,0,NoWC,0,NoSA,health,5,very good,379,0.485,0.063,4,more250
72088,2007,9,842.172131147541,6.735984424640714,0,NoWC,0,NoSA,health,3,satisfactory,366,0.503,0.049,4,more250
72088,2008,10,1058.9773371104816,6.965058945099029,0,NoWC,0,NoSA,health,4,good,353,0.53,0.048,4,more250
72088,2009,11,997.1098265895954,6.904860920955772,0,NoWC,0,NoSA,health,4,good,346,0.506,0.055,4,more250
72108,2007,9,594.3739002932551,6.387508583107836,0,NoWC,0,NoSA,manufacturing,4,good,682,0.155,0.57,4,more250
72108,2008,10,600.9951768488746,6.398586909293146,0,NoWC,0,NoSA,manufacturing,4,good,622,0.198,0.545,4,more250
72108,2009,11,549.3630573248407,6.308759529545298,0,NoWC,0,NoSA,manufacturing,1,unsatisfactory,628,0.172,0.503,4,more250
72108,2010,12,494.7352380952381,6.204022746938476,0,NoWC,0,NoSA,manufacturing,1,unsatisfactory,525,0.248,0.528,4,more250
72108,2011,13,486.0504201680672,6.186312363721117,0,NoWC,0,NoSA,manufacturing,1,unsatisfactory,595,0.2,0.511,4,more250
72142,2013,15,2483.247058823529,7.817322280688654,0,NoWC,0,NoSA,wholesretail,3,satisfactory,85,0.012,0.118,2,less100
72142,2014,16,1978.8375,7.590264830053309,0,NoWC,0,NoSA,wholesretail,4,good,80,0.013,0.075,2,less100
72142,2015,17,2010.25,7.606014371428259,0,NoWC,0,NoSA,wholesretail,4,good,84,0.012,0.06,2,less100
72142,2016,18,2479.5060240963853,7.815814635487191,0,NoWC,0,NoSA,wholesretail,4,good,83,0.048,0.072,2,less100
72142,2017,19,2270.929411764706,7.7279444591763005,1,WC,0,NoSA,wholesretail,5,very good,85,0.059,0.082,2,less100
72142,2018,20,2780.3010752688174,7.930314501277021,1,WC,0,NoSA,wholesretail,5,very good,93,0.054,0.075,2,less100
72142,2019,21,2506.3655913978496,7.826589011247327,1,WC,0,NoSA,wholesretail,5,very good,93,0.086,0.075,2,less100
72142,2020,22,2750.723404255319,7.919619212160272,1,WC,0,NoSA,wholesretail,3,satisfactory,94,0.074,0.053,2,less100
72142,2021,23,3136.2597402597403,8.050786203378397,1,WC,0,NoSA,wholesretail,1,unsatisfactory,77,0.091,0.078,2,less100
72158,2017,19,1187.2857142857142,7.079425068497713,1,WC,0,NoSA,manufacturing,3,satisfactory,28,0.214,0.786,1,less50
72158,2018,20,1685.4074074074074,7.429762598372743,1,WC,0,NoSA,manufacturing,3,satisfactory,27,0.222,0.815,1,less50
72158,2019,21,3341.962962962963,8.114313626796791,1,WC,0,NoSA,manufacturing,3,satisfactory,27,0.148,0.815,1,less50
72158,2020,22,4888.121951219512,8.494563449644035,1,WC,0,NoSA,manufacturing,2,sufficient,41,0.146,0.512,1,less50
72158,2021,23,3345.9772727272725,8.115514089152892,1,WC,0,NoSA,manufacturing,1,unsatisfactory,44,0.136,0.523,1,less50
72168,1999,1,1160.029994419643,7.05620114102443,1,WC,0,NoSA,construction,5,very good,28,0.036,0.643,1,less50
72168,2000,2,696.3511284722222,6.545854028050989,1,WC,0,NoSA,construction,2,sufficient,36,0.028,0.667,1,less50
72168,2001,3,481.20520833333336,6.176293807677305,1,WC,0,NoSA,construction,1,unsatisfactory,45,0.022,0.644,1,less50
72171,2015,17,4436.797520661157,8.397688116048961,0,NoWC,0,NoSA,manufacturing,4,good,242,0.872,0.822,3,less250
72171,2016,18,6872.538461538462,8.835288816464404,0,NoWC,0,NoSA,manufacturing,4,good,260,0.912,0.823,4,more250
72171,2017,19,4978.692015209125,8.512922487972423,0,NoWC,0,NoSA,manufacturing,4,good,263,0.89,0.806,4,more250
72183,2002,4,778.3,6.657112053965342,0,NoWC,0,NoSA,buservices,4,good,60,0.067,0.417,2,less100
72183,2004,6,1022.3673469387755,6.929876145455561,0,NoWC,0,NoSA,buservices,4,good,49,0.469,0.49,1,less50
72183,2005,7,911.4909090909091,6.815081620498942,0,NoWC,0,NoSA,buservices,5,very good,55,0.291,0.418,2,less100
72183,2006,8,853.5636363636364,6.749420098756362,0,NoWC,0,NoSA,buservices,4,good,55,0.6,0.382,2,less100
72183,2007,9,1122.698113207547,7.0234900968786125,0,NoWC,0,NoSA,buservices,5,very good,53,0.094,0.302,2,less100
72183,2009,11,1250.936170212766,7.131647486153815,0,NoWC,0,NoSA,transcom,5,very good,47,0.915,0.34,1,less50
72194,1998,0,1045.5866564417179,6.952333400600539,0,NoWC,1,SA,edu,2,sufficient,978,0.032,0.17,4,more250
72194,1999,1,891.4832692307692,6.792886670139734,0,NoWC,0,NoSA,edu,2,sufficient,975,0.046,0.162,4,more250
72194,2000,2,685.4559145673603,6.5300841855810745,0,NoWC,1,SA,buservices,3,satisfactory,913,0.056,0.174,4,more250
72199,2002,4,1466.8645833333333,7.290882465316049,0,NoWC,0,NoSA,buservices,3,satisfactory,96,0.01,0.49,2,less100
72199,2003,5,1024.6,6.932057571505102,0,NoWC,0,NoSA,buservices,1,unsatisfactory,105,0.019,0.448,3,less250
72199,2004,6,1093.2277227722773,6.9968898130191235,0,NoWC,0,NoSA,buservices,2,sufficient,101,0.01,0.436,3,less250
72199,2006,8,1322.6818181818182,7.187416634949635,0,NoWC,0,NoSA,buservices,1,unsatisfactory,88,0.068,0.602,2,less100
72233,2000,2,2425.6637596899227,7.793860481254426,0,NoWC,0,NoSA,manufacturing,3,satisfactory,258,0.047,0.105,4,more250
72233,2001,3,1514.4465252707582,7.322805321339976,0,NoWC,0,NoSA,manufacturing,1,unsatisfactory,277,0.043,0.105,4,more250
72233,2002,4,2145.5938697318006,7.671171655388639,0,NoWC,0,NoSA,manufacturing,3,satisfactory,261,0.123,0.107,4,more250
72233,2003,5,1612.9857651245552,7.3858422529929975,0,NoWC,0,NoSA,manufacturing,3,satisfactory,281,0.189,0.114,4,more250
72233,2004,6,1501.5015015015015,7.314220887423885,0,NoWC,0,NoSA,manufacturing,2,sufficient,333,0.159,0.114,4,more250
72233,2005,7,1416.9972527472528,7.256295300907752,0,NoWC,0,NoSA,manufacturing,3,satisfactory,364,0.203,0.104,4,more250
72241,1999,1,6792.545138888889,8.823580986679804,0,NoWC,0,NoSA,buservices,4,good,63,0.032,0.254,2,less100
72241,2000,2,6998.3764880952385,8.853433470865356,0,NoWC,0,NoSA,buservices,4,good,63,0.032,0.27,2,less100
72241,2001,3,7091.650390625,8.866673369676825,0,NoWC,0,NoSA,buservices,4,good,64,0.031,0.25,2,less100
72241,2002,4,6657.625,8.803518093328572,0,NoWC,0,NoSA,buservices,4,good,64,0.031,0.234,2,less100
72241,2004,6,6148.454545454545,8.723956035799056,1,WC,0,NoSA,buservices,4,good,66,0.03,0.242,2,less100
72241,2005,7,3901.9076923076923,8.269220864395725,0,NoWC,0,NoSA,buservices,4,good,65,0.015,0.215,2,less100
72241,2006,8,6753.20895522388,8.817773071673338,1,WC,0,NoSA,buservices,4,good,67,0.045,0.224,2,less100
72241,2008,10,5636.0952380952385,8.636946771047416,1,WC,0,NoSA,buservices,4,good,63,0.095,0.19,2,less100
72241,2009,11,5948.275862068966,8.690856685467077,1,WC,0,NoSA,buservices,4,good,58,0.069,0.207,2,less100
72241,2011,13,5073.684210526316,8.531822501432197,1,WC,0,NoSA,buservices,4,good,57,0.193,0.228,2,less100
72241,2012,14,5533.618181818182,8.618597162993385,1,WC,0,NoSA,buservices,4,good,55,0.182,0.236,2,less100
72241,2014,16,5745.454545454545,8.656164307336578,1,WC,0,NoSA,buservices,3,satisfactory,55,0.145,0.236,2,less100
72241,2015,17,6854.7027027027025,8.83269022164714,1,WC,0,NoSA,buservices,3,satisfactory,74,0.122,0.324,2,less100
72241,2016,18,8338.315068493152,9.028616444785255,1,WC,0,NoSA,buservices,3,satisfactory,73,0.151,0.356,2,less100
72241,2017,19,4169.164383561644,8.335470907077465,1,WC,0,NoSA,buservices,4,good,73,0.137,0.356,2,less100
72241,2018,20,4734.32,8.462593383902638,1,WC,0,NoSA,buservices,4,good,75,0.12,0.347,2,less100
72241,2019,21,5221.676470588235,8.560573792262842,1,WC,0,NoSA,buservices,4,good,68,0.176,0.353,2,less100
72241,2020,22,7839.287878787879,8.966903277431737,1,WC,0,NoSA,buservices,4,good,66,0.167,0.348,2,less100
72260,2008,10,2301.0833333333335,7.7411353055174885,1,WC,0,NoSA,buservices,4,good,36,0.222,0.167,1,less50
72260,2009,11,1990.1351351351352,7.595957822516038,1,WC,0,NoSA,buservices,3,satisfactory,37,0.216,0.135,1,less50
72260,2011,13,1683.3777777777777,7.428557635893016,0,NoWC,0,NoSA,buservices,4,good,45,0.244,0.133,1,less50
72260,2012,14,1829.7962962962963,7.511959926140368,0,NoWC,0,NoSA,buservices,3,satisfactory,54,0.241,0.074,2,less100
72260,2013,15,1278.3703703703704,7.153341397623869,0,NoWC,0,NoSA,buservices,3,satisfactory,54,0.13,0.074,2,less100
72260,2014,16,1230.648148148148,7.115296259291159,0,NoWC,0,NoSA,buservices,3,satisfactory,54,0.111,0.074,2,less100
72260,2015,17,1822.0816326530612,7.507734880687295,0,NoWC,0,NoSA,buservices,3,satisfactory,49,0.041,0.082,1,less50
72260,2016,18,2147.6666666666665,7.6721372604705325,0,NoWC,0,NoSA,buservices,3,satisfactory,48,0.021,0.083,1,less50
72260,2018,20,2399.3673469387754,7.782960376143839,0,NoWC,0,NoSA,buservices,4,good,49,0.061,0.082,1,less50
72265,2016,18,2094.5263157894738,7.64708270454281,1,WC,0,NoSA,manufacturing,2,sufficient,38,0.132,0.079,1,less50
72265,2017,19,2151.135135135135,7.673750951624971,1,WC,0,NoSA,manufacturing,5,very good,37,0.162,0.324,1,less50
72265,2018,20,2312.923076923077,7.746267404835823,1,WC,0,NoSA,manufacturing,4,good,39,0.615,0.308,1,less50
72265,2019,21,2666,7.888334500738654,1,WC,0,NoSA,manufacturing,4,good,41,0.244,0.317,1,less50
72265,2021,23,3106.0243902439024,8.041098856299792,1,WC,0,NoSA,manufacturing,5,very good,41,0.244,0.317,1,less50
72267,2015,17,2868.9936305732485,7.961716595892894,0,NoWC,0,NoSA,public,4,good,157,0.459,0.134,3,less250
72267,2019,21,4001.5384615384614,8.294434181541106,0,NoWC,0,NoSA,public,2,sufficient,208,0.312,0.12,3,less250
72267,2021,23,1811.7356828193833,7.502040605554073,0,NoWC,0,NoSA,art,3,satisfactory,227,0.07,0.176,3,less250
72285,1998,0,1383.3382778581765,7.232254898905555,0,NoWC,0,NoSA,public,4,good,691,0.051,0.331,4,more250
72285,1999,1,1268.8995437956205,7.145905302875356,0,NoWC,0,NoSA,public,1,unsatisfactory,685,0.457,0.321,4,more250
72285,2000,2,872.8885791366906,6.77180791783934,0,NoWC,0,NoSA,buservices,4,good,695,0.279,0.324,4,more250
72285,2001,3,944.683694824962,6.8508501569934115,0,NoWC,0,NoSA,buservices,5,very good,657,0.216,0.399,4,more250
72285,2002,4,800,6.684611727667927,0,NoWC,0,NoSA,buservices,1,unsatisfactory,700,0.043,0.316,4,more250
72285,2003,5,654.038961038961,6.48316692313684,0,NoWC,0,NoSA,buservices,2,sufficient,693,0.192,0.307,4,more250
72285,2004,6,698.3240223463687,6.548683210443683,0,NoWC,0,NoSA,buservices,2,sufficient,716,0.229,0.306,4,more250
72296,2018,20,2397.0196078431372,7.781981414560767,1,WC,1,SA,wholesretail,5,very good,51,0.804,0.176,2,less100
72296,2019,21,1987.188679245283,7.594476194885816,1,WC,1,SA,wholesretail,3,satisfactory,53,0.491,0.132,2,less100
72296,2020,22,1371.375,7.223569165137655,1,WC,1,SA,construction,3,satisfactory,48,0.875,0.125,1,less50
72296,2021,23,2607.3863636363635,7.866103605344773,1,WC,0,NoSA,construction,1,unsatisfactory,44,0.795,0.136,1,less50
72320,2011,13,1728.45,7.454980332128133,1,WC,0,NoSA,manufacturing,4,good,20,0.05,0.15,1,less50
72320,2017,19,2063.95,7.632376901501827,1,WC,0,NoSA,manufacturing,2,sufficient,20,0.05,0.2,1,less50
72320,2018,20,1684.608695652174,7.429288587717742,1,WC,0,NoSA,manufacturing,3,satisfactory,23,0.043,0.217,1,less50
72320,2019,21,1685.52,7.429829400518875,1,WC,0,NoSA,manufacturing,2,sufficient,25,0.04,0.16,1,less50
72320,2020,22,1615.04,7.387115003151898,1,WC,0,NoSA,manufacturing,4,good,25,0.04,0.2,1,less50
72320,2021,23,1302.8148148148148,7.172282444856317,1,WC,0,NoSA,manufacturing,2,sufficient,27,0.111,0.185,1,less50
72338,2000,2,2181.4455030487807,7.687743010839192,0,NoWC,0,NoSA,art,1,unsatisfactory,41,0.049,0.366,1,less50
72338,2001,3,1206.076171875,7.09512753605128,0,NoWC,0,NoSA,art,3,satisfactory,50,0.08,0.36,1,less50
72338,2009,11,1209.8977272727273,7.098291112103422,0,NoWC,0,NoSA,art,4,good,88,0.034,0.409,2,less100
72338,2010,12,1123.72,7.024399889100222,0,NoWC,0,NoSA,art,4,good,100,0.07,0.38,2,less100
72338,2011,13,566.4056603773585,6.3393105359336674,0,NoWC,0,NoSA,art,4,good,106,0.057,0.34,3,less250
72338,2012,14,386.18095238095236,5.9563060481694965,0,NoWC,0,NoSA,art,4,good,105,0.105,0.4,3,less250
72338,2013,15,265.6442307692308,5.582157935248104,0,NoWC,0,NoSA,art,3,satisfactory,104,0.038,0.346,3,less250
72338,2015,17,245,5.501258210544727,0,NoWC,0,NoSA,art,3,satisfactory,102,0.02,0.402,3,less250
72338,2017,19,669.3764705882353,6.506346638156814,0,NoWC,0,NoSA,art,4,good,85,0.024,0.341,2,less100
72338,2018,20,710.8271604938271,6.566429306712296,0,NoWC,0,NoSA,art,5,very good,81,0.086,0.309,2,less100
72356,2000,2,1393.2703373015872,7.239409023365602,0,NoWC,0,NoSA,construction,4,good,126,0.048,0.056,3,less250
72356,2001,3,1288.0183423913043,7.1608601475499345,0,NoWC,0,NoSA,construction,4,good,138,0.341,0.058,3,less250
72356,2002,4,1095.013698630137,6.998522152336858,0,NoWC,0,NoSA,construction,4,good,146,0.096,0.062,3,less250
72361,2012,14,1856.716049382716,7.526564641412645,1,WC,0,NoSA,manufacturing,1,unsatisfactory,162,0.019,0.821,3,less250
72361,2013,15,1106.7987012987012,7.009227074528184,1,WC,0,NoSA,manufacturing,4,good,154,0.026,0.838,3,less250
72361,2015,17,1002.6266666666667,6.910378501988828,1,WC,0,NoSA,manufacturing,2,sufficient,150,0.033,0.827,3,less250
72361,2016,18,1336.84,7.198063899035798,1,WC,0,NoSA,manufacturing,2,sufficient,150,0.033,0.813,3,less250
72374,2006,8,1022.5238095238095,6.930029173243709,1,WC,0,NoSA,art,1,unsatisfactory,21,0.286,0.048,1,less50
72374,2007,9,1096.142857142857,6.999552803122352,1,WC,0,NoSA,art,1,unsatisfactory,21,0.286,0.095,1,less50
72374,2008,10,1181.047619047619,7.074157136339295,1,WC,0,NoSA,art,3,satisfactory,21,0.286,0.048,1,less50
72374,2009,11,1078.4347826086957,6.983265993540619,1,WC,0,NoSA,art,2,sufficient,23,0.261,0.174,1,less50
72374,2013,15,1481.2857142857142,7.300665715502965,1,WC,0,NoSA,art,4,good,21,0.048,0.048,1,less50
72382,2005,7,233.5,5.453182077108952,1,WC,0,NoSA,wholesretail,3,satisfactory,22,0.091,0.045,1,less50
72382,2006,8,232.27272727272728,5.447912229839434,1,WC,0,NoSA,art,5,very good,22,0.091,0.045,1,less50
72382,2007,9,213.36,5.362980879873759,1,WC,0,NoSA,art,4,good,25,0.12,0.04,1,less50
72382,2008,10,222.375,5.404365145986,1,WC,0,NoSA,art,4,good,24,0.125,0.042,1,less50
72382,2009,11,190.93103448275863,5.251912286836493,1,WC,0,NoSA,buservices,4,good,29,0.103,0.034,1,less50
72382,2010,12,144.2258064516129,4.971380171748835,1,WC,0,NoSA,buservices,4,good,31,0.129,0.032,1,less50
72382,2011,13,224.0952380952381,5.412071131563885,1,WC,0,NoSA,buservices,3,satisfactory,21,0.095,0,1,less50
72382,2012,14,166.4090909090909,5.114449159761921,1,WC,0,NoSA,buservices,5,very good,22,0.136,0,1,less50
72390,2002,4,1489.6521739130435,7.306297931361254,1,WC,0,NoSA,health,2,sufficient,23,0.13,0.304,1,less50
72390,2003,5,1352.96,7.210050063801764,1,WC,0,NoSA,health,2,sufficient,25,0.08,0.28,1,less50
72390,2004,6,1651.909090909091,7.409686922850686,1,WC,0,NoSA,health,3,satisfactory,22,0.091,0.318,1,less50
72390,2005,7,1487.7391304347825,7.3050128844554445,1,WC,0,NoSA,health,2,sufficient,23,0.087,0.261,1,less50
72390,2006,8,1768.2083333333333,7.477722071851297,1,WC,0,NoSA,health,3,satisfactory,24,0.083,0.333,1,less50
72390,2007,9,1632.2083333333333,7.397689182605575,1,WC,0,NoSA,health,3,satisfactory,24,0.083,0.292,1,less50
72390,2008,10,1593.3333333333333,7.373583536817392,1,WC,0,NoSA,health,4,good,24,0.125,0.25,1,less50
72390,2009,11,1399.0454545454545,7.2435454648778075,1,WC,0,NoSA,health,4,good,22,0.091,0.273,1,less50
72396,2005,7,1439.5526315789473,7.272087671786723,1,WC,0,NoSA,wholesretail,1,unsatisfactory,38,0.053,0,1,less50
72396,2009,11,1572.9512195121952,7.360708891459938,1,WC,0,NoSA,wholesretail,3,satisfactory,41,0.049,0.024,1,less50
72396,2010,12,2071.0731707317073,7.635822191882854,1,WC,0,NoSA,wholesretail,2,sufficient,41,0.098,0.024,1,less50
72396,2012,14,1868.054054054054,7.532652555229897,1,WC,0,NoSA,wholesretail,3,satisfactory,37,0.135,0.027,1,less50
72396,2013,15,3294.054054054054,8.09987432045542,1,WC,0,NoSA,wholesretail,3,satisfactory,37,0.135,0.027,1,less50
72396,2016,18,2218.3888888888887,7.704536485674208,1,WC,0,NoSA,wholesretail,3,satisfactory,36,0.139,0.028,1,less50
72396,2017,19,1782,7.485491608030754,1,WC,0,NoSA,wholesretail,2,sufficient,38,0.079,0.079,1,less50
72396,2018,20,2305.2894736842104,7.742961532658055,1,WC,0,NoSA,wholesretail,3,satisfactory,38,0.079,0.079,1,less50
72396,2019,21,2404.2894736842104,7.785009701752171,1,WC,0,NoSA,wholesretail,3,satisfactory,38,0.079,0.026,1,less50
72396,2020,22,2404.2894736842104,7.785009701752171,1,WC,0,NoSA,transcom,3,satisfactory,38,0.079,0.026,1,less50
72396,2021,23,2545.7105263157896,7.842165075212534,1,WC,0,NoSA,transcom,3,satisfactory,38,0.079,0.026,1,less50
72420,1998,0,1050.5062956204379,6.957027513242288,0,NoWC,1,SA,construction,3,satisfactory,685,0.131,0.688,4,more250
72420,1999,1,1049.6566887675508,6.956218426608965,0,NoWC,1,SA,construction,3,satisfactory,641,0.134,0.686,4,more250
72420,2000,2,847.9259544334975,6.742793314094448,0,NoWC,1,SA,construction,3,satisfactory,609,0.071,0.681,4,more250
72420,2001,3,989.9683401639344,6.8976729629848865,0,NoWC,1,SA,construction,3,satisfactory,610,0.074,0.698,4,more250
72420,2002,4,608.8785357737105,6.411618799169933,0,NoWC,1,SA,construction,3,satisfactory,601,0.087,0.669,4,more250
72420,2004,6,734.8118466898954,6.599614475543472,0,NoWC,1,SA,construction,5,very good,574,0.118,0.714,4,more250
72420,2006,8,285.34450402144773,5.6536972363151845,0,NoWC,1,SA,construction,4,good,746,0.094,0.681,4,more250
72420,2007,9,264.7140762463343,5.578650285931482,0,NoWC,1,SA,construction,5,very good,682,0.145,0.57,4,more250
72434,2009,11,1443.5146443514645,7.274836144081986,0,NoWC,0,NoSA,buservices,3,satisfactory,239,0.008,0.151,3,less250
72434,2010,12,1002.8416988416989,6.910592947830562,0,NoWC,0,NoSA,buservices,3,satisfactory,259,0.004,0.162,4,more250
72434,2011,13,680.4705882352941,6.52278460034233,0,NoWC,0,NoSA,buservices,2,sufficient,425,0.005,0.231,4,more250
72441,2002,4,1044.7761194029852,6.9515579016405304,0,NoWC,0,NoSA,buservices,4,good,536,0.056,0.549,4,more250
72441,2003,5,850.373358348968,6.745675498160899,0,NoWC,0,NoSA,public,5,very good,533,0.058,0.533,4,more250
72441,2004,6,917.4311926605504,6.821577582741084,0,NoWC,0,NoSA,public,4,good,545,0.057,0.578,4,more250
72441,2005,7,949.8839779005525,6.856339848610556,0,NoWC,0,NoSA,public,4,good,543,0.061,0.58,4,more250
72452,2009,11,1704.2,7.440851071393856,1,WC,0,NoSA,health,4,good,65,0.831,0.892,2,less100
72452,2012,14,1648.4,7.407560399464662,1,WC,0,NoSA,health,2,sufficient,70,0.829,0.8,2,less100
72452,2013,15,1558.4935064935064,7.351474932688289,1,WC,0,NoSA,health,3,satisfactory,77,0.792,0.87,2,less100
72452,2014,16,1558.4935064935064,7.351474932688289,1,WC,0,NoSA,health,2,sufficient,77,0.87,0.883,2,less100
72452,2016,18,1518.2631578947369,7.32532230122769,0,NoWC,0,NoSA,health,2,sufficient,76,0.763,0.921,2,less100
72452,2017,19,1420.1648351648353,7.258528224960413,0,NoWC,0,NoSA,health,2,sufficient,91,0.714,0.956,2,less100
72452,2019,21,1535.056179775281,7.3363222585537,0,NoWC,0,NoSA,health,3,satisfactory,89,0.348,0.787,2,less100
72452,2020,22,1498.8064516129032,7.3124243714291515,0,NoWC,0,NoSA,edu,4,good,93,0.172,0.634,2,less100
72452,2021,23,1637.774193548387,7.401093399933579,0,NoWC,0,NoSA,edu,3,satisfactory,93,0.226,0.828,2,less100
72458,2002,4,2560.6153846153848,7.84800289320124,0,NoWC,0,NoSA,manufacturing,3,satisfactory,26,0.077,0.231,1,less50
72458,2003,5,2871.5652173913045,7.962612532005799,0,NoWC,0,NoSA,manufacturing,1,unsatisfactory,23,0.13,0.261,1,less50
72458,2004,6,2504.913043478261,7.8260092997341175,0,NoWC,0,NoSA,manufacturing,2,sufficient,23,0.087,0.304,1,less50
72458,2005,7,1628.4545454545455,7.395386712416731,0,NoWC,0,NoSA,manufacturing,3,satisfactory,22,0.091,0.182,1,less50
72465,2006,8,1295.7037037037037,7.166809227088428,0,NoWC,0,NoSA,buservices,3,satisfactory,81,0.049,0.358,2,less100
72465,2007,9,1868.0714285714287,7.532661856051004,0,NoWC,0,NoSA,buservices,4,good,84,0.048,0.369,2,less100
72465,2008,10,2048.176470588235,7.624705149726624,0,NoWC,0,NoSA,buservices,3,satisfactory,85,0.094,0.376,2,less100
72465,2009,11,1644.215909090909,7.405018898556704,0,NoWC,0,NoSA,buservices,4,good,88,0.045,0.364,2,less100
72465,2011,13,2183.464285714286,7.688668016352318,0,NoWC,0,NoSA,buservices,4,good,84,0.024,0.345,2,less100
72465,2012,14,2252.734939759036,7.719900285823257,0,NoWC,0,NoSA,buservices,4,good,83,0.048,0.313,2,less100
72465,2013,15,2228.9545454545455,7.709287940829151,0,NoWC,0,NoSA,buservices,4,good,88,0.023,0.33,2,less100
72465,2014,16,2463.3956043956046,7.809296004140932,0,NoWC,0,NoSA,buservices,4,good,91,0.044,0.484,2,less100
72465,2015,17,2857.7906976744184,7.957804121964283,0,NoWC,0,NoSA,buservices,4,good,86,0.07,0.337,2,less100
72465,2016,18,2632.285714285714,7.875607840613564,0,NoWC,0,NoSA,buservices,4,good,84,0.071,0.405,2,less100
72465,2017,19,2972.132530120482,7.997034997750711,0,NoWC,0,NoSA,buservices,4,good,83,0.06,0.349,2,less100
72465,2018,20,3713.2876712328766,8.219672927942105,0,NoWC,0,NoSA,buservices,4,good,73,0.068,0.411,2,less100
72465,2019,21,4664.6,8.447757364696244,0,NoWC,0,NoSA,buservices,4,good,70,0.086,0.5,2,less100
72471,2017,19,2391.4814814814813,7.779668319616183,1,WC,0,NoSA,health,3,satisfactory,27,0.63,0.667,1,less50
72471,2018,20,3258.3,8.0889608659541,1,WC,0,NoSA,health,3,satisfactory,20,0.4,0.7,1,less50
72471,2019,21,2933.85,7.9840708326516365,1,WC,0,NoSA,health,2,sufficient,20,0.35,0.65,1,less50
72471,2020,22,3148.181818181818,8.054580364598097,1,WC,0,NoSA,edu,2,sufficient,22,0.318,0.636,1,less50
72480,2012,14,3178.846153846154,8.064273565227689,0,NoWC,0,NoSA,buservices,2,sufficient,104,0.029,0.058,3,less250
72480,2013,15,3018.867924528302,8.012637180663843,0,NoWC,0,NoSA,buservices,3,satisfactory,106,0.038,0.075,3,less250
72480,2014,16,2981.132075471698,8.000058398456982,0,NoWC,0,NoSA,buservices,3,satisfactory,106,0.028,0.094,3,less250
72485,2016,18,3410.08,8.134491030412928,1,WC,0,NoSA,public,4,good,25,0.04,0.84,1,less50
72485,2017,19,2762.814814814815,7.924005299447008,1,WC,0,NoSA,public,4,good,27,0.037,0.815,1,less50
72485,2018,20,3674.689655172414,8.209223960508908,1,WC,0,NoSA,public,4,good,29,0.034,0.828,1,less50
72485,2020,22,1480.0833333333333,7.299853671479326,1,WC,0,NoSA,public,4,good,36,0.028,0.722,1,less50
72564,2017,19,2086.2093023255816,7.643103967212651,1,WC,0,NoSA,health,4,good,43,0.14,0.395,1,less50
72564,2018,20,2483.235294117647,7.817317543047384,1,WC,0,NoSA,health,3,satisfactory,34,0.206,0.324,1,less50
72564,2019,21,2762.5882352941176,7.923923285693887,1,WC,0,NoSA,health,4,good,34,0.529,0.382,1,less50
72577,2013,15,722.0384615384615,6.5820784083028805,1,WC,0,NoSA,wholesretail,2,sufficient,26,0.269,0.692,1,less50
72577,2014,16,786.1785714285714,6.6671839567381275,1,WC,0,NoSA,wholesretail,4,good,28,0.286,0.893,1,less50
72577,2015,17,1117.4375,7.018793396512039,1,WC,0,NoSA,wholesretail,4,good,32,0.219,0.875,1,less50
72599,1998,0,1163.2279594370862,7.058954143145371,0,NoWC,0,NoSA,transcom,2,sufficient,302,0.03,0.699,4,more250
72599,1999,1,1415.1567078754579,7.254995551560438,0,NoWC,0,NoSA,transcom,4,good,273,0.04,0.681,4,more250
72599,2000,2,1743.8846486175116,7.463870460433699,0,NoWC,0,NoSA,transcom,2,sufficient,217,0.051,0.664,3,less250
72599,2001,3,2070.2081778606967,7.63540445021752,0,NoWC,0,NoSA,transcom,2,sufficient,201,0.055,0.721,3,less250
72601,2018,20,1923.9545454545455,7.562138005922952,1,WC,0,NoSA,wholesretail,4,good,22,0.227,0.5,1,less50
72601,2019,21,3011.409090909091,8.010163384715858,1,WC,0,NoSA,wholesretail,5,very good,22,0.227,0.5,1,less50
72601,2020,22,1971.7619047619048,7.586682789922815,1,WC,0,NoSA,wholesretail,3,satisfactory,21,0.095,0.667,1,less50
72602,1998,0,195.00672433035714,5.2730340417146175,1,WC,0,NoSA,transcom,3,satisfactory,35,0.057,0.6,1,less50
72602,2000,2,232.62320033482143,5.449419978596418,1,WC,0,NoSA,transcom,4,good,35,0.086,0.571,1,less50
72602,2001,3,307.30292338709677,5.727833982228504,1,WC,0,NoSA,transcom,4,good,31,0.065,0.839,1,less50
72602,2002,4,193.36363636363637,5.264572542401867,1,WC,0,NoSA,transcom,4,good,33,0.061,0.606,1,less50
72602,2005,7,365.625,5.901608217986121,1,WC,0,NoSA,transcom,3,satisfactory,32,0.094,0.531,1,less50
72603,2003,5,2935.88,7.984762516964521,1,WC,0,NoSA,buservices,1,unsatisfactory,25,0.08,0.12,1,less50
72603,2004,6,3079.5833333333335,8.032549585430987,1,WC,0,NoSA,buservices,4,good,24,0.083,0.125,1,less50
72603,2007,9,3314.2,8.105971546195693,1,WC,0,NoSA,buservices,4,good,20,0.1,0.1,1,less50
72603,2008,10,2706.318181818182,7.903344385638764,1,WC,0,NoSA,buservices,4,good,22,0.045,0.091,1,less50
72606,2013,15,1793.0625,7.491680330777871,1,WC,0,NoSA,health,4,good,64,0.328,0.062,2,less100
72606,2014,16,1732.4347826086957,7.457283086839619,1,WC,0,NoSA,health,5,very good,69,0.275,0.058,2,less100
72606,2016,18,1517.162162162162,7.324596870248655,1,WC,1,SA,health,5,very good,74,0.27,0.054,2,less100
72606,2018,20,1863.5641025641025,7.530246117342493,1,WC,1,SA,health,5,very good,78,0.256,0.077,2,less100
72633,2006,8,2075.9493670886077,7.638173854339314,0,NoWC,1,SA,buservices,4,good,237,0.806,0.156,3,less250
72633,2007,9,1547.1870229007634,7.344193737190201,0,NoWC,1,SA,buservices,4,good,262,0.74,0.168,4,more250
72633,2008,10,1339.853046594982,7.20031522021096,0,NoWC,1,SA,buservices,4,good,279,0.656,0.151,4,more250
72633,2009,11,1282.5278810408922,7.156588316411658,0,NoWC,1,SA,buservices,4,good,269,0.699,0.141,4,more250
72720,1999,1,1364.0445033482142,7.218209464959289,1,WC,0,NoSA,manufacturing,5,very good,56,0.018,0.25,2,less100
72720,2000,2,1231.2334635416667,7.115771761770049,1,WC,0,NoSA,construction,4,good,60,0.017,0.117,2,less100
72720,2001,3,1035.09130130597,6.942244915631052,1,WC,0,NoSA,construction,3,satisfactory,67,0.015,0.179,2,less100
72720,2004,6,4341.986666666667,8.376087279652008,0,NoWC,0,NoSA,construction,3,satisfactory,75,0.027,0.093,2,less100
72721,2017,19,1942.1851851851852,7.571569002278822,1,WC,0,NoSA,construction,3,satisfactory,27,0.074,0.148,1,less50
72721,2018,20,3080.681818181818,8.03290622100855,1,WC,0,NoSA,construction,4,good,22,0.045,0.182,1,less50
72721,2019,21,3013.181818181818,8.010751881877122,1,WC,0,NoSA,construction,4,good,22,0.045,0.136,1,less50
72758,2016,18,3724.2254901960782,8.222614187099852,0,NoWC,1,SA,transcom,3,satisfactory,102,0.618,0.029,3,less250
72758,2017,19,4022.2871287128714,8.299605957320257,0,NoWC,1,SA,transcom,2,sufficient,101,0.525,0.05,3,less250
72758,2019,21,3353.7286821705425,8.117828045303842,0,NoWC,1,SA,transcom,3,satisfactory,129,0.45,0.093,3,less250
72758,2020,22,3463.625954198473,8.150071282962383,0,NoWC,0,NoSA,wholesretail,4,good,131,0.405,0.092,3,less250
72758,2021,23,3688.9024390243903,8.213084250791118,0,NoWC,0,NoSA,wholesretail,3,satisfactory,123,0.431,0.081,3,less250
72763,1998,0,209.81042850378788,5.346204401608585,1,WC,0,NoSA,buservices,2,sufficient,99,0.01,0.091,2,less100
72763,1999,1,171.18590666118422,5.142750139414792,1,WC,0,NoSA,buservices,2,sufficient,95,0.011,0.095,2,less100
72763,2000,2,180.5513006981383,5.196014951785794,1,WC,0,NoSA,buservices,2,sufficient,94,0.011,0.096,2,less100
72831,1998,0,129.22066700061652,4.861521539861138,0,NoWC,0,NoSA,wholesretail,3,satisfactory,1622,0.017,0.166,4,more250
72831,1999,1,612.5413583509513,6.417616463977538,0,NoWC,0,NoSA,wholesretail,2,sufficient,1419,0.02,0.166,4,more250
72831,2000,2,539.5010775862069,6.290644782075633,0,NoWC,0,NoSA,wholesretail,2,sufficient,1160,0.014,0.208,4,more250
72831,2001,3,556.3107914462081,6.321327115502135,0,NoWC,0,NoSA,wholesretail,1,unsatisfactory,1134,0.014,0.235,4,more250
72831,2002,4,606.060606060606,6.406979991069647,0,NoWC,0,NoSA,wholesretail,1,unsatisfactory,924,0.021,0.268,4,more250
72834,2006,8,2277.777777777778,7.73095558779028,0,NoWC,0,NoSA,manufacturing,2,sufficient,216,0.449,0.065,3,less250
72834,2007,9,1201.7820895522389,7.09156080877017,1,WC,0,NoSA,manufacturing,3,satisfactory,335,0.239,0.078,4,more250
72834,2008,10,1038.3861111111112,6.94542297058217,1,WC,0,NoSA,manufacturing,3,satisfactory,360,0.211,0.089,4,more250
72834,2009,11,969.1011235955057,6.876368965161467,1,WC,0,NoSA,manufacturing,3,satisfactory,356,0.244,0.093,4,more250
72834,2010,12,827.1847133757962,6.718028023621846,1,WC,0,NoSA,manufacturing,3,satisfactory,314,0.478,0.099,4,more250
72838,2006,8,1083.7004405286343,6.988136797433097,0,NoWC,0,NoSA,buservices,3,satisfactory,454,0.035,0.531,4,more250
72838,2007,9,868.0149892933619,6.766208983282401,0,NoWC,0,NoSA,buservices,4,good,467,0.041,0.505,4,more250
72838,2008,10,791.9894067796611,6.67454801644677,0,NoWC,0,NoSA,buservices,4,good,472,0.044,0.506,4,more250
72838,2009,11,680.4733727810651,6.5227886924223135,0,NoWC,0,NoSA,buservices,4,good,507,0.037,0.523,4,more250
72862,2007,9,301.1621621621622,5.707648864402829,0,NoWC,0,NoSA,manufacturing,3,satisfactory,37,0.108,0.757,1,less50
72862,2008,10,451.72972972972974,6.113084057917157,0,NoWC,0,NoSA,manufacturing,3,satisfactory,37,0.108,0.865,1,less50
72862,2009,11,458.27777777777777,6.127475501964567,0,NoWC,0,NoSA,manufacturing,5,very good,36,0.167,0.833,1,less50
72862,2010,12,1141.5882352941176,7.040175760655879,0,NoWC,0,NoSA,manufacturing,3,satisfactory,34,0.147,0.882,1,less50
72862,2011,13,1342.9117647058824,7.202595494220349,0,NoWC,0,NoSA,manufacturing,4,good,34,0.147,0.853,1,less50
72862,2012,14,1411.0588235294117,7.252095640232184,0,NoWC,0,NoSA,manufacturing,4,good,34,0.118,0.853,1,less50
72862,2014,16,1698.1818181818182,7.4373134389844635,0,NoWC,0,NoSA,manufacturing,4,good,33,0.182,0.818,1,less50
72862,2015,17,1833.6875,7.51408424571343,0,NoWC,0,NoSA,manufacturing,3,satisfactory,32,0.062,0.906,1,less50
72862,2016,18,2082.3870967741937,7.641270157336818,0,NoWC,0,NoSA,manufacturing,4,good,31,0.129,0.871,1,less50
72862,2017,19,1999.3939393939395,7.6005993833160925,0,NoWC,0,NoSA,manufacturing,5,very good,33,0.091,0.909,1,less50
72862,2018,20,2058.4848484848485,7.629725480718867,0,NoWC,0,NoSA,manufacturing,2,sufficient,33,0.091,0.879,1,less50
72862,2019,21,1988.8484848484848,7.5953110994056265,0,NoWC,0,NoSA,manufacturing,4,good,33,0.152,0.879,1,less50
72862,2020,22,2186.3142857142857,7.689972430458213,0,NoWC,0,NoSA,manufacturing,4,good,35,0.114,0.857,1,less50
72863,2009,11,2440.390625,7.7999133976869715,1,WC,0,NoSA,manufacturing,4,good,64,0.141,0.906,2,less100
72863,2010,12,2462.3898305084745,7.808887633165623,1,WC,0,NoSA,manufacturing,3,satisfactory,59,0.271,0.814,2,less100
72863,2011,13,2415.6774193548385,7.789735031661363,1,WC,0,NoSA,manufacturing,3,satisfactory,62,0.435,0.79,2,less100
72863,2012,14,2299.6875,7.740528523120918,1,WC,0,NoSA,manufacturing,3,satisfactory,64,0.75,0.812,2,less100
72863,2014,16,2144.1451612903224,7.670496225724467,0,NoWC,0,NoSA,manufacturing,3,satisfactory,62,0.081,0.79,2,less100
72873,2001,3,2703.0486111111113,7.902135530247592,0,NoWC,0,NoSA,buservices,3,satisfactory,27,0.296,0.481,1,less50
72873,2002,4,3026.4444444444443,8.015143758792684,0,NoWC,0,NoSA,buservices,4,good,27,0.148,0.481,1,less50
72873,2003,5,2535.8387096774195,7.838279713249603,0,NoWC,0,NoSA,buservices,1,unsatisfactory,31,0.097,0.452,1,less50
72877,2016,18,2034.6785714285713,7.6180931352433054,0,NoWC,0,NoSA,manufacturing,4,good,28,0.107,0.643,1,less50
72877,2017,19,2165.5789473684213,7.680443016867736,0,NoWC,0,NoSA,manufacturing,3,satisfactory,38,0.079,0.632,1,less50
72877,2018,20,2386.3611111111113,7.777524937019781,0,NoWC,0,NoSA,manufacturing,5,very good,36,0.056,0.556,1,less50
72877,2019,21,2877.3333333333335,7.964619218269861,0,NoWC,0,NoSA,manufacturing,4,good,33,0.091,0.667,1,less50
72877,2020,22,2127.764705882353,7.6628272738041545,0,NoWC,0,NoSA,manufacturing,5,very good,34,0.088,0.765,1,less50
72885,2018,20,1593.4756756756756,7.373672869025274,0,NoWC,0,NoSA,buservices,5,very good,185,0.022,0.016,3,less250
72885,2019,21,1592.6432432432432,7.373150332062558,0,NoWC,0,NoSA,buservices,5,very good,185,0.016,0.011,3,less250
72885,2020,22,2124.4622641509436,7.661273997171154,0,NoWC,0,NoSA,buservices,4,good,106,0.123,0.019,3,less250
72885,2021,23,2043.532110091743,7.622435016162868,0,NoWC,1,SA,buservices,4,good,109,0.147,0.009,3,less250
72889,2017,19,2177.311111111111,7.68584595920564,0,NoWC,0,NoSA,manufacturing,4,good,45,0.267,0.289,1,less50
72889,2018,20,2918.3720930232557,7.978781237410791,0,NoWC,0,NoSA,manufacturing,3,satisfactory,43,0.442,0.302,1,less50
72889,2019,21,2955.4883720930234,7.991419185928491,0,NoWC,0,NoSA,manufacturing,2,sufficient,43,0.442,0.302,1,less50
72889,2020,22,2474.4772727272725,7.813784449757834,0,NoWC,0,NoSA,manufacturing,4,good,44,0.523,0.136,1,less50
72893,2013,15,302.2739726027397,5.71133380017186,1,WC,0,NoSA,transcom,3,satisfactory,365,0.066,0.118,4,more250
72893,2014,16,826.140056022409,6.71676431849658,1,WC,0,NoSA,transcom,3,satisfactory,357,0.16,0.137,4,more250
72893,2017,19,843.0292397660819,6.73700164276935,1,WC,0,NoSA,transcom,2,sufficient,342,0.167,0.17,4,more250
72893,2018,20,969.6959064327485,6.876982523823554,1,WC,0,NoSA,transcom,2,sufficient,342,0.085,0.17,4,more250
72905,1998,0,1527.7142210144928,7.331527924102647,0,NoWC,0,NoSA,manufacturing,4,good,138,0.109,0.283,3,less250
72905,1999,1,1383.8115234375,7.232596944416582,0,NoWC,0,NoSA,manufacturing,3,satisfactory,144,0.076,0.278,3,less250
72905,2000,2,1712.8065321180557,7.445888550975613,0,NoWC,0,NoSA,manufacturing,3,satisfactory,144,0.104,0.368,3,less250
72905,2001,3,1425.7373649691358,7.262444407973278,0,NoWC,0,NoSA,manufacturing,2,sufficient,162,0.062,0.685,3,less250
72914,2014,16,738.3177570093458,6.6043742969872525,0,NoWC,0,NoSA,public,4,good,428,0.15,0.229,4,more250
72914,2015,17,882.4824355971897,6.782738885603367,0,NoWC,0,NoSA,public,4,good,427,0.26,0.234,4,more250
72914,2016,18,926.3551401869158,6.831257681841118,0,NoWC,0,NoSA,public,4,good,428,0.238,0.229,4,more250
72914,2017,19,989.3388235294118,6.897036864993331,0,NoWC,0,NoSA,public,4,good,425,0.24,0.226,4,more250
72914,2018,20,1025.1761904761904,6.932619769948077,0,NoWC,0,NoSA,public,4,good,420,0.243,0.221,4,more250
72931,2004,6,826.8360655737705,6.717606447530873,0,NoWC,0,NoSA,manufacturing,3,satisfactory,61,0.18,0.508,2,less100
72931,2005,7,1004.421875,6.912167406217912,0,NoWC,0,NoSA,manufacturing,4,good,64,0.172,0.562,2,less100
72931,2006,8,2918.2622950819673,7.978743613693423,0,NoWC,0,NoSA,manufacturing,2,sufficient,61,0.18,0.557,2,less100
72952,2000,2,2539.1452414772725,7.839582784273887,1,WC,0,NoSA,manufacturing,3,satisfactory,22,0.182,0.909,1,less50
72952,2001,3,2793.051302083333,7.934889933869337,1,WC,0,NoSA,manufacturing,3,satisfactory,30,0.2,0.867,1,less50
72952,2002,4,3641.8333333333335,8.200242496838811,1,WC,0,NoSA,manufacturing,4,good,30,0.233,0.933,1,less50
72952,2003,5,2185.1,7.689416873072821,1,WC,0,NoSA,manufacturing,3,satisfactory,30,0.133,0.9,1,less50
72952,2004,6,4097.0625,8.318025532495195,1,WC,0,NoSA,manufacturing,4,good,32,0.219,0.844,1,less50
72952,2005,7,2560.65625,7.848018852278412,1,WC,0,NoSA,manufacturing,4,good,32,0.219,0.812,1,less50
72952,2007,9,1618.5925925925926,7.389312280622483,1,WC,0,NoSA,manufacturing,2,sufficient,27,0.148,0.852,1,less50
72952,2008,10,1680.8461538461538,7.42705260860533,1,WC,0,NoSA,manufacturing,3,satisfactory,26,0.231,0.885,1,less50
72952,2009,11,1820.9,7.507086163337798,1,WC,0,NoSA,manufacturing,4,good,30,0.1,0.9,1,less50
72952,2010,12,1456.7333333333333,7.283951764964657,1,WC,0,NoSA,manufacturing,4,good,30,0.467,0.933,1,less50
72952,2012,14,993.2121212121212,6.9009442577602265,1,WC,0,NoSA,manufacturing,4,good,33,0.455,0.939,1,less50
72952,2013,15,1024.25,6.93171591642698,1,WC,0,NoSA,manufacturing,4,good,32,0.562,0.938,1,less50
72952,2014,16,1317.6666666666667,7.183617774628576,1,WC,0,NoSA,manufacturing,4,good,33,0.333,1,1,less50
72952,2016,18,1358.2972972972973,7.213987207057856,1,WC,0,NoSA,manufacturing,5,very good,37,0.081,0.973,1,less50
72952,2017,19,818.0731707317074,6.706951783374524,1,WC,0,NoSA,manufacturing,5,very good,41,0.463,0.902,1,less50
72952,2018,20,1012.609756097561,6.920286194189732,1,WC,0,NoSA,manufacturing,5,very good,41,0.317,0.854,1,less50
72952,2019,21,885.8378378378378,6.786533906582482,1,WC,0,NoSA,manufacturing,5,very good,37,0.378,0.865,1,less50
72952,2020,22,959.3170731707318,6.866221649195739,1,WC,0,NoSA,manufacturing,4,good,41,0.073,0.878,1,less50
72954,2007,9,1287.2564102564102,7.160268418720735,0,NoWC,0,NoSA,buservices,3,satisfactory,39,0.231,0.205,1,less50
72954,2008,10,734.8378378378378,6.599649846078667,0,NoWC,0,NoSA,buservices,3,satisfactory,37,0.27,0.189,1,less50
72954,2009,11,842.3888888888889,6.736241770904774,0,NoWC,0,NoSA,buservices,3,satisfactory,36,0.278,0.194,1,less50
72954,2010,12,871.4166666666666,6.770120239810589,0,NoWC,0,NoSA,buservices,1,unsatisfactory,36,0.333,0.194,1,less50
72954,2011,13,310.6039603960396,5.738518661425439,0,NoWC,0,NoSA,buservices,3,satisfactory,101,0.059,0.149,3,less250
72954,2012,14,345.09,5.843805252576028,0,NoWC,0,NoSA,buservices,4,good,100,0.16,0.13,2,less100
72954,2013,15,324.17,5.781268069547974,0,NoWC,0,NoSA,buservices,3,satisfactory,100,0.15,0.14,2,less100
72954,2014,16,366,5.902633333401366,0,NoWC,0,NoSA,buservices,2,sufficient,100,0.17,0.15,2,less100
72954,2015,17,350.6868686868687,5.859893713293904,0,NoWC,0,NoSA,buservices,3,satisfactory,99,0.172,0.131,2,less100
72954,2016,18,490.2448979591837,6.194905058003809,0,NoWC,0,NoSA,buservices,3,satisfactory,98,0.173,0.173,2,less100
72954,2017,19,444.97938144329896,6.098027947257512,0,NoWC,0,NoSA,buservices,3,satisfactory,97,0.216,0.186,2,less100
72954,2018,20,505.7070707070707,6.225957590007313,0,NoWC,0,NoSA,buservices,3,satisfactory,99,0.162,0.212,2,less100
72954,2019,21,469.4895833333333,6.1516461116787235,0,NoWC,0,NoSA,buservices,3,satisfactory,96,0.188,0.146,2,less100
72988,2009,11,192.82296650717703,5.261772495969963,1,WC,0,NoSA,construction,3,satisfactory,209,0.005,0.239,3,less250
72988,2010,12,289.36764705882354,5.6676980147857385,1,WC,0,NoSA,construction,4,good,204,0.005,0.216,3,less250
72988,2013,15,2166.4634146341464,7.68085135418492,1,WC,0,NoSA,construction,4,good,41,0.024,0.463,1,less50
72988,2014,16,1189.6285714285714,7.081396412534536,1,WC,0,NoSA,construction,4,good,35,0.086,0.543,1,less50
72993,2014,16,8357.190476190477,9.0308775821541,0,NoWC,0,NoSA,health,4,good,21,0.143,0.048,1,less50
72993,2015,17,6954.615384615385,8.847160802269876,0,NoWC,0,NoSA,health,4,good,26,0.077,0.038,1,less50
72993,2016,18,6381.88,8.761218003778303,0,NoWC,0,NoSA,health,4,good,25,0.12,0.04,1,less50
73029,2013,15,2517.5454545454545,7.831039679859891,1,WC,1,SA,health,4,good,33,0.364,0.333,1,less50
73029,2014,16,2884.675,7.967167520950079,1,WC,0,NoSA,health,4,good,40,0.475,0.45,1,less50
73029,2015,17,2840.2820512820513,7.951658640055668,1,WC,0,NoSA,health,4,good,39,0.487,0.41,1,less50
73029,2016,18,2820.5714285714284,7.944694777649801,1,WC,1,SA,health,4,good,35,0.286,0.4,1,less50
73029,2017,19,3492.7837837837837,8.158454343029458,1,WC,0,NoSA,health,5,very good,37,0.162,0.405,1,less50
73029,2018,20,2881.342857142857,7.966011734301257,1,WC,0,NoSA,health,3,satisfactory,35,0.2,0.343,1,less50
73029,2019,21,2233.2903225806454,7.71123125797952,1,WC,0,NoSA,health,3,satisfactory,31,0.161,0.355,1,less50
73029,2020,22,2730.9310344827586,7.912397868310745,1,WC,0,NoSA,buservices,3,satisfactory,29,0.414,0.379,1,less50
73029,2021,23,1623.3793103448277,7.392265249601798,1,WC,0,NoSA,buservices,3,satisfactory,29,0.31,0.31,1,less50
73042,2013,15,1748.6338797814208,7.466590121934488,0,NoWC,0,NoSA,manufacturing,4,good,183,0.082,0.164,3,less250
73042,2014,16,1519.2307692307693,7.325959412867731,0,NoWC,0,NoSA,manufacturing,3,satisfactory,208,0.058,0.212,3,less250
73042,2015,17,7932.3774509803925,8.97870807435981,0,NoWC,0,NoSA,manufacturing,3,satisfactory,204,0.054,0.211,3,less250
73051,2016,18,1567.2857142857142,7.357100557762178,0,NoWC,1,SA,buservices,2,sufficient,21,0.048,0.667,1,less50
73051,2017,19,1788.7826086956522,7.48929056058327,0,NoWC,0,NoSA,buservices,3,satisfactory,23,0.043,0.739,1,less50
73051,2018,20,989,6.8966943316227125,0,NoWC,0,NoSA,buservices,2,sufficient,26,0.077,0.577,1,less50
73051,2020,22,1371.375,7.223569165137655,0,NoWC,0,NoSA,buservices,3,satisfactory,24,0.125,0.875,1,less50
73051,2021,23,1028.5333333333333,6.935889118225909,0,NoWC,0,NoSA,buservices,2,sufficient,30,0.133,0.567,1,less50
73100,2001,3,1322.550183438155,7.187317108901492,0,NoWC,1,SA,public,1,unsatisfactory,477,0.006,0.124,4,more250
73100,2002,4,1183.9323467230445,7.076596674219399,0,NoWC,0,NoSA,public,1,unsatisfactory,473,0.006,0.114,4,more250
73100,2003,5,981.0584415584416,6.888632031245004,0,NoWC,0,NoSA,buservices,4,good,462,0.006,0.119,4,more250
73100,2004,6,1059.322033898305,6.965384391818773,0,NoWC,0,NoSA,buservices,1,unsatisfactory,472,0.011,0.108,4,more250
73134,2000,2,2335.153917910448,7.755833085665187,0,NoWC,0,NoSA,manufacturing,5,very good,268,0.567,0.78,4,more250
73134,2002,4,1575.7692307692307,7.362498832519434,1,WC,0,NoSA,manufacturing,2,sufficient,273,0.875,0.458,4,more250
73134,2003,5,1607.2603305785124,7.38228635048816,0,NoWC,0,NoSA,manufacturing,2,sufficient,242,0.851,0.785,3,less250
73134,2005,7,1552.702479338843,7.3477522267777875,0,NoWC,0,NoSA,manufacturing,3,satisfactory,242,0.822,0.719,3,less250
73134,2006,8,1583.9586776859503,7.367682484714615,0,NoWC,0,NoSA,manufacturing,4,good,242,0.785,0.789,3,less250
73134,2008,10,1465.956862745098,7.290263456873899,0,NoWC,1,SA,manufacturing,3,satisfactory,255,0.384,0.71,4,more250
73134,2009,11,1635.0710900473935,7.39944156253743,0,NoWC,0,NoSA,manufacturing,5,very good,211,0.924,0.701,3,less250
73134,2011,13,1446,7.27655640271871,0,NoWC,0,NoSA,manufacturing,4,good,200,0.995,0.695,3,less250
73135,2001,3,2014.922626201923,7.608336074736292,1,WC,0,NoSA,manufacturing,5,very good,26,0.423,0.038,1,less50
73135,2002,4,1839.7857142857142,7.517404384193753,1,WC,0,NoSA,manufacturing,3,satisfactory,28,0.464,0.036,1,less50
73135,2003,5,2123.75,7.660938672986142,1,WC,0,NoSA,manufacturing,2,sufficient,28,0.393,0.036,1,less50
73182,2003,5,623.4511691884456,6.435270444793224,0,NoWC,0,NoSA,transcom,2,sufficient,727,0.01,0.557,4,more250
73182,2004,6,635.3240152477764,6.454135128986926,0,NoWC,0,NoSA,transcom,3,satisfactory,787,0.008,0.611,4,more250
73182,2007,9,594.3739002932551,6.387508583107836,0,NoWC,0,NoSA,transcom,3,satisfactory,682,0.009,0.57,4,more250
73214,2017,19,644.3080568720379,6.468176960912039,0,NoWC,0,NoSA,wholesretail,3,satisfactory,211,0.066,0.768,3,less250
73214,2018,20,409.10407239819006,6.013969579415726,0,NoWC,0,NoSA,wholesretail,3,satisfactory,221,0.072,0.769,3,less250
73214,2019,21,589.3655913978495,6.379046689566302,0,NoWC,0,NoSA,wholesretail,3,satisfactory,186,0.032,0.758,3,less250
73214,2020,22,548.5350877192982,6.307251247987044,0,NoWC,0,NoSA,transcom,3,satisfactory,228,0.057,0.759,3,less250
73225,2016,18,243.4516129032258,5.4949182077997225,0,NoWC,0,NoSA,manufacturing,5,very good,31,0.032,0.387,1,less50
73225,2018,20,332.1290322580645,5.805523544790816,0,NoWC,0,NoSA,manufacturing,5,very good,31,0.065,0.323,1,less50
73225,2019,21,342.21875,5.8354501524760325,0,NoWC,0,NoSA,manufacturing,4,good,32,0.062,0.344,1,less50
73225,2020,22,466.44444444444446,6.145138923044359,0,NoWC,0,NoSA,manufacturing,3,satisfactory,27,0.222,0.519,1,less50
73234,2008,10,1333.85,7.195824776375183,1,WC,0,NoSA,transcom,1,unsatisfactory,20,0.05,0.55,1,less50
73234,2012,14,2032.5238095238096,7.617033555756211,1,WC,0,NoSA,transcom,5,very good,21,0.143,0.524,1,less50
73234,2013,15,2286.6071428571427,7.7348244008925215,1,WC,0,NoSA,transcom,5,very good,28,0.071,0.536,1,less50
73234,2014,16,1185.6666666666667,7.078060483280345,1,WC,0,NoSA,transcom,2,sufficient,27,0.074,0.481,1,less50
73234,2019,21,2237.451612903226,7.713092824397064,1,WC,0,NoSA,transcom,5,very good,31,0.129,0.548,1,less50
73234,2021,23,1816.918918918919,7.504897443800574,1,WC,0,NoSA,transcom,5,very good,37,0.081,0.486,1,less50
73250,2000,2,287.2015501482214,5.660184234611528,1,WC,0,NoSA,wholesretail,2,sufficient,506,0.02,0.152,4,more250
73250,2001,3,204.20506589248436,5.319124713907092,1,WC,0,NoSA,wholesretail,3,satisfactory,479,0.021,0.152,4,more250
73250,2002,4,185.73543689320388,5.224323278872637,1,WC,0,NoSA,wholesretail,3,satisfactory,412,0.022,0.194,4,more250
73253,2015,17,903.3333333333334,6.806091625205637,1,WC,0,NoSA,manufacturing,4,good,24,0.042,0.167,1,less50
73253,2017,19,1079.65,6.984392193520841,1,WC,0,NoSA,manufacturing,3,satisfactory,20,0.15,0.15,1,less50
73253,2018,20,1212.4782608695652,7.100421693471168,1,WC,0,NoSA,manufacturing,3,satisfactory,23,0.13,0.13,1,less50
73258,2006,8,977.9768637532134,6.885486013060937,0,NoWC,0,NoSA,edu,4,good,389,0.105,0.573,4,more250
73258,2007,9,885.1040609137056,6.785705221048936,0,NoWC,1,SA,edu,4,good,394,0.117,0.579,4,more250
73258,2008,10,934.5475,6.840062454924344,0,NoWC,0,NoSA,edu,4,good,400,0.53,0.618,4,more250
73258,2009,11,799.7816377171216,6.684338737555919,0,NoWC,0,NoSA,edu,4,good,403,0.305,0.628,4,more250
73258,2010,12,639.743842364532,6.461067849928368,0,NoWC,0,NoSA,edu,4,good,406,0.424,0.631,4,more250
73258,2012,14,763.5390070921986,6.637964213192806,0,NoWC,0,NoSA,edu,4,good,423,0.586,0.619,4,more250
73258,2013,15,717.5,6.5757729476337765,0,NoWC,0,NoSA,edu,3,satisfactory,424,0.594,0.623,4,more250
73258,2014,16,680.2085308056872,6.522399414108221,0,NoWC,0,NoSA,edu,4,good,422,0.505,0.621,4,more250
73258,2015,17,643.75,6.467310451977946,0,NoWC,0,NoSA,edu,4,good,424,0.498,0.627,4,more250
73258,2016,18,548.5376344086021,6.307255890686206,0,NoWC,0,NoSA,edu,4,good,465,0.51,0.637,4,more250
73258,2018,20,474.30075187969925,6.161841618123054,0,NoWC,0,NoSA,edu,2,sufficient,532,0.489,0.611,4,more250
73258,2019,21,464.720640569395,6.141436452081922,0,NoWC,0,NoSA,edu,2,sufficient,562,0.468,0.617,4,more250
73258,2020,22,185.15426497277676,5.221189342324003,0,NoWC,0,NoSA,buservices,4,good,551,0.51,0.644,4,more250
73258,2021,23,87.68831168831169,4.4737886144221095,0,NoWC,0,NoSA,buservices,3,satisfactory,616,0.416,0.516,4,more250
73265,2000,2,3137.2154796511627,8.051090895551495,1,WC,0,NoSA,buservices,4,good,43,0.279,0.721,1,less50
73265,2001,3,3741.3844476744184,8.22721099508637,1,WC,0,NoSA,buservices,3,satisfactory,43,0.116,0.767,1,less50
73265,2002,4,2906.490566037736,7.974701641320805,1,WC,0,NoSA,buservices,3,satisfactory,53,0.094,0.774,2,less100
73266,2012,14,2162.1176470588234,7.678843412564559,1,WC,0,NoSA,manufacturing,4,good,51,0.078,0.843,2,less100
73266,2013,15,3226.8695652173915,8.079267771407785,1,WC,0,NoSA,manufacturing,4,good,46,0.065,0.913,1,less50
73266,2014,16,2593.74,7.860856128549889,1,WC,0,NoSA,manufacturing,4,good,50,0.02,0.92,1,less50
73266,2015,17,3226.98,8.079301994325908,1,WC,0,NoSA,manufacturing,4,good,50,0.02,0.94,1,less50
73266,2018,20,3395.6666666666665,8.130255387921956,1,WC,0,NoSA,manufacturing,4,good,54,0.037,0.944,2,less100
73277,2007,9,1762.4478260869564,7.474458932028103,1,WC,0,NoSA,manufacturing,4,good,230,0.091,0.674,3,less250
73277,2008,10,1394.847014925373,7.240540021521469,1,WC,0,NoSA,manufacturing,4,good,268,0.045,0.642,4,more250
73277,2009,11,1273.0627306273063,7.149180875133796,1,WC,0,NoSA,manufacturing,3,satisfactory,271,0.055,0.461,4,more250
73286,2000,2,6856.29638671875,8.83292268961141,0,NoWC,0,NoSA,finance,4,good,32,0.781,0.281,1,less50
73286,2001,3,10834.658854166666,9.290505427934093,0,NoWC,0,NoSA,finance,4,good,36,0.417,0.306,1,less50
73286,2002,4,4890.179487179487,8.494984286739989,1,WC,0,NoSA,finance,4,good,39,0.59,0.282,1,less50
73286,2003,5,5254.428571428572,8.566826537422898,1,WC,0,NoSA,finance,4,good,49,0.286,0.347,1,less50
73286,2005,7,4086.785714285714,8.315514051136557,0,NoWC,0,NoSA,finance,3,satisfactory,56,0.107,0.393,2,less100
73294,2000,2,1493.606801909308,7.308949146253905,0,NoWC,0,NoSA,manufacturing,4,good,419,0.368,0.807,4,more250
73294,2001,3,1179.1709112149533,7.072566852893826,0,NoWC,0,NoSA,manufacturing,4,good,535,0.323,0.772,4,more250
73294,2002,4,1078.9980732177264,6.983788179545443,0,NoWC,0,NoSA,manufacturing,4,good,519,0.268,0.786,4,more250
73294,2003,5,1180.3359375,7.073554369739016,0,NoWC,0,NoSA,manufacturing,2,sufficient,384,0.354,0.784,4,more250
73301,1998,0,3313.3125,8.105703723236385,0,NoWC,1,SA,public,3,satisfactory,210,0.095,0.695,3,less250
73301,1999,1,3093.224866548043,8.036969471803836,0,NoWC,1,SA,public,4,good,281,0.071,0.537,4,more250
73301,2000,2,1788.0607142857143,7.488886911692584,0,NoWC,1,SA,public,4,good,350,0.114,0.474,4,more250
73301,2001,3,3268.6862046632123,8.092143410884947,0,NoWC,1,SA,public,2,sufficient,193,0.233,0.461,3,less250
73301,2002,4,2718.4466019417478,7.907815893921751,0,NoWC,1,SA,public,4,good,206,0.252,0.413,3,less250
73301,2004,6,2808.9887640449438,7.940579827112243,0,NoWC,0,NoSA,public,2,sufficient,178,0.506,0.303,3,less250
73340,2012,14,2131.081632653061,7.664384938569542,0,NoWC,0,NoSA,finance,3,satisfactory,49,0.204,0.49,1,less50
73340,2013,15,1919.2391304347825,7.559684100247804,0,NoWC,0,NoSA,finance,3,satisfactory,46,0.239,0.717,1,less50
73340,2014,16,1898.6,7.548872051447698,0,NoWC,0,NoSA,finance,3,satisfactory,55,0.2,0.582,2,less100
73340,2015,17,2373.25,7.772015602761908,0,NoWC,0,NoSA,finance,3,satisfactory,48,0.396,0.604,1,less50
73340,2016,18,1282.837837837838,7.156829963671674,0,NoWC,0,NoSA,finance,3,satisfactory,74,0.243,0.554,2,less100
73340,2017,19,1141.7297297297298,7.040299698222141,0,NoWC,0,NoSA,finance,3,satisfactory,74,0.243,0.581,2,less100
73346,2011,13,2337.7096774193546,7.756926958709674,1,WC,0,NoSA,transcom,4,good,31,0.097,0.71,1,less50
73346,2012,14,2478.189189189189,7.815283406808738,1,WC,0,NoSA,transcom,4,good,37,0.081,0.703,1,less50
73346,2013,15,2285.3030303030305,7.734253911735872,1,WC,0,NoSA,transcom,3,satisfactory,33,0.091,0.848,1,less50
73371,2006,8,1915.4310344827586,7.557697959568119,1,WC,0,NoSA,edu,2,sufficient,58,0.017,0.19,2,less100
73371,2007,9,2029.4406779661017,7.615515505975477,1,WC,0,NoSA,edu,3,satisfactory,59,0.017,0.186,2,less100
73371,2008,10,2082.3728813559323,7.641263330812199,1,WC,0,NoSA,edu,3,satisfactory,59,0.017,0.237,2,less100
73371,2009,11,2755.6833333333334,7.921420724709496,1,WC,0,NoSA,edu,4,good,60,0.017,0.183,2,less100
73371,2011,13,2609.5454545454545,7.866931329803367,1,WC,0,NoSA,edu,3,satisfactory,55,0.018,0.236,2,less100
73371,2013,15,2556.3174603174602,7.846323009787132,1,WC,0,NoSA,edu,3,satisfactory,63,0.016,0.254,2,less100
73371,2014,16,3124.0285714285715,8.046878656701548,1,WC,0,NoSA,edu,3,satisfactory,70,0.014,0.257,2,less100
73371,2015,17,2836.1216216216217,7.950192771648432,1,WC,0,NoSA,edu,3,satisfactory,74,0.014,0.23,2,less100
73371,2016,18,2599.527027027027,7.863084794779542,1,WC,0,NoSA,edu,3,satisfactory,74,0.014,0.23,2,less100
73371,2017,19,3068.175675675676,8.0288384214983,1,WC,0,NoSA,edu,3,satisfactory,74,0.014,0.23,2,less100
73371,2018,20,3524.5733333333333,8.16751466773129,1,WC,0,NoSA,edu,3,satisfactory,75,0.013,0.227,2,less100
73371,2019,21,3460.32,8.149116349324379,1,WC,0,NoSA,edu,3,satisfactory,75,0.04,0.227,2,less100
73371,2020,22,2613.7023809523807,7.8685230319073,1,WC,0,NoSA,health,3,satisfactory,84,0.012,0.214,2,less100
73371,2021,23,2340.029411764706,7.757918777402972,1,WC,0,NoSA,health,3,satisfactory,102,0.01,0.206,3,less250
73372,2008,10,2176.133333333333,7.685304880608431,1,WC,0,NoSA,construction,3,satisfactory,30,0.067,0.033,1,less50
73372,2009,11,1296.032258064516,7.167062767084337,1,WC,0,NoSA,construction,4,good,31,0.065,0.032,1,less50
73372,2010,12,2454.133333333333,7.805528956856538,1,WC,0,NoSA,construction,3,satisfactory,30,0.1,0.033,1,less50
73372,2011,13,1378.7096774193549,7.228903324387993,1,WC,0,NoSA,construction,4,good,31,0.097,0.032,1,less50
73372,2012,14,1837.6774193548388,7.516257781176814,1,WC,0,NoSA,construction,4,good,31,0.129,0.065,1,less50
73372,2013,15,1550.8974358974358,7.346589033264302,1,WC,0,NoSA,construction,4,good,39,0.103,0.077,1,less50
73372,2015,17,1780.0975609756097,7.484423451321002,1,WC,0,NoSA,construction,4,good,41,0.122,0.049,1,less50
73372,2016,18,2156.7804878048782,7.676371873850692,1,WC,1,SA,construction,4,good,41,0.122,0.073,1,less50
73372,2017,19,2278.342105263158,7.731203310634609,1,WC,0,NoSA,construction,4,good,38,0.105,0.079,1,less50
73379,2007,9,1387.2571428571428,7.235083798125639,0,NoWC,0,NoSA,health,4,good,35,0.086,0.8,1,less50
73379,2010,12,1629.5238095238096,7.396043109722761,0,NoWC,0,NoSA,health,2,sufficient,42,0.095,0.857,1,less50
73379,2012,14,2508.6326530612246,7.82749312395377,0,NoWC,0,NoSA,health,3,satisfactory,49,0.102,0.612,1,less50
73379,2013,15,2646.25,7.880898822449075,0,NoWC,0,NoSA,health,4,good,48,0.125,0.583,1,less50
73393,2000,2,1854.747767857143,7.525503991595205,1,WC,0,NoSA,public,4,good,63,0.079,0.635,2,less100
73393,2001,3,1810.5819692460318,7.501403602550371,1,WC,0,NoSA,public,5,very good,63,0.063,0.667,2,less100
73393,2003,5,2338.8245614035086,7.757403757958151,1,WC,0,NoSA,public,2,sufficient,57,0.088,0.368,2,less100
73393,2004,6,2037.8387096774193,7.619645069177521,1,WC,0,NoSA,public,1,unsatisfactory,62,0.194,0.613,2,less100
73393,2005,7,1935.446153846154,7.5680931493497265,1,WC,0,NoSA,public,3,satisfactory,65,0.062,0.523,2,less100
73393,2006,8,1819.7462686567164,7.50645235752599,1,WC,0,NoSA,public,3,satisfactory,67,0.075,0.343,2,less100
73393,2007,9,1483.8805970149253,7.302415960257697,1,WC,0,NoSA,public,3,satisfactory,67,0.104,0.507,2,less100
73401,2007,9,2625,7.872836175025724,0,NoWC,0,NoSA,wholesretail,2,sufficient,26,0.077,0.192,1,less50
73401,2008,10,2380.1290322580644,7.774909980430409,0,NoWC,0,NoSA,wholesretail,2,sufficient,31,0.065,0.129,1,less50
73401,2009,11,2240.6774193548385,7.714533518484409,0,NoWC,0,NoSA,wholesretail,1,unsatisfactory,31,0.065,0.194,1,less50
73418,2009,11,1402.439024390244,7.245968160081134,0,NoWC,0,NoSA,manufacturing,4,good,246,0.154,0.028,3,less250
73418,2010,12,898.7404844290658,6.800994321417668,0,NoWC,0,NoSA,manufacturing,4,good,289,0.131,0.024,4,more250
73418,2011,13,983.6734693877551,6.891294001928065,0,NoWC,0,NoSA,manufacturing,4,good,294,0.133,0.031,4,more250
73424,2012,14,1669.6969696969697,7.420397433674526,1,WC,0,NoSA,buservices,4,good,198,0.005,0.081,3,less250
73424,2013,15,1616.1616161616162,7.387809244081374,1,WC,0,NoSA,buservices,4,good,198,0.051,0.061,3,less250
73424,2014,16,1572.1393034825871,7.360192584509973,1,WC,0,NoSA,buservices,4,good,201,0.06,0.085,3,less250
73424,2015,17,2357.005025125628,7.765147034934549,1,WC,0,NoSA,buservices,4,good,199,0.05,0.121,3,less250
73424,2016,18,2509.044117647059,7.827657129969127,1,WC,0,NoSA,buservices,4,good,204,0.025,0.093,3,less250
73424,2017,19,2593.0392156862745,7.860585909098146,1,WC,0,NoSA,buservices,3,satisfactory,204,0.059,0.123,3,less250
73424,2018,20,2480.5167464114834,7.816222182942456,1,WC,0,NoSA,buservices,3,satisfactory,209,0.067,0.086,3,less250
73424,2019,21,2815.153110047847,7.942771929875429,1,WC,0,NoSA,buservices,2,sufficient,209,0.067,0.096,3,less250
73424,2020,22,2260.1296296296296,7.723177448864609,1,WC,0,NoSA,buservices,2,sufficient,216,0.032,0.102,3,less250
73424,2021,23,2956.0793650793653,7.991619130516656,1,WC,0,NoSA,buservices,2,sufficient,189,0.053,0.106,3,less250
73486,2013,15,1876.9130434782608,7.537383708117656,1,WC,0,NoSA,wholesretail,3,satisfactory,23,0.174,0.304,1,less50
73486,2014,16,1885.7826086956522,7.542098190746848,1,WC,0,NoSA,wholesretail,4,good,23,0.174,0.304,1,less50
73486,2016,18,2267.9583333333335,7.726635293132735,1,WC,0,NoSA,wholesretail,5,very good,24,0.125,0.25,1,less50
73498,1998,0,630.4462083847102,6.446427835959997,0,NoWC,0,NoSA,manufacturing,3,satisfactory,1622,0.03,0.324,4,more250
73498,1999,1,612.5413583509513,6.417616463977538,0,NoWC,0,NoSA,manufacturing,4,good,1419,0.037,0.362,4,more250
73498,2000,2,539.5010775862069,6.290644782075633,0,NoWC,0,NoSA,manufacturing,4,good,1160,0.047,0.435,4,more250
73498,2001,3,556.3107914462081,6.321327115502135,0,NoWC,0,NoSA,manufacturing,3,satisfactory,1134,0.055,0.429,4,more250
73499,2008,10,877.5093896713615,6.777087655762955,0,NoWC,0,NoSA,health,3,satisfactory,426,0.39,0.796,4,more250
73499,2009,11,740.3433476394849,6.6071140618878506,0,NoWC,0,NoSA,health,5,very good,466,0.373,0.678,4,more250
73499,2011,13,538.5474860335196,6.2888756747578825,0,NoWC,0,NoSA,health,3,satisfactory,537,0.341,0.566,4,more250
73501,2013,15,2370.3703703703704,7.77080149633748,0,NoWC,0,NoSA,manufacturing,3,satisfactory,135,0.563,0.185,3,less250
73501,2015,17,2837.3431952662722,7.950623398682512,0,NoWC,0,NoSA,manufacturing,3,satisfactory,169,0.391,0.201,3,less250
73501,2016,18,2640.2319587628867,7.87862205544838,0,NoWC,0,NoSA,manufacturing,3,satisfactory,194,0.345,0.201,3,less250
73501,2018,20,2357.735576923077,7.7654569360998345,0,NoWC,0,NoSA,manufacturing,3,satisfactory,208,0.125,0.207,3,less250
73508,2000,2,1423.9563802083333,7.261194459626585,0,NoWC,0,NoSA,health,2,sufficient,60,0.017,0.917,2,less100
73508,2001,3,2871.3546080508477,7.962539186269849,0,NoWC,0,NoSA,health,2,sufficient,59,0.017,0.915,2,less100
73508,2002,4,3130.7049180327867,8.049013471606466,0,NoWC,0,NoSA,health,2,sufficient,61,0.033,0.885,2,less100
73511,2015,17,232.17052023121389,5.447472102681972,0,NoWC,0,NoSA,manufacturing,4,good,346,0.162,0.723,4,more250
73511,2016,18,179.75963718820861,5.191620609562891,0,NoWC,0,NoSA,manufacturing,4,good,441,0.122,0.671,4,more250
73511,2018,20,411.0514403292181,6.018718365616375,0,NoWC,0,NoSA,manufacturing,3,satisfactory,486,0.111,0.669,4,more250
73521,2004,6,6598.166666666667,8.794547111649345,1,WC,0,NoSA,manufacturing,4,good,30,0.067,0.467,1,less50
73521,2005,7,4032.233333333333,8.30207567844715,1,WC,0,NoSA,manufacturing,4,good,30,0.067,0.533,1,less50
73521,2007,9,4142.2,8.32898232664205,1,WC,0,NoSA,manufacturing,4,good,30,0.067,0.467,1,less50
73521,2008,10,2508.6875,7.827514986995037,1,WC,0,NoSA,manufacturing,4,good,32,0.062,0.531,1,less50
73521,2009,11,2130.65625,7.664185309842395,1,WC,0,NoSA,manufacturing,5,very good,32,0.062,0.531,1,less50
73521,2011,13,2128.451612903226,7.663150052053843,1,WC,0,NoSA,manufacturing,4,good,31,0.065,0.355,1,less50
73521,2012,14,3192.6774193548385,8.068615160162008,1,WC,0,NoSA,manufacturing,4,good,31,0.065,0.613,1,less50
73521,2013,15,1844.6451612903227,7.520042213474008,1,WC,0,NoSA,manufacturing,4,good,31,0.065,0.484,1,less50
73521,2014,16,1929.298245614035,7.56491161247043,1,WC,0,NoSA,manufacturing,4,good,57,0.035,0.596,2,less100
73521,2015,17,1691.8461538461538,7.433575610409343,1,WC,0,NoSA,manufacturing,4,good,52,0.077,0.288,2,less100
73521,2017,19,540.8360655737705,6.293116211805733,1,WC,0,NoSA,manufacturing,4,good,61,0.033,0.738,2,less100
73521,2019,21,1119.6909090909091,7.0208079521753275,1,WC,0,NoSA,manufacturing,4,good,55,0.036,0.655,2,less100
73521,2020,22,824.7666666666667,6.715100518048391,1,WC,0,NoSA,manufacturing,4,good,60,0.067,0.733,2,less100
73521,2021,23,622.4716981132076,6.433698162426922,1,WC,0,NoSA,manufacturing,3,satisfactory,53,0.075,0.66,2,less100
73524,2013,15,2968.9310344827586,7.995957245960042,1,WC,0,NoSA,manufacturing,4,good,29,0.414,0.931,1,less50
73524,2014,16,3590.777777777778,8.186124109208427,1,WC,0,NoSA,manufacturing,4,good,27,0.519,0.852,1,less50
73524,2015,17,3407.59375,8.133761676031542,1,WC,0,NoSA,manufacturing,4,good,32,0.406,0.844,1,less50
73538,2015,17,1701.851851851852,7.439472261779504,1,WC,0,NoSA,construction,5,very good,27,0.074,0.963,1,less50
73538,2016,18,1738.5,7.460777951447916,1,WC,0,NoSA,construction,4,good,26,0.154,0.962,1,less50
73538,2017,19,1361.9375,7.21666359725714,1,WC,0,NoSA,construction,4,good,32,0.188,0.906,1,less50
73538,2018,20,1166.0263157894738,7.0613569359434685,1,WC,0,NoSA,construction,3,satisfactory,38,0.079,0.921,1,less50
73538,2019,21,1444.46875,7.27549688588896,1,WC,0,NoSA,construction,3,satisfactory,32,0.125,0.938,1,less50
73538,2020,22,2254.970588235294,7.720892208940541,1,WC,0,NoSA,construction,4,good,34,0.118,0.853,1,less50
73540,2015,17,3453.7179487179487,8.147206596054993,1,WC,0,NoSA,buservices,5,very good,78,0.423,0.41,2,less100
73540,2016,18,3510.614457831325,8.16354636035004,1,WC,0,NoSA,buservices,5,very good,83,0.494,0.566,2,less100
73540,2021,23,2389.403846153846,7.778799177055322,1,WC,0,NoSA,buservices,5,very good,104,0.327,0.5,3,less250
73542,2001,3,586.8693359375,6.374802198691246,0,NoWC,0,NoSA,health,1,unsatisfactory,60,0.783,0.267,2,less100
73542,2002,4,1804.7358490566037,7.4981695160446895,0,NoWC,0,NoSA,health,3,satisfactory,53,0.698,0.264,2,less100
73542,2003,5,1803.6923076923076,7.497591124929191,0,NoWC,1,SA,health,4,good,65,0.8,0.169,2,less100
73542,2007,9,2052.741573033708,7.626931531372194,0,NoWC,0,NoSA,health,3,satisfactory,89,0.708,0.157,2,less100
73544,2004,6,1827.6774193548388,7.510801270005978,1,WC,0,NoSA,transcom,4,good,31,0.129,0.065,1,less50
73544,2005,7,2032.967741935484,7.617251946279383,1,WC,0,NoSA,transcom,2,sufficient,31,0.097,0.129,1,less50
73544,2007,9,2186.5806451612902,7.690094253393154,1,WC,0,NoSA,transcom,3,satisfactory,31,0.097,0.129,1,less50
73544,2008,10,2149.2258064516127,7.672862966251222,1,WC,0,NoSA,transcom,3,satisfactory,31,0.097,0.129,1,less50
73544,2009,11,2038.6969696969697,7.620066142412117,1,WC,1,SA,transcom,1,unsatisfactory,33,0.212,0.152,1,less50
73546,2013,15,3507.6507936507937,8.16270180282749,1,WC,1,SA,manufacturing,3,satisfactory,63,0.016,0.635,2,less100
73546,2015,17,4462.2,8.40339719693731,1,WC,1,SA,manufacturing,4,good,60,0.017,0.583,2,less100
73546,2016,18,4411.0161290322585,8.391860356646035,1,WC,1,SA,manufacturing,5,very good,62,0.016,0.629,2,less100
73546,2017,19,4087.7903225806454,8.31575983961426,1,WC,1,SA,manufacturing,4,good,62,0.032,0.29,2,less100
73546,2018,20,4160.720588235294,8.333443556580539,1,WC,1,SA,manufacturing,4,good,68,0.029,0.691,2,less100
73546,2019,21,3516.3875,8.165189463198779,1,WC,1,SA,manufacturing,4,good,80,0.025,0.825,2,less100
73546,2020,22,4030.4939759036147,8.301644222094977,1,WC,1,SA,manufacturing,4,good,83,0.048,0.831,2,less100
73546,2021,23,4394.708333333333,8.388156444625517,1,WC,1,SA,manufacturing,4,good,72,0.056,0.792,2,less100
73570,2015,17,3988.36,8.291135397820002,0,NoWC,0,NoSA,wholesretail,1,unsatisfactory,25,0.32,0.2,1,less50
73570,2016,18,3971.92,8.287004883975323,0,NoWC,0,NoSA,wholesretail,3,satisfactory,25,0.16,0.48,1,less50
73570,2017,19,4135.6,8.327387699712538,0,NoWC,0,NoSA,wholesretail,3,satisfactory,25,0.16,0.4,1,less50
73574,2007,9,830.4519230769231,6.7219700382469725,1,WC,0,NoSA,wholesretail,4,good,104,0.019,0.038,3,less250
73574,2008,10,886.4059405940594,6.787175017904293,1,WC,0,NoSA,wholesretail,4,good,101,0.287,0.05,3,less250
73574,2009,11,966.3917525773196,6.873569292973315,1,WC,0,NoSA,wholesretail,2,sufficient,97,0.072,0.031,2,less100
73574,2010,12,1957.695652173913,7.579523372895275,1,WC,0,NoSA,wholesretail,3,satisfactory,92,0.152,0.043,2,less100
73574,2011,13,1728.6494845360826,7.45509573785319,1,WC,0,NoSA,wholesretail,2,sufficient,97,0.082,0.103,2,less100
73574,2012,14,1448.2291666666667,7.278096824695753,1,WC,0,NoSA,wholesretail,1,unsatisfactory,96,0.427,0.042,2,less100
73575,2014,16,791.9799498746867,6.674536075679185,1,WC,0,NoSA,health,2,sufficient,399,0.03,0.048,4,more250
73575,2015,17,2556.7943925233644,7.846509562407538,1,WC,1,SA,edu,2,sufficient,428,0.033,0.096,4,more250
73575,2017,19,1957.8677536231885,7.579611279248231,1,WC,0,NoSA,edu,2,sufficient,552,0.036,0.19,4,more250
73583,2000,2,1905.9654069767441,7.552743934509434,0,NoWC,0,NoSA,buservices,4,good,215,0.065,0.693,3,less250
73583,2002,4,1657.608695652174,7.413131297980563,0,NoWC,0,NoSA,buservices,4,good,276,0.156,0.717,4,more250
73583,2003,5,1407.6055900621118,7.249645376782334,0,NoWC,0,NoSA,buservices,4,good,322,0.118,0.748,4,more250
73583,2005,7,1357.7878787878788,7.213612094730837,1,WC,0,NoSA,buservices,3,satisfactory,330,0.142,0.764,4,more250
73583,2006,8,1495.4407294832827,7.310176244709074,1,WC,0,NoSA,buservices,1,unsatisfactory,329,0.128,0.766,4,more250
73596,2015,17,5373.566037735849,8.589247033725716,1,WC,0,NoSA,health,3,satisfactory,159,0.377,0.396,3,less250
73596,2017,19,5824.787709497206,8.669877833048266,1,WC,0,NoSA,health,4,good,179,0.313,0.346,3,less250
73596,2018,20,5108.421875,8.538645804775651,1,WC,0,NoSA,health,4,good,192,0.312,0.323,3,less250
73596,2019,21,3967.9739583333335,8.2860109054632,1,WC,0,NoSA,health,4,good,192,0.339,0.323,3,less250
73597,2000,2,2476.2717013888887,7.814509361786126,0,NoWC,0,NoSA,wholesretail,3,satisfactory,36,0.111,0.833,1,less50
73597,2001,3,3342.0017641129034,8.114325237016631,0,NoWC,0,NoSA,wholesretail,3,satisfactory,31,0.226,0.871,1,less50
73597,2002,4,2758.4146341463415,7.922411385757774,1,WC,0,NoSA,wholesretail,3,satisfactory,41,0.146,0.878,1,less50
73597,2004,6,1675.4666666666667,7.4238470124206275,1,WC,0,NoSA,wholesretail,4,good,45,0.422,0.933,1,less50
73597,2005,7,3141.5333333333333,8.052466282429183,0,NoWC,0,NoSA,wholesretail,3,satisfactory,30,0.567,0.9,1,less50
73597,2006,8,2061.625,7.631249785768317,1,WC,0,NoSA,wholesretail,3,satisfactory,32,0.625,0.906,1,less50
73601,2010,12,449.1611111111111,6.107381645454754,0,NoWC,0,NoSA,construction,1,unsatisfactory,180,0.011,0.789,3,less250
73601,2011,13,461.9942857142857,6.13555252242145,0,NoWC,0,NoSA,construction,1,unsatisfactory,175,0.011,0.811,3,less250
73601,2013,15,530.6685714285715,6.274137667105226,0,NoWC,0,NoSA,construction,3,satisfactory,175,0.006,0.874,3,less250
73601,2014,16,586.8571428571429,6.374781421993136,0,NoWC,0,NoSA,construction,3,satisfactory,175,0.006,0.703,3,less250
73601,2015,17,605.5885714285714,6.4062008304599845,0,NoWC,0,NoSA,construction,3,satisfactory,175,0.006,0.8,3,less250
73601,2016,18,661.6055555555556,6.494669540825912,0,NoWC,0,NoSA,construction,4,good,180,0.006,0.833,3,less250
73650,1998,0,2108.4201030927834,7.653694179697872,0,NoWC,0,NoSA,health,4,good,485,0.148,0.592,4,more250
73650,1999,1,1724.5956101190477,7.452747873066213,0,NoWC,0,NoSA,health,3,satisfactory,504,0.099,0.563,4,more250
73650,2000,2,1229.511296660118,7.11437204962552,0,NoWC,0,NoSA,health,3,satisfactory,509,0.194,0.566,4,more250
73664,2004,6,964.6944444444445,6.871811413317222,1,WC,0,NoSA,buservices,3,satisfactory,36,0.389,0.111,1,less50
73664,2005,7,699.0277777777778,6.54969048075435,1,WC,0,NoSA,buservices,3,satisfactory,36,0.278,0.139,1,less50
73664,2006,8,1092.0555555555557,6.995817030061634,1,WC,0,NoSA,buservices,3,satisfactory,36,0.25,0.194,1,less50
73664,2007,9,867.9761904761905,6.7661642839571625,1,WC,0,NoSA,buservices,2,sufficient,42,0.119,0.119,1,less50
73664,2008,10,920.452380952381,6.824865267615698,1,WC,0,NoSA,buservices,2,sufficient,42,0.143,0.095,1,less50
73664,2009,11,958.0888888888888,6.864940559563059,1,WC,0,NoSA,buservices,2,sufficient,45,0.133,0.133,1,less50
73664,2010,12,1051.5714285714287,6.958040923003392,1,WC,0,NoSA,buservices,2,sufficient,42,0.143,0.119,1,less50
73664,2011,13,923.7,6.828387343598564,1,WC,0,NoSA,buservices,3,satisfactory,50,0.12,0.12,1,less50
73666,1999,1,612.5413583509513,6.417616463977538,0,NoWC,0,NoSA,finance,5,very good,1419,0.247,0.519,4,more250
73666,2000,2,614.755648330059,6.4212248690655755,0,NoWC,0,NoSA,finance,5,very good,1018,0.318,0.557,4,more250
73666,2001,3,556.3107914462081,6.321327115502135,0,NoWC,0,NoSA,finance,5,very good,1134,0.306,0.492,4,more250
73683,1998,0,1056.8272235576924,6.963026513245071,0,NoWC,0,NoSA,buservices,3,satisfactory,39,0.128,0.513,1,less50
73683,1999,1,1392.4413006756756,7.238813816999599,0,NoWC,0,NoSA,buservices,2,sufficient,37,0.135,0.649,1,less50
73683,2000,2,1177.6074776785715,7.071240097885303,0,NoWC,0,NoSA,buservices,2,sufficient,35,0.143,0.6,1,less50
73683,2001,3,1288.0043658088234,7.160849296261678,0,NoWC,0,NoSA,buservices,1,unsatisfactory,34,0.147,0.559,1,less50
73683,2002,4,1408.2,7.250067572085033,1,WC,0,NoSA,manufacturing,4,good,40,0.275,0.625,1,less50
73693,2009,11,1881.6521739130435,7.539905485802578,0,NoWC,0,NoSA,transcom,4,good,23,0.043,0.304,1,less50
73693,2010,12,1923.4814814814815,7.561892094634428,0,NoWC,0,NoSA,transcom,4,good,27,0.037,0.259,1,less50
73693,2011,13,1763.2,7.474885618958595,0,NoWC,0,NoSA,transcom,4,good,30,0.033,0.333,1,less50
73693,2012,14,1435.8125,7.26948617005239,0,NoWC,0,NoSA,transcom,4,good,32,0.031,0.375,1,less50
73693,2013,15,1822.78125,7.508118772964209,0,NoWC,0,NoSA,transcom,3,satisfactory,32,0.031,0.375,1,less50
73693,2014,16,2245.8529411764707,7.716840657276063,0,NoWC,0,NoSA,transcom,4,good,34,0.059,0.294,1,less50
73693,2015,17,2127.264705882353,7.662592257801248,0,NoWC,0,NoSA,transcom,4,good,34,0.029,0.294,1,less50
73693,2016,18,2158.6875,7.677255677101993,0,NoWC,0,NoSA,transcom,3,satisfactory,32,0.031,0.375,1,less50
73693,2017,19,2254.09375,7.720503286458815,0,NoWC,0,NoSA,transcom,4,good,32,0.125,0.375,1,less50
73693,2019,21,3000.625,8.006575879285204,0,NoWC,0,NoSA,transcom,4,good,32,0.094,0.375,1,less50
73693,2020,22,2583,7.8567067930958405,0,NoWC,0,NoSA,wholesretail,4,good,30,0.1,0.4,1,less50
73693,2021,23,2836.0344827586205,7.950162046519784,0,NoWC,0,NoSA,wholesretail,3,satisfactory,29,0.138,0.414,1,less50
73697,2016,18,4485.333333333333,8.40856809354462,1,WC,0,NoSA,manufacturing,3,satisfactory,21,0.048,0.524,1,less50
73697,2017,19,4485.333333333333,8.40856809354462,1,WC,0,NoSA,manufacturing,3,satisfactory,21,0.048,0.524,1,less50
73697,2018,20,4485.333333333333,8.40856809354462,0,NoWC,0,NoSA,manufacturing,3,satisfactory,21,0.048,0.381,1,less50
73697,2019,21,4485.333333333333,8.40856809354462,0,NoWC,0,NoSA,manufacturing,2,sufficient,21,0.095,0.381,1,less50
73704,2001,3,1306.1209886128365,7.17481694613726,0,NoWC,0,NoSA,manufacturing,1,unsatisfactory,483,0.114,0.841,4,more250
73704,2002,4,925.6198347107438,6.8304636046804905,0,NoWC,0,NoSA,manufacturing,2,sufficient,605,0.463,0.805,4,more250
73704,2003,5,718.3026941362916,6.57689105978553,0,NoWC,0,NoSA,manufacturing,4,good,631,0.399,0.642,4,more250
73704,2004,6,1050.420168067227,6.956945523172909,0,NoWC,0,NoSA,manufacturing,4,good,476,0.592,0.805,4,more250
73704,2005,7,1188.4493087557603,7.080404634444087,0,NoWC,0,NoSA,manufacturing,2,sufficient,434,0.124,0.846,4,more250
73704,2006,8,1182.6923076923076,7.075548735213181,0,NoWC,0,NoSA,manufacturing,2,sufficient,416,0.13,0.839,4,more250
73781,2014,16,1514.948717948718,7.323136867831761,1,WC,0,NoSA,buservices,4,good,39,0.051,0.385,1,less50
73781,2015,17,2653,7.88344635413774,1,WC,0,NoSA,buservices,4,good,39,0.051,0.333,1,less50
73781,2016,18,3272.3684210526317,8.093269289505164,1,WC,0,NoSA,buservices,4,good,38,0.053,0.342,1,less50
73781,2017,19,3986.8,8.2907441830933,1,WC,0,NoSA,buservices,4,good,40,0.025,0.4,1,less50
73781,2018,20,4244.794871794872,8.353448775268081,1,WC,0,NoSA,buservices,4,good,39,0.026,0.41,1,less50
73878,2003,5,1786.6875,7.488118625776517,0,NoWC,0,NoSA,art,3,satisfactory,64,0.453,0.016,2,less100
73878,2005,7,1799.2608695652175,7.4951312315341605,0,NoWC,0,NoSA,art,3,satisfactory,69,0.348,0.029,2,less100
73878,2006,8,1159.0285714285715,7.0553374948293195,0,NoWC,0,NoSA,art,3,satisfactory,70,0.7,0.043,2,less100
73906,2019,21,806.7377049180328,6.692998590553195,1,WC,0,NoSA,manufacturing,5,very good,61,0.23,0.115,2,less100
73906,2020,22,2410.7741935483873,7.787703217033753,1,WC,0,NoSA,manufacturing,4,good,31,0.516,0.032,1,less50
73906,2021,23,2858.483870967742,7.958046648206995,1,WC,0,NoSA,manufacturing,4,good,31,0.581,0,1,less50
73928,2016,18,5333.910447761194,8.581839915654866,0,NoWC,0,NoSA,manufacturing,2,sufficient,335,0.075,0.057,4,more250
73928,2017,19,4494.38202247191,8.41058345635798,0,NoWC,0,NoSA,manufacturing,3,satisfactory,356,0.483,0.056,4,more250
73928,2018,20,5121.293800539083,8.541162381529233,0,NoWC,0,NoSA,manufacturing,4,good,371,0.445,0.059,4,more250
73928,2019,21,5352.521865889213,8.58532310562863,0,NoWC,0,NoSA,manufacturing,4,good,343,0.108,0.064,4,more250
73928,2020,22,6676.626959247649,8.806368192782005,0,NoWC,0,NoSA,manufacturing,3,satisfactory,319,0.129,0.06,4,more250
73928,2021,23,6252.3125,8.740706674297327,0,NoWC,0,NoSA,manufacturing,4,good,336,0.122,0.065,4,more250
73941,2015,17,2481.065789473684,7.816443500661337,1,WC,0,NoSA,manufacturing,4,good,76,0.434,0.526,2,less100
73941,2016,18,1591.240506329114,7.372269183682013,1,WC,0,NoSA,manufacturing,4,good,79,0.215,0.532,2,less100
73941,2017,19,1654.320987654321,7.41114592426061,1,WC,0,NoSA,manufacturing,4,good,81,0.321,0.506,2,less100
73944,1998,0,2212.412168560606,7.70183867826839,0,NoWC,0,NoSA,public,1,unsatisfactory,264,0.197,0.75,4,more250
73944,1999,1,2208.2312252964425,7.699947123515711,0,NoWC,0,NoSA,public,2,sufficient,253,0.134,0.727,4,more250
73944,2000,2,2189.3582128099174,7.691363726350522,0,NoWC,0,NoSA,public,3,satisfactory,242,0.149,0.719,3,less250
73944,2001,3,2233.06841563786,7.71113188981141,0,NoWC,0,NoSA,public,3,satisfactory,243,0.21,0.733,3,less250
73944,2002,4,2295.0819672131147,7.73852383741813,0,NoWC,0,NoSA,public,4,good,244,0.291,0.709,3,less250
73944,2004,6,2283.10502283105,7.733291647587828,0,NoWC,0,NoSA,public,2,sufficient,219,0.311,0.689,3,less250
73944,2005,7,2700.455497382199,7.901175740497862,0,NoWC,0,NoSA,public,2,sufficient,191,0.455,0.66,3,less250
73947,2009,11,1232.1046511627908,7.116479084611559,1,WC,0,NoSA,buservices,3,satisfactory,86,0.384,0.14,2,less100
73947,2010,12,1745.9375,7.465046939653468,1,WC,0,NoSA,buservices,4,good,80,0.475,0.138,2,less100
73947,2011,13,1407.0337078651685,7.249239014087666,1,WC,0,NoSA,buservices,3,satisfactory,89,0.371,0.135,2,less100
73947,2012,14,1032.0892857142858,6.93934045946412,1,WC,0,NoSA,buservices,1,unsatisfactory,112,0.312,0.134,3,less250
73947,2013,15,921.4,6.825894252501817,1,WC,0,NoSA,buservices,1,unsatisfactory,115,0.33,0.139,3,less250
73947,2014,16,735.7322834645669,6.600866307264802,1,WC,0,NoSA,buservices,4,good,127,0.299,0.157,3,less250
73947,2015,17,637.8445945945946,6.458094671533708,1,WC,0,NoSA,buservices,1,unsatisfactory,148,0.243,0.142,3,less250
73951,2005,7,1706.0533333333333,7.4419379897747735,0,NoWC,0,NoSA,manufacturing,1,unsatisfactory,75,0.067,0.253,2,less100
73951,2006,8,2295.5949367088606,7.738747320581339,0,NoWC,0,NoSA,manufacturing,3,satisfactory,79,0.051,0.241,2,less100
73951,2007,9,2644.725,7.880322369132917,0,NoWC,0,NoSA,manufacturing,3,satisfactory,80,0.05,0.2,2,less100
73970,2012,14,966.483870967742,6.873664610426098,1,WC,0,NoSA,wholesretail,4,good,31,0.065,0.806,1,less50
73970,2015,17,1212.7142857142858,7.100616337682655,1,WC,0,NoSA,wholesretail,4,good,42,0.048,0.738,1,less50
73970,2016,18,1762.4411764705883,7.474455159077316,1,WC,0,NoSA,wholesretail,3,satisfactory,34,0.059,0.794,1,less50
73970,2017,19,1935,7.5678626054638825,1,WC,0,NoSA,wholesretail,4,good,32,0.062,0.844,1,less50
73970,2018,20,1997.4375,7.599620388039526,1,WC,0,NoSA,wholesretail,4,good,32,0.062,0.594,1,less50
73970,2019,21,998.7058823529412,6.9064603232416975,1,WC,0,NoSA,wholesretail,4,good,34,0.059,0.618,1,less50
73970,2021,23,1220.638888888889,7.107129680072211,1,WC,0,NoSA,wholesretail,4,good,36,0.056,0.694,1,less50
74003,2009,11,516.6038961038961,6.247276422452689,0,NoWC,1,SA,manufacturing,4,good,462,0.013,0.613,4,more250
74003,2010,12,548.5638766519824,6.307303729911876,0,NoWC,1,SA,manufacturing,4,good,454,0.009,0.533,4,more250
74003,2011,13,297.1498881431767,5.694236685380416,0,NoWC,1,SA,manufacturing,4,good,447,0.025,0.629,4,more250
74003,2012,14,507.57173913043476,6.229638058818339,0,NoWC,1,SA,manufacturing,4,good,460,0.03,0.62,4,more250
74003,2014,16,447.7879924953096,6.1043198893685835,0,NoWC,1,SA,manufacturing,4,good,533,0.028,0.546,4,more250
74003,2015,17,421.1843137254902,6.043070537699018,0,NoWC,1,SA,manufacturing,4,good,510,0.025,0.524,4,more250
74003,2016,18,379.14516129032256,5.937919143072427,0,NoWC,1,SA,manufacturing,4,good,558,0.02,0.53,4,more250
74003,2017,19,350.8514492753623,5.860362912444682,0,NoWC,1,SA,manufacturing,4,good,552,0.034,0.525,4,more250
74003,2018,20,373.19618055555554,5.922104234610945,0,NoWC,1,SA,manufacturing,5,very good,576,0.035,0.53,4,more250
74003,2019,21,387.419689119171,5.959508573427336,0,NoWC,1,SA,manufacturing,4,good,579,0.036,0.541,4,more250
74014,1998,0,2434.723214285714,7.797588359357942,0,NoWC,0,NoSA,manufacturing,1,unsatisfactory,420,0.071,0.362,4,more250
74014,1999,1,2040.3666373239437,7.620884794868211,0,NoWC,0,NoSA,manufacturing,1,unsatisfactory,426,0.141,0.364,4,more250
74014,2000,2,1445.3146651270208,7.276082338173553,0,NoWC,0,NoSA,manufacturing,2,sufficient,433,0.351,0.388,4,more250
74014,2001,3,1498.4713479809977,7.312200766107451,0,NoWC,0,NoSA,manufacturing,2,sufficient,421,0.183,0.385,4,more250
74014,2002,4,1311.4754098360656,7.1789080494827076,0,NoWC,0,NoSA,manufacturing,2,sufficient,427,0.232,0.375,4,more250
74014,2004,6,1096.4912280701753,6.999870567889943,0,NoWC,0,NoSA,manufacturing,1,unsatisfactory,456,0.213,0.397,4,more250
74019,2008,10,1800.030303030303,7.495558778759384,1,WC,0,NoSA,construction,4,good,66,0.015,0.045,2,less100
74019,2009,11,2391.0588235294117,7.779491569217352,1,WC,0,NoSA,construction,4,good,68,0.015,0.044,2,less100
74019,2010,12,1787.9855072463768,7.488844850133706,1,WC,0,NoSA,construction,4,good,69,0.029,0.029,2,less100
74019,2011,13,1956.6883116883116,7.579008686284488,1,WC,0,NoSA,construction,3,satisfactory,77,0.013,0.052,2,less100
74019,2012,14,1994.8375,7.598317872372351,1,WC,0,NoSA,construction,4,good,80,0.025,0.025,2,less100
74019,2013,15,2236.5526315789475,7.712690955606937,1,WC,0,NoSA,construction,4,good,76,0.026,0.026,2,less100
74019,2014,16,1797.8765432098764,7.494361549275838,1,WC,0,NoSA,construction,4,good,81,0.049,0.049,2,less100
74019,2015,17,1775.9512195121952,7.4820914566840235,1,WC,0,NoSA,construction,4,good,82,0.012,0.012,2,less100
74019,2016,18,2016.3764705882354,7.609057353120473,1,WC,0,NoSA,construction,4,good,85,0.047,0.035,2,less100
74019,2017,19,2036.2588235294118,7.618869493131869,1,WC,0,NoSA,construction,4,good,85,0.024,0.047,2,less100
74019,2018,20,1875.4787234042553,7.53661922496506,1,WC,0,NoSA,construction,3,satisfactory,94,0.021,0.032,2,less100
74019,2019,21,2068.41,7.634535475165185,1,WC,0,NoSA,construction,4,good,100,0.02,0.03,2,less100
74019,2020,22,1939.6831683168316,7.570279923419376,1,WC,0,NoSA,construction,5,very good,101,0.069,0.05,3,less250
74019,2021,23,2368.144329896907,7.769861944271896,1,WC,0,NoSA,construction,4,good,97,0.041,0.041,2,less100
74021,2000,2,2378.720281862745,7.774317925358486,0,NoWC,0,NoSA,manufacturing,3,satisfactory,51,0.373,0.412,2,less100
74021,2001,3,2398.498553240741,7.782598217748583,0,NoWC,0,NoSA,manufacturing,4,good,54,0.296,0.5,2,less100
74021,2002,4,2321.6428571428573,7.750030342134785,0,NoWC,0,NoSA,manufacturing,2,sufficient,56,0.196,0.429,2,less100
74039,2017,19,2626.025641025641,7.87322681910511,1,WC,1,SA,manufacturing,3,satisfactory,117,0.06,0.325,3,less250
74039,2018,20,1524.8148148148148,7.329628248759621,1,WC,1,SA,manufacturing,4,good,189,0.063,0.148,3,less250
74039,2019,21,1448.173076923077,7.278058094064521,1,WC,1,SA,manufacturing,2,sufficient,156,0.09,0.051,3,less250
74039,2020,22,1905.9,7.552709616940597,1,WC,1,SA,manufacturing,3,satisfactory,110,0.127,0.145,3,less250
74039,2021,23,4202.016666666666,8.343319847762302,1,WC,1,SA,manufacturing,1,unsatisfactory,60,0.233,0.417,2,less100
74060,2009,11,2916.5810810810813,7.978167346623674,1,WC,0,NoSA,wholesretail,2,sufficient,74,0.108,0.676,2,less100
74060,2010,12,2371.525,7.77128848711322,1,WC,0,NoSA,wholesretail,4,good,80,0.075,0.7,2,less100
74060,2011,13,2700.925,7.901349585913571,1,WC,0,NoSA,wholesretail,5,very good,80,0.038,0.762,2,less100
74060,2013,15,2402.5194805194806,7.784273249248403,1,WC,0,NoSA,wholesretail,4,good,77,0.208,0.792,2,less100
74077,2010,12,185.61087866108787,5.223652432110087,0,NoWC,0,NoSA,wholesretail,2,sufficient,239,0.126,0.678,3,less250
74077,2011,13,177.69,5.1800404589569835,0,NoWC,0,NoSA,wholesretail,2,sufficient,200,0.125,0.66,3,less250
74077,2012,14,174.9255319148936,5.1643603514442225,0,NoWC,0,NoSA,wholesretail,4,good,188,0.207,0.622,3,less250
74077,2013,15,169.07142857142858,5.130321279898725,0,NoWC,0,NoSA,wholesretail,3,satisfactory,196,0.184,0.566,3,less250
74077,2014,16,234.34558823529412,5.456796898654043,0,NoWC,0,NoSA,wholesretail,3,satisfactory,136,0.199,0.559,3,less250
74077,2015,17,316.0854700854701,5.756012651969176,0,NoWC,0,NoSA,wholesretail,3,satisfactory,117,0.179,0.564,3,less250
74077,2016,18,440.4,6.087683404848525,0,NoWC,0,NoSA,wholesretail,3,satisfactory,85,0.494,0.718,2,less100
74077,2017,19,1075.9770114942528,6.9809843757112064,0,NoWC,0,NoSA,wholesretail,3,satisfactory,87,0.586,0.701,2,less100
74077,2018,20,1346.0135135135135,7.204902549911715,0,NoWC,0,NoSA,wholesretail,3,satisfactory,74,0.824,0.757,2,less100
74091,2015,17,2346.121212121212,7.760518695449547,1,WC,0,NoSA,manufacturing,4,good,66,0.318,0.576,2,less100
74091,2016,18,1418.766355140187,7.257543009015381,1,WC,0,NoSA,manufacturing,2,sufficient,107,0.196,0.533,3,less250
74091,2017,19,3050.8260869565215,8.023167681111175,1,WC,0,NoSA,manufacturing,2,sufficient,69,0.333,0.565,2,less100
74091,2018,20,3326.2571428571428,8.109602969710004,1,WC,0,NoSA,manufacturing,3,satisfactory,70,0.343,0.729,2,less100
74091,2019,21,3654.6296296296296,8.203750034526719,1,WC,0,NoSA,manufacturing,3,satisfactory,54,0.481,0.63,2,less100
74096,2007,9,2330.214285714286,7.753715510448657,1,WC,0,NoSA,manufacturing,3,satisfactory,126,0.119,0.794,3,less250
74096,2008,10,2289.7868852459014,7.7362140290062396,1,WC,0,NoSA,manufacturing,4,good,122,0.025,0.664,3,less250
74096,2009,11,2047.4142857142858,7.624332951951943,1,WC,0,NoSA,manufacturing,3,satisfactory,140,0.057,0.714,3,less250
74096,2010,12,1855.2571428571428,7.525778586920795,1,WC,0,NoSA,manufacturing,3,satisfactory,140,0.136,0.586,3,less250
74103,1998,0,3151.9683035714284,8.055782394953676,0,NoWC,0,NoSA,manufacturing,4,good,35,0.086,0.714,1,less50
74103,1999,1,2937.5848524305557,7.98534304396903,0,NoWC,0,NoSA,manufacturing,4,good,36,0.028,0.722,1,less50
74103,2000,2,3761.7398897058824,8.23263686597827,0,NoWC,0,NoSA,manufacturing,2,sufficient,34,0.088,0.706,1,less50
74148,2016,18,2075.4918032786886,7.63795341820979,1,WC,0,NoSA,transcom,3,satisfactory,61,0.049,0.623,2,less100
74148,2017,19,2055.285714285714,7.6281701509817195,1,WC,0,NoSA,transcom,3,satisfactory,77,0.039,0.675,2,less100
74148,2018,20,2084.037037037037,7.642062174806044,1,WC,0,NoSA,transcom,3,satisfactory,81,0.037,0.691,2,less100
74175,2018,20,2932.8888888888887,7.983743185167093,1,WC,0,NoSA,resthotels,5,very good,27,0.222,0.407,1,less50
74175,2019,21,2873.7419354838707,7.963370269804249,1,WC,0,NoSA,resthotels,4,good,31,0.258,0.419,1,less50
74175,2021,23,2566.259259259259,7.850204576415971,1,WC,0,NoSA,finance,1,unsatisfactory,27,0.148,0.444,1,less50
74193,2017,19,5383.704980842912,8.591132074288856,0,NoWC,0,NoSA,buservices,4,good,261,0.448,0.326,4,more250
74193,2019,21,4276.874100719425,8.360977671440933,0,NoWC,0,NoSA,buservices,4,good,278,0.424,0.277,4,more250
74193,2020,22,5112.477551020408,8.539439409342963,0,NoWC,0,NoSA,buservices,4,good,245,0.49,0.273,3,less250
74193,2021,23,4980.200836820084,8.513225497884251,0,NoWC,0,NoSA,buservices,5,very good,239,0.548,0.285,3,less250
74209,2001,3,1464.6668314873418,7.289383076807624,0,NoWC,0,NoSA,health,3,satisfactory,316,0.563,0.528,4,more250
74209,2002,4,1789.1373801916932,7.4894888721711785,0,NoWC,0,NoSA,health,3,satisfactory,313,0.927,0.527,4,more250
74209,2004,6,1587.3015873015872,7.369790738578696,0,NoWC,0,NoSA,health,3,satisfactory,315,0.895,0.527,4,more250
74209,2005,7,1742.5236486486488,7.463089714220432,0,NoWC,0,NoSA,health,4,good,296,0.784,0.541,4,more250
74209,2006,8,1679.663120567376,7.426348528817985,0,NoWC,0,NoSA,health,4,good,282,0.855,0.55,4,more250
74224,2003,5,1723.0869565217392,7.451872703346008,1,WC,0,NoSA,manufacturing,3,satisfactory,23,0.391,0.217,1,less50
74224,2009,11,2873.1363636363635,7.963159521701286,1,WC,0,NoSA,manufacturing,4,good,22,0.636,0.227,1,less50
74224,2013,15,1755.7916666666667,7.470675126306262,1,WC,0,NoSA,manufacturing,3,satisfactory,24,0.708,0.208,1,less50
74224,2014,16,1532,7.3343293503005365,1,WC,0,NoSA,manufacturing,3,satisfactory,23,0.739,0.217,1,less50
74224,2015,17,1229.0833333333333,7.114023913071502,1,WC,0,NoSA,manufacturing,3,satisfactory,24,0.708,0.25,1,less50
74224,2017,19,2803.909090909091,7.938769826412457,1,WC,0,NoSA,manufacturing,3,satisfactory,22,0.773,0.227,1,less50
74224,2018,20,2794.0434782608695,7.935245100991776,1,WC,0,NoSA,manufacturing,3,satisfactory,23,0.739,0.174,1,less50
74224,2019,21,2517.85,7.8311606417416995,0,NoWC,0,NoSA,manufacturing,3,satisfactory,20,0.65,0.2,1,less50
74248,2012,14,780.1818181818181,6.6595269927531,0,NoWC,0,NoSA,construction,2,sufficient,22,0.273,0.5,1,less50
74248,2013,15,948.8636363636364,6.85526509636074,0,NoWC,0,NoSA,construction,2,sufficient,22,0.455,0.636,1,less50
74248,2014,16,802.8846153846154,6.688211011697574,1,WC,0,NoSA,construction,2,sufficient,26,0.385,0.615,1,less50
74248,2015,17,828.3571428571429,6.719444393341445,1,WC,0,NoSA,construction,3,satisfactory,28,0.5,0.821,1,less50
74248,2016,18,927.7857142857143,6.832800794792026,1,WC,0,NoSA,construction,3,satisfactory,28,0.429,0.714,1,less50
74248,2017,19,1076.2,6.981191597055319,1,WC,0,NoSA,construction,3,satisfactory,25,0.44,0.84,1,less50
74248,2018,20,1065.2222222222222,6.970938715740777,1,WC,0,NoSA,construction,2,sufficient,27,0.444,0.889,1,less50
74248,2019,21,1168.2962962962963,7.063301809553134,1,WC,0,NoSA,construction,4,good,27,0.444,0.852,1,less50
74248,2020,22,1119.7241379310344,7.020837628532259,1,WC,0,NoSA,construction,4,good,29,0.414,0.793,1,less50
74292,2003,5,1066.2883435582821,6.97193905929251,1,WC,0,NoSA,manufacturing,1,unsatisfactory,326,0.089,0.408,4,more250
74292,2004,6,1261.9718309859154,7.140430721921707,1,WC,0,NoSA,manufacturing,3,satisfactory,284,0.183,0.433,4,more250
74292,2005,7,1312.84,7.179948008537785,1,WC,0,NoSA,manufacturing,4,good,275,0.185,0.458,4,more250
74298,2002,4,905,6.807934943699926,1,WC,0,NoSA,buservices,4,good,26,0.346,0.577,1,less50
74298,2003,5,915.0370370370371,6.81896454209243,1,WC,0,NoSA,buservices,3,satisfactory,27,0.333,0.556,1,less50
74298,2006,8,485.0769230769231,6.18430748264347,1,WC,0,NoSA,buservices,1,unsatisfactory,26,0.385,0.5,1,less50
74308,1999,1,1088.4484178870293,6.992508491299129,0,NoWC,0,NoSA,edu,3,satisfactory,239,0.259,0.205,3,less250
74308,2000,2,859.4709728033473,6.75631705206337,0,NoWC,0,NoSA,edu,2,sufficient,239,0.18,0.167,3,less250
74308,2001,3,997.5058358433735,6.905257999216452,0,NoWC,0,NoSA,edu,4,good,249,0.165,0.221,3,less250
74308,2002,4,923.789667896679,6.828484413583103,0,NoWC,0,NoSA,edu,1,unsatisfactory,271,0.129,0.185,4,more250
74308,2003,5,936.9264705882352,6.842604805934302,0,NoWC,0,NoSA,edu,4,good,272,0.136,0.191,4,more250
74314,2018,20,1629.972972972973,7.396318712665166,1,WC,0,NoSA,wholesretail,4,good,37,0.054,0.081,1,less50
74314,2019,21,2104.162162162162,7.651672644158598,1,WC,0,NoSA,wholesretail,4,good,37,0.027,0.081,1,less50
74314,2021,23,2845.054054054054,7.953337346047446,1,WC,0,NoSA,wholesretail,4,good,37,0.027,0.081,1,less50
74322,2005,7,2006.2333333333333,7.604014279471026,0,NoWC,0,NoSA,wholesretail,3,satisfactory,60,0.25,0.233,2,less100
74322,2006,8,1605.72131147541,7.3813283498568065,0,NoWC,0,NoSA,wholesretail,3,satisfactory,61,0.934,0.23,2,less100
74322,2007,9,1969.6440677966102,7.58560812916274,0,NoWC,0,NoSA,wholesretail,4,good,59,0.271,0.237,2,less100
74322,2009,11,2275.090909090909,7.7297752906266295,0,NoWC,0,NoSA,wholesretail,4,good,55,0.255,0.255,2,less100
74386,2010,12,4307.478260869565,8.368107921580194,0,NoWC,0,NoSA,transcom,4,good,23,0.261,0.087,1,less50
74386,2011,13,4210.142857142857,8.345251858913752,0,NoWC,0,NoSA,transcom,3,satisfactory,21,0.143,0.095,1,less50
74386,2012,14,3491.75,8.15815832218588,0,NoWC,0,NoSA,transcom,3,satisfactory,24,0.25,0.208,1,less50
74406,2003,5,1703.9436090225563,7.440700613545044,0,NoWC,0,NoSA,health,5,very good,266,0.004,0.165,4,more250
74406,2004,6,1893.939393939394,7.546414274258012,0,NoWC,0,NoSA,health,3,satisfactory,264,0.004,0.129,4,more250
74406,2005,7,1719.29,7.449666693888291,0,NoWC,0,NoSA,health,2,sufficient,300,0.01,0.313,4,more250
74406,2006,8,1576.923076923077,7.363230807664963,0,NoWC,0,NoSA,health,3,satisfactory,312,0.003,0.25,4,more250
74406,2007,9,1195.7610619469026,7.086538133570848,0,NoWC,0,NoSA,health,3,satisfactory,339,0.009,0.301,4,more250
74416,2019,21,2528.5843621399176,7.8354148844641145,0,NoWC,0,NoSA,manufacturing,4,good,243,0.214,0.107,3,less250
74416,2020,22,2020.4,7.6110507905938976,0,NoWC,0,NoSA,manufacturing,3,satisfactory,230,0.23,0.113,3,less250
74416,2021,23,2336.5800865800866,7.75644363785526,0,NoWC,0,NoSA,manufacturing,2,sufficient,231,0.229,0.113,3,less250
74424,2008,10,4551.615384615385,8.423237478522704,0,NoWC,0,NoSA,manufacturing,4,good,52,0.577,0.077,2,less100
74424,2009,11,3193.1830985915494,8.068773534820004,0,NoWC,0,NoSA,manufacturing,4,good,71,0.718,0.056,2,less100
74424,2010,12,3139.203125,8.051724264847103,0,NoWC,0,NoSA,manufacturing,1,unsatisfactory,64,0.125,0.078,2,less100
74424,2011,13,2410.044117647059,7.787400332394764,0,NoWC,0,NoSA,manufacturing,5,very good,68,0.059,0.074,2,less100
74424,2013,15,3100.402985074627,8.03928737720996,0,NoWC,0,NoSA,manufacturing,4,good,67,0.015,0.06,2,less100
74424,2014,16,3175.485294117647,8.063215748187636,0,NoWC,0,NoSA,manufacturing,4,good,68,0.044,0.059,2,less100
74424,2015,17,3336.9692307692308,8.112818258082322,0,NoWC,0,NoSA,manufacturing,4,good,65,0.062,0.077,2,less100
74424,2017,19,2931.3939393939395,7.983233336112704,0,NoWC,0,NoSA,manufacturing,4,good,66,0.045,0.045,2,less100
74424,2018,20,2737.0149253731342,7.9146231622129255,0,NoWC,0,NoSA,manufacturing,4,good,67,0.03,0.045,2,less100
74424,2019,21,3190.448275862069,8.067916711254739,0,NoWC,0,NoSA,manufacturing,1,unsatisfactory,58,0.034,0.052,2,less100
74424,2020,22,2734.0163934426228,7.913527013404405,0,NoWC,0,NoSA,manufacturing,2,sufficient,61,0.082,0.049,2,less100
74424,2021,23,2874.839285714286,7.963752051047835,0,NoWC,0,NoSA,manufacturing,4,good,56,0.071,0.054,2,less100
74425,2011,13,2863.7567567567567,7.959889593173654,0,NoWC,0,NoSA,manufacturing,4,good,37,0.243,0.595,1,less50
74425,2012,14,3794.5151515151515,8.241311921856196,0,NoWC,0,NoSA,manufacturing,4,good,33,0.394,0.636,1,less50
74425,2013,15,7323.615384615385,8.89885939002653,0,NoWC,0,NoSA,manufacturing,3,satisfactory,26,0.269,0.654,1,less50
74425,2014,16,8119.407407407408,9.002012451109275,0,NoWC,0,NoSA,manufacturing,3,satisfactory,27,0.296,0.63,1,less50
74471,2012,14,1638.24,7.401377773826507,1,WC,0,NoSA,transcom,3,satisfactory,50,0.06,0.82,1,less50
74471,2015,17,1365.2083333333333,7.2190623211256515,1,WC,0,NoSA,transcom,3,satisfactory,48,0.062,0.792,1,less50
74471,2017,19,2285.9302325581393,7.734528324448144,1,WC,0,NoSA,transcom,2,sufficient,43,0.023,0.698,1,less50
74471,2018,20,2434.731707317073,7.79759184764626,1,WC,0,NoSA,transcom,4,good,41,0.073,0.707,1,less50
74471,2019,21,2600.3809523809523,7.863413233423065,1,WC,0,NoSA,transcom,1,unsatisfactory,42,0.262,0.714,1,less50
74505,2010,12,1487.8837209302326,7.30511006780346,0,NoWC,0,NoSA,edu,2,sufficient,129,0.442,0.62,3,less250
74505,2012,14,1145.3671875,7.043480552351933,0,NoWC,0,NoSA,edu,1,unsatisfactory,128,0.781,0.805,3,less250
74505,2013,15,792.484126984127,6.675172476508741,0,NoWC,0,NoSA,edu,1,unsatisfactory,126,0.786,0.794,3,less250
74505,2014,16,1163.3809523809523,7.059085658969375,0,NoWC,0,NoSA,edu,2,sufficient,126,0.73,0.802,3,less250
74543,1998,0,1655.85703125,7.412073997431997,1,WC,0,NoSA,buservices,4,good,40,0.35,0.7,1,less50
74543,1999,1,1913.5353515625,7.556707779512188,1,WC,0,NoSA,buservices,4,good,40,0.125,0.675,1,less50
74543,2000,2,1831.4920176630435,7.512886223849034,1,WC,0,NoSA,buservices,4,good,46,0.152,0.565,1,less50
74596,2016,18,980.3720930232558,6.887932186360265,0,NoWC,0,NoSA,manufacturing,3,satisfactory,86,0.023,0.651,2,less100
74596,2017,19,1520.968085106383,7.32710230920311,0,NoWC,0,NoSA,manufacturing,4,good,94,0.021,0.681,2,less100
74596,2018,20,2540.704081632653,7.840196519093626,0,NoWC,0,NoSA,manufacturing,4,good,98,0.02,0.755,2,less100
74596,2019,21,2571.3636363636365,7.852191634978886,0,NoWC,0,NoSA,manufacturing,2,sufficient,110,0.018,0.673,3,less250
74605,2007,9,3166.8984375,8.060507977031682,0,NoWC,0,NoSA,manufacturing,4,good,128,0.047,0.734,3,less250
74605,2008,10,2990.552,8.003213264730025,0,NoWC,0,NoSA,manufacturing,4,good,125,0.056,0.744,3,less250
74605,2010,12,2404.962962962963,7.78528978240588,0,NoWC,1,SA,manufacturing,3,satisfactory,108,0.102,0.62,3,less250
74629,1998,0,2632.3170572916665,7.875619747687018,0,NoWC,0,NoSA,finance,3,satisfactory,96,0.062,0.26,2,less100
74629,1999,1,4469.567602040816,8.405046949604442,0,NoWC,0,NoSA,finance,3,satisfactory,98,0.051,0.112,2,less100
74629,2000,2,3100.046237244898,8.039172305602296,0,NoWC,0,NoSA,finance,2,sufficient,98,0.061,0.153,2,less100
74644,2000,2,8814.383802816901,9.084140189134727,1,WC,0,NoSA,wholesretail,3,satisfactory,71,0.056,0.155,2,less100
74644,2001,3,8300.74259868421,9.024100259503502,1,WC,0,NoSA,wholesretail,4,good,76,0.066,0.158,2,less100
74644,2002,4,7567.5675675675675,8.931626969507162,1,WC,0,NoSA,wholesretail,4,good,74,0.054,0.176,2,less100
74644,2004,6,6756.756756756757,8.818298284200159,1,WC,0,NoSA,wholesretail,4,good,74,0.068,0.176,2,less100
74644,2006,8,7343.2835820895525,8.901541376083479,1,WC,0,NoSA,wholesretail,4,good,67,0.015,0.194,2,less100
74644,2007,9,5333.723684210527,8.581804900664967,1,WC,0,NoSA,wholesretail,5,very good,76,0.026,0.145,2,less100
74644,2008,10,4200.213483146067,8.342890632300186,1,WC,0,NoSA,wholesretail,4,good,89,0.022,0.135,2,less100
74644,2009,11,3080.3571428571427,8.032800824718402,1,WC,0,NoSA,wholesretail,4,good,112,0.036,0.116,3,less250
74644,2010,12,2258.573913043478,7.72248888116685,1,WC,0,NoSA,wholesretail,1,unsatisfactory,115,0.104,0.13,3,less250
74644,2011,13,2332.2580645161293,7.75459220366171,1,WC,0,NoSA,wholesretail,4,good,124,0.048,0.137,3,less250
74644,2012,14,2562.7906976744184,7.848852060007388,1,WC,0,NoSA,wholesretail,4,good,129,0.047,0.124,3,less250
74670,2004,6,1169.3953488372092,7.064242098341159,1,WC,0,NoSA,manufacturing,4,good,43,0.023,0.093,1,less50
74670,2005,7,1698.3513513513512,7.437413266167777,0,NoWC,0,NoSA,manufacturing,5,very good,37,0.027,0.027,1,less50
74670,2006,8,1043.3157894736842,6.95015917952377,0,NoWC,0,NoSA,manufacturing,4,good,38,0.026,0.105,1,less50
74683,2003,5,2803.0232558139537,7.938453847888827,1,WC,0,NoSA,health,2,sufficient,43,0.07,0.14,1,less50
74683,2004,6,1758.764705882353,7.472366969947218,1,WC,0,NoSA,health,3,satisfactory,51,0.059,0.137,2,less100
74683,2005,7,1850.3529411764705,7.523131678890677,1,WC,0,NoSA,health,3,satisfactory,51,0.078,0.137,2,less100
74683,2006,8,1905.313725490196,7.552401959298357,1,WC,0,NoSA,health,3,satisfactory,51,0.039,0.157,2,less100
74683,2007,9,1517.1186440677966,7.324568185959265,1,WC,0,NoSA,health,3,satisfactory,59,0.034,0.153,2,less100
74683,2008,10,1168.079365079365,7.063116110633957,1,WC,0,NoSA,health,3,satisfactory,63,0.016,0.175,2,less100
74683,2009,11,1182.515625,7.075399333809446,1,WC,0,NoSA,health,4,good,64,0.031,0.188,2,less100
74683,2011,13,1590.3617021276596,7.3717167549582285,1,WC,0,NoSA,health,4,good,47,0.043,0.234,1,less50
74683,2012,14,1698.7954545454545,7.4376747227500255,1,WC,0,NoSA,health,4,good,44,0.159,0.273,1,less50
74683,2013,15,1596.1666666666667,7.3753602002935645,1,WC,0,NoSA,health,4,good,48,0.042,0.229,1,less50
74683,2014,16,1886.4761904761904,7.542465918320845,1,WC,0,NoSA,health,4,good,42,0.071,0.19,1,less50
74683,2015,17,5606.033333333334,8.631598677717284,1,WC,0,NoSA,health,4,good,30,0.1,0,1,less50
74683,2018,20,5873,8.67812085552252,1,WC,0,NoSA,health,2,sufficient,35,0.314,0.029,1,less50
74685,1999,1,1170.5388671875,7.065219492007608,1,WC,0,NoSA,manufacturing,3,satisfactory,40,0.075,0.675,1,less50
74685,2000,2,2223.3044763513512,7.706749871005014,1,WC,0,NoSA,manufacturing,4,good,37,0.081,0.649,1,less50
74685,2001,3,1956.1885850694443,7.578753259581952,1,WC,1,SA,manufacturing,3,satisfactory,36,0.194,0.639,1,less50
74690,2008,10,1221.7391304347825,7.1080306393926875,1,WC,0,NoSA,manufacturing,3,satisfactory,23,0.174,0.304,1,less50
74690,2009,11,980.68,6.888246208593912,1,WC,0,NoSA,manufacturing,2,sufficient,25,0.04,0.16,1,less50
74690,2010,12,1065.9565217391305,6.971627817532963,1,WC,0,NoSA,manufacturing,2,sufficient,23,0.087,0.261,1,less50
74690,2011,13,1106.9565217391305,7.009369656182248,1,WC,0,NoSA,manufacturing,1,unsatisfactory,23,0.261,0.217,1,less50
74696,2011,13,3738.5,8.22643974043997,1,WC,0,NoSA,health,4,good,40,0.025,0.175,1,less50
74696,2012,14,3738.5,8.22643974043997,1,WC,0,NoSA,health,4,good,40,0.05,0.225,1,less50
74696,2013,15,3881.7368421052633,8.264037972174402,1,WC,0,NoSA,health,3,satisfactory,38,0.053,0.237,1,less50
74696,2014,16,4303.871794871795,8.367270313961114,1,WC,0,NoSA,health,3,satisfactory,39,0.026,0.231,1,less50
74726,2001,3,1585.066425879397,7.368381594505395,0,NoWC,0,NoSA,manufacturing,4,good,398,0.872,0.613,4,more250
74726,2002,4,1410.5793450881613,7.251755782024142,0,NoWC,0,NoSA,manufacturing,3,satisfactory,397,0.73,0,4,more250
74726,2003,5,1141.6851385390428,7.040260641639553,0,NoWC,0,NoSA,manufacturing,3,satisfactory,397,0.635,0.451,4,more250
74727,2017,19,2008.2133333333334,7.605000716868237,0,NoWC,0,NoSA,health,1,unsatisfactory,75,0.013,0.507,2,less100
74727,2018,20,1822.077922077922,7.507732844236869,0,NoWC,0,NoSA,health,2,sufficient,77,0.026,0.688,2,less100
74727,2019,21,892.9324324324324,6.794510914444362,0,NoWC,1,SA,health,1,unsatisfactory,74,0.081,0.716,2,less100
74806,2017,19,1640.2857142857142,7.402625721672269,1,WC,0,NoSA,manufacturing,4,good,21,0.571,0.857,1,less50
74806,2019,21,2099.1,7.649263960419961,1,WC,0,NoSA,manufacturing,4,good,20,0.5,0.85,1,less50
74806,2020,22,1810.6,7.50141356104134,1,WC,0,NoSA,manufacturing,4,good,20,0.4,0.85,1,less50
74821,2000,2,1215.1771875,7.102645178475336,1,WC,0,NoSA,manufacturing,3,satisfactory,25,0.44,0.2,1,less50
74821,2001,3,1668.3453414351852,7.419587600718756,1,WC,0,NoSA,manufacturing,3,satisfactory,27,0.407,0.185,1,less50
74821,2002,4,1576.0384615384614,7.36266967464952,1,WC,0,NoSA,manufacturing,3,satisfactory,26,0.5,0.231,1,less50
74824,2010,12,2869.78125,7.961991086336617,1,WC,0,NoSA,health,4,good,32,0.219,0.906,1,less50
74824,2011,13,2610.2558139534885,7.867203508522778,1,WC,0,NoSA,health,5,very good,43,0.116,0.884,1,less50
74824,2012,14,2739.4651162790697,7.915517967288735,1,WC,1,SA,health,4,good,43,0.349,0.93,1,less50
74877,2012,14,931.2342657342657,6.836510873695211,1,WC,0,NoSA,manufacturing,3,satisfactory,286,0.437,0.357,4,more250
74877,2013,15,1189.5910780669144,7.08136489517407,1,WC,0,NoSA,manufacturing,3,satisfactory,269,0.468,0.387,4,more250
74877,2014,16,1046.2795275590552,6.952995843684111,0,NoWC,0,NoSA,manufacturing,3,satisfactory,254,0.681,0.374,4,more250
74880,2015,17,1892.4117647058824,7.545607360555404,1,WC,0,NoSA,public,5,very good,51,0.196,0.137,2,less100
74880,2016,18,2178.021739130435,7.6861722846783715,1,WC,0,NoSA,public,5,very good,46,0.239,0.174,1,less50
74880,2017,19,1979.7777777777778,7.590739883944369,1,WC,0,NoSA,public,5,very good,45,0.289,0.2,1,less50
74880,2020,22,2363.5714285714284,7.767929071300399,1,WC,0,NoSA,manufacturing,3,satisfactory,49,0.245,0.184,1,less50
74880,2021,23,2737.9574468085107,7.914967464021452,1,WC,0,NoSA,manufacturing,1,unsatisfactory,47,0.298,0.191,1,less50
74901,2015,17,2657.961038961039,7.885314581137559,1,WC,0,NoSA,wholesretail,4,good,77,0.143,0.013,2,less100
74901,2016,18,1944.1157894736841,7.5725625457330725,1,WC,0,NoSA,wholesretail,3,satisfactory,95,0.095,0.021,2,less100
74901,2017,19,1961.7972972972973,7.581616320464518,0,NoWC,0,NoSA,wholesretail,5,very good,74,0.176,0.108,2,less100
74901,2018,20,1974.972972972973,7.588309992670941,0,NoWC,0,NoSA,wholesretail,4,good,74,0.149,0.216,2,less100
74904,2016,18,1453.3947368421052,7.281657296903174,0,NoWC,0,NoSA,finance,5,very good,190,0.126,0.579,3,less250
74904,2017,19,1627.1161616161617,7.39456450086969,0,NoWC,0,NoSA,finance,5,very good,198,0.056,0.566,3,less250
74904,2019,21,1088.4395604395604,6.992500353583678,0,NoWC,0,NoSA,finance,5,very good,182,0.456,0.621,3,less250
74925,2016,18,1232.3983050847457,7.1167173914251904,1,WC,1,SA,health,3,satisfactory,118,0.11,0.712,3,less250
74925,2017,19,2253.655737704918,7.720308948997225,1,WC,1,SA,health,4,good,122,0.131,0.746,3,less250
74925,2020,22,2644.0495867768595,7.880066955249897,1,WC,1,SA,health,2,sufficient,121,0.107,0.628,3,less250
74939,2008,10,2177.116666666667,7.6857566503666845,1,WC,0,NoSA,public,4,good,120,0.042,0.267,3,less250
74939,2009,11,3136.3636363636365,8.050819330221081,1,WC,0,NoSA,public,4,good,110,0.027,0.145,3,less250
74939,2010,12,2597.36,7.862250823542008,1,WC,0,NoSA,public,2,sufficient,100,0.05,0.04,2,less100
74939,2012,14,9445.714285714286,9.153316402879648,1,WC,0,NoSA,public,4,good,35,0.257,0.057,1,less50
74939,2013,15,8648.648648648648,9.065158362131685,1,WC,0,NoSA,public,3,satisfactory,37,0.243,0.054,1,less50
74939,2014,16,5448.275862068966,8.60305448202263,1,WC,0,NoSA,public,3,satisfactory,58,0.138,0.207,2,less100
74954,2000,2,6695.114969135802,8.809133430365552,0,NoWC,0,NoSA,health,3,satisfactory,81,0.136,0.346,2,less100
74954,2001,3,6033.848721590909,8.705140348405537,0,NoWC,0,NoSA,health,4,good,88,0.057,0.364,2,less100
74954,2002,4,6029.056179775281,8.704345756703626,0,NoWC,0,NoSA,health,3,satisfactory,89,0.146,0.36,2,less100
74954,2003,5,3860.2696629213483,8.258492320879173,0,NoWC,0,NoSA,health,1,unsatisfactory,89,0.146,0.371,2,less100
74954,2004,6,3487.163043478261,8.156843803104278,0,NoWC,0,NoSA,health,1,unsatisfactory,92,0.13,0.37,2,less100
74954,2005,7,3891.917525773196,8.266657252375612,0,NoWC,0,NoSA,health,2,sufficient,97,0.052,0.392,2,less100
74954,2006,8,4969.69696969697,8.511114145339855,0,NoWC,0,NoSA,health,3,satisfactory,99,0.081,0.394,2,less100
74954,2007,9,4266.978947368421,8.358661349350758,0,NoWC,0,NoSA,health,3,satisfactory,95,0.053,0.516,2,less100
74954,2009,11,3876.4044943820227,8.262663326281357,0,NoWC,0,NoSA,health,4,good,89,0.135,0.494,2,less100
74954,2010,12,2918.38202247191,7.97878463979796,0,NoWC,0,NoSA,health,4,good,89,0.124,0.461,2,less100
74955,2000,2,2346.2940848214284,7.760592377205894,1,WC,0,NoSA,transcom,2,sufficient,21,0.238,0.143,1,less50
74955,2001,3,2597.5162109375,7.862310963930809,1,WC,0,NoSA,transcom,1,unsatisfactory,20,0.2,0.2,1,less50
74955,2002,4,1714.0454545454545,7.446611618377531,1,WC,0,NoSA,transcom,1,unsatisfactory,22,0.136,0.182,1,less50
74960,2000,2,5643.152901785715,8.638198213435071,1,WC,0,NoSA,wholesretail,4,good,21,0.19,0.81,1,less50
74960,2001,3,4008.66796875,8.296214287748414,1,WC,0,NoSA,wholesretail,3,satisfactory,22,0.136,0.818,1,less50
74960,2004,6,3665.32,8.206670922923978,1,WC,0,NoSA,wholesretail,4,good,25,0.12,0.72,1,less50
74960,2006,8,8202.478260869566,9.012191614526296,1,WC,0,NoSA,wholesretail,3,satisfactory,23,0.087,0.783,1,less50
74966,2015,17,2645.0575757575757,7.880448111827725,0,NoWC,0,NoSA,transcom,3,satisfactory,330,0.639,0.136,4,more250
74966,2016,18,2743.855029585799,7.917119155666527,0,NoWC,0,NoSA,transcom,4,good,338,0.678,0.219,4,more250
74966,2017,19,4006.813559322034,8.29575158080946,0,NoWC,0,NoSA,transcom,4,good,354,0.661,0.339,4,more250
74966,2018,20,4128.435135135135,8.325653712249288,0,NoWC,0,NoSA,transcom,4,good,370,0.703,0.149,4,more250
74966,2020,22,5045.485549132948,8.526249171790473,0,NoWC,0,NoSA,wholesretail,1,unsatisfactory,346,0.812,0.173,4,more250
74966,2021,23,5173.252873563219,8.551256952157539,0,NoWC,0,NoSA,wholesretail,1,unsatisfactory,348,0.736,0.152,4,more250
75037,2013,15,782.3960880195599,6.6623611187331075,1,WC,1,SA,wholesretail,4,good,409,0.347,0.665,4,more250
75037,2014,16,877.7777777777778,6.777393461118893,1,WC,1,SA,wholesretail,4,good,360,0.411,0.644,4,more250
75037,2015,17,4225.078328981724,8.34879307902338,1,WC,1,SA,wholesretail,3,satisfactory,383,0.342,0.661,4,more250
75059,2004,6,2008.5217391304348,7.605154277305829,1,WC,0,NoSA,public,3,satisfactory,46,0.283,0.413,1,less50
75059,2005,7,1542.948717948718,7.341450616521627,0,NoWC,0,NoSA,public,4,good,78,0.218,0.449,2,less100
75059,2006,8,1784.4492753623188,7.4868651174000265,1,WC,0,NoSA,public,4,good,69,0.246,0.478,2,less100
75059,2008,10,1361.4264705882354,7.216288304477121,1,WC,0,NoSA,public,4,good,68,0.265,0.618,2,less100
75059,2009,11,974.4947368421052,6.8819191180526875,1,WC,0,NoSA,public,4,good,95,0.158,0.589,2,less100
75059,2010,12,891.7981651376147,6.79323983470933,1,WC,0,NoSA,public,4,good,109,0.174,0.541,3,less250
75059,2011,13,1028.6363636363637,6.935989285269267,1,WC,0,NoSA,public,4,good,99,0.212,0.535,2,less100
75063,1998,0,14863.9125,9.606691574330158,1,WC,1,SA,wholesretail,3,satisfactory,35,0.143,0.086,1,less50
75063,1999,1,10420.169763513513,9.251498607258474,1,WC,0,NoSA,wholesretail,3,satisfactory,37,0.189,0.081,1,less50
75063,2000,2,8056.0253378378375,8.994175579606688,1,WC,0,NoSA,wholesretail,3,satisfactory,37,0.189,0.081,1,less50
75073,2011,13,2192.0337078651687,7.6925850256253865,1,WC,0,NoSA,buservices,4,good,89,0.18,0.506,2,less100
75073,2012,14,2100.8842105263157,7.650113587725309,1,WC,0,NoSA,buservices,3,satisfactory,95,0.116,0.526,2,less100
75073,2013,15,2106.175257731959,7.652628907527747,1,WC,0,NoSA,buservices,3,satisfactory,97,0.082,0.505,2,less100
75099,2013,15,1787.60162601626,7.4886301266674415,0,NoWC,0,NoSA,buservices,4,good,123,0.203,0.837,3,less250
75099,2014,16,2527.5701754385964,7.835013715272238,0,NoWC,0,NoSA,buservices,3,satisfactory,114,0.254,0.86,3,less250
75099,2015,17,2365.471074380165,7.768732466875604,0,NoWC,0,NoSA,buservices,3,satisfactory,121,0.256,0.868,3,less250
75099,2016,18,2435.007042253521,7.79770492760841,0,NoWC,0,NoSA,buservices,4,good,142,0.239,0.88,3,less250
75099,2017,19,2310.006329113924,7.745005543388244,0,NoWC,0,NoSA,buservices,4,good,158,0.31,0.886,3,less250
75111,2005,7,1185.421052631579,7.077853309134937,0,NoWC,0,NoSA,buservices,3,satisfactory,76,0.013,0.079,2,less100
75111,2006,8,1121.5731707317073,7.0224875954625805,0,NoWC,0,NoSA,buservices,3,satisfactory,82,0.012,0.159,2,less100
75111,2007,9,1140.4050632911392,7.039138796954247,0,NoWC,0,NoSA,buservices,4,good,79,0.013,0.177,2,less100
75122,2013,15,1927.710843373494,7.564088486419366,0,NoWC,0,NoSA,manufacturing,4,good,166,0.169,0.367,3,less250
75122,2014,16,2051.948051948052,7.6265448901554205,0,NoWC,0,NoSA,manufacturing,4,good,154,0.195,0.545,3,less250
75122,2015,17,2691.616883116883,7.897897363815253,0,NoWC,0,NoSA,manufacturing,5,very good,154,0.221,0.545,3,less250
75122,2016,18,5166.210526315789,8.549894725112656,0,NoWC,0,NoSA,manufacturing,4,good,152,0.25,0.539,3,less250
75122,2018,20,2837.6774193548385,7.950741186479826,1,WC,0,NoSA,manufacturing,4,good,155,0.258,0.523,3,less250
75122,2021,23,4100.158536585366,8.318780919404677,1,WC,0,NoSA,manufacturing,4,good,164,0.421,0.366,3,less250
75125,2006,8,1744,7.463936604468925,1,WC,0,NoSA,construction,3,satisfactory,27,0.037,0.111,1,less50
75125,2007,9,1709.7777777777778,7.444118686535966,1,WC,0,NoSA,construction,4,good,27,0.074,0.111,1,less50
75125,2008,10,1424.8333333333333,7.261810126798179,1,WC,0,NoSA,construction,4,good,30,0.067,0.1,1,less50
75125,2009,11,2101.0384615384614,7.650187006978471,1,WC,0,NoSA,construction,3,satisfactory,26,0.154,0.115,1,less50
75125,2010,12,2739.1,7.91538467827168,1,WC,0,NoSA,construction,4,good,20,0.1,0.15,1,less50
75125,2011,13,2266.2727272727275,7.725891790600232,1,WC,0,NoSA,construction,4,good,22,0.182,0.136,1,less50
75128,2014,16,2037.6129032258063,7.619534256205958,1,WC,0,NoSA,manufacturing,4,good,31,0.097,0.194,1,less50
75128,2015,17,1978.9032258064517,7.590298043854318,1,WC,0,NoSA,manufacturing,4,good,31,0.065,0.194,1,less50
75128,2016,18,1976.25,7.588956388523682,0,NoWC,0,NoSA,manufacturing,4,good,36,0.111,0.25,1,less50
75128,2017,19,1956.638888888889,7.578983427573989,1,WC,0,NoSA,manufacturing,5,very good,36,0.111,0.361,1,less50
75128,2018,20,2033.7575757575758,7.6176403835454005,1,WC,0,NoSA,manufacturing,4,good,33,0.152,0.303,1,less50
75128,2019,21,1949.025,7.57508452651611,1,WC,1,SA,manufacturing,4,good,40,0.125,0.375,1,less50
75128,2020,22,1525.0714285714287,7.329796526352122,1,WC,1,SA,construction,4,good,42,0.19,0.214,1,less50
75128,2021,23,1233,7.117205503164344,1,WC,1,SA,construction,4,good,56,0.143,0.393,2,less100
75147,1998,0,1129.9698306916428,7.029946212847004,0,NoWC,1,SA,public,2,sufficient,694,0.004,0.663,4,more250
75147,1999,1,1214.7609204368175,7.102302563109212,0,NoWC,0,NoSA,public,2,sufficient,641,0.017,0.683,4,more250
75147,2000,2,1007.7636876006442,6.915488984242565,0,NoWC,0,NoSA,public,4,good,621,0.014,0.686,4,more250
75147,2002,4,942.7609427609427,6.848812743348687,0,NoWC,0,NoSA,public,2,sufficient,594,0.01,0.668,4,more250
75164,2004,6,1367.7862595419847,7.220948842950418,1,WC,0,NoSA,public,4,good,262,0.08,0.431,4,more250
75164,2005,7,1377.641791044776,7.228128469337592,1,WC,1,SA,public,4,good,268,0.082,0.403,4,more250
75164,2006,8,1414.4328358208954,7.254483906985015,1,WC,0,NoSA,public,3,satisfactory,268,0.082,0.396,4,more250
75164,2008,10,1374.3345588235295,7.225724935736328,1,WC,1,SA,public,4,good,272,0.059,0.357,4,more250
75164,2009,11,1273.0627306273063,7.149180875133796,1,WC,0,NoSA,public,4,good,271,0.059,0.38,4,more250
75164,2010,12,965.5613382899628,6.872709629928261,1,WC,0,NoSA,public,3,satisfactory,269,0.059,0.368,4,more250
75164,2011,13,1055.4744525547446,6.961745662878677,1,WC,0,NoSA,public,4,good,274,0.069,0.369,4,more250
75164,2012,14,1132.1917808219177,7.031910662100779,1,WC,0,NoSA,public,4,good,292,0.045,0.339,4,more250
75164,2013,15,1081.081081081081,6.985716820451849,1,WC,0,NoSA,public,4,good,296,0.044,0.318,4,more250
75164,2014,16,719.8177676537586,6.578998079493878,1,WC,0,NoSA,public,4,good,439,0.03,0.362,4,more250
75164,2015,17,1424.5446224256293,7.261607478421463,1,WC,0,NoSA,public,4,good,437,0.03,0.364,4,more250
75164,2016,18,1153.829383886256,7.050841588551947,1,WC,0,NoSA,public,4,good,422,0.036,0.37,4,more250
75164,2017,19,1476.2188940092167,7.297239296339003,1,WC,0,NoSA,public,4,good,434,0.037,0.364,4,more250
75164,2018,20,1519.1302325581396,7.32589323464032,1,WC,0,NoSA,public,3,satisfactory,430,0.037,0.342,4,more250
75181,2001,3,725.6843580163044,6.587115151712954,0,NoWC,0,NoSA,finance,4,good,92,0.413,0.38,2,less100
75181,2004,6,733.6153846153846,6.597984892117376,0,NoWC,0,NoSA,finance,3,satisfactory,91,0.714,0.418,2,less100
75181,2007,9,849.4578313253012,6.744598300474733,0,NoWC,0,NoSA,finance,3,satisfactory,83,0.59,0.398,2,less100
75181,2008,10,851.6,6.747116933019324,0,NoWC,0,NoSA,finance,2,sufficient,85,0.729,0.4,2,less100
75181,2009,11,1011.1279069767442,6.918821726326437,0,NoWC,0,NoSA,finance,2,sufficient,86,0.709,0.395,2,less100
75185,2006,8,1571.9130434782608,7.36004865560565,1,WC,0,NoSA,wholesretail,4,good,23,0.261,0.043,1,less50
75185,2007,9,1776.25,7.48225967941131,1,WC,0,NoSA,wholesretail,4,good,24,0.25,0.042,1,less50
75185,2008,10,1776.25,7.48225967941131,1,WC,0,NoSA,wholesretail,4,good,24,0.25,0.042,1,less50
75185,2009,11,1436.8,7.270173697547935,1,WC,0,NoSA,wholesretail,4,good,30,0.033,0.033,1,less50
75185,2010,12,1578.888888888889,7.364476643754927,1,WC,0,NoSA,wholesretail,5,very good,27,0.037,0.037,1,less50
75200,2006,8,413.7142857142857,6.025175604450293,0,NoWC,0,NoSA,buservices,2,sufficient,28,0.071,0.607,1,less50
75200,2007,9,214.5185185185185,5.368396068061223,0,NoWC,0,NoSA,buservices,2,sufficient,27,0.037,0.63,1,less50
75200,2008,10,135.75,4.910814958814044,0,NoWC,0,NoSA,buservices,1,unsatisfactory,32,0.094,0.656,1,less50
75200,2009,11,37.354838709677416,3.6204624536477943,0,NoWC,1,SA,transcom,3,satisfactory,31,0.032,0.645,1,less50
75209,2009,11,7186.916666666667,8.880017522391713,0,NoWC,0,NoSA,manufacturing,5,very good,36,0.528,0.111,1,less50
75209,2011,13,6482.666666666667,8.77688722732785,0,NoWC,1,SA,manufacturing,5,very good,39,0.436,0.103,1,less50
75209,2012,14,2862.9210526315787,7.959597729667822,0,NoWC,1,SA,manufacturing,4,good,38,0.289,0.132,1,less50
75209,2013,15,2949.277777777778,7.989315598268011,0,NoWC,1,SA,manufacturing,3,satisfactory,36,0.778,0.111,1,less50
75209,2014,16,5511.868421052632,8.614658941046564,0,NoWC,1,SA,manufacturing,3,satisfactory,38,0.789,0.132,1,less50
75209,2015,17,6628,8.799058378546453,0,NoWC,1,SA,manufacturing,3,satisfactory,34,0.941,0.118,1,less50
75216,2009,11,3593.75,8.186951504545661,0,NoWC,0,NoSA,manufacturing,5,very good,96,0.208,0.115,2,less100
75216,2010,12,2705.5833333333335,7.903072818062264,0,NoWC,0,NoSA,manufacturing,4,good,96,0.167,0.198,2,less100
75216,2011,13,2981.443298969072,8.000162790763364,0,NoWC,0,NoSA,manufacturing,3,satisfactory,97,0.144,0.227,2,less100
75216,2012,14,2789.8282828282827,7.933735325547919,0,NoWC,0,NoSA,manufacturing,4,good,99,0.121,0.222,2,less100
75219,1998,0,757.4694444444444,6.629983199202881,0,NoWC,0,NoSA,manufacturing,3,satisfactory,1350,0.002,0.301,4,more250
75219,1999,1,669.6426714175655,6.506744243873546,0,NoWC,0,NoSA,manufacturing,3,satisfactory,1298,0.012,0.292,4,more250
75219,2000,2,549.9307996485062,6.309792451489767,0,NoWC,0,NoSA,manufacturing,4,good,1138,0.014,0.293,4,more250
75219,2001,3,587.9370340167754,6.376619857159135,0,NoWC,0,NoSA,manufacturing,4,good,1073,0.016,0.354,4,more250
75219,2002,4,606.060606060606,6.406979991069647,0,NoWC,0,NoSA,manufacturing,2,sufficient,924,0.027,0.334,4,more250
75219,2003,5,623.4511691884456,6.435270444793224,0,NoWC,0,NoSA,manufacturing,2,sufficient,727,0.04,0.337,4,more250
75219,2004,6,562.429696287964,6.3322661418904245,0,NoWC,0,NoSA,manufacturing,4,good,889,0.025,0.292,4,more250
75219,2005,7,505.1782566111655,6.224911350379826,0,NoWC,0,NoSA,manufacturing,4,good,1021,0.023,0.289,4,more250
75229,2001,3,2505.4068359375,7.826206409887849,0,NoWC,0,NoSA,mining,5,very good,20,0.05,0.2,1,less50
75229,2002,4,2998.8,8.005967487628906,0,NoWC,0,NoSA,mining,4,good,20,0.05,0.2,1,less50
75229,2003,5,2713.190476190476,7.905880518889764,0,NoWC,0,NoSA,mining,4,good,21,0.048,0.19,1,less50
75229,2004,6,2564.5714285714284,7.8495466592671095,0,NoWC,0,NoSA,mining,3,satisfactory,21,0.095,0.286,1,less50
75229,2005,7,2925.9523809523807,7.981375306995274,0,NoWC,1,SA,mining,3,satisfactory,21,0.048,0.19,1,less50
75229,2006,8,3593.714285714286,8.18694156660808,0,NoWC,0,NoSA,mining,3,satisfactory,21,0.048,0.19,1,less50
75229,2007,9,4099.142857142857,8.318533171603022,0,NoWC,0,NoSA,mining,4,good,21,0.19,0.19,1,less50
75229,2008,10,2884.409090909091,7.9670753367881195,0,NoWC,0,NoSA,mining,4,good,22,0.182,0.182,1,less50
75237,2018,20,2504.344155844156,7.8257821652054185,0,NoWC,0,NoSA,buservices,3,satisfactory,154,0.045,0.104,3,less250
75237,2019,21,2031.020134228188,7.61629347498678,0,NoWC,0,NoSA,buservices,2,sufficient,149,0.06,0.101,3,less250
75237,2020,22,2556.717741935484,7.846479582782625,0,NoWC,0,NoSA,edu,2,sufficient,124,0.073,0.097,3,less250
75237,2021,23,3736.798076923077,8.225984394555748,0,NoWC,0,NoSA,edu,3,satisfactory,104,0.067,0.096,3,less250
75239,2014,16,2006.6455696202531,7.604219736101211,0,NoWC,0,NoSA,health,3,satisfactory,79,0.025,0.722,2,less100
75239,2015,17,1774.378048780488,7.481205245453579,0,NoWC,0,NoSA,health,4,good,82,0.024,0.659,2,less100
75239,2016,18,1453.9866666666667,7.282064487945963,0,NoWC,0,NoSA,health,4,good,75,0.013,0.747,2,less100
75239,2017,19,1298.202380952381,7.16873580263896,0,NoWC,0,NoSA,health,4,good,84,0.036,0.548,2,less100
75239,2018,20,1314,7.1808311990445555,0,NoWC,0,NoSA,health,3,satisfactory,73,0.041,0.699,2,less100
75239,2019,21,1243.6575342465753,7.1258119413847645,0,NoWC,0,NoSA,health,3,satisfactory,73,0.055,0.753,2,less100
75239,2020,22,1077.5438596491229,6.982439526160263,0,NoWC,0,NoSA,art,4,good,57,0.07,0.702,2,less100
75239,2021,23,1300.8392857142858,7.1707649395323685,0,NoWC,0,NoSA,art,4,good,56,0.089,0.661,2,less100
75246,2013,15,2356.6875,7.765012310353166,1,WC,0,NoSA,wholesretail,3,satisfactory,32,0.469,0.906,1,less50
75246,2014,16,2939.46875,7.9859841467260955,1,WC,0,NoSA,wholesretail,3,satisfactory,32,0.469,0.875,1,less50
75246,2015,17,2529,7.835579246669965,1,WC,0,NoSA,wholesretail,4,good,38,0.474,0.947,1,less50
75246,2016,18,2326.9444444444443,7.752311288691745,1,WC,0,NoSA,wholesretail,4,good,36,0.472,0.917,1,less50
75246,2017,19,2459,7.807510042216193,1,WC,0,NoSA,wholesretail,4,good,31,0.516,0.968,1,less50
75246,2018,20,2684.71875,7.8953312528530954,1,WC,0,NoSA,wholesretail,2,sufficient,32,0.344,0.906,1,less50
75246,2019,21,2258.5675675675675,7.722486071657368,1,WC,0,NoSA,wholesretail,3,satisfactory,37,0.514,0.919,1,less50
75246,2020,22,2401.7837837837837,7.783966983510803,1,WC,0,NoSA,wholesretail,2,sufficient,37,0.405,0.838,1,less50
75259,2004,6,1629.5652173913043,7.396068520423209,0,NoWC,0,NoSA,buservices,4,good,299,0.01,0.14,4,more250
75259,2005,7,1725.0401337792641,7.4530055951538055,0,NoWC,0,NoSA,buservices,4,good,299,0.007,0.181,4,more250
75259,2007,9,3142.3488372093025,8.052725836589627,0,NoWC,0,NoSA,buservices,4,good,129,0.109,0.093,3,less250
75259,2008,10,3064.090163934426,8.027505957299068,0,NoWC,0,NoSA,buservices,4,good,122,0.131,0.148,3,less250
75259,2009,11,2827.8688524590166,7.94727865128024,0,NoWC,0,NoSA,buservices,4,good,122,0.041,0.066,3,less250
75260,2019,21,1401.375,7.245209176473757,1,WC,0,NoSA,health,4,good,24,0.333,1,1,less50
75260,2020,22,1169.8695652173913,7.064647538856963,1,WC,0,NoSA,buservices,4,good,23,0.783,1,1,less50
75260,2021,23,1478.3846153846155,7.298705294572868,1,WC,0,NoSA,buservices,1,unsatisfactory,26,0.692,1,1,less50
75265,2018,20,1928.904761904762,7.564707639942354,1,WC,0,NoSA,construction,4,good,21,0.143,0.143,1,less50
75265,2019,21,1787.7272727272727,7.48870041206754,1,WC,0,NoSA,construction,3,satisfactory,22,0.227,0.136,1,less50
75265,2021,23,2527.5,7.834985950894627,1,WC,0,NoSA,construction,4,good,24,0.25,0.125,1,less50
75274,2012,14,1431.1748251748252,7.266250942027803,1,WC,0,NoSA,health,5,very good,143,0.028,0.189,3,less250
75274,2013,15,1700.804054054054,7.43885639120082,1,WC,0,NoSA,health,4,good,148,0.041,0.182,3,less250
75274,2014,16,1775.5804195804196,7.481882645404382,1,WC,1,SA,health,4,good,143,0.035,0.154,3,less250
75274,2015,17,1202.6703296703297,7.092299638244519,1,WC,1,SA,health,5,very good,182,0.104,0.176,3,less250
75274,2016,18,1419.8,7.258271295605286,1,WC,0,NoSA,health,1,unsatisfactory,185,0.081,0.211,3,less250
75274,2017,19,1389.7513227513227,7.2368801056239676,1,WC,0,NoSA,health,3,satisfactory,189,0.085,0.185,3,less250
75274,2018,20,1316.734375,7.18290999195552,1,WC,0,NoSA,health,5,very good,192,0.089,0.193,3,less250
75320,2000,2,3046.771925403226,8.021837924002728,1,WC,0,NoSA,manufacturing,4,good,31,0.161,0.065,1,less50
75320,2001,3,2759.895089285714,7.92294794686039,1,WC,0,NoSA,manufacturing,3,satisfactory,35,0.114,0.057,1,less50
75320,2002,4,2318.860465116279,7.74883116516333,1,WC,0,NoSA,manufacturing,3,satisfactory,43,0.116,0.047,1,less50
75320,2006,8,1497.4166666666667,7.311496680138453,1,WC,0,NoSA,manufacturing,4,good,60,0.383,0.033,2,less100
75320,2007,9,1112.8192771084337,7.014651963525719,1,WC,0,NoSA,manufacturing,4,good,83,0.133,0.024,2,less100
75320,2009,11,1590.5384615384614,7.371827892939233,1,WC,0,NoSA,manufacturing,3,satisfactory,65,0.092,0.031,2,less100
75320,2010,12,1598.6,7.376883525191919,1,WC,0,NoSA,manufacturing,1,unsatisfactory,65,0.2,0.031,2,less100
75320,2011,13,1943.6851851851852,7.57234103012923,1,WC,0,NoSA,manufacturing,3,satisfactory,54,0.111,0.037,2,less100
75320,2012,14,2043.3214285714287,7.622331914097424,1,WC,0,NoSA,manufacturing,3,satisfactory,56,0.357,0.036,2,less100
75320,2013,15,1976.7333333333333,7.589200929567742,1,WC,0,NoSA,manufacturing,4,good,60,0.35,0.033,2,less100
75320,2014,16,2020.4666666666667,7.611083786815833,1,WC,0,NoSA,manufacturing,2,sufficient,60,0.117,0.033,2,less100
75320,2015,17,2192.8928571428573,7.692976890472355,1,WC,0,NoSA,manufacturing,3,satisfactory,56,0.107,0.018,2,less100
75320,2016,18,2149.0344827586205,7.672773942469393,1,WC,0,NoSA,manufacturing,3,satisfactory,58,0.155,0.017,2,less100
75320,2017,19,3797.6,8.242124567237108,1,WC,0,NoSA,manufacturing,3,satisfactory,55,0.218,0.018,2,less100
75320,2018,20,2543.230769230769,7.841190508151421,1,WC,0,NoSA,manufacturing,3,satisfactory,52,0.25,0.019,2,less100
75320,2019,21,3195.7272727272725,8.069569969304865,1,WC,0,NoSA,manufacturing,3,satisfactory,66,0.182,0.015,2,less100
75320,2020,22,3748.535714285714,8.2291205665183,1,WC,0,NoSA,manufacturing,4,good,56,0.214,0,2,less100
75320,2021,23,2994.4117647058824,8.00450308548508,1,WC,0,NoSA,manufacturing,3,satisfactory,68,0.206,0.015,2,less100
75337,2004,6,1756.8648648648648,7.471286172801674,1,WC,0,NoSA,art,4,good,37,0.081,0.676,1,less50
75337,2005,7,1771.4864864864865,7.479574295987685,1,WC,0,NoSA,art,4,good,37,0.081,0.649,1,less50
75337,2007,9,3095.4,8.037672417478658,1,WC,1,SA,art,4,good,35,0.086,0.657,1,less50
75337,2009,11,1903.2702702702702,7.551328880475211,1,WC,1,SA,transcom,3,satisfactory,37,0.054,0.622,1,less50
75337,2010,12,1977.2,7.589436981432804,1,WC,0,NoSA,transcom,3,satisfactory,40,0.075,0.75,1,less50
75337,2011,13,1706.35,7.442111865274493,1,WC,0,NoSA,transcom,4,good,40,0.05,0.7,1,less50
75337,2012,14,1923.025,7.561654746024295,1,WC,1,SA,transcom,5,very good,40,0.125,0.65,1,less50
75337,2013,15,1585.4634146341464,7.368632018741591,1,WC,0,NoSA,transcom,4,good,41,0.171,0.707,1,less50
75337,2014,16,2015.6046511627908,7.608674504386034,1,WC,0,NoSA,transcom,4,good,43,0.163,0.628,1,less50
75337,2015,17,1562.093023255814,7.353781882567348,1,WC,0,NoSA,transcom,4,good,43,0.209,0.651,1,less50
75337,2016,18,1713.2790697674418,7.4461643979375935,1,WC,0,NoSA,transcom,3,satisfactory,43,0.186,0.558,1,less50
75337,2017,19,1436.1162790697674,7.269697720612497,1,WC,0,NoSA,transcom,5,very good,43,0.116,0.581,1,less50
75337,2018,20,1864.4418604651162,7.530717016759467,1,WC,0,NoSA,transcom,5,very good,43,0.163,0.628,1,less50
75337,2019,21,2015.6046511627908,7.608674504386034,1,WC,0,NoSA,transcom,5,very good,43,0.093,0.558,1,less50
75337,2020,22,1637.6976744186047,7.401046677425874,1,WC,0,NoSA,transcom,5,very good,43,0.116,0.535,1,less50
75337,2021,23,1564.911111111111,7.355584303349116,1,WC,0,NoSA,transcom,5,very good,45,0.089,0.578,1,less50
75349,2002,4,6250.807692307692,8.7404659651501,1,WC,0,NoSA,manufacturing,2,sufficient,26,0.115,0.192,1,less50
75349,2004,6,8327.4,9.02730656158985,1,WC,1,SA,manufacturing,1,unsatisfactory,25,0.04,0.2,1,less50
75349,2005,7,7558.962962962963,8.930489285553088,1,WC,1,SA,manufacturing,4,good,27,0.037,0.222,1,less50
75349,2006,8,5865.241379310345,8.676798916133338,1,WC,1,SA,manufacturing,3,satisfactory,29,0.069,0.241,1,less50
75349,2007,9,3813.7272727272725,8.246362276715129,1,WC,1,SA,manufacturing,3,satisfactory,33,0.061,0.182,1,less50
75349,2008,10,2586.5853658536585,7.858093893288521,1,WC,1,SA,manufacturing,2,sufficient,41,0.049,0.171,1,less50
75349,2009,11,2314.5833333333335,7.746984964719831,1,WC,1,SA,manufacturing,4,good,48,0.083,0.146,1,less50
75349,2010,12,2370.408163265306,7.770817440087929,1,WC,1,SA,manufacturing,5,very good,49,0.224,0.122,1,less50
75349,2011,13,2370.408163265306,7.770817440087929,1,WC,1,SA,manufacturing,5,very good,49,0.102,0.143,1,less50
75349,2012,14,2121,7.659642954564682,1,WC,1,SA,manufacturing,5,very good,50,0.06,0.16,1,less50
75349,2013,15,1851.6666666666667,7.523841413405621,1,WC,1,SA,manufacturing,4,good,54,0.111,0.148,2,less100
75349,2014,16,1911.7857142857142,7.555793013212223,1,WC,1,SA,manufacturing,4,good,56,0.107,0.125,2,less100
75349,2015,17,2303.5087719298244,7.7421887924563375,1,WC,1,SA,manufacturing,4,good,57,0.105,0.14,2,less100
75349,2016,18,1683.3333333333333,7.428531233601296,1,WC,1,SA,manufacturing,4,good,54,0.074,0.13,2,less100
75349,2017,19,1919,7.5595594960077,1,WC,1,SA,manufacturing,4,good,50,0.06,0.12,1,less50
75349,2018,20,1832.962962962963,7.5136890419416025,1,WC,0,NoSA,manufacturing,3,satisfactory,54,0.111,0.111,2,less100
75349,2019,21,1771.9298245614036,7.479824527988846,1,WC,0,NoSA,manufacturing,4,good,57,0.105,0.14,2,less100
75349,2020,22,1713.392857142857,7.446230810700697,1,WC,0,NoSA,manufacturing,4,good,56,0.071,0.125,2,less100
75349,2021,23,1623.2142857142858,7.392163589430421,1,WC,0,NoSA,manufacturing,5,very good,56,0.125,0.089,2,less100
75350,2015,17,2385.6521739130435,7.777227814123871,0,NoWC,0,NoSA,edu,3,satisfactory,253,0.794,0.071,4,more250
75350,2016,18,2853.4196078431373,7.956273416404191,0,NoWC,0,NoSA,edu,4,good,255,0.804,0.071,4,more250
75350,2018,20,2776.03305785124,7.928778230003643,0,NoWC,0,NoSA,edu,4,good,242,0.161,0.066,3,less250
75350,2020,22,8057.280632411067,8.994331388051968,0,NoWC,0,NoSA,buservices,4,good,253,0.625,0.087,4,more250
75350,2021,23,8539.743902439024,9.052486298328168,0,NoWC,0,NoSA,buservices,1,unsatisfactory,246,0.081,0.11,3,less250
75438,2001,3,1790.5441261574074,7.490274833735433,1,WC,0,NoSA,mining,4,good,27,0.074,0.333,1,less50
75438,2002,4,1542.9117647058824,7.341426666480434,1,WC,0,NoSA,mining,4,good,34,0.059,0.265,1,less50
75438,2003,5,1251,7.1316985104669115,1,WC,0,NoSA,mining,1,unsatisfactory,44,0.045,0.568,1,less50
75438,2004,6,1289.0454545454545,7.161657265735178,1,WC,0,NoSA,mining,2,sufficient,44,0.068,0.386,1,less50
75539,2002,4,2141.90625,7.669451482542866,0,NoWC,0,NoSA,manufacturing,2,sufficient,32,0.062,0.469,1,less50
75539,2004,6,2349.9310344827586,7.762141259678959,0,NoWC,0,NoSA,manufacturing,3,satisfactory,29,0.069,0.483,1,less50
75539,2005,7,2810.285714285714,7.941041434840715,0,NoWC,0,NoSA,manufacturing,3,satisfactory,28,0.036,0.5,1,less50
75565,2013,15,1415.9807692307693,7.255577693109725,0,NoWC,0,NoSA,health,5,very good,52,0.231,0.019,2,less100
75565,2014,16,1394.5272727272727,7.240310764228235,0,NoWC,0,NoSA,health,5,very good,55,0.218,0.018,2,less100
75565,2015,17,1840.78,7.51794467382076,0,NoWC,0,NoSA,health,5,very good,50,0.24,0.02,1,less50
75565,2016,18,1882.6136363636363,7.5404163224543765,0,NoWC,0,NoSA,health,5,very good,44,0.205,0.023,1,less50
75565,2017,19,2414.6111111111113,7.789293522524042,0,NoWC,0,NoSA,health,4,good,36,0.222,0.028,1,less50
75565,2018,20,2357.777777777778,7.765474834831755,0,NoWC,0,NoSA,health,4,good,36,0.25,0.028,1,less50
75565,2019,21,2205.09375,7.698525303983927,0,NoWC,0,NoSA,health,5,very good,32,0.125,0.031,1,less50
75660,2001,3,189.5467247596154,5.244635562781751,0,NoWC,0,NoSA,health,4,good,104,0.01,0.048,3,less250
75660,2002,4,816.3980582524272,6.704902052506143,0,NoWC,0,NoSA,health,4,good,103,0.126,0.049,3,less250
75660,2003,5,842.2393162393163,6.736064197420595,0,NoWC,0,NoSA,health,1,unsatisfactory,117,0.068,0.043,3,less250
75660,2005,7,746.5378151260504,6.615446272261617,0,NoWC,0,NoSA,health,4,good,119,0.176,0.05,3,less250
75665,2013,15,502.21311475409834,6.219024560986444,0,NoWC,0,NoSA,health,4,good,61,0.016,0.918,2,less100
75665,2014,16,418.5081967213115,6.0366964756906825,0,NoWC,0,NoSA,health,3,satisfactory,61,0.016,0.918,2,less100
75665,2015,17,718.015625,6.576491330649879,0,NoWC,0,NoSA,health,5,very good,64,0.016,0.953,2,less100
75665,2016,18,585.9180327868852,6.373179904003184,0,NoWC,0,NoSA,health,5,very good,61,0.016,0.721,2,less100
75665,2017,19,706.9692307692308,6.560987144113914,0,NoWC,0,NoSA,health,5,very good,65,0.015,0.877,2,less100
75665,2019,21,826,6.716594773520978,0,NoWC,0,NoSA,health,3,satisfactory,62,0.048,0.903,2,less100
75665,2020,22,824.2222222222222,6.714440180713317,0,NoWC,0,NoSA,buservices,3,satisfactory,63,0.079,0.841,2,less100
75665,2021,23,767.0983606557377,6.6426150338957495,0,NoWC,0,NoSA,buservices,5,very good,61,0.098,0.836,2,less100
75683,2002,4,530.42,6.273669145551396,1,WC,0,NoSA,buservices,2,sufficient,50,0.02,0.28,1,less50
75683,2003,5,643.6122448979592,6.4670964405711135,1,WC,0,NoSA,buservices,3,satisfactory,49,0.02,0.531,1,less50
75683,2005,7,660.7777777777778,6.493417592370374,1,WC,0,NoSA,buservices,3,satisfactory,45,0.022,0.289,1,less50
75739,2015,17,957.6994219653179,6.864533972961889,0,NoWC,1,SA,buservices,4,good,173,0.202,0.786,3,less250
75739,2017,19,1933.9207317073171,7.567304688465566,0,NoWC,1,SA,buservices,5,very good,164,0.244,0.805,3,less250
75739,2018,20,2114.685082872928,7.656661183407326,0,NoWC,1,SA,buservices,5,very good,181,0.232,0.724,3,less250
75748,2004,6,950.2142857142857,6.856687523068647,0,NoWC,0,NoSA,buservices,5,very good,28,0.107,0.179,1,less50
75748,2005,7,1339.25,7.1998650347610695,0,NoWC,0,NoSA,buservices,5,very good,28,0.107,0.214,1,less50
75748,2006,8,1515.4285714285713,7.323453563370331,0,NoWC,0,NoSA,buservices,4,good,28,0.036,0.179,1,less50
75750,2015,17,3172.950980392157,8.062417342485654,0,NoWC,0,NoSA,manufacturing,4,good,510,0.414,0.524,4,more250
75750,2019,21,2937.464,7.9853019030581684,0,NoWC,0,NoSA,manufacturing,4,good,625,0.421,0.555,4,more250
75750,2020,22,3463.160975609756,8.149937027760332,0,NoWC,0,NoSA,manufacturing,3,satisfactory,615,0.457,0.577,4,more250
75750,2021,23,3121.5111441307577,8.046072504615804,0,NoWC,0,NoSA,manufacturing,4,good,673,0.38,0.473,4,more250
75770,2012,14,927.0886075949367,6.832049146321426,1,WC,0,NoSA,wholesretail,4,good,79,0.101,0.494,2,less100
75770,2013,15,1346.939393939394,7.205590182034653,1,WC,0,NoSA,wholesretail,3,satisfactory,66,0.061,0.591,2,less100
75770,2014,16,1692.4590163934427,7.433937789659239,1,WC,0,NoSA,wholesretail,4,good,61,0.148,0.59,2,less100
75770,2015,17,1965.375,7.58343834579044,1,WC,0,NoSA,wholesretail,4,good,64,0.172,0.609,2,less100
75770,2016,18,2198.5737704918033,7.695564142977995,1,WC,0,NoSA,wholesretail,4,good,61,0.049,0.607,2,less100
75770,2017,19,2952.409836065574,7.9903770094394515,1,WC,0,NoSA,wholesretail,4,good,61,0.049,0.541,2,less100
75770,2018,20,3707.8823529411766,8.218216198280889,1,WC,0,NoSA,wholesretail,4,good,34,0.265,0.588,1,less50
75770,2019,21,6003.233333333334,8.700053491950607,1,WC,0,NoSA,wholesretail,4,good,30,0.267,0.8,1,less50
75781,2002,4,2005.5272727272727,7.603662284084121,0,NoWC,0,NoSA,health,4,good,55,0.055,0.691,2,less100
75781,2003,5,2324.0188679245284,7.751053236667127,0,NoWC,0,NoSA,health,2,sufficient,53,0.019,0.415,2,less100
75781,2004,6,3296.590909090909,8.100644155631288,0,NoWC,0,NoSA,health,4,good,44,0.023,0.409,1,less50
75781,2006,8,3050.068181818182,8.022919224046081,0,NoWC,0,NoSA,health,3,satisfactory,44,0.068,0.477,1,less50
75781,2017,19,4560.745098039216,8.42524128785313,0,NoWC,0,NoSA,health,5,very good,51,0.098,0.529,2,less100
75781,2018,20,3273.3653846153848,8.093573904266492,0,NoWC,0,NoSA,health,5,very good,52,0.019,0.558,2,less100
75801,2008,10,911.1111111111111,6.814664855916125,1,WC,0,NoSA,wholesretail,1,unsatisfactory,36,0.083,0.75,1,less50
75801,2009,11,961.0232558139535,6.867998608275774,1,WC,0,NoSA,wholesretail,3,satisfactory,43,0.093,0.744,1,less50
75801,2010,12,854.2407407407408,6.7502130518857255,1,WC,0,NoSA,wholesretail,3,satisfactory,54,0.056,0.722,2,less100
75820,2009,11,1463.96,7.288900371743622,0,NoWC,0,NoSA,construction,1,unsatisfactory,25,0.56,0,1,less50
75820,2010,12,1215.28,7.1027297818994075,0,NoWC,0,NoSA,construction,2,sufficient,25,0.68,0.04,1,less50
75820,2011,13,1128.72,7.028839526304902,0,NoWC,0,NoSA,construction,4,good,25,0.68,0.04,1,less50
75820,2012,14,1355.12,7.211645290278127,0,NoWC,0,NoSA,construction,4,good,25,0.68,0,1,less50
75820,2014,16,1127.1,7.027403241248033,0,NoWC,0,NoSA,construction,4,good,30,0.467,0,1,less50
75820,2015,17,1158.6,7.054967658662524,0,NoWC,0,NoSA,construction,4,good,30,0.533,0.033,1,less50
75820,2016,18,1240.6,7.1233504125390175,0,NoWC,0,NoSA,construction,5,very good,30,0.833,0.033,1,less50
75904,2003,5,1872.9297520661157,7.535259196170057,1,WC,0,NoSA,mining,2,sufficient,242,0.103,0.293,3,less250
75904,2005,7,2467.8803827751194,7.811114916579681,1,WC,0,NoSA,mining,5,very good,209,0.072,0.34,3,less250
75904,2006,8,2148.471615720524,7.672511991920206,1,WC,1,SA,mining,5,very good,229,0.109,0.148,3,less250
75904,2007,9,1647.8170731707316,7.407206705018935,1,WC,0,NoSA,mining,5,very good,246,0.081,0.272,3,less250
75904,2008,10,1507.3346774193549,7.318098255867343,1,WC,0,NoSA,mining,3,satisfactory,248,0.093,0.25,3,less250
75906,2004,6,4123.178571428572,8.324379642811587,1,WC,0,NoSA,edu,4,good,28,0.036,0.25,1,less50
75906,2005,7,3129.5151515151515,8.048633367866106,1,WC,0,NoSA,edu,4,good,33,0.03,0.212,1,less50
75906,2006,8,2653.5405405405404,7.883650080289752,1,WC,0,NoSA,edu,3,satisfactory,37,0.027,0.054,1,less50
75906,2007,9,3056.9166666666665,8.025162061678476,1,WC,0,NoSA,edu,4,good,36,0.028,0.194,1,less50
75906,2008,10,3276,8.09437844497296,1,WC,0,NoSA,edu,4,good,33,0.061,0.182,1,less50
75906,2009,11,3887.785714285714,8.265595049423014,1,WC,0,NoSA,edu,5,very good,28,0.071,0.214,1,less50
75906,2010,12,4158.111111111111,8.33281619030987,1,WC,0,NoSA,edu,5,very good,27,0.074,0.222,1,less50
75906,2011,13,3772.9032258064517,8.235600070498458,1,WC,0,NoSA,edu,4,good,31,0.097,0.226,1,less50
75906,2013,15,4135.758620689655,8.327426053916955,1,WC,0,NoSA,edu,4,good,29,0.172,0.345,1,less50
75906,2014,16,3794.909090909091,8.241415734578139,1,WC,0,NoSA,edu,4,good,33,0.121,0.212,1,less50
75906,2015,17,3452.027027027027,8.146716881554774,1,WC,0,NoSA,edu,3,satisfactory,37,0.216,0.216,1,less50
75906,2016,18,3607.5,8.190770290648025,1,WC,0,NoSA,edu,4,good,36,0.333,0.278,1,less50
75906,2017,19,3950.6944444444443,8.281646651162738,0,NoWC,0,NoSA,edu,4,good,36,0.167,0.278,1,less50
75906,2018,20,4012.1666666666665,8.297086690259524,0,NoWC,0,NoSA,edu,4,good,36,0.361,0.278,1,less50
75906,2019,21,4164.75,8.334411528789825,0,NoWC,0,NoSA,edu,4,good,36,0.167,0.278,1,less50
75906,2020,22,4319.138888888889,8.370811330093316,1,WC,0,NoSA,buservices,5,very good,36,0.167,0.306,1,less50
75906,2021,23,3630.74358974359,8.19719275194028,0,NoWC,0,NoSA,buservices,4,good,39,0.128,0.282,1,less50
75927,2012,14,1934.7380952380952,7.567727245004926,0,NoWC,0,NoSA,manufacturing,5,very good,126,0.563,0.206,3,less250
75927,2013,15,2424.837606837607,7.793519834876711,0,NoWC,0,NoSA,manufacturing,4,good,117,0.598,0.162,3,less250
75927,2014,16,2298.7719298245615,7.740130315764081,0,NoWC,0,NoSA,manufacturing,4,good,114,0.614,0.272,3,less250
75927,2015,17,2349.4545454545455,7.761938471879685,0,NoWC,0,NoSA,manufacturing,4,good,110,0.691,0.164,3,less250
75927,2016,18,2264.5775862068967,7.725143524368669,0,NoWC,0,NoSA,manufacturing,4,good,116,0.741,0.216,3,less250
75927,2018,20,2472.061403508772,7.812807657876192,0,NoWC,0,NoSA,manufacturing,4,good,114,0.632,0.167,3,less250
75940,2006,8,1642.3589743589744,7.403888886312721,1,WC,0,NoSA,health,4,good,78,0.026,0.795,2,less100
75940,2007,9,1900.4492753623188,7.549845597919113,1,WC,1,SA,health,4,good,69,0.029,0.812,2,less100
75940,2008,10,3072.733333333333,8.030322781057382,1,WC,0,NoSA,health,4,good,60,0.05,0.883,2,less100
75949,2008,10,1252.7222222222222,7.133074240153347,1,WC,0,NoSA,manufacturing,1,unsatisfactory,36,0.056,0.028,1,less50
75949,2009,11,1252.7222222222222,7.133074240153347,1,WC,0,NoSA,manufacturing,3,satisfactory,36,0.194,0.028,1,less50
75949,2010,12,1252.7222222222222,7.133074240153347,1,WC,0,NoSA,manufacturing,4,good,36,0.056,0.028,1,less50
75964,2013,15,950.3076923076923,6.856785818794307,1,WC,0,NoSA,health,3,satisfactory,26,0.731,0.077,1,less50
75964,2015,17,1286.888888888889,7.159982870449515,1,WC,0,NoSA,health,3,satisfactory,36,0.75,0.056,1,less50
75964,2016,18,890.3783783783783,6.791646516623346,1,WC,0,NoSA,health,4,good,37,0.486,0.054,1,less50
75964,2017,19,978.025,6.885535232080294,1,WC,0,NoSA,health,4,good,40,0.45,0.075,1,less50
75964,2018,20,1271.735294117647,7.148137620135051,1,WC,0,NoSA,health,4,good,34,0.559,0.118,1,less50
75966,2007,9,3977.5853658536585,8.288430222169856,1,WC,0,NoSA,manufacturing,3,satisfactory,41,0.024,0.098,1,less50
75966,2009,11,2131.7843137254904,7.66471461399806,1,WC,0,NoSA,manufacturing,4,good,51,0.02,0.02,2,less100
75966,2010,12,2131.7843137254904,7.66471461399806,1,WC,0,NoSA,manufacturing,4,good,51,0.039,0.078,2,less100
75966,2012,14,2275.5581395348836,7.7299806373543705,1,WC,0,NoSA,manufacturing,4,good,43,0.047,0.093,1,less50
75977,2007,9,2041,7.621195162809845,1,WC,0,NoSA,manufacturing,3,satisfactory,30,0.433,0.2,1,less50
75977,2008,10,4020.0689655172414,8.299054337067215,1,WC,0,NoSA,manufacturing,3,satisfactory,29,0.31,0.172,1,less50
75977,2009,11,4634.64,8.44131380508058,1,WC,0,NoSA,manufacturing,4,good,25,0.08,0.16,1,less50
75977,2010,12,4121,8.323851131338817,1,WC,0,NoSA,manufacturing,3,satisfactory,25,0.32,0.16,1,less50
75977,2011,13,3943.6153846153848,8.279853191853482,1,WC,0,NoSA,manufacturing,3,satisfactory,26,0.5,0.192,1,less50
76003,2001,3,1048.0774193548386,6.954712735582669,1,WC,0,NoSA,manufacturing,2,sufficient,310,0.052,0.413,4,more250
76003,2002,4,1727.3523489932886,7.454345081073371,1,WC,0,NoSA,manufacturing,3,satisfactory,298,0.064,0.339,4,more250
76003,2003,5,1552.222602739726,7.347443120058461,1,WC,0,NoSA,manufacturing,4,good,292,0.038,0.404,4,more250
76003,2004,6,1378.715302491103,7.228907404333441,1,WC,0,NoSA,manufacturing,2,sufficient,281,0.082,0.409,4,more250
76003,2005,7,1170.7714285714285,7.0654181511815874,1,WC,0,NoSA,manufacturing,5,very good,280,0.079,0.382,4,more250
76003,2006,8,1769.7841726618706,7.478612881783808,1,WC,0,NoSA,manufacturing,4,good,278,0.076,0.353,4,more250
76003,2009,11,1342.4124513618676,7.202223611118277,1,WC,0,NoSA,manufacturing,4,good,257,0.109,0.374,4,more250
76003,2011,13,1185.2459016393443,7.077705543973545,1,WC,0,NoSA,manufacturing,4,good,244,0.131,0.328,3,less250
76003,2012,14,1431.1688311688313,7.266246753847267,1,WC,0,NoSA,manufacturing,4,good,231,0.139,0.372,3,less250
76003,2013,15,1434.9775784753363,7.268904503315791,1,WC,0,NoSA,manufacturing,4,good,223,0.067,0.354,3,less250
76003,2014,16,1362.0689655172414,7.216760120902739,1,WC,0,NoSA,manufacturing,4,good,232,0.116,0.362,3,less250
76003,2015,17,1352.6009615384614,7.209784656022194,1,WC,1,SA,manufacturing,5,very good,208,0.139,0.38,3,less250
76003,2016,18,1982.9460784313726,7.592338936234493,1,WC,1,SA,manufacturing,4,good,204,0.132,0.358,3,less250
76003,2017,19,1977.2326732673268,7.589453506315146,1,WC,0,NoSA,manufacturing,4,good,202,0.173,0.347,3,less250
76003,2020,22,2048.208955223881,7.6247210098727125,1,WC,0,NoSA,manufacturing,5,very good,201,0.129,0.328,3,less250
76003,2021,23,1099.8673469387754,7.002944857822436,1,WC,0,NoSA,manufacturing,2,sufficient,392,0.066,0.401,4,more250
76024,1998,0,210.601123046875,5.349965932291901,1,WC,0,NoSA,wholesretail,2,sufficient,30,0.233,0.133,1,less50
76024,1999,1,244.88751220703125,5.500798971261656,1,WC,0,NoSA,wholesretail,1,unsatisfactory,24,0.208,0.167,1,less50
76024,2000,2,453.47800925925924,6.116946777220161,1,WC,0,NoSA,wholesretail,3,satisfactory,27,0.037,0.222,1,less50
76024,2002,4,549.8888888888889,6.309716237615667,1,WC,0,NoSA,wholesretail,2,sufficient,27,0.037,0.185,1,less50
76025,2018,20,1265.0232558139535,7.142845785035287,0,NoWC,0,NoSA,buservices,1,unsatisfactory,43,0.977,0.163,1,less50
76025,2019,21,1332.1632653061224,7.194559415140199,0,NoWC,0,NoSA,buservices,5,very good,49,0.898,0.163,1,less50
76025,2020,22,1386.5686274509803,7.234587360730274,1,WC,0,NoSA,buservices,5,very good,51,0.843,0.196,2,less100
76025,2021,23,1359.90625,7.215171042530523,1,WC,0,NoSA,buservices,1,unsatisfactory,64,0.656,0.109,2,less100
76050,2007,9,1481.4,7.300742865579189,1,WC,0,NoSA,wholesretail,3,satisfactory,20,0.05,0.15,1,less50
76050,2008,10,1700.9130434782608,7.43892047026508,1,WC,0,NoSA,wholesretail,3,satisfactory,23,0.043,0.13,1,less50
76050,2009,11,1418.5,7.257355254248906,1,WC,0,NoSA,health,4,good,20,0.05,0.1,1,less50
76098,2013,15,3636.3636363636365,8.198739460297704,1,WC,1,SA,transcom,4,good,88,0.693,0.977,2,less100
76098,2014,16,3326.315789473684,8.109620600968508,1,WC,1,SA,transcom,3,satisfactory,95,0.495,0.853,2,less100
76098,2015,17,2775.671328671329,7.928647917164472,1,WC,1,SA,transcom,3,satisfactory,143,0.35,0.755,3,less250
76098,2016,18,3380.8133333333335,8.125871590693738,1,WC,1,SA,transcom,4,good,150,0.327,0.927,3,less250
76098,2017,19,4678.736196319019,8.450783308921798,0,NoWC,1,SA,transcom,3,satisfactory,163,0.313,0.877,3,less250
76098,2018,20,4247.560240963855,8.354100036132708,0,NoWC,1,SA,transcom,4,good,166,0.319,0.735,3,less250
76098,2019,21,3889.664739884393,8.266078247778648,0,NoWC,1,SA,transcom,4,good,173,0.439,0.751,3,less250
76098,2020,22,2853.0797872340427,7.956154316905192,0,NoWC,1,SA,finance,3,satisfactory,188,0.383,0.723,3,less250
76098,2021,23,3008.7021276595747,8.00926407793109,0,NoWC,1,SA,finance,3,satisfactory,188,0.367,0.723,3,less250
76100,2014,16,653.2881844380404,6.4820183557165825,1,WC,0,NoSA,manufacturing,3,satisfactory,347,0.242,0.176,4,more250
76100,2015,17,946.7303664921466,6.853014328771412,1,WC,0,NoSA,manufacturing,4,good,382,0.374,0.162,4,more250
76100,2016,18,832.5227765726681,6.72446058072679,1,WC,0,NoSA,manufacturing,3,satisfactory,461,0.078,0.195,4,more250
76100,2017,19,762.8336798336799,6.637040025653598,1,WC,0,NoSA,manufacturing,4,good,481,0.031,0.187,4,more250
76100,2018,20,358.488,5.881895186676101,1,WC,0,NoSA,manufacturing,3,satisfactory,500,0.286,0.194,4,more250
76108,2000,2,3122.6617838541665,8.046441052940683,0,NoWC,0,NoSA,manufacturing,1,unsatisfactory,48,0.042,0.188,1,less50
76108,2001,3,2943.9607900943397,7.987511161177988,0,NoWC,0,NoSA,manufacturing,1,unsatisfactory,53,0.057,0.226,2,less100
76108,2002,4,3076.925925925926,8.031686301560034,0,NoWC,0,NoSA,manufacturing,3,satisfactory,54,0.037,0.204,2,less100
76132,2001,3,3062.409890776699,8.026957431000252,0,NoWC,1,SA,manufacturing,3,satisfactory,206,0.51,0.228,3,less250
76132,2002,4,2616.822429906542,7.86971604768948,0,NoWC,1,SA,manufacturing,3,satisfactory,214,0.551,0.206,3,less250
76132,2004,6,2777.777777777778,7.929406526514119,0,NoWC,1,SA,manufacturing,3,satisfactory,180,0.689,0.189,3,less250
76132,2005,7,2964.293103448276,7.994393869329963,0,NoWC,1,SA,manufacturing,4,good,174,0.713,0.19,3,less250
76132,2006,8,2827.5862068965516,7.9471786962599165,0,NoWC,1,SA,manufacturing,3,satisfactory,174,0.736,0.172,3,less250
76155,2010,12,1849.4571428571428,7.5226474387180815,1,WC,0,NoSA,manufacturing,4,good,35,0.314,0.143,1,less50
76155,2011,13,1592.595238095238,7.373120189799558,1,WC,0,NoSA,manufacturing,4,good,42,0.048,0.095,1,less50
76155,2012,14,2373.48,7.7721125115813186,1,WC,0,NoSA,manufacturing,3,satisfactory,50,0.22,0.06,1,less50
76162,1999,1,798.5356557377049,6.682779620055385,1,WC,0,NoSA,manufacturing,3,satisfactory,305,0.141,0.082,4,more250
76162,2000,2,615.1490575396825,6.421864608422882,1,WC,0,NoSA,manufacturing,3,satisfactory,315,0.146,0.079,4,more250
76162,2001,3,638.5676417731629,6.459227608425577,1,WC,0,NoSA,manufacturing,3,satisfactory,313,0.083,0.086,4,more250
76162,2002,4,516.100977198697,6.2463024385818695,1,WC,0,NoSA,manufacturing,3,satisfactory,307,0.085,0.088,4,more250
76165,2016,18,1016.3481481481482,6.923971234942159,1,WC,1,SA,health,4,good,135,0.052,0.2,3,less250
76165,2017,19,867.2814814814815,6.765363585544412,1,WC,1,SA,health,3,satisfactory,135,0.059,0.2,3,less250
76165,2018,20,915.3851851851852,6.819344944109101,1,WC,1,SA,health,3,satisfactory,135,0.059,0.311,3,less250
76185,2000,2,3276.551047120419,8.094546638129414,0,NoWC,0,NoSA,buservices,4,good,191,0.031,0.283,3,less250
76185,2001,3,3107.6671798029556,8.041627620748045,0,NoWC,0,NoSA,buservices,4,good,203,0.059,0.379,3,less250
76185,2002,4,2800,7.937374696163295,0,NoWC,0,NoSA,buservices,4,good,200,0.035,0.39,3,less250
76185,2003,5,2463.3097826086955,7.809261164717757,0,NoWC,0,NoSA,buservices,3,satisfactory,184,0.054,0.293,3,less250
76185,2004,6,2688.1720430107525,7.8966167036911274,0,NoWC,0,NoSA,buservices,4,good,186,0.124,0.355,3,less250
76185,2006,8,2827.5862068965516,7.9471786962599165,0,NoWC,0,NoSA,buservices,4,good,174,0.086,0.195,3,less250
76185,2007,9,2133.4894736842107,7.665514168790812,0,NoWC,0,NoSA,buservices,4,good,190,0.021,0.189,3,less250
76185,2008,10,1957.1675392670156,7.579253573985696,0,NoWC,0,NoSA,buservices,3,satisfactory,191,0.021,0.257,3,less250
76211,1998,0,974.5025482832618,6.881927133909063,0,NoWC,0,NoSA,manufacturing,3,satisfactory,932,0.006,0.691,4,more250
76211,1999,1,948.9041348253276,6.855307776463451,0,NoWC,0,NoSA,manufacturing,2,sufficient,916,0.004,0.686,4,more250
76211,2000,2,637.2925152749491,6.457228757821577,0,NoWC,0,NoSA,manufacturing,3,satisfactory,982,0.011,0.577,4,more250
76211,2001,3,603.6903708133972,6.403061435390922,0,NoWC,0,NoSA,manufacturing,4,good,1045,0.013,0.534,4,more250
76211,2002,4,606.060606060606,6.406979991069647,0,NoWC,0,NoSA,manufacturing,5,very good,924,0.031,0.527,4,more250
76211,2003,5,623.4511691884456,6.435270444793224,0,NoWC,0,NoSA,manufacturing,1,unsatisfactory,727,0.019,0.557,4,more250
76211,2004,6,562.429696287964,6.3322661418904245,0,NoWC,0,NoSA,manufacturing,4,good,889,0.02,0.541,4,more250
76213,2004,6,1779.25,7.483947206179381,1,WC,0,NoSA,wholesretail,3,satisfactory,24,0.042,0.75,1,less50
76213,2006,8,2470.181818181818,7.812047037512822,1,WC,0,NoSA,wholesretail,4,good,22,0.045,0.773,1,less50
76213,2007,9,3223.6,8.078254026450356,1,WC,0,NoSA,wholesretail,3,satisfactory,20,0.05,0.8,1,less50
76213,2017,19,1872,7.534762657037537,1,WC,0,NoSA,wholesretail,3,satisfactory,25,0.04,0.8,1,less50
76213,2018,20,1976.0689655172414,7.588864779276318,1,WC,0,NoSA,wholesretail,3,satisfactory,29,0.069,0.759,1,less50
76213,2019,21,2558.3793103448274,7.847129255096094,1,WC,0,NoSA,wholesretail,3,satisfactory,29,0.069,0.759,1,less50
76213,2020,22,2175.935483870968,7.685213958579937,1,WC,0,NoSA,wholesretail,2,sufficient,31,0.065,0.806,1,less50
76213,2021,23,2374.3125,7.772463200878937,1,WC,0,NoSA,wholesretail,1,unsatisfactory,32,0.062,0.812,1,less50
76219,2018,20,4575.365217391304,8.428441803461451,0,NoWC,0,NoSA,resthotels,4,good,115,0.07,0.13,3,less250
76219,2019,21,2654.5233644859813,7.884020393825631,0,NoWC,0,NoSA,resthotels,4,good,107,0.112,0.121,3,less250
76219,2020,22,3074.862385321101,8.03101542649808,0,NoWC,0,NoSA,resthotels,5,very good,109,0.092,0.092,3,less250
76219,2021,23,3737.2894736842104,8.226115888001207,0,NoWC,0,NoSA,resthotels,5,very good,114,0.088,0.105,3,less250
76220,2004,6,2361.0143884892086,7.766846631302101,0,NoWC,0,NoSA,buservices,4,good,139,0.022,0.432,3,less250
76220,2005,7,1331.0380434782608,7.193714400614931,0,NoWC,0,NoSA,buservices,4,good,184,0.011,0.408,3,less250
76220,2006,8,1275.2781065088757,7.150919556559277,0,NoWC,0,NoSA,buservices,4,good,169,0.006,0.337,3,less250
76223,2017,19,2035.7096774193549,7.618599772915095,1,WC,0,NoSA,construction,3,satisfactory,31,0.097,0.032,1,less50
76223,2018,20,1736.5483870967741,7.459654736521958,1,WC,0,NoSA,construction,1,unsatisfactory,31,0.065,0.032,1,less50
76223,2019,21,1625.735294117647,7.393715481109486,1,WC,0,NoSA,construction,1,unsatisfactory,34,0.059,0.029,1,less50
76233,2001,3,664.2270656779662,6.498624057401736,0,NoWC,0,NoSA,buservices,4,good,295,0.047,0.461,4,more250
76233,2002,4,640.459074733096,6.46218522348443,0,NoWC,0,NoSA,buservices,3,satisfactory,281,0.117,0.423,4,more250
76233,2003,5,613.0943396226415,6.418518822337574,0,NoWC,0,NoSA,buservices,4,good,265,0.038,0.475,4,more250
76233,2004,6,647.4494382022472,6.473040702806151,0,NoWC,0,NoSA,buservices,3,satisfactory,267,0.015,0.506,4,more250
76233,2005,7,631.9418181818182,6.448797330070195,0,NoWC,0,NoSA,buservices,3,satisfactory,275,0.04,0.476,4,more250
76233,2006,8,681.6425855513309,6.524505452365222,0,NoWC,0,NoSA,buservices,3,satisfactory,263,0.034,0.475,4,more250
76233,2007,9,659.9843137254902,6.4922160676554395,0,NoWC,0,NoSA,buservices,3,satisfactory,255,0.035,0.467,4,more250
76237,2007,9,2666.8618421052633,7.888657720105022,0,NoWC,0,NoSA,wholesretail,4,good,152,0.138,0.875,3,less250
76237,2009,11,1497.86,7.311792701765774,0,NoWC,0,NoSA,wholesretail,3,satisfactory,150,0.127,0.867,3,less250
76237,2011,13,1928,7.564238475170491,1,WC,0,NoSA,wholesretail,5,very good,150,0.087,0.833,3,less250
76255,2004,6,1620.6146788990825,7.3905607876797195,0,NoWC,0,NoSA,transcom,4,good,109,0.064,0.523,3,less250
76255,2006,8,7190.673913043478,8.880540175536064,0,NoWC,0,NoSA,transcom,4,good,46,0.065,0.391,1,less50
76255,2007,9,10200.774193548386,9.230218897720276,0,NoWC,0,NoSA,transcom,5,very good,31,0.032,0.484,1,less50
76269,2001,3,3396.2350260416665,8.130422751762612,1,WC,0,NoSA,manufacturing,4,good,48,0.458,0.021,1,less50
76269,2002,4,4516.861111111111,8.415572587143599,1,WC,0,NoSA,manufacturing,4,good,36,0.583,0.278,1,less50
76269,2004,6,5789.555555555556,8.663810806922266,1,WC,0,NoSA,manufacturing,2,sufficient,36,0.361,0.056,1,less50
76269,2005,7,5900,8.68270762989381,1,WC,0,NoSA,manufacturing,2,sufficient,36,0.333,0.028,1,less50
76272,2019,21,4592.208888888889,8.432116426705388,0,NoWC,0,NoSA,health,3,satisfactory,225,0.138,0.116,3,less250
76272,2020,22,2748.5052264808364,7.918812488874616,0,NoWC,0,NoSA,buservices,4,good,287,0.139,0.237,4,more250
76272,2021,23,2771.2705479452056,7.9270611755878155,0,NoWC,0,NoSA,buservices,4,good,292,0.099,0.147,4,more250
76328,2002,4,2904.703703703704,7.974086668801421,0,NoWC,0,NoSA,manufacturing,2,sufficient,27,0.704,0.778,1,less50
76328,2003,5,2350.3636363636365,7.7623253340455225,0,NoWC,0,NoSA,manufacturing,1,unsatisfactory,33,0.333,0.697,1,less50
76328,2004,6,2341.8529411764707,7.758697750203444,0,NoWC,0,NoSA,manufacturing,3,satisfactory,34,0.441,0.618,1,less50
76362,2014,16,2856.85,7.957474898227331,1,WC,0,NoSA,resthotels,3,satisfactory,20,0.2,0.25,1,less50
76362,2016,18,2029.4,7.615495461844983,1,WC,0,NoSA,resthotels,4,good,20,0.2,0.25,1,less50
76362,2017,19,2239.6666666666665,7.71408232425204,1,WC,0,NoSA,resthotels,4,good,21,0.143,0.238,1,less50
76366,1998,0,921.3253595132743,6.825813241529258,0,NoWC,0,NoSA,public,3,satisfactory,113,0.08,0.92,3,less250
76366,1999,1,720.128,6.579428973987282,0,NoWC,0,NoSA,public,4,good,125,0.064,0.936,3,less250
76366,2000,2,758.9501031839623,6.631936035029065,0,NoWC,0,NoSA,public,4,good,106,0.047,0.906,3,less250
76366,2001,3,1735.1636284722222,7.458856998292647,0,NoWC,0,NoSA,public,4,good,54,0.13,0.981,2,less100
76366,2002,4,1679.92,7.426501452215863,0,NoWC,0,NoSA,public,4,good,50,0.14,0.92,1,less50
76366,2003,5,1679.7037037037037,7.426372689999811,0,NoWC,0,NoSA,public,4,good,54,0.148,0.907,2,less100
76366,2004,6,2086.904761904762,7.643437272066012,0,NoWC,0,NoSA,public,3,satisfactory,42,0.19,0.952,1,less50
76366,2005,7,1851.111111111111,7.523541338384614,0,NoWC,0,NoSA,public,3,satisfactory,45,0.156,0.933,1,less50
76366,2006,8,1506.5925925925926,7.317605818741112,0,NoWC,1,SA,public,4,good,54,0.13,0.963,2,less100
76409,2000,2,1383.1882601351351,7.232146446865693,0,NoWC,0,NoSA,public,1,unsatisfactory,370,0.111,0.549,4,more250
76409,2001,3,1223.3217506218905,7.10932518417919,0,NoWC,0,NoSA,public,1,unsatisfactory,402,0.075,0.54,4,more250
76409,2003,5,851.8787878787879,6.747444248960398,0,NoWC,0,NoSA,public,4,good,396,0.106,0.51,4,more250
76409,2005,7,797.8081841432225,6.6818681978082886,0,NoWC,0,NoSA,public,2,sufficient,391,0.084,0.545,4,more250
76409,2006,8,731.5768261964736,6.59520224050447,0,NoWC,0,NoSA,public,2,sufficient,397,0.088,0.539,4,more250
76409,2007,9,673.5503685503686,6.512562779320389,0,NoWC,0,NoSA,public,2,sufficient,407,0.098,0.545,4,more250
76409,2008,10,729.9377990430622,6.592959323721806,0,NoWC,0,NoSA,public,2,sufficient,418,0.091,0.553,4,more250
76409,2009,11,738.0141176470588,6.603962954020565,0,NoWC,0,NoSA,public,3,satisfactory,425,0.101,0.539,4,more250
76409,2011,13,646.9798657718121,6.472315174653178,0,NoWC,0,NoSA,public,4,good,447,0.105,0.555,4,more250
76409,2013,15,701.7543859649123,6.553583465261523,0,NoWC,0,NoSA,public,3,satisfactory,456,0.101,0.581,4,more250
76409,2014,16,691.4660831509847,6.538814101674845,1,WC,0,NoSA,public,3,satisfactory,457,0.118,0.584,4,more250
76409,2015,17,785.6481876332623,6.666509093796163,1,WC,0,NoSA,public,3,satisfactory,469,0.128,0.569,4,more250
76409,2016,18,805.6267748478701,6.69162057676053,1,WC,0,NoSA,public,3,satisfactory,493,0.138,0.6,4,more250
76409,2017,19,719.6046966731898,6.578702028838277,1,WC,0,NoSA,public,3,satisfactory,511,0.11,0.568,4,more250
76409,2018,20,755.3392156862745,6.627166940647163,1,WC,0,NoSA,public,3,satisfactory,510,0.125,0.625,4,more250
76409,2019,21,734.75,6.599530305299027,1,WC,0,NoSA,public,3,satisfactory,532,0.128,0.628,4,more250
76409,2021,23,744.2992424242424,6.612443161528779,1,WC,0,NoSA,public,4,good,528,0.125,0.602,4,more250
76427,2007,9,1023.025641025641,6.93051983017871,0,NoWC,0,NoSA,wholesretail,4,good,234,0.021,0.624,3,less250
76427,2008,10,967.6111111111111,6.87483026183562,0,NoWC,0,NoSA,wholesretail,4,good,234,0.026,0.615,3,less250
76427,2010,12,1005.0041666666667,6.9127469664215635,0,NoWC,0,NoSA,wholesretail,4,good,240,0.025,0.604,3,less250
76427,2011,13,951.551440329218,6.858093747628244,0,NoWC,0,NoSA,wholesretail,3,satisfactory,243,0.033,0.695,3,less250
76481,2001,3,592.6492660984849,6.3846027671859,1,WC,0,NoSA,manufacturing,5,very good,132,0.015,0.902,3,less250
76481,2002,4,1021.4044117647059,6.928933833535237,1,WC,0,NoSA,manufacturing,5,very good,136,0.022,0.926,3,less250
76481,2010,12,481.23837209302326,6.176362723425464,1,WC,0,NoSA,transcom,5,very good,172,0.012,0.913,3,less250
76481,2011,13,553.2063492063492,6.315731076959644,1,WC,0,NoSA,transcom,4,good,189,0.016,0.852,3,less250
76481,2012,14,423.2263157894737,6.047907061478192,1,WC,0,NoSA,transcom,4,good,190,0.011,0.837,3,less250
76481,2013,15,391.1179775280899,5.9690092472815905,1,WC,0,NoSA,transcom,4,good,178,0.022,0.871,3,less250
76481,2014,16,455.5744680851064,6.121559189803214,1,WC,0,NoSA,transcom,5,very good,188,0.032,0.867,3,less250
76483,2016,18,1599.6976190476191,7.377569902272135,0,NoWC,0,NoSA,wholesretail,2,sufficient,420,0.564,0.705,4,more250
76483,2017,19,1712.2163461538462,7.445543919134585,0,NoWC,0,NoSA,wholesretail,2,sufficient,416,0.562,0.666,4,more250
76483,2018,20,1145.6300715990453,7.04371004551187,0,NoWC,1,SA,wholesretail,2,sufficient,419,0.621,0.661,4,more250
76503,1998,0,2923.7958984375,7.980638016257426,1,WC,0,NoSA,finance,2,sufficient,96,0.01,0.073,2,less100
76503,1999,1,3045.6743421052633,8.021477614445075,1,WC,0,NoSA,finance,3,satisfactory,95,0.011,0.063,2,less100
76503,2000,2,2388.4721534653463,7.778409174175221,1,WC,0,NoSA,finance,3,satisfactory,101,0.01,0.089,3,less250
76503,2001,3,2020.92825,7.611312214546782,1,WC,0,NoSA,finance,3,satisfactory,125,0.016,0.072,3,less250
76551,1999,1,1062.647161989796,6.9685183966097455,0,NoWC,0,NoSA,construction,3,satisfactory,98,0.347,0.133,2,less100
76551,2001,3,1541.3131443298969,7.340390023196435,0,NoWC,0,NoSA,construction,5,very good,97,0.351,0.134,2,less100
76551,2004,6,1296.7441860465117,7.167611929740843,0,NoWC,0,NoSA,construction,2,sufficient,86,0.442,0.105,2,less100
76551,2005,7,1019.2717391304348,6.926843670027649,0,NoWC,0,NoSA,construction,2,sufficient,92,0.359,0.13,2,less100
76556,2013,15,1742.7371794871794,7.46321224785526,0,NoWC,0,NoSA,wholesretail,1,unsatisfactory,156,0.013,0.179,3,less250
76556,2014,16,1826.5895953757226,7.510205898071271,0,NoWC,0,NoSA,wholesretail,1,unsatisfactory,173,0.012,0.191,3,less250
76556,2015,17,1540.9184782608695,7.340133932078369,0,NoWC,0,NoSA,wholesretail,1,unsatisfactory,184,0.022,0.163,3,less250
76572,2016,18,1160.28,7.0564166342834564,1,WC,0,NoSA,health,4,good,25,0.08,0.16,1,less50
76572,2018,20,2011.9583333333333,7.606863821926334,1,WC,0,NoSA,health,4,good,24,0.083,0.125,1,less50
76572,2019,21,2074.8,7.637620042477245,1,WC,0,NoSA,health,5,very good,20,0.2,0.1,1,less50
76582,2019,21,2729.086956521739,7.911722384078211,1,WC,0,NoSA,transcom,4,good,23,0.304,0.565,1,less50
76582,2020,22,2092.32,7.646028777158192,1,WC,0,NoSA,wholesretail,4,good,25,0.12,0.48,1,less50
76582,2021,23,2615.3636363636365,7.869158424714216,1,WC,0,NoSA,wholesretail,4,good,22,0.136,0.5,1,less50
76588,2008,10,1250.2307692307693,7.131083428641639,1,WC,0,NoSA,health,4,good,299,0.328,0.304,4,more250
76588,2009,11,1619.718309859155,7.3900075303040715,0,NoWC,0,NoSA,health,2,sufficient,213,0.582,0.277,3,less250
76588,2010,12,1038.944,6.945960091667853,0,NoWC,0,NoSA,health,1,unsatisfactory,250,0.508,0.188,3,less250
76588,2011,13,970.4697986577181,6.877780282761342,0,NoWC,0,NoSA,health,4,good,298,0.309,0.419,4,more250
76618,2002,4,2564.681818181818,7.849589702417875,0,NoWC,0,NoSA,construction,4,good,22,0.045,0.136,1,less50
76618,2003,5,1729.590909090909,7.455640190795107,0,NoWC,0,NoSA,construction,3,satisfactory,22,0.045,0.182,1,less50
76618,2004,6,2886.6666666666665,7.967857712888371,0,NoWC,0,NoSA,construction,4,good,21,0.095,0.19,1,less50
76618,2007,9,2442.5714285714284,7.800806627530866,0,NoWC,0,NoSA,construction,3,satisfactory,21,0.143,0.143,1,less50
76618,2008,10,2351.8260869565215,7.7629473636641,0,NoWC,0,NoSA,construction,4,good,23,0.087,0.174,1,less50
76618,2010,12,1643.75,7.404735495926075,0,NoWC,0,NoSA,construction,4,good,24,0.042,0.167,1,less50
76618,2011,13,1824.695652173913,7.509168486177505,0,NoWC,0,NoSA,construction,4,good,23,0.043,0.174,1,less50
76618,2012,14,1790.64,7.490328376831369,0,NoWC,0,NoSA,construction,4,good,25,0.04,0.16,1,less50
76618,2013,15,1865.24,7.531145010125619,0,NoWC,0,NoSA,construction,4,good,25,0.04,0.16,1,less50
76618,2014,16,1936.12,7.568441249386701,0,NoWC,0,NoSA,construction,5,very good,25,0.04,0.16,1,less50
76618,2015,17,2078.9583333333335,7.639622245970467,0,NoWC,0,NoSA,construction,5,very good,24,0.042,0.167,1,less50
76618,2016,18,2270.7391304347825,7.727860665597678,0,NoWC,0,NoSA,construction,3,satisfactory,23,0.087,0.174,1,less50
76618,2017,19,2331.5454545454545,7.754286611895973,0,NoWC,0,NoSA,construction,2,sufficient,22,0.136,0.136,1,less50
76618,2019,21,2458.7272727272725,7.807399126234935,0,NoWC,0,NoSA,construction,2,sufficient,22,0.136,0.136,1,less50
76618,2020,22,2510.8846153846152,7.82839040644292,0,NoWC,0,NoSA,construction,3,satisfactory,26,0.077,0.115,1,less50
76618,2021,23,2312.88,7.7462487802111415,0,NoWC,0,NoSA,construction,4,good,25,0.08,0.12,1,less50
76632,1999,1,2097.8448350694443,7.648665827722343,1,WC,0,NoSA,construction,1,unsatisfactory,72,0.292,0.042,2,less100
76632,2000,2,2598.28614738806,7.862607332577303,1,WC,0,NoSA,construction,1,unsatisfactory,67,0.239,0.045,2,less100
76632,2001,3,5081.5368055555555,8.533369015600996,1,WC,0,NoSA,construction,4,good,45,0.178,0.089,1,less50
76636,2000,2,468.72380514705884,6.1500136933702025,0,NoWC,0,NoSA,buservices,2,sufficient,340,0.179,0.665,4,more250
76636,2001,3,530.1036852240896,6.273072619910908,0,NoWC,0,NoSA,buservices,1,unsatisfactory,357,0.165,0.711,4,more250
76636,2002,4,1025.3047091412743,6.932745124605393,0,NoWC,0,NoSA,buservices,1,unsatisfactory,361,0.197,0.72,4,more250
76640,2017,19,2700.5833333333335,7.90122307803983,0,NoWC,1,SA,manufacturing,4,good,24,0.125,0.083,1,less50
76640,2018,20,2325.68,7.751767748377811,0,NoWC,1,SA,manufacturing,3,satisfactory,25,0.04,0.04,1,less50
76640,2020,22,1619.5185185185185,7.389884173259511,0,NoWC,0,NoSA,manufacturing,2,sufficient,27,0.111,0.148,1,less50
76640,2021,23,1129.6666666666667,7.029677882938942,0,NoWC,0,NoSA,manufacturing,2,sufficient,27,0.074,0.074,1,less50
76658,2016,18,2310.1785714285716,7.7450801041767985,0,NoWC,0,NoSA,manufacturing,4,good,28,0.179,0.036,1,less50
76658,2017,19,1650.142857142857,7.408617143233367,0,NoWC,0,NoSA,manufacturing,3,satisfactory,28,0.179,0.036,1,less50
76658,2018,20,1419.107142857143,7.257783180199076,0,NoWC,0,NoSA,manufacturing,2,sufficient,28,0.393,0.036,1,less50
76659,2007,9,672.5058823529412,6.511010858430961,1,WC,0,NoSA,transcom,4,good,170,0.018,0.665,3,less250
76659,2008,10,1528.6463414634147,7.33213787862782,1,WC,0,NoSA,transcom,3,satisfactory,82,0.024,0.488,2,less100
76659,2009,11,1189.032967032967,7.0808956229951905,0,NoWC,0,NoSA,transcom,3,satisfactory,91,0.011,0.604,2,less100
76659,2010,12,1118.2692307692307,7.019537439365383,0,NoWC,0,NoSA,transcom,3,satisfactory,104,0.038,0.567,3,less250
76665,2004,6,1263.5409836065573,7.141673362872481,0,NoWC,0,NoSA,transcom,1,unsatisfactory,122,0.016,0.549,3,less250
76665,2005,7,1452.5190839694656,7.281054627345066,0,NoWC,0,NoSA,transcom,1,unsatisfactory,131,0.023,0.542,3,less250
76665,2006,8,1331.96,7.194406820619394,0,NoWC,0,NoSA,transcom,1,unsatisfactory,125,0.04,0.688,3,less250
76676,2014,16,3766.181818181818,8.2338169869104,1,WC,0,NoSA,edu,4,good,44,0.409,0.477,1,less50
76676,2015,17,3033.8541666666665,8.01758909239421,1,WC,0,NoSA,edu,4,good,48,0.375,0.479,1,less50
76676,2016,18,3782.191489361702,8.238058879708657,1,WC,0,NoSA,edu,4,good,47,0.383,0.468,1,less50
76676,2018,20,4734.619047619048,8.462656547815225,1,WC,0,NoSA,edu,5,very good,42,0.5,0.405,1,less50
76698,2010,12,3978.046875,8.28854624290407,1,WC,0,NoSA,buservices,3,satisfactory,64,0.031,0.672,2,less100
76698,2011,13,2251.2982456140353,7.719262326849778,1,WC,0,NoSA,buservices,3,satisfactory,114,0.079,0.368,3,less250
76698,2012,14,2362.070796460177,7.767293969407267,1,WC,0,NoSA,buservices,4,good,113,0.053,0.354,3,less250
76698,2013,15,2303.1391304347826,7.742028310690129,1,WC,0,NoSA,buservices,4,good,115,0.07,0.374,3,less250
76723,2002,4,2277,7.7306140660637395,0,NoWC,0,NoSA,construction,3,satisfactory,20,0.15,0.65,1,less50
76723,2003,5,1301.142857142857,7.170998278128317,0,NoWC,0,NoSA,construction,1,unsatisfactory,21,0.143,0.619,1,less50
76723,2004,6,1084.2857142857142,6.988676721334362,0,NoWC,0,NoSA,construction,1,unsatisfactory,21,0.143,0.619,1,less50
76723,2006,8,2530,7.835974581721566,0,NoWC,0,NoSA,construction,1,unsatisfactory,21,0.095,0.571,1,less50
76731,2004,6,1333.3333333333333,7.195437351433918,0,NoWC,0,NoSA,wholesretail,2,sufficient,375,0.184,0.747,4,more250
76731,2005,7,1332.7829457364342,7.19502447551471,0,NoWC,0,NoSA,wholesretail,3,satisfactory,387,0.22,0.672,4,more250
76731,2006,8,1277.922077922078,7.152990661186661,0,NoWC,0,NoSA,wholesretail,2,sufficient,385,0.291,0.821,4,more250
76740,1998,0,1188.8030493951612,7.080702239063807,1,WC,0,NoSA,manufacturing,3,satisfactory,31,0.032,0.935,1,less50
76740,1999,1,1151.6529541015625,7.048953540749226,1,WC,0,NoSA,manufacturing,3,satisfactory,32,0.125,0.938,1,less50
76740,2000,2,1750.8642578125,7.467864806615195,1,WC,0,NoSA,manufacturing,4,good,28,0.107,1,1,less50
76741,2001,3,665.5827473958333,6.500662968792204,1,WC,0,NoSA,edu,3,satisfactory,30,0.3,0.567,1,less50
76741,2003,5,459.7631578947368,6.130711482748059,1,WC,0,NoSA,edu,2,sufficient,38,0.132,0.763,1,less50
76741,2004,6,567.9473684210526,6.342028753197293,1,WC,0,NoSA,edu,4,good,38,0.184,0.684,1,less50
76741,2006,8,1209.0882352941176,7.0976218299981495,1,WC,0,NoSA,edu,1,unsatisfactory,34,0.235,0.794,1,less50
76741,2007,9,1594.7586206896551,7.374477668775838,1,WC,0,NoSA,edu,2,sufficient,29,0.345,0.828,1,less50
76741,2008,10,1063.1724137931035,6.969012560667673,1,WC,0,NoSA,edu,2,sufficient,29,0.345,0.759,1,less50
76756,2013,15,529.8571428571429,6.272607428434277,1,WC,0,NoSA,health,5,very good,21,0.095,0.048,1,less50
76756,2014,16,525.4166666666666,6.26419159861102,1,WC,0,NoSA,health,5,very good,24,0.083,0.167,1,less50
76756,2016,18,1222.7307692307693,7.108841971821463,1,WC,0,NoSA,health,4,good,26,0.077,0.077,1,less50
76784,2016,18,6366.131313131313,8.75874723488838,1,WC,0,NoSA,health,2,sufficient,99,0.091,0.495,2,less100
76784,2017,19,4387.727272727273,8.386566666484345,1,WC,0,NoSA,health,2,sufficient,99,0.04,0.475,2,less100
76784,2018,20,2265.8315789473686,7.725697113559747,1,WC,0,NoSA,health,4,good,95,0.042,0.495,2,less100
76792,1998,0,802.6485027855153,6.687916888084514,0,NoWC,0,NoSA,health,2,sufficient,359,0.025,0.596,4,more250
76792,2000,2,1060.547697368421,6.966540749295475,0,NoWC,0,NoSA,health,2,sufficient,247,0.077,0.441,3,less250
76792,2001,3,3557.417438271605,8.176790121900353,0,NoWC,0,NoSA,health,2,sufficient,81,0.21,0.481,2,less100
76792,2003,5,2309.1408450704225,7.7446308057923225,0,NoWC,0,NoSA,health,2,sufficient,71,0.239,0.803,2,less100
76792,2004,6,2610.0377358490564,7.867119958391935,0,NoWC,0,NoSA,health,2,sufficient,53,0.321,0.642,2,less100
76806,2013,15,2343.3174603174602,7.759322922422675,1,WC,1,SA,wholesretail,4,good,63,0.063,0.27,2,less100
76806,2015,17,2127.8253968253966,7.662855796731215,1,WC,1,SA,wholesretail,4,good,63,0.19,0.238,2,less100
76806,2016,18,1947.8714285714286,7.5744924802642215,1,WC,1,SA,wholesretail,4,good,70,0.043,0.186,2,less100
76806,2017,19,3261.4698795180725,8.08993325603118,1,WC,1,SA,wholesretail,4,good,83,0.06,0.193,2,less100
76806,2018,20,4609.587301587301,8.435893609551066,1,WC,1,SA,wholesretail,5,very good,63,0.095,0.111,2,less100
76806,2019,21,6961.227272727273,8.848111070072155,1,WC,1,SA,wholesretail,4,good,66,0.106,0.227,2,less100
76806,2020,22,4805.45205479452,8.477506397061246,1,WC,1,SA,wholesretail,4,good,73,0.192,0.123,2,less100
76806,2021,23,4919.6164383561645,8.500985846763633,1,WC,1,SA,manufacturing,4,good,73,0.247,0.288,2,less100
76817,2009,11,1627.3584905660377,7.394713421341485,1,WC,1,SA,buservices,1,unsatisfactory,212,0.038,0.472,3,less250
76817,2010,12,1095.9324894514768,6.999360868394969,1,WC,1,SA,buservices,1,unsatisfactory,237,0.046,0.321,3,less250
76817,2011,13,2295.2380952380954,7.7385918623152685,1,WC,0,NoSA,buservices,1,unsatisfactory,126,0.095,0.444,3,less250
76829,2006,8,1000.8102189781022,6.908565169910026,0,NoWC,0,NoSA,construction,3,satisfactory,137,0.204,0.088,3,less250
76829,2007,9,1007.7971014492754,6.91552214012535,0,NoWC,0,NoSA,construction,3,satisfactory,138,0.043,0.087,3,less250
76829,2008,10,1050.9197080291972,6.957420972172914,0,NoWC,0,NoSA,construction,2,sufficient,137,0.051,0.088,3,less250
76829,2009,11,1206.3893129770993,7.095387138607938,0,NoWC,0,NoSA,construction,1,unsatisfactory,131,0.053,0.115,3,less250
76829,2010,12,1172.8095238095239,7.067157451673703,0,NoWC,0,NoSA,buservices,1,unsatisfactory,126,0.135,0.119,3,less250
76851,2016,18,1515.2413793103449,7.323330031529841,1,WC,0,NoSA,health,4,good,87,0.31,0.529,2,less100
76851,2017,19,1311,7.1785454837637,0,NoWC,1,SA,health,3,satisfactory,101,0.307,0.455,3,less250
76851,2018,20,1530.1851851851852,7.333144043130956,0,NoWC,0,NoSA,health,1,unsatisfactory,108,0.231,0.491,3,less250
76853,2013,15,2521.8936170212764,7.832765333645202,1,WC,0,NoSA,construction,3,satisfactory,47,0.489,0.809,1,less50
76853,2014,16,2562.574468085106,7.848767683740548,1,WC,0,NoSA,construction,4,good,47,0.404,0.787,1,less50
76853,2016,18,1380.7037037037037,7.230348578401093,1,WC,0,NoSA,construction,3,satisfactory,54,0.204,0.648,2,less100
76853,2017,19,2566.703703703704,7.850377749083984,1,WC,0,NoSA,construction,3,satisfactory,54,0.37,0.63,2,less100
76853,2019,21,1938.578947368421,7.569710482290689,1,WC,0,NoSA,construction,4,good,57,0.053,0.491,2,less100
76853,2020,22,1719.032258064516,7.4495167708056815,1,WC,0,NoSA,construction,2,sufficient,62,0.097,0.532,2,less100
76853,2021,23,1463.2307692307693,7.288402125580794,1,WC,0,NoSA,construction,4,good,65,0.092,0.631,2,less100
76874,2008,10,1972.9322033898304,7.587276143237508,1,WC,0,NoSA,manufacturing,3,satisfactory,59,0.288,0.932,2,less100
76874,2009,11,2016.3529411764705,7.609045683896301,1,WC,0,NoSA,manufacturing,3,satisfactory,51,0.255,0.804,2,less100
76874,2010,12,2044.65,7.622981904684962,1,WC,0,NoSA,manufacturing,1,unsatisfactory,60,0.5,0.867,2,less100
76874,2011,13,2676.339285714286,7.892205201594666,1,WC,0,NoSA,manufacturing,3,satisfactory,56,0.464,0.946,2,less100
76874,2014,16,3882.822222222222,8.264317545068376,1,WC,0,NoSA,manufacturing,1,unsatisfactory,45,0.711,0.822,1,less50
76874,2015,17,3039.8936170212764,8.019577799387053,1,WC,0,NoSA,manufacturing,4,good,47,0.702,0.638,1,less50
76874,2017,19,1723.2075471698113,7.451942686133603,1,WC,1,SA,manufacturing,4,good,53,0.698,0.755,2,less100
76874,2018,20,2437.589285714286,7.798764832237769,1,WC,1,SA,manufacturing,4,good,56,0.518,0.75,2,less100
76874,2019,21,3104.823529411765,8.040712158424514,1,WC,0,NoSA,manufacturing,4,good,51,0.902,0.765,2,less100
76874,2020,22,3909.391304347826,8.271136964223162,1,WC,0,NoSA,manufacturing,3,satisfactory,46,0.761,0.565,1,less50
76878,2019,21,2997.96875,8.005690254992473,1,WC,0,NoSA,finance,5,very good,32,0.125,0.781,1,less50
76878,2020,22,3380.375,8.125741929068491,1,WC,0,NoSA,resthotels,2,sufficient,32,0.156,0.75,1,less50
76878,2021,23,3079.8064516129034,8.032622033607659,1,WC,0,NoSA,resthotels,1,unsatisfactory,31,0.323,0.742,1,less50
76924,2001,3,3947.566964285714,8.280854709706173,0,NoWC,0,NoSA,public,1,unsatisfactory,126,0.04,0.659,3,less250
76924,2002,4,3973.6370967741937,8.287437099559456,0,NoWC,0,NoSA,public,2,sufficient,124,0.161,0.661,3,less250
76924,2005,7,4262.702479338843,8.357658622947751,0,NoWC,0,NoSA,public,1,unsatisfactory,121,0.058,0.628,3,less250
76925,2011,13,2429.423076923077,7.7954090912426555,1,WC,1,SA,edu,3,satisfactory,26,0.038,0.231,1,less50
76925,2012,14,1644.90625,7.405438670693972,1,WC,1,SA,edu,3,satisfactory,32,0.031,0.781,1,less50
76925,2013,15,1315.9375,7.182304618356247,1,WC,1,SA,edu,3,satisfactory,32,0.031,0.875,1,less50
76925,2014,16,2467.375,7.810910111463151,1,WC,1,SA,edu,4,good,32,0.156,0.719,1,less50
76925,2016,18,3105.5185185185187,8.040935975117472,1,WC,1,SA,edu,3,satisfactory,27,0.222,0.889,1,less50
76925,2017,19,3314.222222222222,8.105978251327466,1,WC,1,SA,edu,3,satisfactory,27,0.222,0.296,1,less50
76925,2018,20,3383.8214285714284,8.12676094999908,1,WC,1,SA,edu,4,good,28,0.179,0.714,1,less50
76925,2019,21,3704.1111111111113,8.217198592916343,1,WC,1,SA,edu,3,satisfactory,27,0.222,0.778,1,less50
76925,2020,22,4511.761904761905,8.414443022450861,1,WC,1,SA,buservices,4,good,21,0.238,0.762,1,less50
76932,2017,19,3286.3793103448274,8.097541724176699,1,WC,0,NoSA,health,5,very good,29,0.69,0.034,1,less50
76932,2018,20,2740.233333333333,7.915798353907218,1,WC,0,NoSA,health,5,very good,30,0.533,0.067,1,less50
76932,2019,21,2169.212121212121,7.682119302823375,1,WC,0,NoSA,health,4,good,33,0.424,0.061,1,less50
76932,2020,22,2745.548387096774,7.917736110711056,1,WC,0,NoSA,edu,4,good,31,0.484,0.065,1,less50
76932,2021,23,3200.9333333333334,8.071197712928031,1,WC,0,NoSA,edu,3,satisfactory,30,0.433,0,1,less50
76934,2001,3,1676.65390625,7.424555363810233,1,WC,0,NoSA,manufacturing,4,good,20,0.85,0.2,1,less50
76934,2002,4,1623.65,7.3924319802530665,1,WC,1,SA,manufacturing,4,good,20,0.9,0.25,1,less50
76934,2007,9,858.4347826086956,6.7551107107759645,1,WC,0,NoSA,manufacturing,5,very good,23,0.957,0.261,1,less50
76934,2008,10,514.4615384615385,6.243120797303001,1,WC,0,NoSA,manufacturing,3,satisfactory,26,0.846,0.231,1,less50
76934,2010,12,576.0370370370371,6.356171959040231,1,WC,0,NoSA,manufacturing,2,sufficient,27,0.741,0.259,1,less50
76954,2000,2,589.1751222493888,6.378723460766629,0,NoWC,0,NoSA,wholesretail,4,good,818,0.139,0.278,4,more250
76954,2001,3,780.7629176980198,6.660271541268737,0,NoWC,0,NoSA,wholesretail,4,good,808,0.191,0.163,4,more250
76954,2002,4,700.9892037786775,6.552492485744347,0,NoWC,0,NoSA,wholesretail,3,satisfactory,741,0.054,0.143,4,more250
76955,2013,15,2882.35593220339,7.966363270739226,1,WC,0,NoSA,edu,3,satisfactory,59,0.949,0.644,2,less100
76955,2015,17,3770.7090909090907,8.235018350530064,1,WC,0,NoSA,edu,2,sufficient,55,0.927,0.745,2,less100
76955,2020,22,3950.2698412698414,8.281539169807385,1,WC,0,NoSA,health,3,satisfactory,63,0.714,0.778,2,less100
77013,2012,14,610.1923076923077,6.413774165995814,1,WC,0,NoSA,buservices,3,satisfactory,26,0.269,0.115,1,less50
77013,2013,15,551.4545454545455,6.312559415450156,1,WC,0,NoSA,buservices,3,satisfactory,22,0.136,0.091,1,less50
77013,2014,16,762.7272727272727,6.636900526662881,1,WC,0,NoSA,buservices,3,satisfactory,22,0.182,0.091,1,less50
77013,2015,17,1081.7272727272727,6.986314369156783,1,WC,0,NoSA,buservices,3,satisfactory,22,0.182,0.091,1,less50
77013,2016,18,1026.5714285714287,6.933979818618151,1,WC,0,NoSA,buservices,3,satisfactory,21,0.19,0.095,1,less50
77013,2017,19,616.44,6.423960994267177,1,WC,0,NoSA,buservices,3,satisfactory,25,0.2,0.08,1,less50
77013,2018,20,780.8636363636364,6.660400533268129,1,WC,0,NoSA,buservices,3,satisfactory,22,0.182,0.091,1,less50
77013,2019,21,1022.3181818181819,6.929828054812856,1,WC,0,NoSA,buservices,3,satisfactory,22,0.182,0.091,1,less50
77013,2020,22,817.1481481481482,6.705820410304042,1,WC,0,NoSA,art,3,satisfactory,27,0.148,0.074,1,less50
77023,2012,14,1419.4358974358975,7.258014816341673,1,WC,0,NoSA,construction,5,very good,39,0.026,0.026,1,less50
77023,2013,15,1434.923076923077,7.268866521825272,1,WC,0,NoSA,construction,5,very good,39,0.026,0.026,1,less50
77023,2015,17,1699.888888888889,7.4383181684311594,1,WC,0,NoSA,construction,3,satisfactory,36,0.028,0.028,1,less50
77023,2016,18,1601.5294117647059,7.378714334016203,1,WC,0,NoSA,construction,4,good,34,0.059,0.059,1,less50
77023,2017,19,1592.3125,7.372942641111037,1,WC,0,NoSA,construction,4,good,32,0.062,0.031,1,less50
77023,2018,20,1923.9615384615386,7.562141640621236,1,WC,0,NoSA,construction,4,good,26,0.038,0,1,less50
77023,2019,21,2081.3214285714284,7.640758273174155,1,WC,0,NoSA,construction,5,very good,28,0.036,0.036,1,less50
77023,2020,22,2395.48,7.781338907300639,1,WC,0,NoSA,wholesretail,5,very good,25,0.04,0.04,1,less50
77025,1998,0,3925.2371471774195,8.27518204805435,1,WC,0,NoSA,manufacturing,5,very good,31,0.419,0.581,1,less50
77025,1999,1,2672.080447635135,7.89061264185119,1,WC,0,NoSA,manufacturing,3,satisfactory,37,0.324,0.811,1,less50
77025,2000,2,3425.738597972973,8.139072376490617,1,WC,0,NoSA,manufacturing,3,satisfactory,37,0.351,0.703,1,less50
77025,2001,3,3718.08046875,8.220962811067624,1,WC,0,NoSA,manufacturing,2,sufficient,30,0.3,0.767,1,less50
77025,2002,4,3801.233333333333,8.243080854459327,1,WC,0,NoSA,manufacturing,2,sufficient,30,0.3,0.767,1,less50
77025,2004,6,4396.2,8.388495810393973,1,WC,0,NoSA,manufacturing,3,satisfactory,30,0.367,0.733,1,less50
77025,2005,7,2527.6666666666665,7.835051890032826,1,WC,0,NoSA,manufacturing,4,good,51,0.176,0.843,2,less100
77025,2006,8,1886.0392156862745,7.542234256024035,1,WC,0,NoSA,manufacturing,1,unsatisfactory,51,0.255,0.784,2,less100
77025,2007,9,2849.072727272727,7.954748861470347,1,WC,0,NoSA,manufacturing,1,unsatisfactory,55,0.164,0.818,2,less100
77025,2008,10,2336.1272727272726,7.756249825652008,1,WC,0,NoSA,manufacturing,1,unsatisfactory,55,0.182,0.891,2,less100
77025,2009,11,2858.2156862745096,7.957952823198092,1,WC,0,NoSA,manufacturing,4,good,51,0.137,0.745,2,less100
77025,2010,12,3070.230769230769,8.02950800688673,1,WC,0,NoSA,manufacturing,1,unsatisfactory,52,0.135,0.827,2,less100
77025,2011,13,3278.4285714285716,8.095119492499299,1,WC,0,NoSA,manufacturing,1,unsatisfactory,49,0.122,0.776,1,less50
77025,2012,14,3455.608695652174,8.147753898875871,1,WC,0,NoSA,manufacturing,1,unsatisfactory,46,0.304,0.848,1,less50
77025,2013,15,2712.392156862745,7.905586239219732,1,WC,0,NoSA,manufacturing,1,unsatisfactory,51,0.196,0.784,2,less100
77025,2014,16,3455.608695652174,8.147753898875871,1,WC,0,NoSA,manufacturing,3,satisfactory,46,0.304,0.783,1,less50
77025,2016,18,4975.923076923077,8.512366175481818,1,WC,0,NoSA,manufacturing,1,unsatisfactory,39,0.564,0.821,1,less50
77025,2017,19,6051.666666666667,8.708088995180326,1,WC,0,NoSA,manufacturing,1,unsatisfactory,36,0.944,0.833,1,less50
77025,2018,20,7118.815789473684,8.8704966688699,1,WC,0,NoSA,manufacturing,1,unsatisfactory,38,0.789,0.868,1,less50
77025,2019,21,9886.513513513513,9.198926836025223,1,WC,0,NoSA,manufacturing,1,unsatisfactory,37,0.514,0.892,1,less50
77025,2020,22,10340.815789473685,9.243854041417732,1,WC,0,NoSA,manufacturing,1,unsatisfactory,38,0.711,0.789,1,less50
77033,2009,11,357.8181818181818,5.880024985373773,1,WC,0,NoSA,manufacturing,3,satisfactory,22,0.136,0.909,1,less50
77033,2010,12,334.52,5.812696668513325,1,WC,0,NoSA,manufacturing,3,satisfactory,25,0.16,0.92,1,less50
77033,2011,13,412.61290322580646,6.022509873114247,1,WC,0,NoSA,manufacturing,3,satisfactory,31,0.129,0.774,1,less50
77033,2012,14,298,5.697093486505405,1,WC,0,NoSA,manufacturing,4,good,35,0.114,0.943,1,less50
77033,2013,15,347.3636363636364,5.8503721746485295,1,WC,0,NoSA,manufacturing,3,satisfactory,33,0.394,0.758,1,less50
77033,2014,16,405.1470588235294,6.004250109404953,1,WC,0,NoSA,manufacturing,4,good,34,0.882,0.941,1,less50
77033,2015,17,412,6.021023349349527,1,WC,0,NoSA,manufacturing,3,satisfactory,35,0.543,0.943,1,less50
77033,2016,18,319.1914893617021,5.765791202819523,1,WC,0,NoSA,manufacturing,3,satisfactory,47,0.596,0.894,1,less50
77033,2017,19,366.90697674418607,5.905108346563892,1,WC,0,NoSA,manufacturing,3,satisfactory,43,0.674,0.884,1,less50
77054,2007,9,2229.968253968254,7.7097426284641575,0,NoWC,0,NoSA,wholesretail,4,good,63,0.048,0.714,2,less100
77054,2008,10,1906.7936507936508,7.553178393554648,0,NoWC,0,NoSA,wholesretail,4,good,63,0.127,0.698,2,less100
77054,2010,12,2019.6451612903227,7.610677112237183,0,NoWC,1,SA,wholesretail,4,good,62,0.371,0.71,2,less100
77054,2011,13,2002.688524590164,7.6022458191255025,0,NoWC,0,NoSA,wholesretail,5,very good,61,0.344,0.705,2,less100
77054,2012,14,2068.9032258064517,7.634773903237641,0,NoWC,0,NoSA,wholesretail,5,very good,62,0.274,0.694,2,less100
77057,2000,2,1351.7859306167402,7.209181908723898,0,NoWC,0,NoSA,manufacturing,3,satisfactory,227,0.004,0.74,3,less250
77057,2001,3,1137.3096064814815,7.036420757898313,0,NoWC,0,NoSA,manufacturing,3,satisfactory,216,0.005,0.741,3,less250
77057,2002,4,1763.2146118721462,7.474893906056827,0,NoWC,0,NoSA,manufacturing,2,sufficient,219,0.005,0.744,3,less250
77093,2015,17,2513.3351351351353,7.829365889230904,1,WC,0,NoSA,buservices,4,good,185,0.038,0.232,3,less250
77093,2016,18,3301.071038251366,8.102002251843196,1,WC,1,SA,buservices,4,good,183,0.53,0.202,3,less250
77093,2017,19,2653.3241758241757,7.883568538841816,1,WC,1,SA,buservices,4,good,182,0.533,0.203,3,less250
77111,2001,3,2362.758192883895,7.767584941389583,0,NoWC,0,NoSA,wholesretail,3,satisfactory,267,0.022,0.61,4,more250
77111,2002,4,2043.7956204379561,7.622563956323262,0,NoWC,0,NoSA,wholesretail,2,sufficient,274,0.036,0.624,4,more250
77111,2003,5,1888.5375,7.543557998984752,0,NoWC,0,NoSA,wholesretail,3,satisfactory,240,0.046,0.775,3,less250
77111,2004,6,1736.111111111111,7.459402897268383,0,NoWC,0,NoSA,wholesretail,3,satisfactory,288,0.021,0.476,4,more250
77139,1999,1,1799.7473366477273,7.495401565502632,0,NoWC,0,NoSA,edu,4,good,44,0.864,0.886,1,less50
77139,2000,2,1510.8265625,7.320412172428516,0,NoWC,0,NoSA,edu,4,good,50,0.8,0.96,1,less50
77139,2001,3,1509.7384440104167,7.319691698918224,0,NoWC,0,NoSA,edu,4,good,48,0.583,0.958,1,less50
77139,2002,4,1300.734375,7.170684287797669,0,NoWC,0,NoSA,edu,4,good,64,0.359,0.969,2,less100
77161,2006,8,1381.2911392405063,7.230773948888052,0,NoWC,0,NoSA,manufacturing,3,satisfactory,79,0.089,0.203,2,less100
77161,2007,9,1716.4193548387098,7.447995629468793,0,NoWC,0,NoSA,manufacturing,4,good,62,0.468,0.339,2,less100
77161,2008,10,1931.049180327869,7.565818750943064,0,NoWC,0,NoSA,manufacturing,4,good,61,0.344,0.164,2,less100
77161,2009,11,1178.5344827586207,7.072026981819674,0,NoWC,0,NoSA,manufacturing,4,good,58,0.552,0.379,2,less100
77161,2011,13,2779.268292682927,7.929942967969523,0,NoWC,0,NoSA,manufacturing,3,satisfactory,41,0.659,0.341,1,less50
77161,2012,14,2972.214285714286,7.997062504757399,0,NoWC,0,NoSA,manufacturing,4,good,28,0.893,0.429,1,less50
77163,2015,17,1671.7435897435898,7.421622426467989,1,WC,0,NoSA,buservices,4,good,156,0.455,0.66,3,less250
77163,2016,18,1833.9810126582279,7.514244299795657,1,WC,0,NoSA,buservices,3,satisfactory,158,0.449,0.665,3,less250
77163,2017,19,1761.0276243093922,7.4736527950906,1,WC,0,NoSA,buservices,3,satisfactory,181,0.381,0.58,3,less250
77204,2001,3,566.0869324882076,6.338747657377862,0,NoWC,0,NoSA,transcom,4,good,212,0.014,0.302,3,less250
77204,2002,4,647.6533333333333,6.473355573775856,0,NoWC,0,NoSA,transcom,5,very good,225,0.027,0.316,3,less250
77204,2003,5,512.6960352422908,6.239683145664944,0,NoWC,0,NoSA,transcom,4,good,227,0.035,0.33,3,less250
77204,2005,7,937.8082191780821,6.843545470935785,0,NoWC,0,NoSA,transcom,5,very good,219,0.027,0.301,3,less250
77204,2006,8,891.0666666666667,6.792419246968805,0,NoWC,0,NoSA,transcom,5,very good,225,0.036,0.276,3,less250
77204,2007,9,866.5822784810126,6.764557059617155,0,NoWC,0,NoSA,transcom,4,good,237,0.013,0.27,3,less250
77204,2008,10,847.0866141732283,6.741802949368642,0,NoWC,0,NoSA,transcom,4,good,254,0.024,0.205,4,more250
77210,2002,4,875.3461538461538,6.774619412522432,1,WC,0,NoSA,art,5,very good,130,0.338,0.685,3,less250
77210,2003,5,1638.8301886792453,7.401737966713229,1,WC,0,NoSA,art,5,very good,106,0.443,0.755,3,less250
77210,2005,7,2854.3529411764707,7.956600455834594,1,WC,0,NoSA,art,4,good,51,0.157,0.51,2,less100
77210,2006,8,4492.962962962963,8.410267665760635,1,WC,0,NoSA,art,4,good,54,0.13,0.481,2,less100
77210,2007,9,2602.2,7.8641125200693756,1,WC,0,NoSA,art,2,sufficient,110,0.355,0.645,3,less250
77210,2008,10,2616.418181818182,7.869561555236656,1,WC,0,NoSA,art,3,satisfactory,110,0.327,0.645,3,less250
77290,1998,0,1108.2010613207547,7.010493314130638,0,NoWC,0,NoSA,manufacturing,3,satisfactory,53,0.113,0.226,2,less100
77290,1999,1,1027.1757075471698,6.934568283461317,0,NoWC,0,NoSA,manufacturing,4,good,53,0.057,0.245,2,less100
77290,2000,2,1100.68359375,7.0036867146307165,0,NoWC,0,NoSA,manufacturing,3,satisfactory,48,0.062,0.25,1,less50
77290,2001,3,1083.0265012254902,6.987514716900575,0,NoWC,0,NoSA,manufacturing,2,sufficient,51,0.059,0.235,2,less100
77290,2002,4,920.9607843137255,6.8254174558848515,0,NoWC,0,NoSA,manufacturing,3,satisfactory,51,0.059,0.196,2,less100
77290,2003,5,1037.2291666666667,6.944308173850184,0,NoWC,0,NoSA,manufacturing,3,satisfactory,48,0.25,0.25,1,less50
77290,2004,6,1494.4772727272727,7.3095317743332,0,NoWC,0,NoSA,manufacturing,4,good,44,0.568,0.205,1,less50
77290,2005,7,2795.785714285714,7.935868460318599,0,NoWC,0,NoSA,manufacturing,2,sufficient,42,0.595,0.238,1,less50
77290,2006,8,1981.642857142857,7.591681505486119,0,NoWC,0,NoSA,manufacturing,1,unsatisfactory,42,0.643,0.238,1,less50
77290,2007,9,2520.2926829268295,7.832130317779858,0,NoWC,0,NoSA,manufacturing,1,unsatisfactory,41,0.561,0.244,1,less50
77290,2008,10,2442.4,7.800736441420668,0,NoWC,0,NoSA,manufacturing,1,unsatisfactory,40,0.675,0.225,1,less50
77290,2010,12,2843.5405405405404,7.952805223912863,0,NoWC,0,NoSA,manufacturing,3,satisfactory,37,0.676,0.243,1,less50
77290,2011,13,3058,8.025516386489008,0,NoWC,0,NoSA,manufacturing,3,satisfactory,36,0.75,0.222,1,less50
77290,2015,17,2724.2,7.909930086013241,0,NoWC,0,NoSA,manufacturing,4,good,40,0.625,0.175,1,less50
77290,2017,19,2663.4166666666665,7.887365038714106,0,NoWC,0,NoSA,manufacturing,4,good,36,0.722,0.139,1,less50
77290,2018,20,3138.5454545454545,8.051514740541178,0,NoWC,0,NoSA,manufacturing,4,good,33,0.788,0.152,1,less50
77290,2019,21,2891.3611111111113,7.969482642936452,0,NoWC,0,NoSA,manufacturing,4,good,36,0.722,0.139,1,less50
77290,2020,22,3184.205882352941,8.065958206416814,0,NoWC,0,NoSA,manufacturing,3,satisfactory,34,0.971,0.147,1,less50
77290,2021,23,4174.741935483871,8.336807823514373,0,NoWC,0,NoSA,manufacturing,3,satisfactory,31,0.935,0.161,1,less50
77308,2000,2,2965.3384433962265,7.994746451088381,0,NoWC,0,NoSA,health,5,very good,53,0.642,0.094,2,less100
77308,2002,4,2025.887640449438,7.613763224459991,0,NoWC,0,NoSA,health,5,very good,89,0.27,0.112,2,less100
77308,2004,6,687.6555555555556,6.533288066573461,0,NoWC,0,NoSA,health,5,very good,90,0.167,0.111,2,less100
77308,2006,8,2079.3492063492063,7.639810242174834,0,NoWC,0,NoSA,health,4,good,63,0.524,0.159,2,less100
77308,2007,9,1768.2714285714285,7.477757754361788,0,NoWC,0,NoSA,health,3,satisfactory,70,0.471,0.171,2,less100
77345,2008,10,2167.866666666667,7.68149886005329,1,WC,0,NoSA,health,3,satisfactory,45,0.333,0.511,1,less50
77345,2009,11,2041.8372093023256,7.621605274343144,1,WC,0,NoSA,health,3,satisfactory,43,0.14,0.605,1,less50
77345,2010,12,2577.6585365853657,7.854636721889152,1,WC,0,NoSA,health,3,satisfactory,41,0.146,0.61,1,less50
77345,2011,13,2401.232558139535,7.783737450397681,1,WC,0,NoSA,health,4,good,43,0.302,0.581,1,less50
77345,2012,14,2388.3777777777777,7.77836966039985,1,WC,0,NoSA,health,4,good,45,0.133,0.622,1,less50
77345,2013,15,2495.4565217391305,7.822226966092742,1,WC,0,NoSA,health,4,good,46,0.13,0.565,1,less50
77345,2014,16,2452.0444444444443,7.804677422684835,1,WC,0,NoSA,health,4,good,45,0.067,0.667,1,less50
77345,2015,17,2403.5,7.784681287334015,1,WC,0,NoSA,health,4,good,46,0.065,0.674,1,less50
77345,2016,18,1964.625,7.583056666396494,1,WC,0,NoSA,health,4,good,48,0.229,0.646,1,less50
77345,2017,19,2689.021739130435,7.896932740702692,1,WC,0,NoSA,health,4,good,46,0.087,0.63,1,less50
77345,2018,20,2464.595744680851,7.809783074926557,1,WC,0,NoSA,health,4,good,47,0.234,0.617,1,less50
77345,2020,22,3125.767441860465,8.047435113415675,1,WC,0,NoSA,buservices,4,good,43,0.14,0.605,1,less50
77345,2021,23,2990.3863636363635,8.003157876644206,1,WC,0,NoSA,buservices,2,sufficient,44,0.045,0.614,1,less50
77349,2000,2,5234.084502551021,8.562947227887356,1,WC,0,NoSA,manufacturing,2,sufficient,49,0.02,0.204,1,less50
77349,2001,3,6158.181144067797,8.725536744106982,1,WC,0,NoSA,manufacturing,5,very good,59,0.017,0.186,2,less100
77349,2011,13,1818.867924528302,7.505969567046515,0,NoWC,0,NoSA,manufacturing,3,satisfactory,159,0.006,0.214,3,less250
77363,2004,6,1457.725947521866,7.284632930238389,1,WC,0,NoSA,wholesretail,4,good,343,0.122,0.618,4,more250
77363,2005,7,3243.943396226415,8.08454496632426,1,WC,0,NoSA,wholesretail,4,good,159,0.082,0.572,3,less250
77363,2006,8,1618.421052631579,7.389206294068224,1,WC,0,NoSA,wholesretail,4,good,304,0.053,0.365,4,more250
77368,1998,0,1262.9208333333333,7.1411824389396354,0,NoWC,0,NoSA,construction,3,satisfactory,120,0.733,0.617,3,less250
77368,1999,1,1218.2506893382354,7.105171247566456,0,NoWC,0,NoSA,construction,4,good,136,0.684,0.618,3,less250
77368,2000,2,1093.3026842948718,6.996958379660028,0,NoWC,0,NoSA,construction,4,good,156,0.391,0.462,3,less250
77368,2001,3,1324.380847392638,7.1887003442219815,0,NoWC,0,NoSA,construction,3,satisfactory,163,0.344,0.613,3,less250
77368,2002,4,1100.4709677419355,7.003493519648006,0,NoWC,0,NoSA,construction,3,satisfactory,155,0.555,0.71,3,less250
77372,2011,13,1434.4615384615386,7.268544823254056,1,WC,0,NoSA,public,3,satisfactory,26,0.077,0.192,1,less50
77372,2012,14,2698.3333333333335,7.900389577443626,1,WC,0,NoSA,public,4,good,21,0.19,0.19,1,less50
77372,2013,15,1888.8333333333333,7.5437146335048935,1,WC,0,NoSA,public,4,good,30,0.333,0.2,1,less50
77372,2014,16,2060.5714285714284,7.630738615827839,1,WC,0,NoSA,public,4,good,28,0.464,0.214,1,less50
77372,2015,17,3507.08,8.162539061399817,1,WC,0,NoSA,public,4,good,25,0.4,0.24,1,less50
77374,2005,7,69.54162585700294,4.241925506476132,1,WC,1,SA,manufacturing,4,good,1021,0.066,0.481,4,more250
77374,2007,9,189.49706744868035,5.244373549197886,1,WC,1,SA,manufacturing,4,good,682,0.085,0.57,4,more250
77374,2008,10,311.524115755627,5.741476753386983,1,WC,1,SA,manufacturing,4,good,622,0.096,0.545,4,more250
77374,2009,11,372.21337579617835,5.919467280682735,1,WC,0,NoSA,manufacturing,4,good,628,0.096,0.503,4,more250
77374,2010,12,494.7352380952381,6.204022746938476,1,WC,1,SA,manufacturing,4,good,525,0.118,0.528,4,more250
77405,2001,3,1341.3257515822784,7.201413770696592,0,NoWC,1,SA,manufacturing,2,sufficient,79,0.051,0.747,2,less100
77405,2002,4,1413.8227848101267,7.254052509613589,0,NoWC,0,NoSA,manufacturing,1,unsatisfactory,79,0.215,0.785,2,less100
77405,2003,5,1117.7972972972973,7.019115328955861,0,NoWC,0,NoSA,manufacturing,3,satisfactory,74,0.095,0.811,2,less100
77405,2004,6,1197.2876712328766,7.087814003528612,0,NoWC,0,NoSA,buservices,1,unsatisfactory,73,0.082,0.726,2,less100
77405,2005,7,1297.2096774193549,7.167970834642273,0,NoWC,0,NoSA,buservices,5,very good,62,0.081,0.806,2,less100
77405,2006,8,1354.8032786885246,7.21141154099422,0,NoWC,0,NoSA,buservices,5,very good,61,0.197,0.82,2,less100
77409,1999,1,2304.6008391203704,7.742662768686578,1,WC,0,NoSA,manufacturing,1,unsatisfactory,27,0.037,0.296,1,less50
77409,2002,4,2312.4615384615386,7.746067837231635,1,WC,0,NoSA,manufacturing,3,satisfactory,26,0.038,0.115,1,less50
77409,2003,5,3054.3214285714284,8.024312728626546,1,WC,0,NoSA,manufacturing,2,sufficient,28,0.036,0.143,1,less50
77411,1998,0,108.14594558189656,4.6834816628558125,1,WC,0,NoSA,wholesretail,4,good,464,0.006,0.172,4,more250
77411,1999,1,116.75507127192982,4.7600783326243175,1,WC,1,SA,wholesretail,3,satisfactory,456,0.004,0.184,4,more250
77411,2000,2,141.0905395197201,4.949401808557936,1,WC,0,NoSA,wholesretail,4,good,393,0.003,0.214,4,more250
77411,2001,3,245.15274630248092,5.501881470573678,1,WC,0,NoSA,wholesretail,4,good,262,0.004,0.21,4,more250
77411,2002,4,263.60743801652893,5.57446101928841,1,WC,0,NoSA,wholesretail,4,good,242,0.004,0.198,3,less250
77423,2007,9,1227.1363636363637,7.112438574343742,1,WC,0,NoSA,buservices,2,sufficient,22,0.409,0.727,1,less50
77423,2008,10,1227.1363636363637,7.112438574343742,1,WC,0,NoSA,buservices,4,good,22,0.364,0.727,1,less50
77423,2009,11,1227.1363636363637,7.112438574343742,1,WC,0,NoSA,buservices,5,very good,22,0.5,0.636,1,less50
77423,2011,13,1325.2727272727273,7.189373549143788,1,WC,0,NoSA,buservices,3,satisfactory,22,0.5,0.727,1,less50
77423,2012,14,1227.1363636363637,7.112438574343742,1,WC,0,NoSA,buservices,4,good,22,0.682,0.773,1,less50
77423,2013,15,1337,7.198183577101943,1,WC,0,NoSA,buservices,4,good,21,0.667,0.857,1,less50
77423,2014,16,1457.8,7.284683728948113,1,WC,0,NoSA,buservices,5,very good,20,0.7,0.8,1,less50
77423,2018,20,1673.8,7.422851769598774,1,WC,0,NoSA,buservices,5,very good,20,0.7,0.65,1,less50
77423,2021,23,1799.7619047619048,7.495409660002854,1,WC,0,NoSA,buservices,4,good,21,0.524,1,1,less50
77427,2004,6,2891.845238095238,7.969650068048414,0,NoWC,0,NoSA,manufacturing,3,satisfactory,84,0.036,0.595,2,less100
77427,2005,7,1848.2625,7.522001287568675,0,NoWC,0,NoSA,manufacturing,1,unsatisfactory,80,0.038,0.613,2,less100
77427,2006,8,1783.1168831168832,7.486118169902379,0,NoWC,0,NoSA,manufacturing,3,satisfactory,77,0.026,0.636,2,less100
77434,2009,11,1441.6,7.273508886854073,1,WC,0,NoSA,wholesretail,4,good,25,0.04,0.68,1,less50
77434,2010,12,1356.392857142857,7.212584144197259,1,WC,0,NoSA,wholesretail,2,sufficient,28,0.036,0.714,1,less50
77434,2011,13,1256.5384615384614,7.136115966573634,1,WC,0,NoSA,wholesretail,5,very good,26,0.038,0.808,1,less50
77434,2012,14,1134.3703703703704,7.033833036228685,1,WC,0,NoSA,wholesretail,5,very good,27,0.037,0.667,1,less50
77434,2013,15,1459.5925925925926,7.285912629592298,0,NoWC,0,NoSA,wholesretail,5,very good,27,0.074,0.519,1,less50
77439,2009,11,4025.4912280701756,8.30040222664691,0,NoWC,0,NoSA,transcom,4,good,57,0.018,0.035,2,less100
77439,2010,12,3757.8518518518517,8.231602757123921,0,NoWC,0,NoSA,transcom,5,very good,54,0.037,0.037,2,less100
77439,2011,13,3409.3214285714284,8.134268555921686,0,NoWC,0,NoSA,transcom,5,very good,56,0.107,0.018,2,less100
77449,2012,14,683.2592592592592,6.526874376504511,1,WC,0,NoSA,resthotels,3,satisfactory,27,0.111,0.556,1,less50
77449,2015,17,690.2592592592592,6.5370672650763355,1,WC,0,NoSA,resthotels,3,satisfactory,27,0.148,0.444,1,less50
77449,2016,18,688.25,6.534152144022717,1,WC,0,NoSA,resthotels,3,satisfactory,28,0.107,0.607,1,less50
77449,2018,20,274.32608695652175,5.614317497163816,1,WC,0,NoSA,resthotels,4,good,46,0.065,0.565,1,less50
77459,2002,4,383.0432098765432,5.948147802338003,1,WC,0,NoSA,transcom,5,very good,162,0.037,0.519,3,less250
77459,2003,5,429.9139072847682,6.063584973024968,1,WC,0,NoSA,transcom,3,satisfactory,151,0.066,0.411,3,less250
77459,2004,6,445.5133333333333,6.099227175381821,1,WC,1,SA,transcom,3,satisfactory,150,0.02,0.427,3,less250
77459,2005,7,603.4245283018868,6.402620976051048,1,WC,1,SA,transcom,3,satisfactory,106,0.047,0.5,3,less250
77459,2006,8,1417.8217821782177,7.256877016667422,1,WC,1,SA,transcom,3,satisfactory,101,0.069,0.525,3,less250
77459,2007,9,1832.1919191919192,7.51326829913143,1,WC,0,NoSA,transcom,3,satisfactory,99,0.03,0.535,2,less100
77459,2008,10,862.2795698924731,6.7595795451024845,1,WC,0,NoSA,transcom,3,satisfactory,93,0.086,0.452,2,less100
77459,2009,11,1179.2941176470588,7.072671333079634,1,WC,0,NoSA,transcom,4,good,85,0.118,0.506,2,less100
77459,2010,12,1083.6756756756756,6.988113945051571,1,WC,0,NoSA,transcom,4,good,74,0.203,0.514,2,less100
77459,2011,13,1139.090909090909,7.037985775091744,1,WC,0,NoSA,transcom,5,very good,88,0.114,0.648,2,less100
77459,2012,14,1305.8045977011495,7.17457467973052,1,WC,0,NoSA,transcom,5,very good,87,0.115,0.655,2,less100
77459,2013,15,498.5444444444444,6.211692741785664,1,WC,0,NoSA,transcom,4,good,90,0.056,0.722,2,less100
77459,2014,16,509.875,6.234165597637722,1,WC,0,NoSA,transcom,4,good,88,0.114,0.727,2,less100
77459,2020,22,2386.6666666666665,7.777652971286582,1,WC,0,NoSA,transcom,5,very good,24,0.292,0.708,1,less50
77537,2001,3,1537.5424558080808,7.337940612833138,0,NoWC,0,NoSA,manufacturing,3,satisfactory,99,0.141,0.323,2,less100
77537,2002,4,1793.433734939759,7.49188734894645,0,NoWC,0,NoSA,manufacturing,4,good,83,0.036,0.325,2,less100
77537,2003,5,1845.7808219178082,7.520657676658205,0,NoWC,0,NoSA,manufacturing,2,sufficient,73,0.014,0.301,2,less100
77567,2014,16,3850.6111111111113,8.255987144844262,1,WC,0,NoSA,transcom,4,good,36,0.556,0.139,1,less50
77567,2015,17,2497.7027027027025,7.823126669472556,1,WC,0,NoSA,transcom,4,good,37,0.568,0.135,1,less50
77567,2016,18,2579.0232558139537,7.855166023217173,1,WC,0,NoSA,transcom,4,good,43,0.512,0.093,1,less50
77589,2009,11,2103.6585365853657,7.651433268189298,0,NoWC,0,NoSA,manufacturing,4,good,164,0.177,0.268,3,less250
77589,2010,12,1564.6746987951808,7.3554332211735565,0,NoWC,0,NoSA,manufacturing,4,good,166,0.265,0.265,3,less250
77589,2011,13,1701.1764705882354,7.439075332216485,0,NoWC,0,NoSA,manufacturing,4,good,170,0.259,0.335,3,less250
77594,2003,5,3679.3809523809523,8.210499797550797,0,NoWC,0,NoSA,manufacturing,2,sufficient,21,0.048,0.143,1,less50
77594,2004,6,2682.8888888888887,7.894649436556113,0,NoWC,0,NoSA,manufacturing,3,satisfactory,36,0.028,0.083,1,less50
77594,2006,8,2610.3783783783783,7.867250462367999,0,NoWC,0,NoSA,manufacturing,3,satisfactory,37,0.108,0.189,1,less50
77594,2007,9,2054.978723404255,7.628020773302165,0,NoWC,0,NoSA,manufacturing,3,satisfactory,47,0.128,0.255,1,less50
77594,2009,11,2695.3720930232557,7.899291541724755,0,NoWC,0,NoSA,manufacturing,2,sufficient,43,0.023,0.163,1,less50
77594,2010,12,1889.695652173913,7.5441710644910565,0,NoWC,0,NoSA,manufacturing,1,unsatisfactory,46,0.13,0.239,1,less50
77594,2012,14,1557.9807692307693,7.351145883113674,0,NoWC,0,NoSA,manufacturing,1,unsatisfactory,52,0.019,0.231,2,less100
77605,2013,15,1351.7642276422764,7.209165853557029,1,WC,0,NoSA,transcom,4,good,123,0.813,0.252,3,less250
77605,2014,16,1372.244094488189,7.224202703896008,1,WC,0,NoSA,transcom,4,good,127,0.795,0.22,3,less250
77605,2015,17,1503.4358974358975,7.3155083659599,1,WC,0,NoSA,transcom,4,good,117,0.735,0.222,3,less250
77627,1998,0,1614.6597951680671,7.386879560319559,1,WC,0,NoSA,mining,5,very good,119,0.017,0.504,3,less250
77627,1999,1,1871.6902654867256,7.534597186877339,1,WC,0,NoSA,mining,4,good,113,0.009,0.425,3,less250
77627,2000,2,2029.1234085648148,7.615359160334424,1,WC,0,NoSA,mining,5,very good,108,0.019,0.546,3,less250
77627,2001,3,2451.259655898876,7.80435731667623,1,WC,0,NoSA,mining,4,good,89,0.011,0.438,2,less100
77629,2003,5,2208.240740740741,7.699951432586106,1,WC,0,NoSA,wholesretail,4,good,54,0.074,0.296,2,less100
77629,2004,6,2583.64,7.8569545363112665,1,WC,0,NoSA,wholesretail,2,sufficient,50,0.08,0.28,1,less50
77629,2005,7,2384.9,7.776912473722234,1,WC,0,NoSA,wholesretail,3,satisfactory,50,0.08,0.18,1,less50
77629,2006,8,2384.8888888888887,7.776907814769241,1,WC,0,NoSA,wholesretail,1,unsatisfactory,45,0.089,0.156,1,less50
77629,2007,9,2569.0975609756097,7.851309972634662,1,WC,0,NoSA,wholesretail,3,satisfactory,41,0.073,0.171,1,less50
77629,2008,10,2777.8636363636365,7.929437435127351,1,WC,0,NoSA,wholesretail,3,satisfactory,44,0.045,0.159,1,less50
77629,2009,11,2426.4883720930234,7.794200376784757,1,WC,0,NoSA,wholesretail,3,satisfactory,43,0.047,0.419,1,less50
77642,2007,9,2463.9,7.809500739414256,1,WC,0,NoSA,buservices,4,good,50,0.62,0.14,1,less50
77642,2008,10,2281.6111111111113,7.732637100085008,1,WC,0,NoSA,buservices,5,very good,54,0.574,0.13,2,less100
77642,2009,11,2060.3454545454547,7.630628944105449,1,WC,0,NoSA,buservices,4,good,55,0.891,0.127,2,less100
77673,2009,11,1400.3793103448277,7.244498414867422,1,WC,1,SA,resthotels,3,satisfactory,29,0.448,0.655,1,less50
77673,2011,13,3113.1428571428573,8.043388059893926,1,WC,0,NoSA,resthotels,4,good,35,0.286,0.6,1,less50
77673,2012,14,6196.758620689655,8.731781631209413,1,WC,0,NoSA,resthotels,2,sufficient,29,0.345,0.552,1,less50
77673,2013,15,6420.205882352941,8.767205465072138,1,WC,0,NoSA,resthotels,3,satisfactory,34,0.294,0.559,1,less50
77712,1999,1,963.176796875,6.870236984641266,1,WC,0,NoSA,buservices,3,satisfactory,100,0.64,0.55,2,less100
77712,2000,2,1205.345078125,7.094521176816119,1,WC,0,NoSA,buservices,3,satisfactory,100,0.58,0.66,2,less100
77712,2001,3,961.8392748786408,6.868847362776576,1,WC,0,NoSA,buservices,3,satisfactory,103,0.33,0.553,3,less250
77712,2002,4,798.6960784313726,6.6829804959718535,1,WC,0,NoSA,buservices,4,good,102,0.265,0.539,3,less250
77712,2003,5,1110.4526315789474,7.012522987385511,1,WC,0,NoSA,buservices,3,satisfactory,95,0.411,0.526,2,less100
77777,2018,20,2121.9906542056074,7.660109914925591,1,WC,0,NoSA,manufacturing,4,good,107,0.009,0.57,3,less250
77777,2019,21,2121.9906542056074,7.660109914925591,0,NoWC,0,NoSA,manufacturing,4,good,107,0.009,0.654,3,less250
77777,2020,22,2204.3980582524273,7.698209761157861,0,NoWC,0,NoSA,manufacturing,4,good,103,0.01,0.583,3,less250
77778,2004,6,1459.2631578947369,7.285686900931881,1,WC,0,NoSA,manufacturing,4,good,114,0.026,0.553,3,less250
77778,2005,7,1465.4915254237287,7.289945977414151,1,WC,0,NoSA,manufacturing,5,very good,118,0.068,0.347,3,less250
77778,2006,8,761.0495495495495,6.634698466845268,1,WC,0,NoSA,manufacturing,4,good,222,0.018,0.455,3,less250
77778,2007,9,797.1978609625669,6.681102905147091,1,WC,0,NoSA,manufacturing,5,very good,187,0.086,0.305,3,less250
77778,2008,10,851.8642857142858,6.747427225073725,1,WC,0,NoSA,manufacturing,4,good,140,0.136,0.329,3,less250
77778,2009,11,921.5636363636364,6.826071832092469,1,WC,0,NoSA,manufacturing,5,very good,110,0.109,0.473,3,less250
77778,2010,12,1159.4833333333333,7.055729782580492,1,WC,0,NoSA,manufacturing,4,good,120,0.167,0.533,3,less250
77778,2013,15,1431.989247311828,7.266819838631944,1,WC,0,NoSA,manufacturing,5,very good,93,0.215,0.495,2,less100
77785,2011,13,2105.6190476190477,7.6523647872617415,1,WC,0,NoSA,wholesretail,2,sufficient,21,0.143,0.095,1,less50
77785,2012,14,3095.25,8.0376239573008,1,WC,0,NoSA,wholesretail,2,sufficient,20,0.6,0.1,1,less50
77785,2013,15,2928.2,7.982143178759382,1,WC,0,NoSA,wholesretail,2,sufficient,20,0.55,0.1,1,less50
77789,2000,2,5689.284090909091,8.646339700383628,0,NoWC,0,NoSA,health,4,good,110,0.036,0.109,3,less250
77789,2001,3,3604.8939285714287,8.190047625866319,0,NoWC,0,NoSA,health,4,good,175,0.017,0.131,3,less250
77789,2002,4,3043.478260869565,8.020756305102346,0,NoWC,0,NoSA,health,5,very good,184,0.016,0.13,3,less250
77789,2003,5,2546.3426966292136,7.842413372034658,0,NoWC,0,NoSA,health,2,sufficient,178,0.017,0.135,3,less250
77789,2004,6,2688.1720430107525,7.8966167036911274,0,NoWC,0,NoSA,health,1,unsatisfactory,186,0.022,0.129,3,less250
77789,2005,7,3034.041176470588,8.01765073149423,0,NoWC,0,NoSA,health,1,unsatisfactory,170,0.024,0.124,3,less250
77789,2006,8,2779.6610169491523,7.930084262900616,0,NoWC,0,NoSA,health,4,good,177,0.023,0.13,3,less250
77789,2007,9,2144.777777777778,7.670791225891656,0,NoWC,0,NoSA,health,4,good,189,0.021,0.148,3,less250
77789,2008,10,2076.7722222222224,7.638570151142115,0,NoWC,0,NoSA,health,4,good,180,0.017,0.122,3,less250
77789,2009,11,1960.2272727272727,7.580815700975345,0,NoWC,0,NoSA,health,4,good,176,0.023,0.114,3,less250
77789,2010,12,1546.047619047619,7.3434570301268405,0,NoWC,0,NoSA,health,4,good,168,0.03,0.113,3,less250
77789,2011,13,1633.8983050847457,7.398724036692918,0,NoWC,0,NoSA,health,4,good,177,0.056,0.153,3,less250
77789,2012,14,1712.9533678756477,7.445974275464176,0,NoWC,0,NoSA,health,4,good,193,0.057,0.161,3,less250
77789,2014,16,1663.157894736842,7.416473420408563,1,WC,0,NoSA,health,5,very good,190,0.068,0.158,3,less250
77789,2015,17,4691.760975609756,8.453563265511056,0,NoWC,0,NoSA,health,3,satisfactory,205,0.078,0.166,3,less250
77789,2016,18,4732.913043478261,8.4622961573475,0,NoWC,0,NoSA,health,3,satisfactory,207,0.106,0.164,3,less250
77789,2017,19,4884.849765258216,8.493893809706767,0,NoWC,0,NoSA,health,4,good,213,0.052,0.23,3,less250
77789,2018,20,5718.821596244132,8.651518048507278,0,NoWC,0,NoSA,health,4,good,213,0.136,0.23,3,less250
77789,2019,21,6361.227074235808,8.75797657392497,0,NoWC,0,NoSA,health,4,good,229,0.183,0.157,3,less250
77796,2017,19,2166.593220338983,7.680911268335973,1,WC,0,NoSA,resthotels,3,satisfactory,59,0.051,0.61,2,less100
77796,2018,20,1360.2372881355932,7.21541444008112,1,WC,0,NoSA,resthotels,4,good,59,0.237,0.61,2,less100
77796,2019,21,811.3220338983051,6.698665057787688,1,WC,0,NoSA,resthotels,3,satisfactory,59,0.136,0.61,2,less100
77796,2020,22,1989.7454545454545,7.595761997248347,1,WC,0,NoSA,resthotels,4,good,55,0.091,0.636,2,less100
77824,2017,19,2692.979797979798,7.898403591104961,1,WC,0,NoSA,manufacturing,4,good,396,0.207,0.732,4,more250
77824,2018,20,3004,8.007700012884026,1,WC,0,NoSA,manufacturing,4,good,355,0.228,0.73,4,more250
77824,2019,21,3503.5678233438484,8.161537106362713,1,WC,0,NoSA,manufacturing,4,good,317,0.293,0.688,4,more250
77824,2020,22,3545.3401162790697,8.173389376896921,1,WC,0,NoSA,manufacturing,3,satisfactory,344,0.212,0.715,4,more250
77824,2021,23,4954.871595330739,8.508126532267006,1,WC,0,NoSA,manufacturing,2,sufficient,257,0.409,0.708,4,more250
77825,2000,2,17.349062832919035,2.8535384895402687,0,NoWC,0,NoSA,wholesretail,3,satisfactory,176,0.011,0.278,3,less250
77825,2001,3,16.38809417014898,2.79655510595497,0,NoWC,0,NoSA,wholesretail,2,sufficient,172,0.012,0.244,3,less250
77825,2002,4,25.359375,3.233148484154919,0,NoWC,0,NoSA,wholesretail,2,sufficient,192,0.01,0.302,3,less250
77855,2001,3,456.4025472005208,6.123375199042725,1,WC,0,NoSA,edu,3,satisfactory,48,0.188,0.125,1,less50
77855,2002,4,607.4761904761905,6.409312981814867,1,WC,0,NoSA,edu,2,sufficient,42,0.119,0.143,1,less50
77855,2003,5,784.8,6.665428908251153,1,WC,0,NoSA,edu,2,sufficient,25,0.04,0.16,1,less50
77857,2009,11,2157.041237113402,7.67649276401513,1,WC,0,NoSA,buservices,4,good,97,0.34,0.866,2,less100
77857,2010,12,1562.9253731343283,7.354314583366267,1,WC,0,NoSA,buservices,4,good,134,0.396,0.91,3,less250
77857,2011,13,1671.6763005780347,7.421582174768968,1,WC,0,NoSA,buservices,4,good,173,0.358,0.902,3,less250
77879,2002,4,3344.5833333333335,8.115097400777676,1,WC,0,NoSA,manufacturing,3,satisfactory,36,0.028,0.917,1,less50
77879,2003,5,2784.8888888888887,7.931963255295808,1,WC,0,NoSA,manufacturing,3,satisfactory,36,0.028,0.944,1,less50
77879,2007,9,3521.1666666666665,8.166547653072179,1,WC,0,NoSA,manufacturing,1,unsatisfactory,30,0.033,0.9,1,less50
77899,1998,0,2489.8015625,7.819958292507935,1,WC,0,NoSA,wholesretail,3,satisfactory,35,0.057,0.2,1,less50
77899,2000,2,3238.3182291666667,8.082809408953448,1,WC,0,NoSA,wholesretail,4,good,30,0.1,0.233,1,less50
77899,2001,3,3144.172395833333,8.05330598532613,1,WC,0,NoSA,wholesretail,3,satisfactory,30,0.1,0.133,1,less50
77899,2002,4,3034.9375,8.017946110200834,1,WC,0,NoSA,wholesretail,3,satisfactory,32,0.062,0.156,1,less50
77918,1998,0,1498.118195564516,7.311965063210551,1,WC,0,NoSA,manufacturing,2,sufficient,62,0.032,0.903,2,less100
77918,1999,1,1438.6499115566037,7.271460391365409,1,WC,0,NoSA,manufacturing,2,sufficient,53,0.038,0.868,2,less100
77918,2000,2,2236.7674753289475,7.71278701121889,0,NoWC,0,NoSA,manufacturing,1,unsatisfactory,38,0.053,0.895,1,less50
77922,2009,11,2422.4166666666665,7.792520943448435,1,WC,0,NoSA,edu,4,good,24,0.042,0.208,1,less50
77922,2010,12,2524.5,7.833798302298971,1,WC,0,NoSA,edu,3,satisfactory,24,0.458,0.25,1,less50
77922,2011,13,2404.68,7.785172117554053,1,WC,0,NoSA,edu,2,sufficient,25,0.68,0.12,1,less50
77979,2006,8,2016.3934426229507,7.609065770181243,0,NoWC,1,SA,manufacturing,4,good,244,0.02,0.664,3,less250
77979,2007,9,1086.7640750670241,6.990959821307483,0,NoWC,1,SA,manufacturing,4,good,373,0.013,0.501,4,more250
77979,2008,10,709.3339658444023,6.564326453490963,0,NoWC,1,SA,manufacturing,4,good,527,0.009,0.643,4,more250
77979,2009,11,642.4581005586592,6.465301601504632,0,NoWC,0,NoSA,manufacturing,3,satisfactory,537,0.009,0.542,4,more250
77981,2000,2,24.1469199440696,3.1841568334170067,1,WC,0,NoSA,finance,4,good,44,0.023,0.364,1,less50
77981,2001,3,27.242678911258015,3.304784821205622,1,WC,0,NoSA,finance,4,good,39,0.026,0.41,1,less50
77981,2002,4,13.282051282051283,2.586413596129837,1,WC,0,NoSA,finance,4,good,39,0.026,0.436,1,less50
77981,2003,5,13.621621621621621,2.611658355427144,1,WC,0,NoSA,finance,4,good,37,0.027,0.432,1,less50
77981,2004,6,6.2894736842105265,1.838877392205125,1,WC,0,NoSA,finance,4,good,38,0.053,0.447,1,less50
77981,2006,8,6.45945945945946,1.8655456392872862,1,WC,0,NoSA,finance,3,satisfactory,37,0.027,0.459,1,less50
77990,2016,18,823.7313432835821,6.713844437042581,0,NoWC,0,NoSA,manufacturing,4,good,67,0.224,0.478,2,less100
77990,2017,19,1630.0454545454545,7.396363179636199,0,NoWC,0,NoSA,manufacturing,4,good,66,0.03,0.424,2,less100
77990,2018,20,1310.619718309859,7.178255371746192,0,NoWC,0,NoSA,manufacturing,4,good,71,0.028,0.451,2,less100
78009,2010,12,1010.578947368421,6.918278660826476,1,WC,0,NoSA,transcom,4,good,57,0.193,0.281,2,less100
78009,2011,13,719.6724137931035,6.578796127632,1,WC,0,NoSA,transcom,4,good,58,0.19,0.293,2,less100
78009,2013,15,872.7636363636364,6.7716647704561925,1,WC,0,NoSA,transcom,3,satisfactory,55,0.2,0.291,2,less100
78009,2014,16,1536.8363636363636,7.337481273092917,1,WC,0,NoSA,transcom,3,satisfactory,55,0.2,0.291,2,less100
78009,2015,17,1276.4642857142858,7.151849258001291,1,WC,0,NoSA,transcom,4,good,56,0.214,0.286,2,less100
78009,2016,18,1285.7857142857142,7.159125261275446,1,WC,0,NoSA,transcom,4,good,56,0.196,0.286,2,less100
78009,2017,19,1252.2333333333333,7.1326839027727,1,WC,0,NoSA,transcom,4,good,60,0.167,0.25,2,less100
78009,2018,20,1736.3333333333333,7.459530889077082,0,NoWC,0,NoSA,transcom,4,good,60,0.1,0.267,2,less100
78009,2019,21,2228.5593220338983,7.709110611746873,0,NoWC,0,NoSA,transcom,3,satisfactory,59,0.102,0.254,2,less100
78009,2020,22,2018.622950819672,7.610170850412012,0,NoWC,0,NoSA,wholesretail,3,satisfactory,61,0.098,0.246,2,less100
78009,2021,23,2726.2622950819673,7.910686827393598,0,NoWC,0,NoSA,wholesretail,4,good,61,0.098,0.23,2,less100
78019,2011,13,685.2567567567568,6.529793595414118,1,WC,0,NoSA,resthotels,4,good,74,0.081,0.905,2,less100
78019,2012,14,849.1842105263158,6.744276136305225,1,WC,0,NoSA,resthotels,4,good,76,0.105,0.921,2,less100
78019,2013,15,509.5131578947368,6.233455677441656,1,WC,0,NoSA,resthotels,2,sufficient,76,0.079,0.947,2,less100
78019,2014,16,599.2875,6.3957414495793365,1,WC,0,NoSA,resthotels,1,unsatisfactory,80,0.05,0.95,2,less100
78019,2015,17,633.8625,6.451832053944406,1,WC,0,NoSA,resthotels,3,satisfactory,80,0.05,0.938,2,less100
78019,2016,18,817.8870967741935,6.706724303573196,1,WC,0,NoSA,resthotels,3,satisfactory,62,0.065,0.935,2,less100
78019,2018,20,1443.0869565217392,7.27453981788808,1,WC,0,NoSA,resthotels,4,good,69,0.043,0.928,2,less100
78019,2019,21,1975.6607142857142,7.5886581602684116,1,WC,0,NoSA,resthotels,4,good,56,0.054,0.929,2,less100
78019,2020,22,1446.235294117647,7.27671911017107,1,WC,0,NoSA,finance,4,good,51,0.039,0.98,2,less100
78019,2021,23,1418.423076923077,7.257301024313969,1,WC,0,NoSA,finance,4,good,52,0.038,0.981,2,less100
78022,2019,21,772.6904761904761,6.649878549498595,0,NoWC,0,NoSA,construction,1,unsatisfactory,84,0.345,0.381,2,less100
78022,2020,22,936.6619718309859,6.842322461367034,0,NoWC,0,NoSA,wholesretail,2,sufficient,71,0.127,0.592,2,less100
78022,2021,23,1639.2391304347825,7.40198746830569,0,NoWC,0,NoSA,wholesretail,2,sufficient,46,0.478,0.457,1,less50
78028,2005,7,89.23507462686567,4.49127417560354,1,WC,0,NoSA,manufacturing,3,satisfactory,268,0.004,0.955,4,more250
78028,2008,10,299.3818181818182,5.7017197426259,1,WC,0,NoSA,manufacturing,4,good,275,0.007,0.956,4,more250
78028,2009,11,360.7517985611511,5.8881901832580485,1,WC,0,NoSA,manufacturing,3,satisfactory,278,0.004,0.942,4,more250
78028,2010,12,328.5054945054945,5.794553563828909,1,WC,0,NoSA,manufacturing,4,good,273,0.007,0.952,4,more250
78028,2011,13,474.50680272108843,6.1622759545564625,1,WC,0,NoSA,manufacturing,4,good,294,0.01,0.946,4,more250
78028,2012,14,531.6677852348994,6.276018830438715,1,WC,0,NoSA,manufacturing,3,satisfactory,298,0.007,0.936,4,more250
78028,2013,15,521.1360759493671,6.2560111898956885,1,WC,0,NoSA,manufacturing,3,satisfactory,316,0.009,0.924,4,more250
78028,2014,16,588.7993730407524,6.378085502605595,1,WC,0,NoSA,manufacturing,4,good,319,0.016,0.912,4,more250
78028,2015,17,376.3848484848485,5.930612153141319,1,WC,0,NoSA,manufacturing,3,satisfactory,330,0.048,0.809,4,more250
78028,2016,18,740.6231884057971,6.607491978286138,1,WC,0,NoSA,manufacturing,4,good,345,0.055,0.858,4,more250
78028,2017,19,804.3623595505618,6.690049863604459,1,WC,0,NoSA,manufacturing,3,satisfactory,356,0.045,0.815,4,more250
78028,2019,21,704.5732323232323,6.557592275295114,1,WC,0,NoSA,manufacturing,3,satisfactory,396,0.104,0.876,4,more250
78028,2020,22,707.8866995073892,6.562284051943356,1,WC,0,NoSA,manufacturing,3,satisfactory,406,0.052,0.869,4,more250
78028,2021,23,1140.5655339805826,7.039279500819435,1,WC,0,NoSA,manufacturing,3,satisfactory,412,0.039,0.772,4,more250
78046,2013,15,1639.68,7.40225637982826,0,NoWC,0,NoSA,public,3,satisfactory,25,0.04,0.92,1,less50
78046,2016,18,2089.5555555555557,7.644706669500803,0,NoWC,0,NoSA,public,4,good,27,0.037,0.926,1,less50
78046,2017,19,2861.24,7.959010376284697,1,WC,0,NoSA,public,5,very good,25,0.04,1,1,less50
78055,1998,0,2809.2960164835163,7.940689202998615,0,NoWC,0,NoSA,finance,2,sufficient,364,0.014,0.184,4,more250
78055,1999,1,2741.943809148265,7.9164223672603,0,NoWC,0,NoSA,finance,1,unsatisfactory,317,0.063,0.331,4,more250
78055,2000,2,1937.5270897832818,7.569167742953387,0,NoWC,0,NoSA,finance,2,sufficient,323,0.053,0.322,4,more250
78057,1998,0,2460.964015151515,7.808308428240884,1,WC,0,NoSA,wholesretail,3,satisfactory,66,0.015,0.197,2,less100
78057,1999,1,3206.822596153846,8.073035880468609,1,WC,0,NoSA,wholesretail,4,good,65,0.015,0.215,2,less100
78057,2000,2,3281.285274621212,8.0959904766429,1,WC,0,NoSA,wholesretail,4,good,66,0.015,0.197,2,less100
78111,2006,8,1607.8431372549019,7.382648893522064,0,NoWC,1,SA,buservices,3,satisfactory,306,0.928,0.206,4,more250
78111,2007,9,1021.0654911838791,6.928601960264108,0,NoWC,0,NoSA,buservices,4,good,397,0.605,0.229,4,more250
78111,2008,10,1065.011396011396,6.9707407785664595,0,NoWC,1,SA,buservices,1,unsatisfactory,351,0.442,0.199,4,more250
78111,2009,11,903.1413612565445,6.805879087406922,0,NoWC,1,SA,buservices,1,unsatisfactory,382,0.539,0.228,4,more250
78111,2010,12,652.6030150753769,6.4809690042456625,0,NoWC,1,SA,buservices,2,sufficient,398,0.5,0.239,4,more250
78116,2017,19,2084.0757097791798,7.6420807312820775,1,WC,0,NoSA,manufacturing,3,satisfactory,317,0.237,0.58,4,more250
78116,2018,20,1996.7551020408164,7.599278692966798,1,WC,0,NoSA,manufacturing,3,satisfactory,343,0.292,0.592,4,more250
78116,2019,21,2122.9882352941177,7.660579920140147,1,WC,0,NoSA,manufacturing,4,good,340,0.35,0.544,4,more250
78120,1999,1,1473.5431743421052,7.295425102286064,1,WC,0,NoSA,manufacturing,2,sufficient,38,0.079,0.105,1,less50
78120,2000,2,2010.0588942307693,7.60591930123619,1,WC,0,NoSA,manufacturing,3,satisfactory,39,0.077,0.077,1,less50
78120,2001,3,1915.6087582236842,7.557790740510458,1,WC,0,NoSA,manufacturing,3,satisfactory,38,0.079,0.105,1,less50
78120,2002,4,2046.2105263157894,7.623744837755618,1,WC,0,NoSA,manufacturing,3,satisfactory,38,0.132,0.105,1,less50
78120,2003,5,1872.3548387096773,7.5349521896678695,1,WC,0,NoSA,manufacturing,1,unsatisfactory,31,0.097,0.129,1,less50
78120,2004,6,2119.6774193548385,7.659019195406767,1,WC,0,NoSA,manufacturing,3,satisfactory,31,0.097,0.129,1,less50
78120,2005,7,2472.935483870968,7.813161178976895,1,WC,0,NoSA,manufacturing,3,satisfactory,31,0.161,0.129,1,less50
78120,2006,8,2555.366666666667,7.845951001799886,1,WC,0,NoSA,manufacturing,3,satisfactory,30,0.2,0.133,1,less50
78120,2007,9,2832.310344827586,7.948848033847598,1,WC,0,NoSA,manufacturing,3,satisfactory,29,0.207,0.103,1,less50
78120,2008,10,2372.8333333333335,7.7718400193856905,1,WC,0,NoSA,manufacturing,3,satisfactory,30,0.2,0.1,1,less50
78120,2010,12,2566.78125,7.850407961034346,1,WC,0,NoSA,manufacturing,2,sufficient,32,0.594,0.094,1,less50
78120,2011,13,2346.7714285714287,7.760795802344659,1,WC,0,NoSA,manufacturing,3,satisfactory,35,0.543,0.086,1,less50
78120,2012,14,1758.878787878788,7.472431832686536,1,WC,0,NoSA,manufacturing,3,satisfactory,33,0.455,0.091,1,less50
78120,2013,15,1610.5294117647059,7.384318231109747,1,WC,0,NoSA,manufacturing,3,satisfactory,34,0.5,0.088,1,less50
78120,2014,16,2522.1470588235293,7.83286582522279,1,WC,0,NoSA,manufacturing,3,satisfactory,34,0.559,0.088,1,less50
78120,2015,17,2474.259259259259,7.813696341018665,1,WC,0,NoSA,manufacturing,3,satisfactory,27,0.704,0.111,1,less50
78120,2016,18,2358.8076923076924,7.765911555231636,1,WC,0,NoSA,manufacturing,3,satisfactory,26,0.577,0.115,1,less50
78120,2017,19,3559.25,8.177305127493856,1,WC,0,NoSA,manufacturing,3,satisfactory,28,0.536,0.107,1,less50
78120,2018,20,2119.6774193548385,7.659019195406767,1,WC,0,NoSA,manufacturing,3,satisfactory,31,0.419,0.097,1,less50
78120,2019,21,2842.15625,7.9523182860338695,1,WC,0,NoSA,manufacturing,3,satisfactory,32,0.375,0.094,1,less50
78120,2020,22,2618.1470588235293,7.870222117093747,1,WC,0,NoSA,manufacturing,3,satisfactory,34,0.353,0.059,1,less50
78149,2005,7,2385.84,7.777306542571999,1,WC,0,NoSA,construction,3,satisfactory,25,0.04,0.32,1,less50
78149,2006,8,2298.296296296296,7.739923386692522,1,WC,0,NoSA,construction,3,satisfactory,27,0.037,0.37,1,less50
78149,2007,9,2288.185185185185,7.735514286805357,1,WC,0,NoSA,construction,4,good,27,0.037,0.37,1,less50
78149,2008,10,1977.46875,7.589572896735654,1,WC,0,NoSA,construction,3,satisfactory,32,0.094,0.375,1,less50
78149,2009,11,1964.0294117647059,7.5827534642425585,1,WC,0,NoSA,construction,1,unsatisfactory,34,0.118,0.353,1,less50
78149,2010,12,1764.3589743589744,7.4755427160668795,1,WC,0,NoSA,construction,3,satisfactory,39,0.103,0.333,1,less50
78149,2011,13,1772.054054054054,7.479894635244949,1,WC,0,NoSA,construction,3,satisfactory,37,0.081,0.351,1,less50
78149,2012,14,2497.375,7.822995459220113,1,WC,0,NoSA,construction,4,good,40,0.025,0.375,1,less50
78149,2013,15,1562.6829268292684,7.354159447928759,1,WC,0,NoSA,construction,3,satisfactory,41,0.024,0.39,1,less50
78149,2015,17,2333.3414634146343,7.755056623683828,1,WC,0,NoSA,construction,4,good,41,0.024,0.415,1,less50
78149,2016,18,1919.6666666666667,7.559906838838563,1,WC,0,NoSA,construction,4,good,45,0.022,0.467,1,less50
78149,2017,19,1970.5454545454545,7.586065663887634,1,WC,0,NoSA,construction,4,good,44,0.068,0.477,1,less50
78149,2018,20,1986.0227272727273,7.593889288282201,1,WC,0,NoSA,construction,4,good,44,0.136,0.477,1,less50
78149,2019,21,1854.2045454545455,7.52521106660691,1,WC,0,NoSA,construction,4,good,44,0.091,0.477,1,less50
78149,2020,22,2032.953488372093,7.617244935044988,1,WC,0,NoSA,wholesretail,4,good,43,0.093,0.465,1,less50
78149,2021,23,1571.046511627907,7.359497244200497,1,WC,0,NoSA,wholesretail,3,satisfactory,43,0.07,0.605,1,less50
78165,1999,1,690.8022505733945,6.537853604190486,1,WC,0,NoSA,manufacturing,3,satisfactory,218,0.009,0.101,3,less250
78165,2000,2,542.6856700450451,6.296530275791768,0,NoWC,0,NoSA,manufacturing,2,sufficient,222,0.009,0.252,3,less250
78165,2001,3,517.0653165236051,6.248169204098346,0,NoWC,0,NoSA,manufacturing,1,unsatisfactory,233,0.004,0.258,3,less250
78193,1999,1,869.8275923295455,6.768295022274258,0,NoWC,0,NoSA,public,1,unsatisfactory,132,0.008,0.068,3,less250
78193,2000,2,1460.390234375,7.286458962806919,0,NoWC,0,NoSA,public,2,sufficient,120,0.033,0.075,3,less250
78193,2001,3,1459.46875,7.285827778622666,0,NoWC,0,NoSA,public,1,unsatisfactory,129,0.008,0.062,3,less250
78193,2002,4,2164.6611570247933,7.680019118730336,1,WC,0,NoSA,public,2,sufficient,121,0.017,0.099,3,less250
78193,2003,5,2795.704081632653,7.935839261426695,1,WC,0,NoSA,public,3,satisfactory,98,0.01,0.122,2,less100
78193,2004,6,1302.079207920792,7.171717656494751,1,WC,0,NoSA,public,1,unsatisfactory,101,0.01,0.149,3,less250
78195,2010,12,2580.55,7.855757833490973,1,WC,0,NoSA,manufacturing,4,good,20,0.2,0.75,1,less50
78195,2011,13,2382.076923076923,7.775728042876997,0,NoWC,0,NoSA,manufacturing,4,good,26,0.154,0.615,1,less50
78195,2012,14,1961.2333333333333,7.581328806029405,0,NoWC,0,NoSA,manufacturing,2,sufficient,30,0.133,0.767,1,less50
78195,2013,15,1479.5333333333333,7.299482001720519,0,NoWC,0,NoSA,manufacturing,2,sufficient,30,0.133,0.767,1,less50
78195,2014,16,1664.8709677419354,7.417502902559818,0,NoWC,0,NoSA,manufacturing,2,sufficient,31,0.161,0.71,1,less50
78195,2015,17,1782.939393939394,7.48601862622508,0,NoWC,0,NoSA,manufacturing,3,satisfactory,33,0.091,0.667,1,less50
78195,2016,18,3339.5588235294117,8.113593988482608,0,NoWC,0,NoSA,manufacturing,3,satisfactory,34,0.088,0.647,1,less50
78195,2017,19,1129,7.029087564149662,0,NoWC,0,NoSA,manufacturing,2,sufficient,32,0.156,0.688,1,less50
78195,2018,20,1251.1818181818182,7.131843838181162,0,NoWC,0,NoSA,manufacturing,3,satisfactory,33,0.152,0.667,1,less50
78216,2007,9,1606.423076923077,7.381765295008691,0,NoWC,0,NoSA,buservices,3,satisfactory,52,0.019,0.077,2,less100
78216,2011,13,2369.127659574468,7.770277090243615,0,NoWC,0,NoSA,buservices,4,good,47,0.021,0.064,1,less50
78216,2012,14,2969.32,7.996088249353311,0,NoWC,0,NoSA,buservices,3,satisfactory,50,0.02,0.06,1,less50
78216,2015,17,4970.946428571428,8.5113655292455,0,NoWC,0,NoSA,buservices,5,very good,56,0.054,0.071,2,less100
78216,2016,18,3617.271186440678,8.193475204657382,0,NoWC,0,NoSA,buservices,4,good,59,0.034,0.085,2,less100
78216,2017,19,2433.8688524590166,7.797237390608145,0,NoWC,0,NoSA,buservices,4,good,61,0.016,0.115,2,less100
78216,2019,21,2855.107692307692,7.956864841976848,0,NoWC,0,NoSA,buservices,4,good,65,0.046,0.108,2,less100
78224,2013,15,881.3703703703703,6.781477935290047,0,NoWC,0,NoSA,wholesretail,4,good,27,0.037,0.593,1,less50
78224,2014,16,935.4285714285714,6.841004789435712,0,NoWC,0,NoSA,wholesretail,4,good,28,0.071,0.571,1,less50
78224,2015,17,1590.0714285714287,7.3715342178350705,0,NoWC,0,NoSA,wholesretail,4,good,28,0.071,0.536,1,less50
78224,2016,18,1512.107142857143,7.321259415906913,0,NoWC,0,NoSA,wholesretail,4,good,28,0.036,0.5,1,less50
78224,2018,20,3120.8709677419356,8.045867398174193,0,NoWC,0,NoSA,wholesretail,4,good,31,0.194,0.581,1,less50
78224,2019,21,3036.294117647059,8.018393010518619,0,NoWC,0,NoSA,wholesretail,4,good,34,0.176,0.529,1,less50
78224,2020,22,3296.9666666666667,8.10075813281943,0,NoWC,0,NoSA,construction,4,good,30,0.167,0.6,1,less50
78224,2021,23,4924.413793103448,8.501960519740914,0,NoWC,0,NoSA,construction,3,satisfactory,29,0.207,0.552,1,less50
78229,2004,6,640.9636363636364,6.46297272576958,0,NoWC,0,NoSA,manufacturing,3,satisfactory,385,0.026,0.358,4,more250
78229,2005,7,623.0283505154639,6.434592024197434,0,NoWC,1,SA,manufacturing,3,satisfactory,388,0.015,0.353,4,more250
78229,2007,9,599.7914438502673,6.396582001208607,0,NoWC,0,NoSA,manufacturing,4,good,374,0.005,0.348,4,more250
78229,2008,10,656.8885869565217,6.487514425651776,0,NoWC,1,SA,manufacturing,3,satisfactory,368,0.016,0.353,4,more250
78237,1998,0,1650.8894961977187,7.409069510243244,1,WC,0,NoSA,wholesretail,4,good,263,0.125,0.281,4,more250
78237,2000,2,1704.156762295082,7.440825699809872,1,WC,0,NoSA,wholesretail,2,sufficient,244,0.189,0.27,3,less250
78237,2001,3,1681.7445527522937,7.427586957865116,1,WC,0,NoSA,wholesretail,2,sufficient,218,0.284,0.271,3,less250
78240,2015,17,820.6818181818181,6.710135480353242,0,NoWC,0,NoSA,transcom,5,very good,22,0.136,0.136,1,less50
78240,2016,18,611.0434782608696,6.415168115822993,0,NoWC,0,NoSA,transcom,5,very good,23,0.174,0.174,1,less50
78240,2017,19,891.0869565217391,6.7924420170092885,0,NoWC,0,NoSA,transcom,5,very good,23,0.174,0.174,1,less50
78247,2002,4,1335.6923076923076,7.1972050189579475,1,WC,0,NoSA,buservices,3,satisfactory,26,0.423,0.038,1,less50
78247,2003,5,1953.45,7.577352319081822,1,WC,0,NoSA,buservices,1,unsatisfactory,20,0.55,0.05,1,less50
78247,2004,6,824.8,6.7151409327027505,1,WC,0,NoSA,buservices,3,satisfactory,20,0.6,0.05,1,less50
78259,2009,11,2379.310344827586,7.774565953592922,0,NoWC,0,NoSA,manufacturing,3,satisfactory,145,0.021,0.421,3,less250
78259,2010,12,1546.047619047619,7.3434570301268405,0,NoWC,0,NoSA,manufacturing,3,satisfactory,168,0.083,0.44,3,less250
78259,2011,13,1671.6763005780347,7.421582174768968,0,NoWC,0,NoSA,manufacturing,4,good,173,0.023,0.405,3,less250
78269,2014,16,2841.5806451612902,7.9521157415279236,1,WC,0,NoSA,buservices,3,satisfactory,31,0.032,0.935,1,less50
78269,2015,17,3102.9545454545455,8.040110015760536,0,NoWC,0,NoSA,buservices,5,very good,22,0.091,0.864,1,less50
78269,2017,19,3997.185185185185,8.293345688682654,0,NoWC,0,NoSA,buservices,4,good,27,0.148,0.852,1,less50
78269,2018,20,4272,8.35983738064003,0,NoWC,0,NoSA,buservices,3,satisfactory,24,0.167,0.917,1,less50
78277,2012,14,1052.6818181818182,6.959096299503505,0,NoWC,0,NoSA,public,4,good,44,0.023,0.932,1,less50
78277,2013,15,1084.6,6.98896653440696,0,NoWC,0,NoSA,public,3,satisfactory,45,0.022,0.956,1,less50
78277,2014,16,1109.25,7.011439390259019,1,WC,0,NoSA,public,5,very good,44,0.023,0.955,1,less50
78277,2020,22,1541.2954545454545,7.3403785460439686,1,WC,0,NoSA,public,5,very good,44,0.045,0.909,1,less50
78277,2021,23,1588.9512195121952,7.370829467205959,1,WC,0,NoSA,public,4,good,41,0.049,0.976,1,less50
78303,2002,4,1538.1746031746031,7.338351669743315,0,NoWC,0,NoSA,wholesretail,4,good,63,0.571,0.063,2,less100
78303,2004,6,2032.4727272727273,7.617008423015938,0,NoWC,0,NoSA,wholesretail,3,satisfactory,55,0.618,0.073,2,less100
78303,2005,7,2892.3636363636365,7.969829314089156,0,NoWC,0,NoSA,wholesretail,3,satisfactory,55,0.273,0.073,2,less100
78324,2005,7,1413.9347826086957,7.254131722768152,1,WC,0,NoSA,manufacturing,4,good,46,0.174,0.283,1,less50
78324,2006,8,1467.0444444444445,7.291005073828878,1,WC,0,NoSA,manufacturing,4,good,45,0.022,0.267,1,less50
78324,2007,9,1237.5714285714287,7.120906212834827,1,WC,0,NoSA,manufacturing,4,good,56,0.143,0.286,2,less100
78324,2008,10,1311.7413793103449,7.179110830645356,0,NoWC,0,NoSA,manufacturing,4,good,58,0.121,0.328,2,less100
78327,2008,10,289.9,5.66953603592761,1,WC,0,NoSA,wholesretail,3,satisfactory,30,0.033,0.067,1,less50
78327,2013,15,285.875,5.655554652342945,1,WC,0,NoSA,health,4,good,32,0.031,0.094,1,less50
78327,2014,16,300.8235294117647,5.7065238117949155,1,WC,0,NoSA,health,2,sufficient,34,0.029,0.088,1,less50
78327,2018,20,312.7435897435897,5.745383652713592,1,WC,0,NoSA,health,4,good,39,0.026,0.103,1,less50
78327,2019,21,326.7142857142857,5.789086044967468,1,WC,0,NoSA,health,2,sufficient,42,0.024,0.119,1,less50
78337,2016,18,2110.8076923076924,7.654825945786618,0,NoWC,0,NoSA,buservices,1,unsatisfactory,104,0.346,0.721,3,less250
78337,2017,19,1829.7181818181818,7.511917234969944,0,NoWC,0,NoSA,buservices,4,good,110,0.4,0.682,3,less250
78337,2019,21,1805.4017857142858,7.498538441959769,0,NoWC,0,NoSA,buservices,3,satisfactory,112,0.554,0.679,3,less250
78337,2020,22,2158.5652173913045,7.6771990287579035,0,NoWC,0,NoSA,buservices,4,good,115,0.496,0.678,3,less250
78351,2003,5,1330.6527777777778,7.193424911167023,0,NoWC,0,NoSA,buservices,3,satisfactory,72,0.014,0.708,2,less100
78351,2005,7,1248.4197530864199,7.129633832993667,0,NoWC,0,NoSA,buservices,3,satisfactory,81,0.025,0.679,2,less100
78351,2006,8,1318.2592592592594,7.184067402288251,0,NoWC,0,NoSA,buservices,4,good,81,0.025,0.679,2,less100
78351,2007,9,1346.0689655172414,7.2049437462748775,0,NoWC,0,NoSA,buservices,3,satisfactory,87,0.023,0.713,2,less100
78371,2018,20,1812.2130872483222,7.502304077508006,0,NoWC,0,NoSA,health,4,good,596,0.349,0.257,4,more250
78371,2019,21,3008.6485507246375,8.009246270448095,0,NoWC,0,NoSA,health,4,good,552,0.475,0.286,4,more250
78371,2020,22,2995.1747572815534,8.004757858523918,0,NoWC,0,NoSA,buservices,4,good,515,0.252,0.295,4,more250
78371,2021,23,1939.5766871165645,7.570225025730506,0,NoWC,0,NoSA,buservices,4,good,489,0.524,0.342,4,more250
78432,2000,2,2888.7353515625,7.9685740907189615,1,WC,0,NoSA,wholesretail,3,satisfactory,24,0.042,0.625,1,less50
78432,2002,4,2731.809523809524,7.912719497838988,1,WC,0,NoSA,wholesretail,3,satisfactory,21,0.286,0.619,1,less50
78432,2003,5,1859.3478260869565,7.527981074085733,1,WC,0,NoSA,wholesretail,4,good,23,0.261,0.435,1,less50
78497,2003,5,1812.996,7.502736004464497,0,NoWC,0,NoSA,buservices,3,satisfactory,250,0.02,0.112,3,less250
78497,2004,6,2040.8163265306123,7.621105166859602,0,NoWC,0,NoSA,buservices,3,satisfactory,245,0.02,0.11,3,less250
78497,2006,8,2388.349514563107,7.778357826684864,0,NoWC,0,NoSA,buservices,2,sufficient,206,0.029,0.087,3,less250
78497,2007,9,1930.3,7.565430710233829,0,NoWC,0,NoSA,buservices,2,sufficient,210,0.029,0.067,3,less250
78521,2014,16,1130.6666666666667,7.030562708243684,1,WC,0,NoSA,wholesretail,4,good,21,0.619,0.429,1,less50
78521,2015,17,1177.7916666666667,7.071396495147239,1,WC,0,NoSA,wholesretail,3,satisfactory,24,0.5,0.458,1,less50
78521,2016,18,1753.3214285714287,7.469267227252437,1,WC,0,NoSA,wholesretail,4,good,28,0.464,0.357,1,less50
78521,2017,19,1674.3666666666666,7.4231902633050275,1,WC,0,NoSA,wholesretail,4,good,30,0.433,0.233,1,less50
78522,2005,7,886.2319587628866,6.786978720813054,0,NoWC,0,NoSA,manufacturing,3,satisfactory,582,0.007,0.751,4,more250
78522,2006,8,828.2828282828283,6.7193546761118,0,NoWC,0,NoSA,manufacturing,3,satisfactory,594,0.003,0.855,4,more250
78522,2007,9,628.4697674418604,6.443287924155526,0,NoWC,0,NoSA,manufacturing,3,satisfactory,645,0.006,0.603,4,more250
78522,2008,10,600.9951768488746,6.398586909293146,0,NoWC,0,NoSA,manufacturing,3,satisfactory,622,0.006,0.545,4,more250
78529,1999,1,1045.5037715517242,6.952254126276552,1,WC,0,NoSA,public,3,satisfactory,29,0.034,0.241,1,less50
78529,2000,2,1242.2836277173913,7.124706600124006,1,WC,0,NoSA,health,5,very good,23,0.087,0.087,1,less50
78529,2002,4,835.1,6.727551478159183,1,WC,0,NoSA,health,4,good,30,0.033,0.1,1,less50
78529,2003,5,868.4193548387096,6.766674725686108,1,WC,0,NoSA,health,4,good,31,0.065,0.065,1,less50
78529,2005,7,945.5882352941177,6.851807205049604,1,WC,0,NoSA,health,3,satisfactory,34,0.059,0.088,1,less50
78534,2010,12,1753.2,7.469197968544655,1,WC,0,NoSA,manufacturing,3,satisfactory,25,0.12,0.2,1,less50
78534,2011,13,1201.4571428571428,7.091290384841754,1,WC,0,NoSA,manufacturing,3,satisfactory,35,0.057,0.229,1,less50
78534,2012,14,1207.6774193548388,7.0964543058761285,1,WC,0,NoSA,manufacturing,3,satisfactory,31,0.097,0.258,1,less50
78534,2013,15,1230.0294117647059,7.114793360084402,1,WC,0,NoSA,manufacturing,3,satisfactory,34,0.088,0.265,1,less50
78534,2014,16,1332.6486486486488,7.194923706027185,1,WC,0,NoSA,manufacturing,3,satisfactory,37,0.081,0.27,1,less50
78534,2015,17,1513.1714285714286,7.321963011118437,1,WC,1,SA,manufacturing,3,satisfactory,35,0.114,0.257,1,less50
78534,2016,18,1682.0526315789473,7.427770131112867,1,WC,1,SA,manufacturing,3,satisfactory,38,0.079,0.184,1,less50
78534,2017,19,1603.3157894736842,7.379829132255627,1,WC,1,SA,manufacturing,3,satisfactory,38,0.026,0.237,1,less50
78534,2018,20,1287.7435897435898,7.160646810559952,1,WC,1,SA,manufacturing,3,satisfactory,39,0.026,0.205,1,less50
78534,2019,21,1404.7948717948718,7.2476465723864845,1,WC,1,SA,manufacturing,3,satisfactory,39,0.026,0.231,1,less50
78534,2021,23,1213.5,7.101264025166656,1,WC,1,SA,manufacturing,3,satisfactory,38,0.105,0.184,1,less50
78552,2008,10,5496.7307692307695,8.611908788897116,1,WC,0,NoSA,resthotels,1,unsatisfactory,26,0.577,0.154,1,less50
78552,2009,11,2720.8928571428573,7.908715361728251,1,WC,0,NoSA,resthotels,4,good,28,0.571,0.179,1,less50
78552,2010,12,2095.8333333333335,7.647706525739885,1,WC,0,NoSA,resthotels,3,satisfactory,30,0.633,0.167,1,less50
78561,2008,10,9825.923076923076,9.19277938417394,0,NoWC,1,SA,construction,4,good,26,0.154,0.423,1,less50
78561,2009,11,5668.807692307692,8.642734091065497,0,NoWC,1,SA,manufacturing,3,satisfactory,26,0.154,0.385,1,less50
78561,2010,12,7324.772727272727,8.899017406410437,0,NoWC,0,NoSA,manufacturing,4,good,22,0.091,0.545,1,less50
78561,2011,13,8106.4,9.000409152134107,0,NoWC,0,NoSA,manufacturing,4,good,20,0.1,0.55,1,less50
78569,2007,9,3118.809523809524,8.045206645108326,1,WC,0,NoSA,construction,4,good,21,0.857,0.143,1,less50
78569,2008,10,3045.653846153846,8.021470884894217,1,WC,0,NoSA,construction,4,good,26,0.962,0.077,1,less50
78569,2010,12,3328.3478260869565,8.11023131152995,1,WC,0,NoSA,construction,3,satisfactory,23,0.826,0.087,1,less50
78569,2011,13,3171.65625,8.06200920676878,1,WC,0,NoSA,construction,4,good,32,0.531,0.062,1,less50
78569,2012,14,3047.6857142857143,8.02213779937913,1,WC,0,NoSA,construction,4,good,35,0.457,0.086,1,less50
78569,2013,15,3029.4736842105262,8.016144181834864,1,WC,0,NoSA,construction,4,good,38,0.526,0.079,1,less50
78569,2014,16,2705.974358974359,7.903217333066608,1,WC,0,NoSA,construction,4,good,39,0.436,0.077,1,less50
78569,2015,17,2850.9210526315787,7.955397397414422,1,WC,0,NoSA,construction,4,good,38,0.447,0.053,1,less50
78569,2016,18,4259.272727272727,8.356853703391394,1,WC,0,NoSA,construction,4,good,33,0.515,0.091,1,less50
78569,2017,19,3339.4848484848485,8.113571837094415,1,WC,0,NoSA,construction,4,good,33,0.758,0.091,1,less50
78569,2018,20,3613.3030303030305,8.19237759984286,1,WC,0,NoSA,construction,4,good,33,0.545,0.121,1,less50
78569,2019,21,3745.4848484848485,8.228306353121406,1,WC,0,NoSA,construction,3,satisfactory,33,0.697,0.091,1,less50
78569,2020,22,3478.909090909091,8.154474043999688,1,WC,0,NoSA,construction,3,satisfactory,33,0.727,0.091,1,less50
78569,2021,23,3508.787878787879,8.163025923139838,1,WC,0,NoSA,construction,3,satisfactory,33,0.576,0.091,1,less50
78577,2006,8,2828.84,7.947622012614845,1,WC,0,NoSA,construction,3,satisfactory,25,0.72,0.24,1,less50
78577,2008,10,3317.9565217391305,8.107104366908999,1,WC,0,NoSA,construction,4,good,23,0.783,0.174,1,less50
78577,2009,11,3342.521739130435,8.114480812808482,1,WC,0,NoSA,construction,3,satisfactory,23,0.783,0.174,1,less50
78577,2013,15,2960.4166666666665,7.993085303177301,1,WC,0,NoSA,construction,4,good,24,0.792,0.208,1,less50
78593,2016,18,2252.15625,7.7196433696235784,1,WC,0,NoSA,health,1,unsatisfactory,32,0.031,0.812,1,less50
78593,2017,19,2196.5555555555557,7.694645755859718,1,WC,0,NoSA,health,2,sufficient,36,0.028,0.75,1,less50
78593,2018,20,2025.7619047619048,7.613701158041772,1,WC,0,NoSA,health,1,unsatisfactory,42,0.024,0.762,1,less50
78627,2008,10,1332.642857142857,7.1949193601567405,1,WC,0,NoSA,manufacturing,4,good,42,0.095,0.071,1,less50
78627,2009,11,2313.8863636363635,7.746683798352599,1,WC,0,NoSA,manufacturing,5,very good,44,0.091,0.068,1,less50
78627,2010,12,2535.548387096774,7.838165218901047,1,WC,0,NoSA,manufacturing,4,good,31,0.129,0.097,1,less50
78627,2011,13,2217.731707317073,7.704240199059644,1,WC,0,NoSA,manufacturing,4,good,41,0.049,0.073,1,less50
78627,2012,14,1674.4814814814815,7.423258833039921,1,WC,0,NoSA,manufacturing,2,sufficient,54,0.019,0.074,2,less100
78627,2014,16,1528.875,7.332287449807527,1,WC,0,NoSA,manufacturing,3,satisfactory,64,0.062,0.078,2,less100
78627,2015,17,942.0697674418604,6.84807933493559,1,WC,1,SA,manufacturing,4,good,86,0.047,0.07,2,less100
78627,2016,18,910.314606741573,6.813790261456957,1,WC,0,NoSA,manufacturing,3,satisfactory,89,0.022,0.056,2,less100
78627,2017,19,901.40625,6.803956043891263,1,WC,0,NoSA,manufacturing,3,satisfactory,96,0.042,0.083,2,less100
78627,2018,20,1547.0208333333333,7.344086317407619,1,WC,0,NoSA,manufacturing,4,good,96,0.042,0.115,2,less100
78627,2019,21,1061.2436974789916,6.967196798836654,1,WC,0,NoSA,manufacturing,4,good,119,0.025,0.092,3,less250
78627,2020,22,874.7327586206897,6.773918420988607,1,WC,0,NoSA,manufacturing,4,good,116,0.026,0.052,3,less250
78627,2021,23,246.21008403361344,5.506185171618365,1,WC,0,NoSA,manufacturing,1,unsatisfactory,119,0.017,0.042,3,less250
78643,2009,11,2156.25,7.6761258807796695,0,NoWC,0,NoSA,manufacturing,3,satisfactory,160,0.606,0.662,3,less250
78643,2010,12,1654.3694267515923,7.4111752041817915,0,NoWC,0,NoSA,manufacturing,4,good,157,0.554,0.643,3,less250
78643,2011,13,1842.0382165605095,7.518627963918439,0,NoWC,0,NoSA,manufacturing,3,satisfactory,157,0.611,0.643,3,less250
78643,2012,14,2146.753246753247,7.671711861955432,0,NoWC,0,NoSA,manufacturing,4,good,154,0.643,0.643,3,less250
78643,2013,15,2077.9220779220777,7.63912367236228,0,NoWC,0,NoSA,manufacturing,4,good,154,0.435,0.604,3,less250
78643,2014,16,2038.7096774193549,7.620072375649802,0,NoWC,0,NoSA,manufacturing,2,sufficient,155,0.361,0.645,3,less250
78643,2015,17,2336.980132450331,7.756614833197771,0,NoWC,0,NoSA,manufacturing,2,sufficient,151,0.364,0.603,3,less250
78643,2016,18,2751.1027397260273,7.919757106547111,0,NoWC,0,NoSA,manufacturing,2,sufficient,146,0.459,0.699,3,less250
78643,2017,19,2702.8344827586207,7.902056309758031,0,NoWC,0,NoSA,manufacturing,3,satisfactory,145,0.503,0.876,3,less250
78643,2019,21,2812.4294871794873,7.941803974973316,0,NoWC,0,NoSA,manufacturing,3,satisfactory,156,0.474,0.833,3,less250
78643,2020,22,2808.7770700636943,7.940504461214981,0,NoWC,0,NoSA,manufacturing,3,satisfactory,157,0.478,0.745,3,less250
78643,2021,23,2689.0065789473683,7.896927102880736,0,NoWC,0,NoSA,manufacturing,3,satisfactory,152,0.467,0.684,3,less250
78647,2003,5,594.6984126984127,6.388054407629471,1,WC,0,NoSA,manufacturing,3,satisfactory,63,0.349,0.825,2,less100
78647,2006,8,680.1587301587301,6.522326197634393,1,WC,0,NoSA,manufacturing,4,good,63,0.048,0.73,2,less100
78647,2008,10,1098.6984126984128,7.001881496996965,1,WC,0,NoSA,manufacturing,3,satisfactory,63,0.111,0.683,2,less100
78647,2009,11,774.4918032786885,6.652207076558427,1,WC,0,NoSA,manufacturing,5,very good,61,0.164,0.869,2,less100
78647,2010,12,599.2987012987013,6.395760140431425,1,WC,0,NoSA,manufacturing,3,satisfactory,77,0.078,0.883,2,less100
78652,2009,11,3214.8846153846152,8.075546746567216,1,WC,0,NoSA,manufacturing,5,very good,26,0.038,0,1,less50
78652,2010,12,2517.448275862069,7.831001078547317,1,WC,0,NoSA,manufacturing,5,very good,29,0.034,0,1,less50
78652,2011,13,2138.8529411764707,7.668024955515787,1,WC,0,NoSA,manufacturing,4,good,34,0.029,0,1,less50
78652,2013,15,2140.720930232558,7.668897934569706,1,WC,0,NoSA,manufacturing,4,good,43,0.07,0,1,less50
78652,2014,16,1996.4318181818182,7.59911677524736,1,WC,0,NoSA,manufacturing,4,good,44,0.091,0,1,less50
78652,2015,17,2989.6279069767443,8.002904212813531,1,WC,0,NoSA,manufacturing,4,good,43,0.14,0,1,less50
78652,2016,18,3274.9523809523807,8.09405860779643,1,WC,0,NoSA,manufacturing,5,very good,42,0.333,0,1,less50
78652,2018,20,2391.560975609756,7.779701559600563,1,WC,0,NoSA,manufacturing,4,good,41,0.39,0,1,less50
78652,2019,21,2719.3846153846152,7.908160889349039,1,WC,0,NoSA,manufacturing,4,good,39,0.359,0,1,less50
78652,2020,22,3143.0588235294117,8.052951752349255,1,WC,0,NoSA,manufacturing,4,good,34,0.176,0,1,less50
78652,2021,23,2885.6060606060605,7.967490229880324,1,WC,0,NoSA,manufacturing,4,good,33,0.697,0,1,less50
78710,2000,2,1096.4765625,6.999857192800497,0,NoWC,0,NoSA,manufacturing,1,unsatisfactory,46,0.326,0.283,1,less50
78710,2001,3,826.5033365885416,6.71720395426266,0,NoWC,0,NoSA,manufacturing,1,unsatisfactory,48,0.333,0.312,1,less50
78710,2002,4,1067.56,6.973130949612269,0,NoWC,0,NoSA,manufacturing,1,unsatisfactory,50,0.32,0.3,1,less50
78710,2004,6,1033.9607843137255,6.941152128153535,0,NoWC,0,NoSA,manufacturing,3,satisfactory,51,0.373,0.294,2,less100
78714,2013,15,2062.222222222222,7.631539429003972,1,WC,0,NoSA,finance,3,satisfactory,36,0.028,0.361,1,less50
78714,2015,17,1856,7.526178913346146,1,WC,0,NoSA,buservices,3,satisfactory,40,0.05,0.5,1,less50
78714,2016,18,1726.5116279069769,7.45385825176652,1,WC,0,NoSA,buservices,1,unsatisfactory,43,0.047,0.349,1,less50
78714,2018,20,1558.1296296296296,7.351241425555962,1,WC,0,NoSA,buservices,4,good,54,0.037,0.37,2,less100
78714,2019,21,1679.232142857143,7.426091910091411,1,WC,0,NoSA,buservices,4,good,56,0.036,0.232,2,less100
78714,2021,23,1475.8,7.2969554946242665,1,WC,0,NoSA,finance,4,good,55,0.036,0.273,2,less100
78715,2009,11,549.3630573248407,6.308759529545298,0,NoWC,0,NoSA,manufacturing,3,satisfactory,628,0.053,0.381,4,more250
78715,2010,12,494.7352380952381,6.204022746938476,0,NoWC,0,NoSA,manufacturing,3,satisfactory,525,0.149,0.528,4,more250
78715,2011,13,486.0504201680672,6.186312363721117,0,NoWC,0,NoSA,manufacturing,4,good,595,0.055,0.511,4,more250
78715,2012,14,511.7647058823529,6.237864960586459,0,NoWC,0,NoSA,manufacturing,4,good,646,0.051,0.511,4,more250
78715,2013,15,537.8151260504202,6.28751486923028,0,NoWC,0,NoSA,manufacturing,4,good,595,0.074,0.555,4,more250
78725,2002,4,382.44113029827315,5.94657473370465,0,NoWC,0,NoSA,manufacturing,3,satisfactory,637,0.008,0.03,4,more250
78725,2003,5,354.4559270516717,5.870584013988477,0,NoWC,0,NoSA,manufacturing,1,unsatisfactory,658,0.006,0.064,4,more250
78725,2004,6,265.1299093655589,5.58021992988666,0,NoWC,0,NoSA,manufacturing,3,satisfactory,662,0.006,0.021,4,more250
78727,1998,0,1451.2534612341772,7.280182918011274,1,WC,0,NoSA,mining,4,good,79,0.025,0.696,2,less100
78727,1999,1,1670.282894736842,7.420748289110585,1,WC,0,NoSA,mining,4,good,57,0.035,0.719,2,less100
78727,2003,5,2027.4423076923076,7.614530330685734,1,WC,0,NoSA,mining,4,good,52,0.038,0.673,2,less100
78755,2000,2,1684.3474662162162,7.42913350737598,0,NoWC,0,NoSA,construction,4,good,370,0.019,0.086,4,more250
78755,2001,3,2160.4672517123286,7.678079797521551,0,NoWC,0,NoSA,construction,4,good,292,0.024,0.038,4,more250
78755,2002,4,2008.1302681992338,7.6049593533085655,0,NoWC,0,NoSA,construction,2,sufficient,261,0.015,0.107,4,more250
78758,2012,14,4031.7073170731705,8.301945217104807,1,WC,0,NoSA,edu,3,satisfactory,82,0.134,0.634,2,less100
78758,2013,15,4102.5641025641025,8.319367448086318,1,WC,0,NoSA,edu,4,good,78,0.128,0.679,2,less100
78758,2014,16,4000,8.294049640102028,1,WC,0,NoSA,edu,4,good,79,0.013,0.709,2,less100
78758,2016,18,22745.20634920635,10.032109692251646,1,WC,0,NoSA,edu,3,satisfactory,63,0.016,0.746,2,less100
78758,2017,19,21013.833333333332,9.952936229996812,1,WC,0,NoSA,edu,4,good,72,0.042,0.653,2,less100
78758,2018,20,26432.742857142857,10.182358780387906,1,WC,0,NoSA,edu,4,good,70,0.043,0.657,2,less100
78758,2019,21,28944.25396825397,10.273126982066383,1,WC,1,SA,edu,4,good,63,0.016,0.81,2,less100
78758,2020,22,23317.050847457627,10.056940167949863,1,WC,1,SA,art,3,satisfactory,59,0.051,0.712,2,less100
78762,1998,0,2127.8531105990783,7.662868821104946,0,NoWC,1,SA,public,4,good,217,0.037,0.069,3,less250
78762,1999,1,2044.2169296116506,7.6227700756392025,0,NoWC,0,NoSA,public,3,satisfactory,206,0.534,0.112,3,less250
78762,2001,3,3728.815,8.22384576779234,0,NoWC,0,NoSA,public,1,unsatisfactory,125,0.888,0.288,3,less250
78762,2002,4,4305.975409836065,8.367758967233609,0,NoWC,1,SA,public,1,unsatisfactory,122,0.91,0.295,3,less250
78764,2004,6,1530.1770833333333,7.333138748429779,1,WC,0,NoSA,buservices,4,good,96,0.01,0.896,2,less100
78764,2008,10,1458.1764705882354,7.284941941313078,0,NoWC,0,NoSA,buservices,5,very good,85,0.024,0.894,2,less100
78764,2009,11,1327.3855421686746,7.190966528810316,0,NoWC,0,NoSA,buservices,4,good,83,0.024,0.892,2,less100
78764,2010,12,2075.178082191781,7.637802251725264,0,NoWC,0,NoSA,buservices,3,satisfactory,73,0.027,0.89,2,less100
78764,2011,13,2098.5285714285715,7.648991697848256,0,NoWC,0,NoSA,buservices,3,satisfactory,70,0.014,0.886,2,less100
78764,2012,14,1551.7323943661972,7.347127259565599,0,NoWC,0,NoSA,buservices,5,very good,71,0.028,0.873,2,less100
78764,2014,16,2782.151515151515,7.9309798336716355,0,NoWC,0,NoSA,buservices,5,very good,66,0.03,0.894,2,less100
78764,2016,18,2128.942028985507,7.663380435300356,0,NoWC,0,NoSA,buservices,4,good,69,0.043,0.841,2,less100
78764,2017,19,2328.536231884058,7.75299512248349,0,NoWC,0,NoSA,buservices,4,good,69,0.101,0.826,2,less100
78764,2018,20,3060.3636363636365,8.026289023299011,0,NoWC,0,NoSA,buservices,4,good,66,0.091,0.803,2,less100
78764,2019,21,2700.323529411765,7.901126870521955,0,NoWC,0,NoSA,buservices,4,good,68,0.088,0.809,2,less100
78770,2011,13,4682.444444444444,8.451575569740534,0,NoWC,0,NoSA,manufacturing,4,good,27,0.407,0.667,1,less50
78770,2012,14,5350.571428571428,8.584958643265141,0,NoWC,0,NoSA,manufacturing,4,good,28,0.357,0.786,1,less50
78770,2013,15,3890.5128205128203,8.26629625838964,0,NoWC,0,NoSA,manufacturing,3,satisfactory,39,0.231,0.513,1,less50
78790,2004,6,801.4905660377359,6.686473201596975,0,NoWC,1,SA,manufacturing,5,very good,53,0.17,0.057,2,less100
78790,2005,7,430.3936170212766,6.064700178396704,0,NoWC,0,NoSA,manufacturing,1,unsatisfactory,94,0.138,0.043,2,less100
78790,2006,8,316.0625,5.7559399788402015,0,NoWC,0,NoSA,buservices,3,satisfactory,112,0.054,0.045,3,less250
78790,2007,9,473.22935779816515,6.1595801711733555,0,NoWC,0,NoSA,buservices,2,sufficient,109,0.083,0.037,3,less250
78790,2008,10,606.85,6.40828164355237,0,NoWC,0,NoSA,buservices,4,good,100,0.06,0.03,2,less100
78790,2009,11,927.1363636363636,6.8321006568362534,0,NoWC,0,NoSA,buservices,4,good,66,0.136,0.061,2,less100
78790,2010,12,642.1746031746031,6.464860234275175,0,NoWC,0,NoSA,buservices,3,satisfactory,63,0.143,0.111,2,less100
78790,2011,13,749.1975308641976,6.619002674868023,0,NoWC,0,NoSA,buservices,2,sufficient,81,0.074,0.062,2,less100
78790,2012,14,765.7857142857143,6.640902384240981,0,NoWC,0,NoSA,buservices,3,satisfactory,70,0.086,0.071,2,less100
78790,2013,15,842.8518518518518,6.73679120335489,0,NoWC,0,NoSA,buservices,3,satisfactory,54,0.167,0.13,2,less100
78790,2015,17,1721.5531914893618,7.450982180639522,0,NoWC,0,NoSA,buservices,4,good,47,0.191,0.085,1,less50
78790,2016,18,3677.8636363636365,8.210087328991264,0,NoWC,0,NoSA,buservices,4,good,22,0.409,0.182,1,less50
78790,2017,19,1996.2105263157894,7.599005925415514,0,NoWC,0,NoSA,buservices,4,good,38,0.237,0.105,1,less50
78790,2018,20,1973.4878048780488,7.587557715645273,0,NoWC,0,NoSA,buservices,5,very good,41,0.22,0.098,1,less50
78790,2019,21,2074.6923076923076,7.637568136219934,0,NoWC,0,NoSA,buservices,5,very good,39,0.231,0.103,1,less50
78790,2021,23,3378.8888888888887,8.12530220333519,1,WC,0,NoSA,edu,3,satisfactory,27,0.741,0.148,1,less50
78807,2014,16,396.05,5.981540465910289,0,NoWC,0,NoSA,buservices,5,very good,60,0.483,0.2,2,less100
78807,2016,18,494.0405405405405,6.202617579692243,0,NoWC,0,NoSA,buservices,4,good,74,0.365,0.203,2,less100
78807,2017,19,434.1375,6.073361304199956,0,NoWC,0,NoSA,buservices,4,good,80,0.537,0.2,2,less100
78807,2018,20,652.8441558441558,6.4813384420550095,0,NoWC,0,NoSA,buservices,5,very good,77,0.494,0.182,2,less100
78807,2019,21,1032.6753246753246,6.939908116400728,0,NoWC,0,NoSA,buservices,5,very good,77,0.519,0.169,2,less100
78814,2000,2,2007.0823037790697,7.604437356315792,0,NoWC,0,NoSA,manufacturing,2,sufficient,43,0.023,0.535,1,less50
78814,2001,3,2294.4876453488373,7.738264849357039,0,NoWC,0,NoSA,manufacturing,2,sufficient,43,0.023,0.442,1,less50
78814,2002,4,2023.5,7.61258396431592,0,NoWC,0,NoSA,manufacturing,3,satisfactory,48,0.021,0.5,1,less50
78818,2002,4,2161.035087719298,7.678342593172524,1,WC,0,NoSA,resthotels,2,sufficient,57,0.018,0.175,2,less100
78818,2004,6,5015.259259259259,8.520240395821371,1,WC,1,SA,resthotels,3,satisfactory,27,0.074,0.222,1,less50
78818,2005,7,4495.096774193548,8.410742475971755,1,WC,0,NoSA,resthotels,3,satisfactory,31,0.032,0.129,1,less50
78818,2006,8,4173.678571428572,8.336553077347677,1,WC,0,NoSA,resthotels,3,satisfactory,28,0.036,0.357,1,less50
78818,2008,10,2902.21875,7.9732308096522075,1,WC,0,NoSA,resthotels,4,good,32,0.062,0.25,1,less50
78818,2009,11,4777.333333333333,8.471637789756734,1,WC,0,NoSA,resthotels,4,good,30,0.033,0.2,1,less50
78842,2000,2,993.060798891129,6.900791889654361,0,NoWC,0,NoSA,manufacturing,4,good,31,0.194,0.032,1,less50
78842,2001,3,1191.672883064516,7.083113383004028,0,NoWC,0,NoSA,manufacturing,2,sufficient,31,0.097,0.065,1,less50
78842,2002,4,1659.6153846153845,7.414341158490092,0,NoWC,0,NoSA,manufacturing,2,sufficient,26,0.154,0.077,1,less50
78842,2003,5,1958.0384615384614,7.579698466175599,0,NoWC,0,NoSA,manufacturing,2,sufficient,26,0.038,0.077,1,less50
78842,2004,6,2632.15,7.875556281702748,0,NoWC,0,NoSA,manufacturing,2,sufficient,20,0.15,0.1,1,less50
78842,2005,7,2548.090909090909,7.843099694662695,0,NoWC,0,NoSA,manufacturing,3,satisfactory,22,0.227,0.045,1,less50
78858,2015,17,950.0515463917526,6.85651624248234,1,WC,1,SA,manufacturing,3,satisfactory,97,0.124,0.526,2,less100
78858,2017,19,1451.0344827586207,7.280032017425118,1,WC,0,NoSA,manufacturing,2,sufficient,87,0.195,0.425,2,less100
78858,2018,20,1942.15,7.571550885827223,1,WC,0,NoSA,manufacturing,3,satisfactory,80,0.075,0.462,2,less100
78858,2019,21,1309.314606741573,7.177259078317184,1,WC,0,NoSA,manufacturing,3,satisfactory,89,0.067,0.416,2,less100
78858,2020,22,1133.4772727272727,7.03304541921924,1,WC,0,NoSA,manufacturing,3,satisfactory,88,0.08,0.42,2,less100
78863,2016,18,920.2635379061372,6.824660083268704,0,NoWC,1,SA,buservices,3,satisfactory,277,0.061,0.061,4,more250
78863,2017,19,715.3832020997376,6.5728183461183525,0,NoWC,1,SA,buservices,4,good,381,0.047,0.084,4,more250
78863,2018,20,1339.3934426229507,7.199972135706873,0,NoWC,1,SA,buservices,4,good,183,0.273,0.169,3,less250
78863,2020,22,365.37888198757764,5.9009348480416195,0,NoWC,1,SA,buservices,2,sufficient,161,0.186,0.087,3,less250
78863,2021,23,734.041884816754,6.598566090769483,0,NoWC,1,SA,buservices,1,unsatisfactory,191,0.419,0.178,3,less250
78870,2005,7,1999.1744186046512,7.600489583622875,0,NoWC,0,NoSA,public,4,good,258,0.054,0.488,4,more250
78870,2006,8,1782.608695652174,7.485833129757295,0,NoWC,0,NoSA,public,4,good,276,0.047,0.489,4,more250
78870,2008,10,1339.853046594982,7.20031522021096,0,NoWC,0,NoSA,public,5,very good,279,0.057,0.484,4,more250
78870,2009,11,1051.8292682926829,6.958286087629353,0,NoWC,0,NoSA,public,4,good,328,0.04,0.591,4,more250
78879,2000,2,1154.3692626953125,7.051309380888365,1,WC,0,NoSA,manufacturing,3,satisfactory,32,0.031,0.375,1,less50
78879,2001,3,1385.2381552419354,7.233627357082449,1,WC,0,NoSA,manufacturing,3,satisfactory,31,0.032,0.387,1,less50
78879,2002,4,881.2121212121212,6.781298370180975,1,WC,0,NoSA,manufacturing,2,sufficient,33,0.03,0.485,1,less50
78915,2008,10,1243.6363636363637,7.125794918378171,1,WC,0,NoSA,wholesretail,4,good,22,0.182,0.818,1,less50
78915,2009,11,943.45,6.849543369233723,1,WC,0,NoSA,wholesretail,3,satisfactory,20,0.1,0.75,1,less50
78915,2010,12,849.1,6.744176965005318,1,WC,0,NoSA,wholesretail,3,satisfactory,20,0.1,0.8,1,less50
78915,2011,13,943.45,6.849543369233723,1,WC,0,NoSA,wholesretail,3,satisfactory,20,0.1,0.75,1,less50
78953,2004,6,8064.5161290322585,8.995228992359237,0,NoWC,1,SA,wholesretail,4,good,62,0.79,0.145,2,less100
78953,2005,7,6063.081081081081,8.709973379078317,0,NoWC,1,SA,wholesretail,5,very good,74,0.797,0.162,2,less100
78953,2006,8,6929.577464788732,8.84355411843313,0,NoWC,1,SA,wholesretail,2,sufficient,71,0.31,0.183,2,less100
78953,2007,9,5790.9,8.66404299890194,0,NoWC,1,SA,wholesretail,2,sufficient,70,0.8,0.186,2,less100
79004,2005,7,925.662100456621,6.830509265738465,0,NoWC,0,NoSA,construction,5,very good,219,0.005,0.032,3,less250
79004,2006,8,2164.8677685950415,7.68011456170991,0,NoWC,0,NoSA,construction,4,good,121,0.008,0.074,3,less250
79004,2007,9,2683.1491228070176,7.894746429502405,0,NoWC,0,NoSA,construction,4,good,114,0.018,0.061,3,less250
79004,2008,10,2888.5299145299145,7.968502971591413,0,NoWC,0,NoSA,construction,4,good,117,0.017,0.06,3,less250
79059,2009,11,5089.096153846154,8.53485552085839,1,WC,1,SA,health,5,very good,52,0.154,0.212,2,less100
79059,2010,12,4306.153846153846,8.367800405607907,1,WC,1,SA,health,4,good,52,0.115,0.192,2,less100
79059,2011,13,3231.1746031746034,8.080601004344151,1,WC,1,SA,health,5,very good,63,0.079,0.206,2,less100
79059,2013,15,3537.548780487805,8.171189331393608,1,WC,0,NoSA,health,4,good,82,0.28,0.207,2,less100
79083,2010,12,3153.1052631578946,8.056143044068,1,WC,0,NoSA,manufacturing,3,satisfactory,38,0.263,0.158,1,less50
79083,2011,13,3196.128205128205,8.069695420326982,1,WC,0,NoSA,manufacturing,3,satisfactory,39,0.282,0.154,1,less50
79083,2012,14,3559.7894736842104,8.17745668549188,1,WC,0,NoSA,manufacturing,1,unsatisfactory,38,0.289,0.158,1,less50
79118,2012,14,1251.1323529411766,7.131804302585497,1,WC,0,NoSA,edu,4,good,68,0.544,0.912,2,less100
79118,2013,15,1353.551282051282,7.210486996811879,1,WC,0,NoSA,edu,4,good,78,0.744,0.859,2,less100
79118,2014,16,1664,7.416979621381154,1,WC,0,NoSA,edu,4,good,77,0.662,0.857,2,less100
79118,2015,17,1664,7.416979621381154,1,WC,0,NoSA,edu,4,good,77,0.688,0.87,2,less100
79118,2016,18,1703.935064935065,7.440695599230681,1,WC,0,NoSA,edu,4,good,77,0.974,0.87,2,less100
79118,2020,22,1913.3733333333332,7.5566231063503215,1,WC,0,NoSA,edu,3,satisfactory,75,0.32,0.893,2,less100
79145,2005,7,1784.7301038062283,7.48702248043206,1,WC,0,NoSA,health,4,good,289,0.073,0.671,4,more250
79145,2006,8,1645.484949832776,7.405790422083759,1,WC,0,NoSA,health,3,satisfactory,299,0.067,0.729,4,more250
79145,2007,9,1369.4695945945946,7.222178786627238,1,WC,0,NoSA,health,4,good,296,0.068,0.696,4,more250
79175,2007,9,535.9,6.283947576500805,0,NoWC,0,NoSA,transcom,4,good,20,0.65,0.6,1,less50
79175,2008,10,345.39285714285717,5.844682485541759,0,NoWC,0,NoSA,transcom,4,good,28,0.571,0.643,1,less50
79175,2009,11,366.8857142857143,5.905050394341861,0,NoWC,0,NoSA,transcom,3,satisfactory,35,0.343,0.571,1,less50
79175,2010,12,316.12820512820514,5.756147843738907,0,NoWC,0,NoSA,transcom,3,satisfactory,39,0.487,0.538,1,less50
79175,2011,13,318.2307692307692,5.762776808999875,0,NoWC,0,NoSA,transcom,5,very good,39,0.59,0.513,1,less50
79183,2007,9,1569.046511627907,7.358223396415966,0,NoWC,0,NoSA,manufacturing,4,good,43,0.302,0.256,1,less50
79183,2008,10,1087.2264150943397,6.991385158986169,0,NoWC,0,NoSA,manufacturing,3,satisfactory,53,0.094,0.226,2,less100
79183,2009,11,967.5238095238095,6.8747400339280675,0,NoWC,0,NoSA,manufacturing,3,satisfactory,63,0.095,0.063,2,less100
79183,2010,12,961.3243243243244,6.868311838324224,0,NoWC,0,NoSA,manufacturing,4,good,74,0.081,0.176,2,less100
79191,2001,3,3070.5761173184355,8.029620483339551,0,NoWC,1,SA,manufacturing,2,sufficient,179,0.011,0.173,3,less250
79191,2003,5,2981.9013157894738,8.000316401480466,0,NoWC,1,SA,manufacturing,1,unsatisfactory,152,0.013,0.066,3,less250
79191,2004,6,3285.0247933884298,8.09712947834485,0,NoWC,1,SA,manufacturing,3,satisfactory,121,0.041,0.116,3,less250
79201,2018,20,2071.086956521739,7.63582884821173,1,WC,0,NoSA,health,4,good,23,0.217,0.87,1,less50
79201,2020,22,1992,7.596894438144544,1,WC,0,NoSA,buservices,5,very good,22,0.455,0.727,1,less50
79201,2021,23,1864,7.530479995245536,0,NoWC,0,NoSA,buservices,4,good,23,0.435,0.696,1,less50
79212,2004,6,1582.2784810126582,7.366621163817417,0,NoWC,0,NoSA,public,3,satisfactory,316,0.231,0.794,4,more250
79212,2005,7,1582.1687116564417,7.366551787177785,0,NoWC,0,NoSA,public,2,sufficient,326,0.074,0.804,4,more250
79212,2007,9,1324.7156862745098,7.188953138998918,0,NoWC,0,NoSA,public,3,satisfactory,306,0.157,0.788,4,more250
79217,2016,18,1530.65,7.33344776077027,0,NoWC,0,NoSA,manufacturing,4,good,100,0.31,0.23,2,less100
79217,2017,19,1592.5344827586207,7.373082040435515,0,NoWC,0,NoSA,manufacturing,3,satisfactory,116,0.56,0.259,3,less250
79217,2019,21,1055.6241134751774,6.961887447751341,0,NoWC,0,NoSA,manufacturing,4,good,141,0.475,0.255,3,less250
79217,2020,22,1753.958041958042,7.469630251299396,0,NoWC,0,NoSA,manufacturing,4,good,143,0.503,0.245,3,less250
79217,2021,23,1659.7861635220127,7.414444055897532,0,NoWC,0,NoSA,manufacturing,3,satisfactory,159,0.465,0.27,3,less250
79246,2009,11,414.9230769230769,6.028093146238138,1,WC,0,NoSA,manufacturing,3,satisfactory,26,0.269,0.192,1,less50
79246,2012,14,825.8571428571429,6.716421808027163,1,WC,1,SA,manufacturing,3,satisfactory,21,0.19,0.238,1,less50
79246,2013,15,400.14285714285717,5.991821626204795,1,WC,1,SA,manufacturing,3,satisfactory,21,0.238,0.286,1,less50
79277,2001,3,2380.590330188679,7.77510377380361,0,NoWC,0,NoSA,manufacturing,1,unsatisfactory,265,0.004,0.457,4,more250
79277,2002,4,2170.5426356589146,7.682732477789714,0,NoWC,0,NoSA,manufacturing,3,satisfactory,258,0.004,0.453,4,more250
79277,2003,5,1784.4448818897638,7.486862655308206,0,NoWC,0,NoSA,manufacturing,3,satisfactory,254,0.004,0.445,4,more250
79277,2004,6,1872.6591760299625,7.5351147190040795,0,NoWC,0,NoSA,manufacturing,2,sufficient,267,0.011,0.491,4,more250
79277,2005,7,1495.0347826086957,7.309904751513132,0,NoWC,0,NoSA,manufacturing,2,sufficient,345,0.012,0.513,4,more250
79277,2006,8,1389.8305084745762,7.2369370823406705,0,NoWC,0,NoSA,manufacturing,1,unsatisfactory,354,0.011,0.528,4,more250
79277,2007,9,1213.6616766467066,7.101397247974598,0,NoWC,0,NoSA,manufacturing,4,good,334,0.012,0.539,4,more250
79277,2008,10,925.2945544554456,6.830112124071175,0,NoWC,0,NoSA,manufacturing,1,unsatisfactory,404,0.01,0.532,4,more250
79281,2010,12,378.5,5.936216072877503,0,NoWC,1,SA,construction,1,unsatisfactory,86,0.256,0.372,2,less100
79281,2011,13,350.01075268817203,5.857963875977755,0,NoWC,1,SA,construction,2,sufficient,93,0.301,0.387,2,less100
79281,2012,14,313.81081081081084,5.7487902909827815,0,NoWC,0,NoSA,construction,2,sufficient,74,0.365,0.446,2,less100
79296,2019,21,3374.6296296296296,8.124040857915826,1,WC,0,NoSA,wholesretail,3,satisfactory,27,0.667,0.889,1,less50
79296,2020,22,2699.6428571428573,7.900874768111018,1,WC,0,NoSA,wholesretail,3,satisfactory,28,0.571,0.893,1,less50
79296,2021,23,3089.153846153846,8.035652496195647,1,WC,0,NoSA,wholesretail,1,unsatisfactory,26,0.577,0.808,1,less50
79301,1998,0,5199.464176829269,8.556310856342785,1,WC,0,NoSA,manufacturing,4,good,41,0.122,0.341,1,less50
79301,1999,1,3930.0262957317073,8.276401395866802,1,WC,0,NoSA,manufacturing,4,good,41,0.146,0.341,1,less50
79301,2000,2,5072.6391006097565,8.531616493819742,1,WC,0,NoSA,manufacturing,4,good,41,0.171,0.341,1,less50
79301,2001,3,5136.051829268293,8.544039936687316,1,WC,0,NoSA,manufacturing,4,good,41,0.073,0.317,1,less50
79309,1999,1,2233.0262455516013,7.7111130052648615,0,NoWC,0,NoSA,manufacturing,2,sufficient,281,0.025,0.139,4,more250
79309,2000,2,2073.3334037162163,7.636912931011843,0,NoWC,0,NoSA,manufacturing,2,sufficient,296,0.017,0.155,4,more250
79309,2001,3,1935.1424463190185,7.567936218423125,0,NoWC,0,NoSA,manufacturing,1,unsatisfactory,326,0.037,0.169,4,more250
79324,2000,2,1430.5527663934427,7.265816198488262,1,WC,0,NoSA,health,1,unsatisfactory,61,0.18,0.279,2,less100
79324,2001,3,1254.077595338983,7.1341555975392374,1,WC,0,NoSA,health,4,good,59,0.153,0.305,2,less100
79324,2002,4,1541.7288135593221,7.340659671963868,1,WC,0,NoSA,health,4,good,59,0.102,0.339,2,less100
79350,2005,7,1057.8048780487804,6.963951170125104,0,NoWC,0,NoSA,buservices,2,sufficient,41,0.024,0.537,1,less50
79350,2006,8,1071.35,6.976674814446735,0,NoWC,0,NoSA,buservices,4,good,40,0.05,0.525,1,less50
79350,2007,9,1350.3589743589744,7.2081257430180665,0,NoWC,0,NoSA,buservices,3,satisfactory,39,0.051,0.436,1,less50
79350,2008,10,847.2820512820513,6.74203363955275,0,NoWC,0,NoSA,buservices,4,good,39,0.051,0.513,1,less50
79350,2009,11,1133.3658536585365,7.0329471159290575,0,NoWC,0,NoSA,buservices,4,good,41,0.049,0.488,1,less50
79350,2010,12,1763,7.47477218239787,0,NoWC,0,NoSA,buservices,5,very good,41,0.024,0.439,1,less50
79353,2015,17,2477.8446601941746,7.815144372651168,0,NoWC,0,NoSA,buservices,3,satisfactory,103,0.136,0.126,3,less250
79353,2016,18,1439.6586826347304,7.272161338526852,0,NoWC,0,NoSA,buservices,3,satisfactory,167,0.078,0.054,3,less250
79353,2017,19,1256.2874251497005,7.135916162527579,0,NoWC,0,NoSA,buservices,3,satisfactory,167,0.078,0.126,3,less250
79363,1998,0,987.3687204491725,6.895043546620503,0,NoWC,0,NoSA,manufacturing,3,satisfactory,423,0.033,0.466,4,more250
79363,1999,1,1510.2654400887575,7.320040702498296,0,NoWC,0,NoSA,manufacturing,4,good,338,0.041,0.429,4,more250
79363,2000,2,1835.2529325513196,7.5149375888925265,0,NoWC,0,NoSA,manufacturing,4,good,341,0.047,0.302,4,more250
79363,2001,3,1537.2091619318182,7.337723818815927,0,NoWC,0,NoSA,manufacturing,4,good,352,0.043,0.355,4,more250
79363,2002,4,1432.2250639386189,7.2669845027259665,0,NoWC,0,NoSA,manufacturing,3,satisfactory,391,0.033,0.486,4,more250
79366,2003,5,1172.576923076923,7.066959104204208,0,NoWC,0,NoSA,manufacturing,1,unsatisfactory,52,0.019,0.154,2,less100
79366,2004,6,2264.8214285714284,7.725251195326326,0,NoWC,0,NoSA,manufacturing,1,unsatisfactory,56,0.018,0.196,2,less100
79366,2006,8,1600.9767441860465,7.378369187086121,0,NoWC,0,NoSA,manufacturing,4,good,43,0.047,0.116,1,less50
79366,2007,9,1372.2558139534883,7.22421124422444,0,NoWC,0,NoSA,manufacturing,4,good,43,0.047,0.116,1,less50
79366,2008,10,1537.2894736842106,7.337776062620155,0,NoWC,0,NoSA,manufacturing,4,good,38,0.053,0.105,1,less50
79422,2003,5,1453.5,7.281729719998931,1,WC,0,NoSA,wholesretail,2,sufficient,20,0.15,0.75,1,less50
79422,2004,6,1145.607142857143,7.043690031222857,1,WC,1,SA,wholesretail,3,satisfactory,28,0.071,0.714,1,less50
79422,2005,7,1080,6.984716320118266,1,WC,0,NoSA,wholesretail,5,very good,23,0.087,0.783,1,less50
79422,2006,8,805.5,6.691463202617029,1,WC,1,SA,wholesretail,5,very good,28,0.071,0.714,1,less50
79422,2007,9,895.0357142857143,6.796863621708551,1,WC,1,SA,wholesretail,5,very good,28,0.107,0.786,1,less50
79505,2019,21,1741.6410256410256,7.4625830659365455,0,NoWC,0,NoSA,wholesretail,4,good,39,0.231,0.667,1,less50
79505,2020,22,2370.5454545454545,7.77087535724606,0,NoWC,0,NoSA,construction,4,good,33,0.333,0.727,1,less50
79505,2021,23,2269.1428571428573,7.7271574431958285,0,NoWC,0,NoSA,construction,5,very good,35,0.257,0.686,1,less50
79506,2007,9,2158.2181818181816,7.677038244423005,1,WC,0,NoSA,health,3,satisfactory,55,0.655,0.782,2,less100
79506,2008,10,1913.5081967213114,7.556693588484129,1,WC,0,NoSA,health,2,sufficient,61,0.59,0.721,2,less100
79506,2009,11,1073.9714285714285,6.9791186718950495,1,WC,1,SA,health,2,sufficient,70,0.543,0.714,2,less100
79556,1998,0,4803.110641891892,8.477019037396147,0,NoWC,0,NoSA,manufacturing,3,satisfactory,74,0.081,0.986,2,less100
79556,1999,1,5962.610833333333,8.693263723423556,0,NoWC,0,NoSA,manufacturing,2,sufficient,75,0.093,0.987,2,less100
79556,2000,2,7798.522727272727,8.961689600800993,0,NoWC,0,NoSA,wholesretail,3,satisfactory,77,0.026,1,2,less100
79556,2001,3,3724.78125,8.222763404257075,0,NoWC,0,NoSA,wholesretail,3,satisfactory,77,0.13,1,2,less100
79558,2003,5,1445.3225806451612,7.276087814833174,1,WC,0,NoSA,public,4,good,62,0.016,0.097,2,less100
79558,2004,6,796.6935483870968,6.680470098433483,1,WC,0,NoSA,public,1,unsatisfactory,62,0.032,0.097,2,less100
79558,2005,7,1156.079365079365,7.052789701788628,1,WC,0,NoSA,public,1,unsatisfactory,63,0.032,0.095,2,less100
79576,2011,13,2254.6190476190477,7.720736300911056,1,WC,0,NoSA,manufacturing,3,satisfactory,21,0.19,0.286,1,less50
79576,2012,14,2316.3809523809523,7.747761312377467,1,WC,0,NoSA,manufacturing,3,satisfactory,21,0.19,0.333,1,less50
79576,2013,15,2772.6666666666665,7.927564831634747,1,WC,0,NoSA,manufacturing,2,sufficient,21,0.381,0.333,1,less50
79576,2015,17,2413.8571428571427,7.788981221305336,1,WC,0,NoSA,manufacturing,3,satisfactory,21,0.429,0.19,1,less50
79576,2016,18,1705.95,7.441877419298563,1,WC,0,NoSA,manufacturing,3,satisfactory,20,0.45,0.3,1,less50
79576,2019,21,2518.2916666666665,7.831336040567639,1,WC,0,NoSA,manufacturing,4,good,24,0.375,0.25,1,less50
79596,2008,10,8900.452380952382,9.093857383748958,0,NoWC,0,NoSA,manufacturing,4,good,42,0.071,0.714,1,less50
79596,2009,11,9078.947368421053,9.113713536287111,0,NoWC,0,NoSA,manufacturing,4,good,38,0.053,0.684,1,less50
79596,2010,12,7019.891891891892,8.856503096885875,0,NoWC,0,NoSA,manufacturing,4,good,37,0.135,0.676,1,less50
79596,2011,13,6025,8.703672758358856,0,NoWC,0,NoSA,manufacturing,4,good,48,0.229,0.792,1,less50
79596,2012,14,6746.938775510204,8.816844166258434,0,NoWC,0,NoSA,manufacturing,4,good,49,0.245,0.837,1,less50
79610,2001,3,583.28955632090765,6.368683729126319,0,NoWC,0,NoSA,wholesretail,4,good,617,0.002,0.831,4,more250
79610,2002,4,680.5222222222222,6.522860477285333,0,NoWC,0,NoSA,wholesretail,4,good,630,0.002,0.773,4,more250
79610,2003,5,725.9370748299319,6.587463337280433,0,NoWC,0,NoSA,wholesretail,1,unsatisfactory,588,0.022,0.689,4,more250
79610,2004,6,546.0338770388959,6.302681019678924,0,NoWC,0,NoSA,wholesretail,4,good,797,0.001,0.604,4,more250
79623,2015,17,1771.4137931034484,7.479533259900123,1,WC,1,SA,manufacturing,4,good,87,0.425,0.575,2,less100
79623,2016,18,1601.8924731182797,7.378941004975055,1,WC,1,SA,manufacturing,4,good,93,0.376,0.602,2,less100
79623,2017,19,1895.2427184466019,7.547102192927504,1,WC,0,NoSA,manufacturing,3,satisfactory,103,0.359,0.631,3,less250
79623,2018,20,1475.2735042735044,7.296598678210633,1,WC,0,NoSA,manufacturing,4,good,117,0.376,0.581,3,less250
79623,2019,21,1270.1181102362204,7.146865175314388,1,WC,0,NoSA,manufacturing,4,good,127,0.346,0.551,3,less250
79623,2020,22,635.6101694915254,6.4545854343639,1,WC,0,NoSA,manufacturing,4,good,118,0.5,0.585,3,less250
79637,1998,0,1786.1442708333334,7.487814536916085,0,NoWC,0,NoSA,finance,2,sufficient,360,0.039,0.639,4,more250
79637,1999,1,2342.2615489130435,7.758872215511016,0,NoWC,0,NoSA,finance,2,sufficient,276,0.04,0.634,4,more250
79637,2000,2,2483.4176587301586,7.81739097866462,0,NoWC,0,NoSA,finance,2,sufficient,252,0.052,0.627,4,more250
79668,2012,14,2375.9320388349515,7.773145076889514,1,WC,0,NoSA,wholesretail,4,good,103,0.107,0.612,3,less250
79668,2013,15,1991.7788461538462,7.59678341097415,1,WC,0,NoSA,wholesretail,4,good,104,0.106,0.673,3,less250
79668,2014,16,1863.311320754717,7.530110463862802,1,WC,0,NoSA,wholesretail,4,good,106,0.113,0.528,3,less250
79668,2015,17,963.47,6.870541350888093,1,WC,0,NoSA,wholesretail,5,very good,100,0.09,0.56,2,less100
79668,2016,18,1097.906976744186,7.00116089784677,1,WC,0,NoSA,construction,4,good,86,0.105,0.535,2,less100
79668,2017,19,2646.770114942529,7.88109535105955,1,WC,0,NoSA,construction,4,good,87,0.138,0.529,2,less100
79668,2019,21,3220.9,8.077416102590329,1,WC,0,NoSA,construction,3,satisfactory,70,0.271,0.5,2,less100
79674,2017,19,1719.6863905325445,7.4498972220974355,0,NoWC,0,NoSA,manufacturing,4,good,507,0.014,0.393,4,more250
79674,2018,20,2219.859574468085,7.705199218121554,0,NoWC,0,NoSA,manufacturing,5,very good,470,0.068,0.33,4,more250
79674,2019,21,2058.389121338912,7.629678975945267,0,NoWC,0,NoSA,manufacturing,3,satisfactory,478,0.067,0.397,4,more250
79674,2020,22,3584.268965517241,8.184309817461264,0,NoWC,0,NoSA,manufacturing,4,good,290,0.079,0.303,4,more250
79674,2021,23,2905.414035087719,7.974331184117458,0,NoWC,0,NoSA,manufacturing,4,good,285,0.091,0.428,4,more250
79681,2003,5,3249.2,8.0861640911768,0,NoWC,0,NoSA,manufacturing,1,unsatisfactory,20,0.1,0.7,1,less50
79681,2004,6,3357.55,8.11896682031927,0,NoWC,0,NoSA,manufacturing,2,sufficient,20,0.15,0.7,1,less50
79681,2005,7,3790.75,8.240319167681049,0,NoWC,0,NoSA,manufacturing,1,unsatisfactory,20,0.05,0.65,1,less50
79693,2003,5,1255.1764705882354,7.135031455695191,1,WC,1,SA,public,1,unsatisfactory,34,0.059,0.206,1,less50
79693,2004,6,2347.2,7.760978407388717,1,WC,1,SA,public,3,satisfactory,30,0.133,0.233,1,less50
79693,2005,7,1694.5,7.435142991047106,1,WC,1,SA,public,3,satisfactory,34,0.118,0.324,1,less50
79694,2019,21,1058.857142857143,6.964945438349937,1,WC,0,NoSA,buservices,4,good,28,0.036,0.25,1,less50
79694,2020,22,1277.7916666666667,7.152888606521266,1,WC,0,NoSA,buservices,4,good,24,0.042,0.167,1,less50
79694,2021,23,1341.1363636363637,7.201272566132953,1,WC,0,NoSA,buservices,5,very good,22,0.045,0.227,1,less50
79704,1998,0,788.857421875,6.670585597133565,1,WC,0,NoSA,public,4,good,31,0.097,0.129,1,less50
79704,1999,1,956.1982736895161,6.862965290803965,1,WC,0,NoSA,public,2,sufficient,31,0.097,0.161,1,less50
79704,2000,2,1105.9902973790322,7.008496409330447,1,WC,0,NoSA,public,4,good,31,0.097,0.129,1,less50
79704,2001,3,1086.445816532258,6.990666928717336,1,WC,0,NoSA,public,4,good,31,0.065,0.129,1,less50
79704,2002,4,1046.75,6.953445404899253,1,WC,1,SA,public,4,good,24,0.125,0.167,1,less50
79735,2003,5,1871,7.534228326274089,1,WC,0,NoSA,manufacturing,2,sufficient,26,0.231,0.692,1,less50
79735,2004,6,1845.1153846153845,7.52029709360607,1,WC,0,NoSA,manufacturing,3,satisfactory,26,0.077,0.692,1,less50
79735,2005,7,1482.7307692307693,7.301640780970773,1,WC,0,NoSA,buservices,4,good,26,0.231,0.769,1,less50
79735,2006,8,1224.764705882353,7.110504027698978,1,WC,0,NoSA,buservices,3,satisfactory,34,0.059,0.882,1,less50
79735,2007,9,2723.9,7.909819955876018,1,WC,0,NoSA,buservices,3,satisfactory,30,0.067,0.733,1,less50
79736,2011,13,1636.3636363636363,7.4002317640799316,0,NoWC,0,NoSA,health,2,sufficient,99,0.02,0.626,2,less100
79736,2012,14,1698.6407766990292,7.437583667121014,0,NoWC,0,NoSA,health,3,satisfactory,103,0.049,0.631,3,less250
79736,2015,17,1740.4368932038835,7.461891448739455,0,NoWC,0,NoSA,health,3,satisfactory,103,0.039,0.728,3,less250
79736,2016,18,1270.7018633540372,7.147324675109065,0,NoWC,0,NoSA,health,3,satisfactory,161,0.025,0.764,3,less250
79736,2017,19,730.828947368421,6.59417943423993,0,NoWC,0,NoSA,health,4,good,152,0.046,0.789,3,less250
79736,2018,20,1448.9503105590063,7.278594649502881,0,NoWC,0,NoSA,health,3,satisfactory,161,0.075,0.789,3,less250
79791,2015,17,739.3333333333334,6.605748879242203,1,WC,0,NoSA,manufacturing,3,satisfactory,33,0.03,0.061,1,less50
79791,2016,18,739.3333333333334,6.605748879242203,1,WC,0,NoSA,manufacturing,3,satisfactory,33,0.03,0.061,1,less50
79791,2018,20,1254.75,7.134691628535043,1,WC,0,NoSA,manufacturing,3,satisfactory,28,0.071,0.071,1,less50
79805,2002,4,1287.8181818181818,7.160704733515197,1,WC,0,NoSA,wholesretail,3,satisfactory,22,0.136,0.227,1,less50
79805,2003,5,1259.2083333333333,7.138238495599732,1,WC,0,NoSA,wholesretail,4,good,24,0.042,0.25,1,less50
79805,2004,6,1502.4545454545455,7.314855413342456,1,WC,0,NoSA,wholesretail,3,satisfactory,22,0.091,0.318,1,less50
79805,2005,7,1652.7,7.410165593146781,1,WC,0,NoSA,wholesretail,2,sufficient,20,0.05,0.35,1,less50
79830,1998,0,241.82508850097656,5.488214690039707,1,WC,0,NoSA,public,2,sufficient,32,0.125,0.344,1,less50
79830,1999,1,171.964501953125,5.1472880715198865,1,WC,0,NoSA,public,1,unsatisfactory,30,0.133,0.467,1,less50
79830,2000,2,160.1048794450431,5.075829097021333,1,WC,0,NoSA,public,1,unsatisfactory,29,0.103,0.414,1,less50
79830,2002,4,107.63333333333334,4.67873038909612,1,WC,0,NoSA,public,4,good,30,0.2,0.367,1,less50
79830,2003,5,164.8,5.1047326174753715,1,WC,0,NoSA,public,2,sufficient,30,0.2,0.367,1,less50
79830,2004,6,119.5925925925926,4.784090904753946,1,WC,0,NoSA,public,1,unsatisfactory,27,0.185,0.481,1,less50
79832,2018,20,3079.309090909091,8.032460529670459,0,NoWC,0,NoSA,health,3,satisfactory,55,0.727,0.836,2,less100
79832,2019,21,3443.688524590164,8.144298421443207,0,NoWC,0,NoSA,health,3,satisfactory,61,0.639,0.869,2,less100
79832,2020,22,2962.5584415584417,7.993808512357145,0,NoWC,0,NoSA,buservices,2,sufficient,77,0.545,0.896,2,less100
79832,2021,23,2768.0759493670885,7.925907754716297,0,NoWC,0,NoSA,buservices,3,satisfactory,79,0.367,0.924,2,less100
79838,2012,14,1991.566265060241,7.5966766760125175,1,WC,0,NoSA,manufacturing,4,good,166,0.554,0.271,3,less250
79838,2013,15,1975.3086419753085,7.588479939543525,1,WC,0,NoSA,manufacturing,4,good,162,0.512,0.278,3,less250
79838,2014,16,1858.8235294117646,7.527699055518787,1,WC,0,NoSA,manufacturing,4,good,170,0.524,0.271,3,less250
79838,2017,19,5966.544117647059,8.693923164007977,1,WC,0,NoSA,manufacturing,4,good,136,0.853,0.272,3,less250
79838,2018,20,7553.739837398374,8.929798062303144,1,WC,0,NoSA,manufacturing,5,very good,123,0.911,0.415,3,less250
79838,2019,21,8801.88429752066,9.082721102263129,1,WC,0,NoSA,manufacturing,4,good,121,0.983,0.273,3,less250
79851,1998,0,1736.1353989813242,7.459416886983769,0,NoWC,0,NoSA,wholesretail,4,good,589,0.158,0.205,4,more250
79851,2000,2,1320.2979957805908,7.1856127444809665,0,NoWC,0,NoSA,wholesretail,3,satisfactory,474,0.137,0.19,4,more250
79851,2002,4,1252.7964205816554,7.133133468097763,0,NoWC,0,NoSA,wholesretail,4,good,447,0.049,0.208,4,more250
79851,2005,7,1116.422077922078,7.017884277462754,0,NoWC,0,NoSA,wholesretail,4,good,462,0.048,0.214,4,more250
79851,2006,8,1074.235807860262,6.97936481136026,0,NoWC,0,NoSA,wholesretail,4,good,458,0.048,0.288,4,more250
79851,2008,10,798.758547008547,6.683058706114679,0,NoWC,0,NoSA,wholesretail,4,good,468,0.047,0.288,4,more250
79851,2009,11,723.2704402515724,6.5837832051251555,0,NoWC,0,NoSA,wholesretail,4,good,477,0.044,0.296,4,more250
79851,2010,12,535.5381443298969,6.283272118592617,0,NoWC,0,NoSA,wholesretail,4,good,485,0.043,0.291,4,more250
79851,2011,13,564.84375,6.336549144227239,0,NoWC,0,NoSA,wholesretail,3,satisfactory,512,0.041,0.287,4,more250
79851,2012,14,630.9160305343512,6.447172780048019,0,NoWC,0,NoSA,wholesretail,4,good,524,0.04,0.282,4,more250
79851,2013,15,600.375234521576,6.397554850610065,0,NoWC,0,NoSA,wholesretail,4,good,533,0.039,0.283,4,more250
79851,2014,16,592.8705440900563,6.384976068403205,0,NoWC,0,NoSA,wholesretail,4,good,533,0.043,0.283,4,more250
79851,2015,17,1801.5588235294117,7.4964075821831875,0,NoWC,0,NoSA,wholesretail,5,very good,510,0.047,0.298,4,more250
79851,2016,18,3187.9867924528303,8.06714489700718,0,NoWC,0,NoSA,wholesretail,5,very good,530,0.042,0.277,4,more250
79851,2017,19,2957.486136783734,7.992094908363528,0,NoWC,0,NoSA,wholesretail,5,very good,541,0.046,0.24,4,more250
79851,2018,20,3479.8534798534797,8.154745468391765,0,NoWC,0,NoSA,wholesretail,5,very good,546,0.024,0.187,4,more250
79851,2019,21,3350.2098540145985,8.116778265846554,0,NoWC,0,NoSA,wholesretail,5,very good,548,0.029,0.226,4,more250
79851,2020,22,3858.413043478261,8.258011249289755,0,NoWC,0,NoSA,wholesretail,4,good,552,0.024,0.446,4,more250
79871,2019,21,7130.153846153846,8.872088090476234,0,NoWC,0,NoSA,health,4,good,65,0.969,0.631,2,less100
79871,2020,22,1472.990291262136,7.2950498253086185,0,NoWC,0,NoSA,buservices,4,good,309,0.201,0.722,4,more250
79871,2021,23,1578.3527607361964,7.364137025684888,0,NoWC,1,SA,buservices,4,good,326,0.193,0.745,4,more250
79877,2012,14,2543.076923076923,7.841130013913478,1,WC,1,SA,public,4,good,130,0.123,0.869,3,less250
79877,2013,15,2711.864406779661,7.905391650310245,1,WC,1,SA,public,3,satisfactory,118,0.254,0.873,3,less250
79877,2014,16,2700.8547008547007,7.901323557771293,1,WC,1,SA,public,3,satisfactory,117,0.179,0.872,3,less250
79877,2015,17,6314.223300970873,8.750560034499998,1,WC,1,SA,public,3,satisfactory,103,0.204,0.854,3,less250
79877,2016,18,6675.670103092783,8.806224868206161,1,WC,1,SA,public,3,satisfactory,97,0.34,0.887,2,less100
79900,2015,17,611.1481481481482,6.415339398108476,1,WC,0,NoSA,health,2,sufficient,27,0.037,0.259,1,less50
79900,2016,18,594.5416666666666,6.387790800582629,1,WC,0,NoSA,health,2,sufficient,24,0.042,0.167,1,less50
79900,2017,19,849.3333333333334,6.744451728023944,1,WC,0,NoSA,health,3,satisfactory,24,0.042,0.25,1,less50
79900,2018,20,844.0869565217391,6.7382555183430215,1,WC,0,NoSA,health,3,satisfactory,23,0.043,0.174,1,less50
79923,2019,21,2148.714285714286,7.6726249355999,1,WC,0,NoSA,manufacturing,5,very good,28,0.179,0.5,1,less50
79923,2020,22,2685.8928571428573,7.89576848691411,1,WC,0,NoSA,manufacturing,5,very good,28,0.143,0.107,1,less50
79923,2021,23,3150.3846153846152,8.055279824488165,1,WC,0,NoSA,manufacturing,5,very good,26,0.346,0.231,1,less50
79937,1998,0,684.9187876758205,6.529300273096165,0,NoWC,0,NoSA,wholesretail,4,good,1493,0.027,0.553,4,more250
79937,1999,1,692.5866035856574,6.540433289571697,0,NoWC,1,SA,wholesretail,3,satisfactory,1255,0.033,0.587,4,more250
79937,2000,2,539.5010775862069,6.290644782075633,0,NoWC,0,NoSA,wholesretail,3,satisfactory,1160,0.036,0.489,4,more250
79937,2001,3,556.3107914462081,6.321327115502135,0,NoWC,0,NoSA,wholesretail,3,satisfactory,1134,0.041,0.492,4,more250
79941,2011,13,1053.4571428571428,6.959832551692644,1,WC,0,NoSA,manufacturing,5,very good,35,0.4,0.571,1,less50
79941,2012,14,1216.5405405405406,7.103766487225664,1,WC,0,NoSA,manufacturing,5,very good,37,0.649,0.459,1,less50
79941,2013,15,1164.7567567567567,7.060267551716145,1,WC,0,NoSA,manufacturing,4,good,37,0.351,0.432,1,less50
79941,2014,16,1417.4,7.256579486376156,1,WC,0,NoSA,manufacturing,5,very good,25,0.76,0.44,1,less50
79941,2015,17,2194.7083333333335,7.693804438927773,1,WC,0,NoSA,manufacturing,4,good,24,0.875,0.5,1,less50
79941,2017,19,1368.142857142857,7.221209520466306,1,WC,0,NoSA,manufacturing,5,very good,35,0.371,0.514,1,less50
79941,2018,20,2660.259259259259,7.8861788629131935,1,WC,0,NoSA,manufacturing,4,good,27,0.741,0.444,1,less50
79941,2019,21,2873.08,7.963139904049322,1,WC,0,NoSA,manufacturing,4,good,25,0.84,0.6,1,less50
79969,1998,0,2533.019417475728,7.837167315774002,0,NoWC,0,NoSA,finance,4,good,103,0.466,1,3,less250
79969,1999,1,2490.4156605113635,7.820204907459443,0,NoWC,0,NoSA,finance,2,sufficient,88,0.432,1,2,less100
79969,2000,2,2104.9944957386365,7.652068131262059,0,NoWC,0,NoSA,finance,2,sufficient,88,0.386,1,2,less100
79969,2001,3,2554.0844983552633,7.845449120757517,0,NoWC,0,NoSA,finance,3,satisfactory,76,0.461,1,2,less100
79969,2002,4,1947.1184210526317,7.574105825840333,0,NoWC,0,NoSA,finance,1,unsatisfactory,76,0.382,1,2,less100
79969,2003,5,1651.6842105263158,7.409550779952573,0,NoWC,0,NoSA,finance,5,very good,76,0.382,1,2,less100
79969,2004,6,2046.671052631579,7.623969875450381,0,NoWC,0,NoSA,finance,2,sufficient,76,0.75,1,2,less100
79969,2005,7,1986.7894736842106,7.594275285093637,0,NoWC,0,NoSA,finance,2,sufficient,76,0.632,1,2,less100
79969,2006,8,1260.5774647887324,7.13932520034357,0,NoWC,0,NoSA,finance,2,sufficient,71,0.563,0.986,2,less100
80006,1998,0,1672.5033411949685,7.422076789725332,0,NoWC,0,NoSA,edu,4,good,159,0.019,0.83,3,less250
80006,1999,1,2126.223880597015,7.662102859376896,0,NoWC,0,NoSA,edu,3,satisfactory,201,0.015,0.791,3,less250
80006,2000,2,1488.1105978260869,7.3052625391269865,0,NoWC,0,NoSA,edu,4,good,230,0.013,0.817,3,less250
80010,2002,4,3206.5853658536585,8.072961900986343,1,WC,0,NoSA,public,3,satisfactory,82,0.305,0.402,2,less100
80010,2004,6,4034.150684931507,8.302551071542728,1,WC,0,NoSA,public,3,satisfactory,73,0.26,0.411,2,less100
80010,2005,7,4877.724637681159,8.492434127342653,1,WC,0,NoSA,public,4,good,69,0.261,0.406,2,less100
80010,2006,8,4740.3239436619715,8.463860754898597,1,WC,0,NoSA,public,5,very good,71,0.366,0.465,2,less100
80010,2007,9,4883.171428571429,8.493550170668728,1,WC,0,NoSA,public,4,good,70,0.471,0.471,2,less100
80010,2008,10,4690.283783783784,8.453248367879237,1,WC,0,NoSA,public,4,good,74,0.446,0.473,2,less100
80010,2009,11,3965.5172413793102,8.285391577358913,1,WC,0,NoSA,public,4,good,87,0.471,0.529,2,less100
80010,2010,12,2885.9555555555557,7.967611339199835,1,WC,0,NoSA,public,4,good,90,0.511,0.544,2,less100
80010,2011,13,2376.576923076923,7.773416463751105,1,WC,0,NoSA,public,4,good,104,0.567,0.577,3,less250
80010,2012,14,1509.0521739130436,7.319237033327891,1,WC,0,NoSA,public,4,good,115,0.557,0.548,3,less250
80010,2013,15,1554.7739130434782,7.349085420501497,1,WC,0,NoSA,public,4,good,115,0.548,0.548,3,less250
80010,2014,16,1551.77868852459,7.347157092975024,1,WC,0,NoSA,public,4,good,122,0.566,0.598,3,less250
80010,2015,17,1783.4173913043478,7.486286685421958,1,WC,0,NoSA,public,4,good,115,0.522,0.617,3,less250
80010,2016,18,1940.0084033613446,7.570447583677551,1,WC,0,NoSA,public,4,good,119,0.521,0.647,3,less250
80010,2017,19,2023.3495934959349,7.612509631677328,1,WC,0,NoSA,public,4,good,123,0.537,0.675,3,less250
80010,2018,20,2116.471074380165,7.657505393144302,0,NoWC,0,NoSA,public,4,good,121,0.595,0.661,3,less250
80010,2019,21,1860.96875,7.528852464453976,0,NoWC,0,NoSA,public,4,good,128,0.477,0.797,3,less250
80010,2021,23,1741.9305555555557,7.462749291839156,0,NoWC,0,NoSA,public,4,good,144,0.431,0.66,3,less250
80027,2004,6,2274.6792452830186,7.729594330360486,0,NoWC,0,NoSA,manufacturing,2,sufficient,53,0.83,0.887,2,less100
80027,2008,10,2965.464285714286,7.994788887946873,0,NoWC,0,NoSA,manufacturing,4,good,56,0.857,0.804,2,less100
80027,2009,11,3507.2291666666665,8.162581593504731,0,NoWC,0,NoSA,manufacturing,4,good,48,0.646,0.833,1,less50
80027,2010,12,3366.94,8.121759598984475,0,NoWC,0,NoSA,manufacturing,5,very good,50,0.52,0.84,1,less50
80027,2012,14,2107.06,7.653048889905623,0,NoWC,1,SA,manufacturing,4,good,50,0.82,0.86,1,less50
80027,2013,15,1955,7.578145472419466,0,NoWC,1,SA,manufacturing,4,good,55,0.564,0.8,2,less100
80027,2016,18,2133.4285714285716,7.665485622540333,0,NoWC,1,SA,manufacturing,3,satisfactory,56,0.946,0.839,2,less100
80056,2010,12,1854.0882352941176,7.525148336845619,1,WC,0,NoSA,manufacturing,4,good,34,0.029,0.088,1,less50
80056,2011,13,2738.3529411764707,7.91511190228029,1,WC,0,NoSA,manufacturing,4,good,34,0.059,0.059,1,less50
80056,2012,14,1814.516129032258,7.50357411558152,1,WC,0,NoSA,manufacturing,4,good,31,0.065,0.065,1,less50
80056,2013,15,1616.3939393939395,7.387952983750333,1,WC,0,NoSA,manufacturing,4,good,33,0.03,0.061,1,less50
80056,2014,16,1434.0625,7.268266604589153,1,WC,0,NoSA,manufacturing,4,good,32,0.031,0.062,1,less50
80062,2017,19,2921.717391304348,7.97992687007822,1,WC,1,SA,resthotels,4,good,46,0.087,0.609,1,less50
80062,2020,22,2624.9791666666665,7.872828238486293,1,WC,1,SA,finance,4,good,48,0.042,0.625,1,less50
80062,2021,23,2573.5098039215686,7.8530259286529,1,WC,1,SA,finance,5,very good,51,0.078,0.627,2,less100
80129,1998,0,1659.933254716981,7.414532672540407,0,NoWC,1,SA,public,2,sufficient,265,0.053,0.245,4,more250
80129,1999,1,2278.943918918919,7.731467421184646,0,NoWC,0,NoSA,public,2,sufficient,185,0.086,0.335,3,less250
80129,2000,2,2867.0841911764705,7.961050831052652,0,NoWC,0,NoSA,public,4,good,170,0.129,0.218,3,less250
80132,2015,17,2547.8823529411766,7.843017843311,1,WC,1,SA,edu,4,good,34,0.118,0.265,1,less50
80132,2017,19,2912.6969696969695,7.976834724667717,1,WC,1,SA,edu,4,good,33,0.061,0.273,1,less50
80132,2018,20,3282.4242424242425,8.096337526679621,1,WC,1,SA,edu,4,good,33,0.03,0.273,1,less50
80132,2019,21,2803.181818181818,7.938510414627222,1,WC,1,SA,edu,4,good,33,0.182,0.273,1,less50
80146,2008,10,382.7307692307692,5.94733178959368,0,NoWC,0,NoSA,wholesretail,4,good,104,0.01,0.5,3,less250
80146,2009,11,296.27950310559004,5.691303276032808,0,NoWC,0,NoSA,wholesretail,5,very good,161,0.031,0.466,3,less250
80146,2010,12,229.95238095238096,5.437872248150119,0,NoWC,0,NoSA,wholesretail,5,very good,189,0.037,0.566,3,less250
80146,2011,13,474.2432432432432,6.161720361466911,0,NoWC,0,NoSA,wholesretail,5,very good,111,0.063,0.279,3,less250
80146,2013,15,379.53846153846155,5.938955939627765,0,NoWC,0,NoSA,wholesretail,5,very good,156,0.032,0.699,3,less250
80146,2014,16,299.6388888888889,5.702578045919319,0,NoWC,0,NoSA,wholesretail,5,very good,144,0.028,0.319,3,less250
80146,2017,19,4029.777777777778,8.301466511429727,0,NoWC,1,SA,wholesretail,5,very good,54,0.093,0.759,2,less100
80146,2019,21,10027.838709677419,9.21312037515177,0,NoWC,1,SA,wholesretail,5,very good,31,0.097,0.742,1,less50
80146,2020,22,15041.121212121212,9.618543143403489,0,NoWC,1,SA,transcom,5,very good,33,0.121,0.697,1,less50
80147,2003,5,2336.3350515463917,7.756338763263415,0,NoWC,0,NoSA,buservices,4,good,194,0.68,0.072,3,less250
80147,2004,6,2577.319587628866,7.854505218341001,0,NoWC,0,NoSA,buservices,5,very good,194,0.588,0.16,3,less250
80147,2005,7,3125.981818181818,8.047503694643911,0,NoWC,0,NoSA,buservices,4,good,165,0.691,0.079,3,less250
80167,2019,21,1425.1041666666667,7.262000189446324,1,WC,0,NoSA,art,4,good,48,0.062,0.792,1,less50
80167,2020,22,2416.9736842105262,7.790271492853779,1,WC,0,NoSA,health,4,good,38,0.105,0.974,1,less50
80167,2021,23,1800.7555555555555,7.495961608898994,1,WC,0,NoSA,health,2,sufficient,45,0.089,0.978,1,less50
80181,2008,10,1898.142857142857,7.548631243535994,1,WC,0,NoSA,health,4,good,28,0.179,0.464,1,less50
80181,2009,11,1119.7777777777778,7.020885531904324,1,WC,0,NoSA,health,4,good,36,0.194,0.389,1,less50
80181,2011,13,3107.0384615384614,8.04142528831175,1,WC,0,NoSA,health,4,good,26,0.192,0.462,1,less50
80201,2015,17,3899.78125,8.26867574080106,1,WC,0,NoSA,buservices,4,good,32,0.031,0.719,1,less50
80201,2016,18,3365.964285714286,8.121469764389733,1,WC,0,NoSA,buservices,3,satisfactory,28,0.036,0.5,1,less50
80201,2017,19,3812.7297297297296,8.246100676078578,1,WC,0,NoSA,buservices,3,satisfactory,37,0.027,0.405,1,less50
80201,2021,23,3410.5,8.134614187094774,1,WC,0,NoSA,buservices,4,good,42,0.024,0.643,1,less50
80244,2009,11,1409.5384615384614,7.251017597545096,1,WC,0,NoSA,wholesretail,4,good,39,0.154,0.205,1,less50
80244,2010,12,1615.111111111111,7.387159032739787,1,WC,0,NoSA,wholesretail,4,good,36,0.194,0.194,1,less50
80244,2011,13,1422.142857142857,7.259920067442983,0,NoWC,0,NoSA,wholesretail,4,good,42,0.095,0.167,1,less50
80265,2004,6,2336.448598130841,7.756387362382477,0,NoWC,0,NoSA,wholesretail,1,unsatisfactory,214,0.061,0.089,3,less250
80265,2005,7,2528.3676470588234,7.835329174700275,0,NoWC,0,NoSA,wholesretail,4,good,204,0.118,0.167,3,less250
80265,2006,8,2795.4545454545455,7.935750000436293,0,NoWC,1,SA,wholesretail,4,good,176,0.131,0.176,3,less250
80265,2007,9,2370.5438596491226,7.770874684448638,0,NoWC,0,NoSA,wholesretail,3,satisfactory,171,0.129,0.129,3,less250
80268,2008,10,2158.6190476190477,7.677223966413765,0,NoWC,0,NoSA,construction,3,satisfactory,21,0.048,0.095,1,less50
80268,2009,11,1444.6666666666667,7.2756338934281946,0,NoWC,0,NoSA,construction,3,satisfactory,27,0.185,0.037,1,less50
80268,2010,12,1280.107142857143,7.154699058767708,0,NoWC,0,NoSA,construction,2,sufficient,28,0.214,0.036,1,less50
80268,2011,13,879.59375,6.77946015315286,0,NoWC,1,SA,construction,4,good,32,0.031,0.062,1,less50
80268,2012,14,762.7352941176471,6.636911043329168,0,NoWC,1,SA,construction,4,good,34,0.088,0.029,1,less50
80268,2013,15,1336.5714285714287,7.1978629786487565,0,NoWC,1,SA,construction,4,good,28,0.107,0.036,1,less50
80268,2014,16,1952.2222222222222,7.576723603844924,1,WC,1,SA,construction,4,good,27,0.148,0.037,1,less50
80268,2015,17,2150.56,7.673483552322838,1,WC,1,SA,construction,4,good,25,0.2,0,1,less50
80268,2016,18,2226.6,7.708231037294607,1,WC,1,SA,construction,4,good,25,0.4,0.08,1,less50
80268,2017,19,3303.190476190476,8.102644091360675,1,WC,1,SA,construction,4,good,21,0.286,0.048,1,less50
80268,2018,20,3210.285714285714,8.074115219728766,1,WC,0,NoSA,construction,4,good,21,0.286,0.095,1,less50
80296,2017,19,865.5166666666667,6.763326631122556,0,NoWC,0,NoSA,edu,4,good,60,0.467,0.8,2,less100
80296,2018,20,1479.25,7.299290481556803,0,NoWC,0,NoSA,edu,5,very good,60,0.517,0.767,2,less100
80296,2019,21,2425.637931034483,7.793849833120342,0,NoWC,0,NoSA,edu,4,good,58,0.707,0.552,2,less100
80296,2020,22,2863.0806451612902,7.9596534727633275,0,NoWC,0,NoSA,edu,4,good,62,0.613,0.774,2,less100
80307,2002,4,3665.8387096774195,8.20681243116267,0,NoWC,0,NoSA,manufacturing,3,satisfactory,31,0.097,0.161,1,less50
80307,2003,5,4887.2,8.494374821335557,0,NoWC,0,NoSA,manufacturing,4,good,30,0.2,0.133,1,less50
80307,2004,6,5180.181818181818,8.552595434672638,0,NoWC,0,NoSA,manufacturing,3,satisfactory,33,0.061,0.182,1,less50
80307,2005,7,3889.5454545454545,8.266047580053785,0,NoWC,0,NoSA,manufacturing,3,satisfactory,33,0.121,0.152,1,less50
80307,2006,8,5022.117647058823,8.521606965779025,0,NoWC,0,NoSA,manufacturing,2,sufficient,34,0.088,0.118,1,less50
80307,2007,9,4783.125,8.472849377564186,0,NoWC,0,NoSA,manufacturing,3,satisfactory,32,0.094,0.125,1,less50
80307,2008,10,1166.4605263157894,7.0617292514682495,0,NoWC,0,NoSA,manufacturing,2,sufficient,76,0.039,0.158,2,less100
80308,2003,5,3726.153846153846,8.223131840205491,1,WC,0,NoSA,health,4,good,26,0.423,0.077,1,less50
80308,2008,10,2435.744680851064,7.798007812520274,1,WC,0,NoSA,health,3,satisfactory,47,0.915,0.043,1,less50
80308,2009,11,2633.851063829787,7.876202336980115,1,WC,0,NoSA,health,2,sufficient,47,0.957,0.043,1,less50
80308,2010,12,2599.698113207547,7.863150606963461,1,WC,0,NoSA,health,2,sufficient,53,0.849,0.057,2,less100
80308,2011,13,1891.0405405405406,7.544882507106887,1,WC,0,NoSA,health,2,sufficient,74,0.568,0.041,2,less100
80308,2012,14,1665.9166666666667,7.4181308014677425,1,WC,0,NoSA,health,3,satisfactory,84,0.56,0.048,2,less100
80308,2013,15,2124.5526315789475,7.661316532878952,1,WC,0,NoSA,health,2,sufficient,76,0.697,0.066,2,less100
80308,2014,16,1993.4074074074074,7.597600718492845,1,WC,0,NoSA,health,1,unsatisfactory,81,0.679,0.062,2,less100
80308,2015,17,1328.9382716049383,7.19213561038468,1,WC,0,NoSA,health,1,unsatisfactory,81,0.543,0.062,2,less100
80308,2016,18,1461.8395061728395,7.287450857384236,1,WC,0,NoSA,health,1,unsatisfactory,81,0.519,0.062,2,less100
80308,2017,19,1594.7283950617284,7.374458715491013,1,WC,0,NoSA,health,1,unsatisfactory,81,0.506,0.062,2,less100
80308,2018,20,1594.7283950617284,7.374458715491013,1,WC,0,NoSA,health,1,unsatisfactory,81,0.543,0.062,2,less100
80308,2019,21,1491.4578313253012,7.307509330893576,1,WC,0,NoSA,health,1,unsatisfactory,83,0.542,0.06,2,less100
80308,2020,22,2511.6979166666665,7.82871426425271,1,WC,0,NoSA,buservices,1,unsatisfactory,96,0.448,0.062,2,less100
80308,2021,23,2482.5104166666665,7.817025591949464,1,WC,0,NoSA,buservices,2,sufficient,96,0.438,0.083,2,less100
80310,2005,7,2622.35,7.871826141303831,0,NoWC,0,NoSA,edu,4,good,40,0.075,0.25,1,less50
80310,2009,11,1000.4090909090909,6.908164286236357,0,NoWC,0,NoSA,edu,3,satisfactory,44,0.091,0.159,1,less50
80310,2010,12,609.8372093023256,6.413192051555035,1,WC,0,NoSA,edu,4,good,43,0.116,0.163,1,less50
80310,2012,14,575.3095238095239,6.354908198242086,0,NoWC,0,NoSA,edu,3,satisfactory,42,0.119,0.119,1,less50
80310,2013,15,593.9024390243902,6.386715061806428,0,NoWC,0,NoSA,edu,3,satisfactory,41,0.098,0.244,1,less50
80310,2014,16,770.170731707317,6.646612219759401,0,NoWC,0,NoSA,edu,3,satisfactory,41,0.122,0.122,1,less50
80310,2017,19,2641.5641025641025,7.879126483795857,0,NoWC,0,NoSA,edu,4,good,39,0.154,0.256,1,less50
80310,2018,20,3297.657894736842,8.100967766610184,0,NoWC,0,NoSA,edu,4,good,38,0.132,0.263,1,less50
80310,2019,21,2298.3513513513512,7.7399473411303115,0,NoWC,0,NoSA,edu,4,good,37,0.027,0.162,1,less50
80310,2020,22,2809.657142857143,7.940817741665475,0,NoWC,0,NoSA,buservices,5,very good,35,0.029,0.143,1,less50
80310,2021,23,2754.5588235294117,7.921012572113831,0,NoWC,0,NoSA,buservices,5,very good,34,0.029,0.147,1,less50
80312,2015,17,2129.68,7.663727012675317,1,WC,1,SA,edu,3,satisfactory,25,0.92,0,1,less50
80312,2016,18,1365.179487179487,7.219041191413872,1,WC,1,SA,edu,3,satisfactory,39,0.026,0.026,1,less50
80312,2017,19,1365.179487179487,7.219041191413872,1,WC,1,SA,edu,4,good,39,0.128,0.026,1,less50
80325,2004,6,778.9125,6.657898716070337,1,WC,0,NoSA,manufacturing,2,sufficient,160,0.031,0.081,3,less250
80325,2005,7,721.21875,6.580942489327318,1,WC,0,NoSA,manufacturing,1,unsatisfactory,160,0.031,0.094,3,less250
80325,2006,8,817.4905660377359,6.7062393626898205,1,WC,0,NoSA,manufacturing,3,satisfactory,159,0.038,0.094,3,less250
80325,2007,9,798.5582822085889,6.682807954607721,1,WC,0,NoSA,manufacturing,4,good,163,0.031,0.098,3,less250
80325,2008,10,810.9502762430939,6.69820674057498,1,WC,0,NoSA,manufacturing,5,very good,181,0.028,0.116,3,less250
80325,2009,11,864.7278481012659,6.762414830954062,1,WC,0,NoSA,manufacturing,3,satisfactory,158,0.032,0.089,3,less250
80325,2010,12,911.0915032679738,6.814643334881106,1,WC,0,NoSA,manufacturing,2,sufficient,153,0.033,0.085,3,less250
80325,2011,13,941.62,6.8476017961622935,1,WC,0,NoSA,manufacturing,4,good,150,0.013,0.08,3,less250
80325,2012,14,1028.4832214765102,6.935840395373663,1,WC,0,NoSA,manufacturing,4,good,149,0.013,0.087,3,less250
80325,2013,15,1018.6551724137931,6.926238577929438,1,WC,0,NoSA,manufacturing,4,good,145,0.014,0.076,3,less250
80325,2014,16,1183.3758389261745,7.076126513375539,1,WC,0,NoSA,manufacturing,4,good,149,0.013,0.074,3,less250
80325,2015,17,1089.6666666666667,6.993627118056101,1,WC,0,NoSA,manufacturing,4,good,156,0.026,0.083,3,less250
80325,2016,18,1274.2944785276075,7.1501479542633914,1,WC,0,NoSA,manufacturing,4,good,163,0.025,0.074,3,less250
80325,2017,19,885.3684210526316,6.786003853355942,1,WC,0,NoSA,manufacturing,3,satisfactory,171,0.029,0.082,3,less250
80325,2018,20,1083.0335195530727,6.987521197171219,1,WC,0,NoSA,manufacturing,4,good,179,0.034,0.078,3,less250
80325,2019,21,856.3920454545455,6.752728268319455,1,WC,0,NoSA,manufacturing,4,good,176,0.034,0.08,3,less250
80325,2020,22,966.1858974358975,6.873356256108069,1,WC,0,NoSA,manufacturing,4,good,156,0.045,0.083,3,less250
80325,2021,23,1050.0738255033557,6.956615750683133,1,WC,0,NoSA,manufacturing,1,unsatisfactory,149,0.06,0.081,3,less250
80360,2017,19,1799.066985645933,7.495023468191145,0,NoWC,0,NoSA,buservices,1,unsatisfactory,209,0.057,0.105,3,less250
80360,2018,20,2028.2415458937198,7.614924463088856,0,NoWC,0,NoSA,buservices,1,unsatisfactory,207,0.034,0.106,3,less250
80360,2019,21,2094.407960199005,7.647026195854584,0,NoWC,0,NoSA,buservices,1,unsatisfactory,201,0.04,0.124,3,less250
80360,2020,22,2231.904761904762,7.710610653193329,0,NoWC,0,NoSA,buservices,3,satisfactory,189,0.042,0.095,3,less250
80360,2021,23,6310.328947368421,8.749943085296673,0,NoWC,1,SA,buservices,3,satisfactory,76,0.092,0.105,2,less100
80380,2017,19,1811.96,7.502164411304079,0,NoWC,0,NoSA,construction,3,satisfactory,25,0.08,0.72,1,less50
80380,2018,20,2137.76,7.667513830840584,0,NoWC,0,NoSA,construction,1,unsatisfactory,25,0.16,0.76,1,less50
80380,2019,21,2283,7.733245646529795,0,NoWC,0,NoSA,construction,4,good,25,0.08,0.8,1,less50
80380,2020,22,2684.478260869565,7.89524167181142,0,NoWC,0,NoSA,wholesretail,4,good,23,0.13,0.217,1,less50
80395,2001,3,606.734375,6.408091092317974,0,NoWC,0,NoSA,manufacturing,4,good,257,0.089,0.16,4,more250
80395,2002,4,626.4273504273505,6.44003280660231,0,NoWC,0,NoSA,manufacturing,2,sufficient,234,0.085,0.141,3,less250
80395,2004,6,750.1375,6.6202565230601875,0,NoWC,0,NoSA,manufacturing,4,good,240,0.05,0.117,3,less250
80395,2005,7,873.5344827586207,6.7725476053359985,0,NoWC,0,NoSA,manufacturing,3,satisfactory,232,0.103,0.147,3,less250
80395,2006,8,845.5020080321285,6.739930543299893,0,NoWC,0,NoSA,manufacturing,4,good,249,0.1,0.161,3,less250
80395,2007,9,915.2459016393443,6.819192774131095,0,NoWC,0,NoSA,manufacturing,3,satisfactory,244,0.094,0.172,3,less250
80395,2008,10,1214.7975708502024,7.102332733540193,0,NoWC,0,NoSA,manufacturing,3,satisfactory,247,0.089,0.182,3,less250
80399,2012,14,2233.7837837837837,7.711452190604946,1,WC,0,NoSA,buservices,4,good,148,0.128,0.547,3,less250
80399,2013,15,2162.162162162162,7.678864001011794,1,WC,0,NoSA,buservices,4,good,148,0.331,0.547,3,less250
80399,2014,16,2149.6598639455783,7.673064905790313,1,WC,0,NoSA,buservices,4,good,147,0.19,0.551,3,less250
80399,2015,17,2913.7278911564626,7.97718860255849,1,WC,0,NoSA,buservices,4,good,147,0.231,0.551,3,less250
80399,2017,19,3184.614864864865,8.06608663914517,1,WC,0,NoSA,buservices,3,satisfactory,148,0.304,0.547,3,less250
80425,2015,17,1302.3406593406594,7.171918431664709,1,WC,0,NoSA,buservices,3,satisfactory,91,0.571,0.209,2,less100
80425,2016,18,1693.9466666666667,7.434816391048531,1,WC,0,NoSA,buservices,3,satisfactory,75,0.32,0.16,2,less100
80425,2017,19,1602.4366197183099,7.379280637134859,0,NoWC,0,NoSA,buservices,3,satisfactory,71,0.408,0.211,2,less100
80425,2018,20,1827.5072463768115,7.510708156801742,1,WC,0,NoSA,buservices,4,good,69,0.391,0.246,2,less100
80462,2009,11,2216.483333333333,7.7036771347944795,0,NoWC,0,NoSA,buservices,2,sufficient,60,0.117,0.033,2,less100
80462,2010,12,2500.6481481481483,7.824305236513677,0,NoWC,0,NoSA,buservices,4,good,54,0.074,0.056,2,less100
80462,2013,15,3014.1923076923076,8.011087181959331,0,NoWC,0,NoSA,buservices,4,good,52,0.019,0.058,2,less100
80462,2014,16,3221.5,8.077602368578697,0,NoWC,0,NoSA,buservices,3,satisfactory,52,0.019,0.058,2,less100
80462,2015,17,3383.1960784313724,8.126576127027604,0,NoWC,0,NoSA,buservices,2,sufficient,51,0.02,0.059,2,less100
80470,1998,0,883.1262755102041,6.783468197752205,0,NoWC,0,NoSA,edu,3,satisfactory,49,0.041,0.306,1,less50
80470,1999,1,615.4104886968086,6.42228950644892,0,NoWC,0,NoSA,edu,3,satisfactory,47,0.213,0.298,1,less50
80470,2000,2,928.7183077830189,6.833805471932138,0,NoWC,0,NoSA,public,2,sufficient,53,0.094,0.302,2,less100
80477,2005,7,1671.688524590164,7.421589487169958,0,NoWC,0,NoSA,health,1,unsatisfactory,61,0.131,0.213,2,less100
80477,2006,8,2049.3809523809523,7.625293052080673,0,NoWC,0,NoSA,health,1,unsatisfactory,63,0.127,0.254,2,less100
80477,2007,9,2017.359375,7.609544695112534,0,NoWC,0,NoSA,health,2,sufficient,64,0.109,0.188,2,less100
80522,2006,8,3439.551724137931,8.143096429125398,1,WC,0,NoSA,wholesretail,2,sufficient,29,0.483,0.241,1,less50
80522,2007,9,2586.675675675676,7.858128807367398,1,WC,0,NoSA,wholesretail,2,sufficient,37,0.541,0.162,1,less50
80522,2009,11,3449.609756097561,8.146016389452894,1,WC,0,NoSA,wholesretail,3,satisfactory,41,0.024,0.195,1,less50
80545,2013,15,2390.6428571428573,7.779317586641532,0,NoWC,0,NoSA,public,4,good,28,0.393,0.036,1,less50
80545,2014,16,2757.5833333333335,7.922109971281481,0,NoWC,0,NoSA,public,4,good,24,0.5,0.042,1,less50
80545,2015,17,2488.925925925926,7.8196065413485725,0,NoWC,0,NoSA,public,4,good,27,0.481,0.074,1,less50
80570,2000,2,5350.002286585366,8.584852267289095,1,WC,0,NoSA,manufacturing,5,very good,82,0.329,0.512,2,less100
80570,2001,3,3439.8091856060605,8.143171279528401,1,WC,0,NoSA,manufacturing,4,good,132,0.182,0.492,3,less250
80570,2002,4,4705.882352941177,8.456568569599803,0,NoWC,0,NoSA,manufacturing,3,satisfactory,119,0.58,0.655,3,less250
80570,2003,5,3745.8595041322315,8.228406376730002,0,NoWC,0,NoSA,manufacturing,1,unsatisfactory,121,0.57,0.554,3,less250
80570,2004,6,3937.0078740157483,8.278176290945737,0,NoWC,0,NoSA,manufacturing,5,very good,127,0.528,0.591,3,less250
80570,2005,7,3557.151724137931,8.176715426123918,0,NoWC,0,NoSA,manufacturing,3,satisfactory,145,0.434,0.586,3,less250
80600,2001,3,1134.6338803956835,7.034065305539251,0,NoWC,1,SA,public,2,sufficient,556,0.451,0.074,4,more250
80600,2003,5,803.6329787234042,6.6891426708286845,0,NoWC,0,NoSA,public,3,satisfactory,564,0.335,0.071,4,more250
80600,2004,6,912.4087591240876,6.816088090456313,0,NoWC,0,NoSA,public,3,satisfactory,548,0.385,0.073,4,more250
80600,2006,8,947.9768786127167,6.854330112308556,0,NoWC,0,NoSA,public,4,good,519,0.389,0.077,4,more250
80600,2007,9,830.6618852459017,6.722222835098151,0,NoWC,0,NoSA,public,4,good,488,0.492,0.07,4,more250
80600,2008,10,778.7895833333333,6.657740898130389,0,NoWC,0,NoSA,public,5,very good,480,0.458,0.077,4,more250
80618,2003,5,1188.6041666666667,7.080534928451123,1,WC,0,NoSA,manufacturing,2,sufficient,48,0.667,0.562,1,less50
80618,2006,8,2242.4285714285716,7.715314741219894,1,WC,0,NoSA,manufacturing,5,very good,49,0.245,0.612,1,less50
80618,2007,9,1071.66,6.976964127144448,1,WC,0,NoSA,manufacturing,5,very good,50,0.2,0.64,1,less50
80618,2008,10,1467.4074074074074,7.2912524542482124,1,WC,0,NoSA,manufacturing,5,very good,54,0.074,0.611,2,less100
80618,2010,12,2347.8518518518517,7.761256083493948,1,WC,0,NoSA,manufacturing,4,good,54,0.13,0.611,2,less100
80618,2011,13,2594.9824561403507,7.8613350349375795,1,WC,0,NoSA,manufacturing,5,very good,57,0.035,0.596,2,less100
80618,2012,14,3151.0526315789475,8.055491844752957,1,WC,0,NoSA,manufacturing,5,very good,57,0.105,0.596,2,less100
80618,2013,15,3490.3214285714284,8.15774911083274,1,WC,0,NoSA,manufacturing,5,very good,56,0.25,0.643,2,less100
80618,2014,16,3916.448275862069,8.27294046999522,1,WC,0,NoSA,manufacturing,5,very good,58,0.759,0.621,2,less100
80618,2015,17,4716.642857142857,8.458852566434954,1,WC,0,NoSA,manufacturing,5,very good,56,0.161,0.696,2,less100
80618,2016,18,4633.894736842105,8.441152989335555,1,WC,0,NoSA,manufacturing,5,very good,57,0.211,0.614,2,less100
80618,2017,19,4918.327586206897,8.50072383019728,1,WC,0,NoSA,manufacturing,5,very good,58,0.259,0.655,2,less100
80618,2018,20,5762.890909090909,8.659194521722693,1,WC,0,NoSA,manufacturing,5,very good,55,0.345,0.582,2,less100
80618,2019,21,5838.7192982456145,8.672266753527282,1,WC,0,NoSA,manufacturing,5,very good,57,0.491,0.439,2,less100
80618,2020,22,7521.050847457627,8.92546114753452,1,WC,0,NoSA,manufacturing,5,very good,59,0.22,0.61,2,less100
80618,2021,23,7162.9152542372885,8.876672335501226,1,WC,0,NoSA,manufacturing,5,very good,59,0.085,0.559,2,less100
80633,2016,18,2055.189655172414,7.628123412293522,1,WC,0,NoSA,wholesretail,4,good,58,0.103,0.397,2,less100
80633,2017,19,1938.5492957746478,7.5696951866430275,1,WC,0,NoSA,wholesretail,4,good,71,0.113,0.352,2,less100
80633,2018,20,1600.4302325581396,7.378027767430835,1,WC,0,NoSA,wholesretail,3,satisfactory,86,0.128,0.279,2,less100
80633,2020,22,3643.475,8.200693175552557,1,WC,0,NoSA,wholesretail,4,good,40,0.175,0.125,1,less50
80729,2012,14,691.28,6.538544951533144,1,WC,0,NoSA,health,4,good,25,0.24,0.92,1,less50
80729,2013,15,847.125,6.741848263456277,1,WC,0,NoSA,health,4,good,24,0.167,0.833,1,less50
80729,2016,18,557.6571428571428,6.323744334211993,1,WC,0,NoSA,health,3,satisfactory,35,0.371,0.943,1,less50
80729,2017,19,691.9032258064516,6.539446098737648,1,WC,0,NoSA,health,1,unsatisfactory,31,0.452,0.774,1,less50
80729,2018,20,767.5,6.643138479461352,1,WC,0,NoSA,health,2,sufficient,30,0.533,0.8,1,less50
80730,2012,14,353.09420289855075,5.8667348850667755,1,WC,0,NoSA,public,5,very good,138,0.087,0.529,3,less250
80730,2013,15,2269.503546099291,7.727316384397741,1,WC,0,NoSA,public,2,sufficient,141,0.05,0.489,3,less250
80730,2014,16,2001.1241379310345,7.601464370606004,1,WC,0,NoSA,public,3,satisfactory,145,0.021,0.503,3,less250
80730,2015,17,2102.6304347826085,7.650944427869373,1,WC,0,NoSA,public,1,unsatisfactory,138,0.029,0.717,3,less250
80730,2017,19,1802.2536231884058,7.496793173652153,1,WC,0,NoSA,public,3,satisfactory,138,0.029,0.529,3,less250
80732,1998,0,20981.005208333332,9.951372793497141,0,NoWC,0,NoSA,construction,3,satisfactory,36,0.083,0.611,1,less50
80732,1999,1,17223.99519230769,9.754058759916646,0,NoWC,0,NoSA,construction,2,sufficient,39,0.077,0.615,1,less50
80732,2000,2,15892.20564516129,9.673584057019486,0,NoWC,0,NoSA,construction,2,sufficient,31,0.032,0.548,1,less50
80733,2008,10,1017.9591836734694,6.925555101683346,1,WC,0,NoSA,construction,3,satisfactory,49,0.02,0.367,1,less50
80733,2009,11,694.2708333333334,6.5428621341390185,1,WC,0,NoSA,construction,4,good,48,0.021,0.375,1,less50
80733,2010,12,990.6862745098039,6.898397909547496,1,WC,0,NoSA,construction,3,satisfactory,51,0.02,0.392,2,less100
80733,2011,13,975.3018867924528,6.88274705055259,1,WC,0,NoSA,construction,4,good,53,0.019,0.377,2,less100
80733,2012,14,806.1578947368421,6.692279622498114,1,WC,0,NoSA,construction,5,very good,57,0.018,0.351,2,less100
80740,2007,9,2539.478260869565,7.839713929806772,1,WC,0,NoSA,health,4,good,69,0.029,0.174,2,less100
80740,2008,10,1940.0149253731342,7.570450945519085,1,WC,0,NoSA,health,2,sufficient,67,0.119,0.164,2,less100
80740,2009,11,2813.439393939394,7.94216299747885,1,WC,0,NoSA,health,4,good,66,0.03,0.182,2,less100
80740,2010,12,1593.5820895522388,7.373739647781382,1,WC,0,NoSA,health,2,sufficient,67,0.119,0.164,2,less100
80740,2011,13,3554.15625,8.175872972295174,1,WC,0,NoSA,health,2,sufficient,64,0.031,0.312,2,less100
80746,2000,2,860.6831770833334,6.75772646584263,0,NoWC,0,NoSA,mining,4,good,300,0.333,0.893,4,more250
80746,2001,3,2253.058705357143,7.720043996620583,0,NoWC,0,NoSA,mining,2,sufficient,280,0.375,0.707,4,more250
80746,2002,4,1985.8156028368794,7.5937849917732185,0,NoWC,0,NoSA,mining,3,satisfactory,282,0.085,0.709,4,more250
80746,2004,6,1736.111111111111,7.459402897268383,0,NoWC,0,NoSA,mining,2,sufficient,288,0.747,0.684,4,more250
80746,2005,7,1790.9270833333333,7.490488688408546,0,NoWC,0,NoSA,mining,2,sufficient,288,0.767,0.684,4,more250
80750,2012,14,1738.642857142857,7.460860120716656,1,WC,0,NoSA,health,3,satisfactory,28,0.143,0.071,1,less50
80750,2014,16,1734.1,7.458243825804503,1,WC,1,SA,health,3,satisfactory,30,0.067,0.067,1,less50
80750,2015,17,1458.3333333333333,7.2850495101236055,1,WC,1,SA,health,3,satisfactory,36,0.056,0.139,1,less50
80750,2016,18,1280.4878048780488,7.154996381875407,1,WC,1,SA,health,3,satisfactory,41,0.073,0.122,1,less50
80768,2016,18,2325.2272727272725,7.751573064954725,1,WC,0,NoSA,manufacturing,2,sufficient,22,0.273,0.045,1,less50
80768,2018,20,2216.75,7.703797438260116,1,WC,0,NoSA,manufacturing,2,sufficient,24,0.5,0.042,1,less50
80768,2019,21,2131.4583333333335,7.664561687965095,1,WC,0,NoSA,manufacturing,5,very good,24,0.5,0.042,1,less50
80768,2021,23,3410.3333333333335,8.13456531721083,1,WC,0,NoSA,manufacturing,2,sufficient,21,0.476,0.048,1,less50
80772,2016,18,700.7757575757576,6.552187946523501,0,NoWC,0,NoSA,manufacturing,4,good,165,0.006,0.085,3,less250
80772,2017,19,1605.3857142857144,7.381119327119024,0,NoWC,0,NoSA,manufacturing,4,good,140,0.157,0.114,3,less250
80772,2018,20,1459.878205128205,7.28610829007758,0,NoWC,0,NoSA,manufacturing,5,very good,156,0.09,0.128,3,less250
80777,1999,1,781.6512477517986,6.661408666327053,1,WC,0,NoSA,public,1,unsatisfactory,1112,0.337,0.579,4,more250
80777,2000,2,562.7888938848921,6.332904591365516,1,WC,0,NoSA,public,4,good,1112,0.291,0.51,4,more250
80777,2001,3,556.3107914462081,6.321327115502135,1,WC,0,NoSA,public,4,good,1134,0.306,0.492,4,more250
80789,2019,21,1720.840909090909,7.450568350968772,0,NoWC,0,NoSA,edu,3,satisfactory,44,0.523,0.318,1,less50
80789,2020,22,2145.85,7.67129102326401,0,NoWC,0,NoSA,edu,4,good,40,0.575,0.325,1,less50
80789,2021,23,2679.0588235294117,7.8932208265747015,0,NoWC,0,NoSA,edu,3,satisfactory,34,0.735,0.353,1,less50
80826,1998,0,2784.3466726618703,7.931768536928184,0,NoWC,1,SA,health,2,sufficient,278,0.054,0.388,4,more250
80826,1999,1,2217.337213010204,7.704062301347118,0,NoWC,0,NoSA,health,4,good,392,0.048,0.441,4,more250
80826,2000,2,1224.699119373777,7.110450475972339,0,NoWC,1,SA,health,3,satisfactory,511,0.037,0.45,4,more250
80826,2002,4,941.1764705882352,6.847130657165702,0,NoWC,1,SA,health,3,satisfactory,595,0.123,0.422,4,more250
80826,2004,6,761.03500761035,6.634679358919718,0,NoWC,1,SA,health,4,good,657,0.033,0.414,4,more250
80826,2005,7,760.7477876106195,6.634301880604097,0,NoWC,0,NoSA,health,4,good,678,0.147,0.404,4,more250
80826,2006,8,690.0420757363254,6.53675257506015,0,NoWC,1,SA,health,3,satisfactory,713,0.135,0.39,4,more250
80826,2007,9,594.3739002932551,6.387508583107836,0,NoWC,1,SA,health,4,good,682,0.031,0.43,4,more250
80833,2000,2,1510.586612654321,7.320253339569669,0,NoWC,0,NoSA,manufacturing,3,satisfactory,162,0.031,0.025,3,less250
80833,2001,3,1641.5966235632184,7.40342459817805,0,NoWC,0,NoSA,manufacturing,2,sufficient,174,0.034,0.034,3,less250
80833,2002,4,2078.345238095238,7.639327297462615,1,WC,0,NoSA,manufacturing,3,satisfactory,168,0.018,0.03,3,less250
80833,2003,5,1660.351515151515,7.414784615048798,1,WC,0,NoSA,manufacturing,3,satisfactory,165,0.012,0.127,3,less250
80833,2004,6,1911.803680981595,7.55580241102879,1,WC,0,NoSA,manufacturing,1,unsatisfactory,163,0.018,0.043,3,less250
80833,2005,7,1728.2919254658384,7.454888873443811,1,WC,0,NoSA,manufacturing,1,unsatisfactory,161,0.006,0.043,3,less250
80833,2006,8,1937.751633986928,7.5692836284005525,1,WC,0,NoSA,manufacturing,2,sufficient,153,0.013,0.039,3,less250
80841,2011,13,550.8571428571429,6.311475506675123,0,NoWC,0,NoSA,public,1,unsatisfactory,525,0.063,0.474,4,more250
80841,2012,14,561.2903225806451,6.330238280717474,0,NoWC,0,NoSA,public,5,very good,589,0.053,0.482,4,more250
80841,2013,15,537.8151260504202,6.28751486923028,0,NoWC,0,NoSA,public,2,sufficient,595,0.017,0.538,4,more250
80848,2013,15,1902.3846153846155,7.550863438952922,0,NoWC,0,NoSA,manufacturing,1,unsatisfactory,78,0.013,0.115,2,less100
80848,2014,16,2177.074074074074,7.685737086413183,0,NoWC,0,NoSA,manufacturing,3,satisfactory,81,0.012,0.099,2,less100
80848,2016,18,2251.7294117647057,7.719453827406645,0,NoWC,0,NoSA,manufacturing,3,satisfactory,85,0.024,0.094,2,less100
80848,2017,19,2657.955056179775,7.885312330243768,0,NoWC,0,NoSA,manufacturing,2,sufficient,89,0.022,0.079,2,less100
80848,2018,20,2126.8901098901097,7.662416149497985,0,NoWC,0,NoSA,manufacturing,4,good,91,0.022,0.077,2,less100
80848,2019,21,4584.010526315789,8.430329554708647,0,NoWC,0,NoSA,manufacturing,4,good,95,0.021,0.084,2,less100
80851,1998,0,2678.1212890625,7.8928708161375765,1,WC,0,NoSA,manufacturing,3,satisfactory,20,0.05,0.2,1,less50
80851,1999,1,1854.09765625,7.525153418012614,1,WC,0,NoSA,manufacturing,2,sufficient,20,0.05,0.2,1,less50
80851,2000,2,1485.6568509615386,7.303612277320254,1,WC,0,NoSA,manufacturing,2,sufficient,26,0.077,0.192,1,less50
80882,2012,14,4215.412698412699,8.346502777484588,1,WC,0,NoSA,health,4,good,63,0.111,0.937,2,less100
80882,2013,15,4325.412698412699,8.37226283641194,1,WC,0,NoSA,health,4,good,63,0.111,0.921,2,less100
80882,2015,17,3452.4347826086955,8.146834995201685,1,WC,0,NoSA,health,4,good,69,0.087,0.942,2,less100
80882,2017,19,5754.069444444444,8.657662612937594,1,WC,0,NoSA,health,4,good,72,0.125,0.917,2,less100
80882,2018,20,7010.342465753424,8.855141832723115,1,WC,0,NoSA,health,4,good,73,0.205,0.918,2,less100
80882,2019,21,7143.712328767123,8.873987854215779,1,WC,1,SA,health,5,very good,73,0.137,0.918,2,less100
80892,2016,18,2388.5721153846152,7.778451025124744,0,NoWC,0,NoSA,manufacturing,2,sufficient,208,0.043,0.909,3,less250
80892,2017,19,2322.289855072464,7.750308984386466,0,NoWC,0,NoSA,manufacturing,3,satisfactory,207,0.058,0.971,3,less250
80892,2018,20,2356.5272727272727,7.764944319701131,0,NoWC,0,NoSA,manufacturing,2,sufficient,220,0.059,0.973,3,less250
80892,2021,23,2688.521327014218,7.896746628899772,0,NoWC,0,NoSA,manufacturing,3,satisfactory,211,0.062,0.981,3,less250
80903,2005,7,223.82828282828282,5.410879163354615,1,WC,1,SA,manufacturing,5,very good,396,0.02,0.54,4,more250
80903,2006,8,164.97038724373576,5.105765986543602,1,WC,0,NoSA,manufacturing,4,good,439,0.018,0.431,4,more250
80903,2007,9,209.59041394335512,5.3451552163979335,1,WC,0,NoSA,manufacturing,4,good,459,0.022,0.569,4,more250
80903,2008,10,182.46304347826086,5.206547651027369,1,WC,1,SA,manufacturing,4,good,460,0.022,0.598,4,more250
80903,2009,11,252.58521560574948,5.5317486793268245,1,WC,0,NoSA,manufacturing,4,good,487,0.018,0.421,4,more250
80903,2011,13,124.39087301587301,4.823428809573906,1,WC,0,NoSA,manufacturing,4,good,504,0.022,0.569,4,more250
80918,2013,15,820.5769230769231,6.7100076576006185,1,WC,0,NoSA,construction,4,good,26,0.038,0.692,1,less50
80918,2014,16,735.6896551724138,6.6008083656356265,1,WC,0,NoSA,construction,4,good,29,0.034,0.552,1,less50
80918,2015,17,1986.3793103448277,7.59406881848568,1,WC,0,NoSA,construction,3,satisfactory,29,0.034,0.586,1,less50
80918,2016,18,1900.15625,7.549691398615374,1,WC,0,NoSA,construction,2,sufficient,32,0.031,0.469,1,less50
80918,2017,19,1718.6666666666667,7.449304075390969,1,WC,0,NoSA,construction,4,good,36,0.028,0.417,1,less50
80918,2019,21,1277.057142857143,7.152313602766036,1,WC,0,NoSA,construction,5,very good,35,0.029,0.543,1,less50
80929,2016,18,3541.4662162162163,8.172296105748549,0,NoWC,0,NoSA,public,3,satisfactory,148,0.831,0.48,3,less250
80929,2018,20,3301.4597701149423,8.102120004224913,0,NoWC,0,NoSA,public,5,very good,174,0.04,0.575,3,less250
80929,2019,21,3572.133333333333,8.180918268660697,0,NoWC,0,NoSA,public,4,good,165,0.048,0.6,3,less250
80956,1998,0,2523.9047190201727,7.833562472956547,0,NoWC,0,NoSA,manufacturing,2,sufficient,347,0.271,0.349,4,more250
80956,2000,2,1535.6045425257732,7.336679421266168,0,NoWC,0,NoSA,manufacturing,3,satisfactory,388,0.276,0.464,4,more250
80956,2001,3,1417.654915730337,7.256759317623593,0,NoWC,0,NoSA,manufacturing,4,good,445,0.216,0.106,4,more250
80956,2002,4,975.609756097561,6.883062666391766,0,NoWC,0,NoSA,manufacturing,4,good,574,0.172,0.296,4,more250
80956,2004,6,1295.3367875647668,7.166526007939498,0,NoWC,0,NoSA,manufacturing,4,good,386,0.298,0.13,4,more250
80960,2007,9,3133.4736842105262,8.049897471419964,0,NoWC,1,SA,buservices,4,good,76,0.526,0.75,2,less100
80960,2008,10,3006.3815789473683,8.008492501361081,0,NoWC,1,SA,buservices,3,satisfactory,76,0.237,0.75,2,less100
80960,2010,12,2929.2948717948716,7.98251701495782,0,NoWC,1,SA,buservices,3,satisfactory,78,0.833,0.769,2,less100
80960,2011,13,2939.543209876543,7.9860094774711445,0,NoWC,1,SA,buservices,3,satisfactory,81,0.802,0.864,2,less100
80988,2010,12,4465.6,8.404158862782058,1,WC,0,NoSA,health,4,good,25,0.6,0.84,1,less50
80988,2011,13,3997.3870967741937,8.293396200850642,1,WC,0,NoSA,health,4,good,31,0.548,0.774,1,less50
80988,2012,14,5421.75,8.598173920548517,1,WC,0,NoSA,health,4,good,24,0.542,0.75,1,less50
80992,2009,11,823.4242424242424,6.713471550758416,1,WC,0,NoSA,buservices,4,good,33,0.121,0.212,1,less50
80992,2010,12,915.6363636363636,6.819619302925813,1,WC,0,NoSA,buservices,4,good,33,0.091,0.364,1,less50
80992,2012,14,494.4418604651163,6.203429571784803,1,WC,0,NoSA,buservices,4,good,43,0.116,0.326,1,less50
80992,2013,15,382.48837209302326,5.946698253047707,1,WC,0,NoSA,buservices,4,good,43,0.023,0.256,1,less50
81000,2003,5,1858.6785714285713,7.527621068752763,1,WC,0,NoSA,manufacturing,1,unsatisfactory,28,0.143,0.821,1,less50
81000,2005,7,1288.892857142857,7.161538878571231,1,WC,0,NoSA,manufacturing,1,unsatisfactory,28,0.107,0.821,1,less50
81000,2006,8,1568.7857142857142,7.358057168699494,1,WC,0,NoSA,manufacturing,2,sufficient,28,0.107,0.821,1,less50
81003,2002,4,1018.9398148148148,6.926517968490033,0,NoWC,0,NoSA,public,3,satisfactory,216,0.259,0.222,3,less250
81003,2003,5,882.634703196347,6.782911415342259,0,NoWC,0,NoSA,public,4,good,219,0.297,0.224,3,less250
81003,2005,7,1339.1050228310503,7.1997567763951285,0,NoWC,0,NoSA,buservices,3,satisfactory,219,0.137,0.201,3,less250
81003,2006,8,1271.4583333333333,7.14791981463065,0,NoWC,0,NoSA,buservices,3,satisfactory,216,0.231,0.218,3,less250
81003,2007,9,1233.020920502092,7.117222470175385,0,NoWC,0,NoSA,buservices,3,satisfactory,239,0.213,0.23,3,less250
81051,2017,19,1917.6,7.558829683120175,1,WC,0,NoSA,buservices,4,good,25,0.24,0.48,1,less50
81051,2018,20,2421.181818181818,7.792011054565009,1,WC,0,NoSA,buservices,2,sufficient,22,0.545,0.591,1,less50
81051,2019,21,1890.0967741935483,7.544383310019855,1,WC,0,NoSA,buservices,2,sufficient,31,0.065,0.484,1,less50
81051,2020,22,2204.137931034483,7.698091750453682,1,WC,0,NoSA,buservices,2,sufficient,29,0.207,0.517,1,less50
81060,1999,1,3764.8890086206898,8.233473660017435,0,NoWC,0,NoSA,construction,3,satisfactory,29,0.828,0.241,1,less50
81060,2001,3,4978.960181451613,8.512976349311874,0,NoWC,1,SA,construction,2,sufficient,31,0.581,0.161,1,less50
81060,2002,4,4566.9,8.426589916733318,0,NoWC,1,SA,construction,2,sufficient,30,0.667,0.167,1,less50
81078,2014,16,1085.910652920962,6.990174225397556,0,NoWC,0,NoSA,transcom,2,sufficient,291,0.227,0.21,4,more250
81078,2015,17,1545.4290657439446,7.3430568632325075,0,NoWC,0,NoSA,transcom,3,satisfactory,289,0.325,0.197,4,more250
81078,2016,18,1592.7474747474748,7.373215775528365,0,NoWC,0,NoSA,transcom,3,satisfactory,297,0.407,0.205,4,more250
81078,2017,19,1583.7483443708609,7.3675496862493945,0,NoWC,0,NoSA,transcom,4,good,302,0.192,0.202,4,more250
81085,2006,8,2752.6296296296296,7.920311962721179,1,WC,0,NoSA,wholesretail,3,satisfactory,27,0.037,1,1,less50
81085,2010,12,2844.4,7.953107428009363,1,WC,0,NoSA,wholesretail,2,sufficient,20,0.15,0.95,1,less50
81085,2011,13,2499.5172413793102,7.823852888761145,1,WC,0,NoSA,wholesretail,3,satisfactory,29,0.034,0.862,1,less50
81101,2010,12,2988.85,8.00264397701665,1,WC,0,NoSA,health,3,satisfactory,20,0.05,0.95,1,less50
81101,2011,13,1672.090909090909,7.421830163632427,1,WC,0,NoSA,health,1,unsatisfactory,22,0.045,0.909,1,less50
81101,2012,14,1839.2916666666667,7.517135812717342,1,WC,0,NoSA,health,2,sufficient,24,0.042,1,1,less50
81152,2009,11,1048.8325991189427,6.955433014269023,1,WC,0,NoSA,manufacturing,5,very good,227,0.163,0.515,3,less250
81152,2010,12,691.4142259414226,6.538739102834749,1,WC,0,NoSA,manufacturing,5,very good,239,0.184,0.536,3,less250
81152,2011,13,516.50625,6.247087389164118,1,WC,0,NoSA,manufacturing,2,sufficient,320,0.159,0.519,4,more250
81152,2012,14,1155.944055944056,7.052672653549208,1,WC,0,NoSA,manufacturing,4,good,286,0.192,0.497,4,more250
81152,2013,15,1194.0298507462687,7.085089294265052,1,WC,0,NoSA,manufacturing,4,good,268,0.179,0.47,4,more250
81152,2015,17,3600.921568627451,8.188945082969425,1,WC,0,NoSA,manufacturing,1,unsatisfactory,153,0.34,0.556,3,less250
81152,2016,18,3286.8636363636365,8.09768908706093,1,WC,0,NoSA,manufacturing,1,unsatisfactory,176,0.347,0.415,3,less250
81152,2017,19,2792.625,7.9347372926989195,1,WC,0,NoSA,manufacturing,1,unsatisfactory,192,0.38,0.484,3,less250
81152,2019,21,2696.0528846153848,7.899544087795069,1,WC,0,NoSA,manufacturing,1,unsatisfactory,208,0.322,0.288,3,less250
81152,2020,22,2804.0051020408164,7.938804067710891,1,WC,0,NoSA,manufacturing,2,sufficient,196,0.296,0.439,3,less250
81154,1998,0,1379.8991297468353,7.229765681093374,0,NoWC,0,NoSA,wholesretail,3,satisfactory,316,0.256,0.858,4,more250
81154,1999,1,1129.9502708978328,7.029928902682988,0,NoWC,0,NoSA,wholesretail,3,satisfactory,323,0.483,0.904,4,more250
81154,2001,3,1304.427660034602,7.173519648868658,0,NoWC,0,NoSA,wholesretail,2,sufficient,289,0.017,0.889,4,more250
81168,2001,3,755.16015625,6.626929854236615,1,WC,0,NoSA,manufacturing,3,satisfactory,57,0.018,0.088,2,less100
81168,2002,4,780.4918032786885,6.659924238015253,1,WC,0,NoSA,manufacturing,3,satisfactory,61,0.033,0.082,2,less100
81168,2003,5,958.3333333333334,6.865195664563341,1,WC,0,NoSA,manufacturing,3,satisfactory,54,0.037,0.093,2,less100
81168,2004,6,764.6326530612245,6.639395526420568,1,WC,0,NoSA,manufacturing,4,good,49,0.02,0.102,1,less50
81168,2005,7,1131.8979591836735,7.031651112636196,1,WC,0,NoSA,manufacturing,4,good,49,0.082,0.102,1,less50
81168,2006,8,1573.6326530612246,7.361142017406856,1,WC,0,NoSA,manufacturing,4,good,49,0.082,0.102,1,less50
81170,2000,2,2373.1877693965516,7.771989380737528,1,WC,0,NoSA,wholesretail,4,good,29,0.276,0.517,1,less50
81170,2001,3,3468.5158943965516,8.151482085313502,1,WC,0,NoSA,wholesretail,5,very good,29,0.552,0.448,1,less50
81170,2002,4,3391.896551724138,8.129144498723893,1,WC,0,NoSA,wholesretail,4,good,29,0.241,0.483,1,less50
81185,2015,17,1351.6777251184835,7.2091018591933,0,NoWC,1,SA,wholesretail,4,good,211,0.389,0.744,3,less250
81185,2016,18,1775.9948717948719,7.482116036045059,0,NoWC,1,SA,wholesretail,5,very good,195,0.385,0.728,3,less250
81185,2019,21,3199.743455497382,8.07082591541695,0,NoWC,0,NoSA,wholesretail,4,good,191,0.429,0.749,3,less250
81188,2012,14,1109.0983606557377,7.0113026765244335,1,WC,0,NoSA,finance,3,satisfactory,61,0.426,0.902,2,less100
81188,2013,15,1326.9032258064517,7.190603104624259,0,NoWC,0,NoSA,finance,3,satisfactory,62,0.113,0.806,2,less100
81188,2015,17,1533.5,7.335307983554306,0,NoWC,0,NoSA,finance,3,satisfactory,48,0.812,0.896,1,less50
81195,2000,2,834.2107712765958,6.726486093782812,0,NoWC,0,NoSA,finance,4,good,47,0.191,0.447,1,less50
81195,2001,3,1120.2288707386363,7.021288292286536,0,NoWC,0,NoSA,finance,4,good,44,0.568,0.568,1,less50
81195,2021,23,998.8235294117648,6.906578115809122,0,NoWC,0,NoSA,finance,2,sufficient,102,0.882,0.539,3,less250
81276,2001,3,1766.0873655913979,7.476521850830068,1,WC,1,SA,manufacturing,4,good,186,0.016,0.559,3,less250
81276,2003,5,932.251256281407,6.837602366637971,0,NoWC,1,SA,manufacturing,4,good,199,0.015,0.553,3,less250
81276,2007,9,1037.660516605166,6.944723954937913,1,WC,1,SA,manufacturing,4,good,271,0.004,0.55,4,more250
81276,2008,10,1339.853046594982,7.20031522021096,1,WC,1,SA,manufacturing,4,good,279,0.004,0.577,4,more250
81277,2002,4,1386.1818181818182,7.234308353095613,1,WC,0,NoSA,buservices,4,good,231,0.009,0.333,3,less250
81277,2003,5,1346.5757575757575,7.205320173257728,1,WC,0,NoSA,buservices,4,good,231,0.017,0.355,3,less250
81277,2004,6,1553.881443298969,7.348511236703858,1,WC,0,NoSA,buservices,3,satisfactory,194,0.041,0.376,3,less250
81277,2005,7,1424.1037735849056,7.261297964025189,1,WC,0,NoSA,buservices,3,satisfactory,212,0.009,0.373,3,less250
81277,2006,8,1337.7924528301887,7.198776111189988,1,WC,0,NoSA,buservices,4,good,212,0.066,0.472,3,less250
81277,2008,10,1070.2358490566037,6.975634322846172,1,WC,0,NoSA,buservices,4,good,212,0.052,0.425,3,less250
81321,2013,15,2539.675675675676,7.839791665118076,1,WC,0,NoSA,resthotels,3,satisfactory,37,0.081,0.054,1,less50
81321,2014,16,2713.4594594594596,7.905979653078404,1,WC,0,NoSA,resthotels,2,sufficient,37,0.081,0.054,1,less50
81321,2015,17,2789.4473684210525,7.933598779361054,1,WC,1,SA,resthotels,3,satisfactory,38,0.079,0.026,1,less50
81361,2004,6,406.5742574257426,6.00776658739888,0,NoWC,0,NoSA,manufacturing,3,satisfactory,101,0.139,0.604,3,less250
81361,2007,9,397.90697674418607,5.9862182511926765,0,NoWC,0,NoSA,manufacturing,3,satisfactory,129,0.132,0.55,3,less250
81361,2008,10,750.7910447761194,6.621127377065459,0,NoWC,0,NoSA,manufacturing,3,satisfactory,134,0.097,0.612,3,less250
81361,2010,12,812.4172661870504,6.700014082787927,0,NoWC,0,NoSA,manufacturing,3,satisfactory,139,0.079,0.655,3,less250
81361,2011,13,698.088,6.548345169314218,0,NoWC,0,NoSA,manufacturing,3,satisfactory,125,0.168,0.672,3,less250
81361,2012,14,743.4,6.611234257863152,0,NoWC,0,NoSA,manufacturing,3,satisfactory,145,0.145,0.648,3,less250
81361,2013,15,781.1086956521739,6.660714315126522,0,NoWC,0,NoSA,manufacturing,3,satisfactory,138,0.188,0.543,3,less250
81361,2014,16,774.916129032258,6.652754802893537,0,NoWC,0,NoSA,manufacturing,3,satisfactory,155,0.155,0.523,3,less250
81361,2021,23,708,6.56244409369372,0,NoWC,0,NoSA,manufacturing,2,sufficient,87,0.31,0.724,2,less100
81370,2005,7,2958.391304347826,7.992400921319396,1,WC,0,NoSA,edu,3,satisfactory,23,0.261,0.217,1,less50
81370,2006,8,3377.521739130435,8.124897506269727,1,WC,0,NoSA,edu,3,satisfactory,23,0.261,0.217,1,less50
81370,2007,9,3375.9565217391305,8.124433977001143,1,WC,0,NoSA,edu,3,satisfactory,23,0.261,0.217,1,less50
81370,2008,10,2823.4166666666665,7.94570301448101,1,WC,0,NoSA,edu,3,satisfactory,24,0.25,0.208,1,less50
81370,2009,11,1612,7.385230923066573,1,WC,0,NoSA,edu,3,satisfactory,20,0.35,0.05,1,less50
81370,2011,13,1941.75,7.571344907299757,1,WC,0,NoSA,edu,3,satisfactory,20,0.35,0.05,1,less50
81370,2013,15,1706.142857142857,7.441990462613114,1,WC,0,NoSA,edu,1,unsatisfactory,21,0.333,0,1,less50
81370,2014,16,1618.142857142857,7.389034386145401,1,WC,0,NoSA,edu,3,satisfactory,21,0.381,0.048,1,less50
81370,2015,17,994,6.901737206656574,1,WC,0,NoSA,edu,3,satisfactory,21,0.524,0.048,1,less50
81370,2016,18,1248.2857142857142,7.129526460456068,1,WC,0,NoSA,edu,3,satisfactory,21,0.524,0.048,1,less50
81370,2018,20,1387,7.234898420314831,1,WC,0,NoSA,edu,3,satisfactory,21,0.905,0.048,1,less50
81370,2019,21,915.8518518518518,6.819854617807623,1,WC,0,NoSA,edu,2,sufficient,27,0.481,0.037,1,less50
81370,2020,22,1213.607142857143,7.101352313693619,1,WC,0,NoSA,buservices,3,satisfactory,28,0.643,0.036,1,less50
81370,2021,23,550.1666666666666,6.310221262625138,1,WC,0,NoSA,buservices,3,satisfactory,30,0.167,0.033,1,less50
81395,2005,7,4029.5859375,8.301418904624875,0,NoWC,0,NoSA,construction,3,satisfactory,128,0.016,0.789,3,less250
81395,2006,8,3440.5594405594406,8.143389365214539,0,NoWC,0,NoSA,construction,3,satisfactory,143,0.014,0.671,3,less250
81395,2007,9,2702.42,7.901902946855042,0,NoWC,0,NoSA,construction,3,satisfactory,150,0.013,0.827,3,less250
81395,2008,10,2381.0127388535034,7.775281196684018,0,NoWC,0,NoSA,construction,3,satisfactory,157,0.013,0.758,3,less250
81405,2005,7,2765.054054054054,7.924815463151987,0,NoWC,0,NoSA,transcom,4,good,37,0.027,0.378,1,less50
81405,2006,8,2687.5135135135133,7.896371700707374,0,NoWC,0,NoSA,transcom,4,good,37,0.027,0.486,1,less50
81405,2007,9,1710.9736842105262,7.444817893417706,0,NoWC,0,NoSA,transcom,5,very good,38,0.053,0.474,1,less50
81405,2008,10,2378.076923076923,7.774047424531132,0,NoWC,0,NoSA,transcom,4,good,39,0.051,0.513,1,less50
81405,2009,11,4056.3333333333335,8.30803472466869,0,NoWC,0,NoSA,transcom,5,very good,33,0.061,0.152,1,less50
81405,2011,13,2941.974358974359,7.986836185615027,0,NoWC,0,NoSA,transcom,4,good,39,0.026,0.59,1,less50
81405,2012,14,3498.0731707317073,8.15996757323619,0,NoWC,0,NoSA,transcom,4,good,41,0.049,0.634,1,less50
81405,2013,15,1875.2564102564102,7.5365006811915425,0,NoWC,0,NoSA,transcom,4,good,39,0.051,0.667,1,less50
81405,2015,17,4047.6666666666665,8.305895862385709,0,NoWC,0,NoSA,transcom,3,satisfactory,30,0.067,0.5,1,less50
81405,2016,18,4163.8387096774195,8.334192694517181,0,NoWC,0,NoSA,transcom,4,good,31,0.065,0.484,1,less50
81405,2017,19,3772.864864864865,8.235589902960543,0,NoWC,0,NoSA,transcom,4,good,37,0.054,0.568,1,less50
81405,2018,20,2957.837837837838,7.992213820212153,0,NoWC,0,NoSA,transcom,4,good,37,0.054,0.486,1,less50
81405,2019,21,2941.974358974359,7.986836185615027,0,NoWC,0,NoSA,transcom,4,good,39,0.026,0.436,1,less50
81405,2020,22,2213.324324324324,7.7022508834586905,0,NoWC,0,NoSA,transcom,4,good,37,0.054,0.324,1,less50
81414,2002,4,3124.5185185185187,8.047035476225798,0,NoWC,0,NoSA,construction,5,very good,135,0.193,0.133,3,less250
81414,2004,6,2973.8,7.997595875263123,0,NoWC,0,NoSA,construction,3,satisfactory,140,0.179,0.093,3,less250
81414,2005,7,3166.0551181102364,8.060241649673571,0,NoWC,0,NoSA,construction,3,satisfactory,127,0.197,0.11,3,less250
81423,2012,14,915.7894736842105,6.81978650603618,0,NoWC,0,NoSA,public,4,good,361,0.003,0.676,4,more250
81423,2013,15,1250,7.1308988302963465,0,NoWC,0,NoSA,public,4,good,256,0.008,0.691,4,more250
81423,2014,16,1279.3522267206479,7.154109155941072,0,NoWC,0,NoSA,public,4,good,247,0.008,0.704,3,less250
81423,2015,17,5159.206611570248,8.548538089206094,0,NoWC,0,NoSA,public,4,good,242,0.021,0.711,3,less250
81423,2016,18,5352.337552742616,8.585288670212076,0,NoWC,0,NoSA,public,3,satisfactory,237,0.017,0.705,3,less250
81423,2017,19,5740.399122807017,8.655284020486336,0,NoWC,0,NoSA,public,3,satisfactory,228,0.031,0.746,3,less250
81423,2018,20,5698.175965665236,8.647901396586144,0,NoWC,0,NoSA,public,4,good,233,0.026,0.742,3,less250
81423,2019,21,5671.279661016949,8.643170061031404,0,NoWC,0,NoSA,public,4,good,236,0.034,0.733,3,less250
81449,2013,15,1188.4014598540145,7.080364372007434,0,NoWC,0,NoSA,manufacturing,3,satisfactory,137,0.08,0.62,3,less250
81449,2014,16,2218.3430656934306,7.704515829391192,0,NoWC,1,SA,manufacturing,4,good,137,0.08,0.584,3,less250
81449,2015,17,2075.0367647058824,7.6377341504383836,0,NoWC,0,NoSA,manufacturing,4,good,136,0.147,0.5,3,less250
81449,2016,18,2619.939655172414,7.870906564112952,0,NoWC,0,NoSA,manufacturing,2,sufficient,116,0.095,0.491,3,less250
81457,2001,3,2779.7351831896553,7.930110944301918,1,WC,0,NoSA,transcom,1,unsatisfactory,29,0.034,0.621,1,less50
81457,2002,4,2947.3333333333335,7.988656085718079,1,WC,0,NoSA,transcom,2,sufficient,27,0.111,0.444,1,less50
81457,2003,5,2286.3513513513512,7.7347125295486725,1,WC,0,NoSA,transcom,3,satisfactory,37,0.081,0.514,1,less50
81457,2004,6,2770.935483870968,7.9269402619759,1,WC,0,NoSA,transcom,3,satisfactory,31,0.129,0.516,1,less50
81466,2002,4,1479.8260869565217,7.299679851040298,0,NoWC,0,NoSA,wholesretail,4,good,69,0.029,0.623,2,less100
81466,2004,6,1238.688524590164,7.1218084574421345,1,WC,0,NoSA,wholesretail,5,very good,61,0.033,0.705,2,less100
81466,2005,7,827.9054054054054,6.718898903179377,1,WC,0,NoSA,wholesretail,4,good,74,0.027,0.568,2,less100
81466,2006,8,1255.816091954023,7.135540912703677,1,WC,0,NoSA,wholesretail,2,sufficient,87,0.023,0.575,2,less100
81466,2008,10,938.2972972972973,6.8440668468669354,1,WC,0,NoSA,wholesretail,4,good,74,0.027,0.446,2,less100
81483,1998,0,2383.645104895105,7.776386151707339,0,NoWC,0,NoSA,transcom,5,very good,429,0.028,0.615,4,more250
81483,1999,1,1849.3535904255318,7.522591446433476,0,NoWC,1,SA,transcom,5,very good,470,0.026,0.632,4,more250
81483,2000,2,1279.7980572597137,7.154457576701171,0,NoWC,1,SA,transcom,5,very good,489,0.025,0.607,4,more250
81496,1998,0,3215.6721698113206,8.07579168785518,0,NoWC,1,SA,manufacturing,3,satisfactory,318,0.063,0.132,4,more250
81496,1999,1,2759.352976190476,7.9227515023119475,0,NoWC,1,SA,manufacturing,3,satisfactory,315,0.051,0.127,4,more250
81496,2000,2,2910.796511627907,7.97618203804838,0,NoWC,1,SA,manufacturing,4,good,215,0.074,0.149,3,less250
81500,2011,13,662.4857142857143,6.495998994285567,1,WC,0,NoSA,edu,1,unsatisfactory,35,0.486,0.371,1,less50
81500,2012,14,630.075,6.445838859919021,1,WC,0,NoSA,edu,3,satisfactory,40,0.6,0.35,1,less50
81500,2013,15,681.1621621621622,6.5238004013887325,1,WC,0,NoSA,edu,2,sufficient,37,0.486,0.351,1,less50
81500,2015,17,371.42105263157896,5.91733633183439,1,WC,0,NoSA,edu,2,sufficient,38,0.553,0.342,1,less50
81500,2016,18,392.05555555555554,5.971403553104666,1,WC,0,NoSA,edu,3,satisfactory,36,0.139,0.361,1,less50
81500,2017,19,422,6.045005314036012,1,WC,0,NoSA,edu,3,satisfactory,43,0.047,0.279,1,less50
81508,2018,20,2885.9024390243903,7.967592933850564,1,WC,0,NoSA,public,4,good,82,0.024,0.341,2,less100
81508,2019,21,2286.046296296296,7.734579096247802,1,WC,0,NoSA,public,4,good,108,0.019,0.324,3,less250
81508,2020,22,2038.0267857142858,7.61973735683383,1,WC,0,NoSA,public,5,very good,112,0.018,0.366,3,less250
81508,2021,23,2120.353448275862,7.659338074654516,1,WC,0,NoSA,public,4,good,116,0.017,0.353,3,less250
81520,2015,17,3436.1632653061224,8.14211079807137,0,NoWC,0,NoSA,finance,4,good,294,0.592,0.456,4,more250
81520,2016,18,3214.5365853658536,8.075438484872038,0,NoWC,0,NoSA,finance,4,good,287,0.826,0.53,4,more250
81520,2017,19,4229.913494809689,8.34993682143161,0,NoWC,0,NoSA,finance,4,good,289,0.692,0.512,4,more250
81520,2018,20,5724.930656934306,8.6525857160232,0,NoWC,0,NoSA,finance,5,very good,274,0.734,0.515,4,more250
81520,2019,21,6925.823529411765,8.843012245199667,0,NoWC,0,NoSA,finance,4,good,255,0.812,0.486,4,more250
81520,2020,22,5135.577519379845,8.54394758329864,0,NoWC,0,NoSA,resthotels,4,good,258,0.795,0.465,4,more250
81520,2021,23,6318.810483870968,8.751286254848939,0,NoWC,0,NoSA,resthotels,4,good,248,0.871,0.435,3,less250
81527,2014,16,2539.4074074074074,7.839686028622618,1,WC,0,NoSA,health,4,good,27,0.111,0.111,1,less50
81527,2016,18,1384.3428571428572,7.232980834647279,1,WC,0,NoSA,health,4,good,35,0.086,0.171,1,less50
81527,2017,19,1128.1489361702127,7.028333458953961,1,WC,0,NoSA,health,4,good,47,0.064,0.106,1,less50
81527,2018,20,1186.5106382978724,7.078772041952667,1,WC,0,NoSA,health,4,good,47,0.085,0.106,1,less50
81527,2019,21,1252.0434782608695,7.132532278102497,1,WC,0,NoSA,health,4,good,46,0.065,0.109,1,less50
81527,2020,22,1444.4117647058824,7.275457434417129,1,WC,0,NoSA,edu,4,good,51,0.059,0.078,2,less100
81530,2010,12,1855.2571428571428,7.525778586920795,1,WC,0,NoSA,manufacturing,4,good,140,0.021,0.107,3,less250
81530,2011,13,1731.7365269461077,7.456879956849992,1,WC,0,NoSA,manufacturing,4,good,167,0.006,0.084,3,less250
81530,2012,14,1991.566265060241,7.5966766760125175,0,NoWC,0,NoSA,manufacturing,4,good,166,0.024,0.078,3,less250
81530,2013,15,2500,7.824046010856292,0,NoWC,0,NoSA,manufacturing,4,good,128,0.039,0.047,3,less250
81530,2014,16,2289.855072463768,7.736243807411844,0,NoWC,0,NoSA,manufacturing,4,good,138,0.036,0.101,3,less250
81530,2015,17,3822.92700729927,8.248771640471833,0,NoWC,0,NoSA,manufacturing,4,good,137,0.036,0.044,3,less250
81530,2016,18,4104.032520325203,8.319725310875059,0,NoWC,0,NoSA,manufacturing,4,good,123,0.041,0.041,3,less250
81530,2017,19,4041.1916666666666,8.304294894457684,0,NoWC,0,NoSA,manufacturing,4,good,120,0.042,0.042,3,less250
81530,2018,20,4303.403100775194,8.367161407459871,0,NoWC,0,NoSA,manufacturing,4,good,129,0.039,0.031,3,less250
81530,2019,21,4609.681818181818,8.435914113691535,0,NoWC,0,NoSA,manufacturing,4,good,132,0.045,0.023,3,less250
81530,2020,22,6597.113043478261,8.7943874146647,0,NoWC,0,NoSA,manufacturing,4,good,115,0.061,0.017,3,less250
81530,2021,23,7692.528301886792,8.948004786342732,0,NoWC,0,NoSA,manufacturing,4,good,106,0.038,0.019,3,less250
81574,2010,12,323.3636363636364,5.778777499150085,1,WC,0,NoSA,manufacturing,1,unsatisfactory,22,0.545,0.182,1,less50
81574,2016,18,1264.6190476190477,7.1425262076801825,1,WC,0,NoSA,manufacturing,4,good,21,0.714,0.19,1,less50
81574,2017,19,1319.608695652174,7.18509052894485,1,WC,0,NoSA,manufacturing,4,good,23,0.652,0.174,1,less50
81574,2018,20,1030.9565217391305,6.938242312166664,1,WC,0,NoSA,manufacturing,4,good,23,0.652,0.174,1,less50
81574,2019,21,1383.1666666666667,7.232130835370393,1,WC,0,NoSA,manufacturing,4,good,24,0.625,0.167,1,less50
81574,2020,22,1940.0454545454545,7.570466681960961,1,WC,0,NoSA,manufacturing,4,good,22,0.545,0.182,1,less50
81587,2007,9,1296.855072463768,7.167697437489937,1,WC,0,NoSA,manufacturing,4,good,69,0.072,0.058,2,less100
81587,2010,12,1529.6346153846155,7.332784172391895,1,WC,0,NoSA,manufacturing,2,sufficient,52,0.192,0.077,2,less100
81587,2011,13,3535.1555555555556,8.170512581762948,1,WC,1,SA,manufacturing,4,good,45,0.089,0.156,1,less50
81587,2012,14,4624.46511627907,8.439115992724231,1,WC,1,SA,manufacturing,4,good,43,0.209,0.116,1,less50
81587,2013,15,4418.944444444444,8.393656133077158,1,WC,1,SA,manufacturing,4,good,36,0.333,0.139,1,less50
81587,2014,16,4734.571428571428,8.462646490134425,1,WC,0,NoSA,manufacturing,3,satisfactory,42,0.238,0.143,1,less50
81587,2015,17,5394.382978723404,8.59311350205491,1,WC,0,NoSA,manufacturing,4,good,47,0.213,0.106,1,less50
81587,2016,18,4780.096153846154,8.472215941150576,1,WC,0,NoSA,manufacturing,4,good,52,0.231,0.096,2,less100
81587,2017,19,5353.711538461538,8.585545344866706,1,WC,0,NoSA,manufacturing,4,good,52,0.212,0.115,2,less100
81587,2018,20,4142.75,8.329115097509904,1,WC,1,SA,manufacturing,4,good,60,0.15,0.1,2,less100
81587,2019,21,6779.045454545455,8.821591582607697,1,WC,0,NoSA,manufacturing,5,very good,66,0.076,0.106,2,less100
81587,2020,22,4086,8.315321775377567,1,WC,0,NoSA,manufacturing,5,very good,73,0.068,0.11,2,less100
81587,2021,23,3446.7733333333335,8.145193806691067,1,WC,0,NoSA,manufacturing,5,very good,75,0.013,0.133,2,less100
81592,2000,2,1695.9925474254742,7.4360234221355155,1,WC,0,NoSA,buservices,3,satisfactory,369,0.157,0.038,4,more250
81592,2001,3,1673.35925066313,7.422588412341822,1,WC,0,NoSA,buservices,3,satisfactory,377,0.889,0.037,4,more250
81592,2002,4,1542.6997245179064,7.341289228446481,1,WC,0,NoSA,buservices,3,satisfactory,363,0.799,0.05,4,more250
81592,2004,6,1369.86301369863,7.222466023821838,1,WC,0,NoSA,buservices,3,satisfactory,365,0.723,0.038,4,more250
81592,2005,7,1428.7728531855955,7.264571210211611,1,WC,0,NoSA,buservices,3,satisfactory,361,0.795,0.039,4,more250
81592,2006,8,1362.8808864265927,7.217356037141564,1,WC,0,NoSA,buservices,3,satisfactory,361,0.812,0.039,4,more250
81609,2008,10,2875.5307692307692,7.963992551576744,1,WC,0,NoSA,health,4,good,130,0.977,0.992,3,less250
81609,2009,11,2482.0143884892086,7.816825762882805,1,WC,0,NoSA,health,5,very good,139,0.446,0.993,3,less250
81609,2011,13,2008.3333333333333,7.605060469690746,1,WC,0,NoSA,health,3,satisfactory,144,0.458,0.993,3,less250
81615,2002,4,3958.589552238806,8.283643067126548,0,NoWC,0,NoSA,wholesretail,3,satisfactory,134,0.53,0.067,3,less250
81615,2004,6,3267.97385620915,8.091925456011893,0,NoWC,0,NoSA,wholesretail,4,good,153,0.464,0.111,3,less250
81615,2005,7,3581.8541666666665,8.18363586896849,0,NoWC,0,NoSA,wholesretail,4,good,144,0.486,0.104,3,less250
81615,2006,8,3280,8.09559870137819,0,NoWC,0,NoSA,wholesretail,4,good,150,0.507,0.087,3,less250
81615,2007,9,2517.782608695652,7.831133875966835,0,NoWC,0,NoSA,wholesretail,5,very good,161,0.528,0.062,3,less250
81615,2008,10,2111.9717514124295,7.655377269458497,0,NoWC,0,NoSA,wholesretail,4,good,177,0.458,0.073,3,less250
81615,2009,11,1994.2196531791908,7.598008101515718,0,NoWC,0,NoSA,wholesretail,2,sufficient,173,0.549,0.064,3,less250
81615,2010,12,1492.7356321839081,7.308365710315571,0,NoWC,0,NoSA,wholesretail,3,satisfactory,174,0.569,0.075,3,less250
81615,2011,13,1460.6060606060605,7.286606738572211,0,NoWC,0,NoSA,wholesretail,4,good,198,0.485,0.061,3,less250
81615,2012,14,1704.1237113402062,7.440806305305733,0,NoWC,0,NoSA,wholesretail,4,good,194,0.521,0.057,3,less250
81615,2013,15,1693.1216931216932,7.434329259716267,0,NoWC,0,NoSA,wholesretail,3,satisfactory,189,0.55,0.053,3,less250
81615,2014,16,1663.157894736842,7.416473420408563,0,NoWC,0,NoSA,wholesretail,2,sufficient,190,0.595,0.053,3,less250
81615,2015,17,3804.9897959183672,8.244068588536177,0,NoWC,0,NoSA,wholesretail,4,good,196,0.602,0.061,3,less250
81615,2016,18,4444.015228426396,8.399313577492263,0,NoWC,0,NoSA,wholesretail,3,satisfactory,197,0.584,0.056,3,less250
81615,2017,19,5293.321052631579,8.574201126098508,0,NoWC,0,NoSA,wholesretail,4,good,190,0.647,0.053,3,less250
81615,2018,20,6374.082051282051,8.759995367703032,0,NoWC,0,NoSA,wholesretail,4,good,195,0.621,0.046,3,less250
81615,2019,21,5850.989743589744,8.674366112853823,0,NoWC,0,NoSA,wholesretail,5,very good,195,0.621,0.072,3,less250
81615,2020,22,813.8663366336634,6.701796146909573,0,NoWC,0,NoSA,wholesretail,4,good,202,0.668,0.119,3,less250
81615,2021,23,682.8131313131313,6.5262212223011655,0,NoWC,0,NoSA,wholesretail,5,very good,198,0.737,0.086,3,less250
81650,1998,0,1185.6716027874565,7.0780646464323125,1,WC,0,NoSA,buservices,4,good,287,0.153,0.146,4,more250
81650,2001,3,3141.877473021583,8.052575821563007,1,WC,0,NoSA,buservices,3,satisfactory,139,0.122,0.094,3,less250
81650,2002,4,3865.5588235294117,8.259861536217997,1,WC,0,NoSA,buservices,4,good,136,0.022,0.037,3,less250
81650,2003,5,3541.0078125,8.172166658407125,1,WC,0,NoSA,buservices,4,good,128,0.203,0.078,3,less250
81650,2004,6,4310.3448275862065,8.368773186297965,1,WC,0,NoSA,buservices,3,satisfactory,116,0.207,0.155,3,less250
81650,2005,7,6214.301204819277,8.734608560747894,1,WC,0,NoSA,buservices,3,satisfactory,83,0.277,0.157,2,less100
81707,2005,7,1281.2347826086957,7.155579565827852,0,NoWC,0,NoSA,wholesretail,4,good,230,0.283,0.613,3,less250
81707,2006,8,1254.9911111111112,7.13488376876081,0,NoWC,0,NoSA,wholesretail,4,good,225,0.329,0.56,3,less250
81707,2007,9,908.6650485436893,6.811976542820483,0,NoWC,0,NoSA,wholesretail,4,good,206,0.034,0.612,3,less250
81707,2008,10,732.2246696035243,6.596087392557133,0,NoWC,0,NoSA,wholesretail,4,good,227,0.031,0.709,3,less250
81709,2004,6,2546.787878787879,7.84258818874246,0,NoWC,1,SA,manufacturing,1,unsatisfactory,165,0.448,0.218,3,less250
81709,2005,7,2487.7758620689656,7.81914436220808,0,NoWC,1,SA,manufacturing,3,satisfactory,174,0.264,0.236,3,less250
81709,2006,8,2748.603351955307,7.91884818963369,0,NoWC,1,SA,manufacturing,2,sufficient,179,0.207,0.374,3,less250
81727,2003,5,2164.5853658536585,7.679984105168165,0,NoWC,0,NoSA,art,4,good,41,0.805,0.122,1,less50
81727,2004,6,2854.4473684210525,7.956633537126448,1,WC,0,NoSA,art,4,good,38,0.579,0.132,1,less50
81727,2005,7,1588.6944444444443,7.37066785380065,1,WC,0,NoSA,art,3,satisfactory,36,0.694,0.111,1,less50
81754,2015,17,4394.4111111111115,8.388088810495793,0,NoWC,0,NoSA,wholesretail,4,good,180,0.056,0.389,3,less250
81754,2016,18,2587.8674033149173,7.85858941911306,0,NoWC,0,NoSA,wholesretail,3,satisfactory,181,0.204,0.392,3,less250
81754,2017,19,3751.3271028037384,8.229864950439714,0,NoWC,0,NoSA,wholesretail,4,good,214,0.136,0.374,3,less250
81754,2018,20,4030.0252525252527,8.301527921056396,0,NoWC,0,NoSA,wholesretail,4,good,198,0.136,0.424,3,less250
81776,2015,17,1795.090909090909,7.492810945373025,1,WC,0,NoSA,edu,2,sufficient,44,0.886,0.5,1,less50
81776,2016,18,2147.375,7.672001444946609,1,WC,0,NoSA,edu,4,good,40,0.8,0.675,1,less50
81776,2018,20,1795.090909090909,7.492810945373025,1,WC,0,NoSA,edu,3,satisfactory,44,0.886,0.432,1,less50
81776,2019,21,2625.808510638298,7.8731441316548985,1,WC,0,NoSA,edu,3,satisfactory,47,0.702,0.723,1,less50
81776,2021,23,1063.25,6.969085534133743,1,WC,0,NoSA,health,4,good,52,0.5,0.577,2,less100
81779,2002,4,3039.03125,8.019294075851748,0,NoWC,0,NoSA,health,2,sufficient,32,0.062,0.781,1,less50
81779,2003,5,3266.318181818182,8.09141869126469,0,NoWC,0,NoSA,health,3,satisfactory,22,0.091,0.818,1,less50
81779,2004,6,3305.5,8.103343026773633,0,NoWC,0,NoSA,health,1,unsatisfactory,20,0.1,0.7,1,less50
81796,2003,5,1446.3243243243244,7.276780668250038,1,WC,0,NoSA,manufacturing,4,good,37,0.081,0.081,1,less50
81796,2004,6,657.5102040816327,6.488460283447284,1,WC,0,NoSA,manufacturing,3,satisfactory,49,0.082,0.143,1,less50
81796,2005,7,780.0816326530612,6.659398571454964,1,WC,0,NoSA,manufacturing,3,satisfactory,49,0.102,0.102,1,less50
81821,1998,0,5415.138849431818,8.59695380073734,0,NoWC,0,NoSA,manufacturing,2,sufficient,22,0.591,0.591,1,less50
81821,1999,1,3529.9971064814813,8.169052330233376,0,NoWC,0,NoSA,manufacturing,2,sufficient,27,0.556,0.63,1,less50
81821,2000,2,3413.5180027173915,8.13549871082052,0,NoWC,0,NoSA,manufacturing,3,satisfactory,23,0.565,0.652,1,less50
81821,2002,4,4879.25,8.49274679851131,0,NoWC,0,NoSA,manufacturing,3,satisfactory,20,0.25,0.7,1,less50
81821,2005,7,4522.1,8.416731766702203,0,NoWC,0,NoSA,manufacturing,3,satisfactory,20,0.8,0.75,1,less50
81823,2002,4,2891.095744680851,7.969390859655724,1,WC,0,NoSA,public,3,satisfactory,94,0.021,0.415,2,less100
81823,2003,5,2643.6435643564355,7.879913382639075,1,WC,0,NoSA,public,4,good,101,0.02,0.416,3,less250
81823,2004,6,1552.8020833333333,7.347816373516274,1,WC,0,NoSA,public,4,good,96,0.01,0.458,2,less100
81846,2001,3,3939.450543478261,8.278796536597108,1,WC,0,NoSA,manufacturing,5,very good,115,0.113,0.765,3,less250
81846,2002,4,3546.9590163934427,8.173845900264649,1,WC,0,NoSA,manufacturing,4,good,122,0.139,0.779,3,less250
81846,2003,5,2554.740740740741,7.845706026154892,1,WC,0,NoSA,manufacturing,4,good,135,0.141,0.741,3,less250
81860,2007,9,731.1627906976744,6.5946361308495804,1,WC,0,NoSA,resthotels,4,good,43,0.116,0.86,1,less50
81860,2008,10,731.8095238095239,6.59552026672497,1,WC,0,NoSA,resthotels,4,good,42,0.167,0.714,1,less50
81860,2009,11,529.7647058823529,6.272432956805301,1,WC,0,NoSA,resthotels,4,good,51,0.216,0.824,2,less100
81861,2008,10,3640.9523809523807,8.200000569526981,1,WC,0,NoSA,construction,4,good,21,0.714,0.095,1,less50
81861,2015,17,2211.409090909091,7.7013851890291685,1,WC,0,NoSA,construction,4,good,22,0.227,0.182,1,less50
81861,2016,18,2583.6363636363635,7.856953128852721,1,WC,0,NoSA,construction,4,good,22,0.227,0.318,1,less50
81861,2017,19,2196.52,7.694629568769327,1,WC,0,NoSA,construction,3,satisfactory,25,0.16,0.2,1,less50
81861,2018,20,1760.6896551724137,7.473460860809001,1,WC,0,NoSA,construction,4,good,29,0.138,0.207,1,less50
81861,2019,21,1541.1,7.340251726141331,1,WC,0,NoSA,construction,3,satisfactory,30,0.1,0.2,1,less50
81861,2020,22,816.1851851851852,6.704641271845428,1,WC,0,NoSA,construction,2,sufficient,27,0.111,0.185,1,less50
81861,2021,23,1015,6.922643891475888,1,WC,0,NoSA,construction,4,good,28,0.107,0.179,1,less50
81871,1999,1,2451.0859826589594,7.804286463557012,0,NoWC,1,SA,finance,4,good,173,0.012,0.474,3,less250
81871,2001,3,1784.8003048780488,7.4870618139374745,0,NoWC,1,SA,finance,4,good,205,0.015,0.624,3,less250
81871,2002,4,1854.4402173913043,7.525338159899552,0,NoWC,1,SA,finance,4,good,184,0.011,0.391,3,less250
81903,2013,15,2497.885714285714,7.823199938752496,1,WC,0,NoSA,buservices,3,satisfactory,35,0.514,0.429,1,less50
81903,2014,16,1759.030303030303,7.472517972008328,1,WC,0,NoSA,buservices,3,satisfactory,33,0.848,0.515,1,less50
81903,2015,17,1770.5151515151515,7.479025829275947,1,WC,0,NoSA,buservices,3,satisfactory,33,0.848,0.212,1,less50
81903,2016,18,1894.5625,7.54674322014938,1,WC,0,NoSA,buservices,3,satisfactory,32,0.594,0.406,1,less50
81903,2017,19,2496.3125,7.822569921972925,1,WC,0,NoSA,buservices,3,satisfactory,32,0.688,0.5,1,less50
81903,2018,20,3688.0882352941176,8.212863509361577,1,WC,0,NoSA,buservices,4,good,34,0.765,0.441,1,less50
81903,2019,21,3404.21875,8.132770750260708,1,WC,0,NoSA,buservices,4,good,32,0.031,0.469,1,less50
81947,1998,0,2452.589725378788,7.80489977604197,0,NoWC,0,NoSA,manufacturing,4,good,33,0.758,0.091,1,less50
81947,1999,1,1807.5872395833333,7.499748218197831,0,NoWC,0,NoSA,manufacturing,4,good,30,0.967,0.1,1,less50
81947,2007,9,2429.56,7.795465449980602,1,WC,1,SA,wholesretail,3,satisfactory,25,0.8,0.08,1,less50
81947,2008,10,1001.2142857142857,6.908968828047799,1,WC,0,NoSA,wholesretail,3,satisfactory,28,0.714,0.071,1,less50
81947,2009,11,1365.7307692307693,7.219444926437736,1,WC,0,NoSA,wholesretail,4,good,26,0.423,0.077,1,less50
81947,2011,13,1127.7931034482758,7.028017996305862,0,NoWC,0,NoSA,wholesretail,2,sufficient,29,0.448,0.103,1,less50
81947,2013,15,1868.9,7.533105301476257,0,NoWC,0,NoSA,wholesretail,3,satisfactory,30,0.9,0.067,1,less50
81947,2014,16,1514.448275862069,7.322806477267418,0,NoWC,0,NoSA,wholesretail,2,sufficient,29,0.69,0.207,1,less50
81947,2015,17,519.1481481481482,6.252189291658729,0,NoWC,0,NoSA,wholesretail,2,sufficient,27,0.926,0.111,1,less50
81947,2017,19,1245.9333333333334,7.127640193368093,0,NoWC,0,NoSA,wholesretail,2,sufficient,30,0.933,0.167,1,less50
81947,2019,21,2002.392857142857,7.602098172963208,0,NoWC,0,NoSA,wholesretail,2,sufficient,28,0.75,0.107,1,less50
81947,2020,22,3061.137931034483,8.026541998705927,0,NoWC,0,NoSA,construction,3,satisfactory,29,0.69,0.138,1,less50
81947,2021,23,1568.5357142857142,7.357897797078689,0,NoWC,0,NoSA,construction,4,good,28,0.321,0.071,1,less50
81976,2001,3,1474.5316666666668,7.296095704231345,1,WC,0,NoSA,health,4,good,300,0.133,0.86,4,more250
81976,2002,4,1231.5454545454545,7.1160251267823655,1,WC,0,NoSA,health,3,satisfactory,308,0.292,0.86,4,more250
81976,2003,5,816.0162337662338,6.704434249087583,1,WC,0,NoSA,health,2,sufficient,308,0.351,0.86,4,more250
81980,2013,15,1108.3186813186812,7.010599444471618,1,WC,0,NoSA,wholesretail,3,satisfactory,91,0.725,0.165,2,less100
81980,2014,16,1164.25,7.059832381862487,1,WC,0,NoSA,wholesretail,3,satisfactory,96,0.74,0.073,2,less100
81980,2015,17,1123.8333333333333,7.024500739506527,1,WC,0,NoSA,wholesretail,3,satisfactory,96,0.719,0.146,2,less100
81980,2016,18,1255.8367346938776,7.13555735027788,1,WC,0,NoSA,wholesretail,3,satisfactory,98,0.745,0.143,2,less100
81980,2017,19,1317.8958333333333,7.183791678049378,1,WC,0,NoSA,wholesretail,2,sufficient,96,0.75,0.115,2,less100
81980,2018,20,1306.6565656565656,7.175226913721646,1,WC,0,NoSA,wholesretail,4,good,99,0.657,0.071,2,less100
81980,2019,21,1343.8349514563106,7.20328270956611,1,WC,0,NoSA,wholesretail,2,sufficient,103,0.67,0.068,3,less250
81980,2020,22,1392.368932038835,7.238761843162383,1,WC,0,NoSA,wholesretail,2,sufficient,103,0.738,0.155,3,less250
81980,2021,23,1727.5825242718447,7.454478325425198,1,WC,0,NoSA,wholesretail,2,sufficient,103,0.65,0.068,3,less250
81987,2012,14,1184.9462365591398,7.077452682547695,0,NoWC,0,NoSA,manufacturing,3,satisfactory,279,0.014,0.538,4,more250
81987,2013,15,935.672514619883,6.841265537713304,0,NoWC,0,NoSA,manufacturing,3,satisfactory,342,0.003,0.485,4,more250
81987,2014,16,940.4761904761905,6.846386332605845,0,NoWC,0,NoSA,manufacturing,4,good,336,0.024,0.381,4,more250
81987,2015,17,6862.636942675159,8.833847040835463,0,NoWC,0,NoSA,manufacturing,4,good,157,0.045,0.344,3,less250
82000,2012,14,729.8888888888889,6.592892315556254,0,NoWC,0,NoSA,public,4,good,135,0.089,0.156,3,less250
82000,2013,15,812.1679389312977,6.699707140121055,0,NoWC,0,NoSA,public,4,good,131,0.107,0.137,3,less250
82000,2014,16,939.048,6.8448665961126345,0,NoWC,0,NoSA,public,3,satisfactory,125,0.192,0.144,3,less250
82000,2015,17,1152.3983050847457,7.049600532439373,1,WC,0,NoSA,public,3,satisfactory,118,0.161,0.161,3,less250
82000,2017,19,1062.8712871287128,6.968729286465668,1,WC,0,NoSA,public,3,satisfactory,101,0.228,0.149,3,less250
82000,2018,20,1485.8333333333333,7.303731061069186,1,WC,0,NoSA,public,4,good,126,0.19,0.246,3,less250
82016,2010,12,2371.6060606060605,7.771322667322467,0,NoWC,0,NoSA,buservices,4,good,99,0.798,0.838,2,less100
82016,2011,13,1956.5729166666667,7.578949709888615,0,NoWC,0,NoSA,buservices,3,satisfactory,96,0.865,0.771,2,less100
82016,2012,14,2808.691588785047,7.9404740271230985,0,NoWC,0,NoSA,buservices,3,satisfactory,107,0.869,0.888,3,less250
82017,2001,3,693.5796130952381,6.541866032149748,1,WC,0,NoSA,buservices,5,very good,21,0.095,0.048,1,less50
82017,2002,4,810.3333333333334,6.697445685648014,1,WC,0,NoSA,buservices,4,good,21,0.048,0.048,1,less50
82017,2004,6,1046.904761904762,6.953593243891487,1,WC,0,NoSA,buservices,4,good,21,0.095,0.048,1,less50
82017,2005,7,1787.857142857143,7.4887730548105615,1,WC,0,NoSA,buservices,3,satisfactory,21,0.048,0.048,1,less50
82023,2018,20,4431.086956521739,8.396400195588681,1,WC,0,NoSA,health,4,good,23,0.87,0.87,1,less50
82023,2019,21,5661.958333333333,8.641525106643236,1,WC,0,NoSA,health,4,good,24,0.875,0.792,1,less50
82023,2020,22,5935.916666666667,8.688776746114351,1,WC,0,NoSA,health,4,good,24,0.833,0.958,1,less50
82041,2016,18,1948.111111111111,7.574615521133909,1,WC,0,NoSA,wholesretail,4,good,27,0.037,0.222,1,less50
82041,2017,19,2149.6666666666665,7.673068070342268,1,WC,0,NoSA,wholesretail,3,satisfactory,27,0.111,0.222,1,less50
82041,2020,22,2503.409090909091,7.825408718312228,1,WC,0,NoSA,wholesretail,3,satisfactory,22,0.182,0.182,1,less50
82041,2021,23,2725.05,7.910242055552864,1,WC,0,NoSA,buservices,4,good,20,0.3,0.15,1,less50
82043,2014,16,3008.6585365853657,8.0092495894945,1,WC,0,NoSA,wholesretail,5,very good,41,0.341,0.707,1,less50
82043,2015,17,3364.242424242424,8.120958082777673,1,WC,0,NoSA,wholesretail,5,very good,33,0.424,0.848,1,less50
82043,2016,18,2515.7894736842104,7.830341939313107,1,WC,0,NoSA,wholesretail,4,good,38,0.368,0.658,1,less50
82043,2017,19,1873.1777777777777,7.535391613998455,1,WC,0,NoSA,wholesretail,3,satisfactory,45,0.311,0.778,1,less50
82043,2018,20,2451.2820512820513,7.804366452909846,1,WC,0,NoSA,wholesretail,4,good,39,0.359,0.718,1,less50
82043,2019,21,3750.675675675676,8.229691282914137,1,WC,0,NoSA,wholesretail,4,good,37,0.378,0.757,1,less50
82043,2020,22,2264.1111111111113,7.724937515464717,1,WC,0,NoSA,transcom,4,good,45,0.311,0.644,1,less50
82062,2000,2,2702.4720643939395,7.901922212510423,0,NoWC,0,NoSA,manufacturing,4,good,33,0.273,0.909,1,less50
82062,2001,3,3641.011830357143,8.200016897375631,0,NoWC,0,NoSA,manufacturing,3,satisfactory,35,0.343,0.857,1,less50
82062,2004,6,3027.25,8.015409895634475,0,NoWC,0,NoSA,manufacturing,1,unsatisfactory,32,0.469,0.719,1,less50
82093,2006,8,2411.764705882353,7.788114001630229,0,NoWC,0,NoSA,public,3,satisfactory,204,0.294,0.73,3,less250
82093,2008,10,1781.049019607843,7.484957806553703,0,NoWC,0,NoSA,public,4,good,204,0.412,0.73,3,less250
82093,2009,11,1658.6538461538462,7.413761616312179,0,NoWC,0,NoSA,public,4,good,208,0.404,0.712,3,less250
82093,2010,12,1311.79797979798,7.179153978835565,0,NoWC,0,NoSA,public,3,satisfactory,198,0.384,0.561,3,less250
82093,2011,13,1460.6060606060605,7.286606738572211,0,NoWC,0,NoSA,public,3,satisfactory,198,0.394,0.742,3,less250
82093,2012,14,1653,7.410347097821024,0,NoWC,0,NoSA,public,4,good,200,0.38,0.675,3,less250
82093,2013,15,1600,7.3777589082278725,0,NoWC,0,NoSA,public,4,good,200,0.54,0.635,3,less250
82093,2014,16,1628.8659793814434,7.395639333505721,0,NoWC,0,NoSA,public,3,satisfactory,194,0.562,0.66,3,less250
82093,2015,17,2054.342105263158,7.627710932249235,0,NoWC,0,NoSA,public,4,good,190,0.532,0.432,3,less250
82093,2016,18,2049.300518134715,7.625253803240857,0,NoWC,0,NoSA,public,4,good,193,0.565,0.658,3,less250
82093,2018,20,2135.5142857142855,7.666462779893557,0,NoWC,0,NoSA,public,3,satisfactory,175,0.714,0.594,3,less250
82093,2019,21,1965.0279329608938,7.5832617394496005,0,NoWC,0,NoSA,public,3,satisfactory,179,0.525,0.682,3,less250
82093,2020,22,2288.2804878048782,7.735555935809858,0,NoWC,0,NoSA,public,4,good,164,0.598,0.591,3,less250
82093,2021,23,2916.869918699187,7.978266374666715,0,NoWC,0,NoSA,public,3,satisfactory,123,0.789,0.699,3,less250
82125,2000,2,1286.139705882353,7.159400534886491,1,WC,0,NoSA,buservices,4,good,34,0.059,0.441,1,less50
82125,2001,3,1166.54443359375,7.061801182115152,1,WC,0,NoSA,buservices,4,good,32,0.125,0.469,1,less50
82125,2002,4,1753.5588235294117,7.469402615370239,1,WC,0,NoSA,buservices,4,good,34,0.176,0.441,1,less50
82127,2014,16,1611.1686746987953,7.384715079557567,1,WC,0,NoSA,manufacturing,4,good,83,0.12,1,2,less100
82127,2015,17,1698.7951807228915,7.437674561563707,1,WC,0,NoSA,manufacturing,3,satisfactory,83,0.133,0.542,2,less100
82127,2016,18,1453.9325842696628,7.282027291316798,1,WC,0,NoSA,manufacturing,1,unsatisfactory,89,0.124,0.966,2,less100
82127,2017,19,2299.8488372093025,7.740598676804916,1,WC,0,NoSA,manufacturing,3,satisfactory,86,0.035,0.895,2,less100
82127,2018,20,2403.3023255813955,7.784599039550426,0,NoWC,0,NoSA,manufacturing,2,sufficient,86,0.14,0.907,2,less100
82127,2020,22,914.6847826086956,6.8185795060405985,0,NoWC,0,NoSA,manufacturing,4,good,92,0.217,0.859,2,less100
82127,2021,23,1170.9,7.065527962854679,0,NoWC,0,NoSA,manufacturing,2,sufficient,90,0.111,0.9,2,less100
82161,2005,7,2734.9934640522874,7.913884325110004,1,WC,0,NoSA,manufacturing,1,unsatisfactory,153,0.327,0.418,3,less250
82161,2006,8,3037.037037037037,8.018637660242062,1,WC,1,SA,manufacturing,1,unsatisfactory,162,0.346,0.407,3,less250
82161,2007,9,2502.240740740741,7.824941905718914,1,WC,0,NoSA,manufacturing,2,sufficient,162,0.321,0.346,3,less250
82165,2016,18,2001.6722972972973,7.6017382588131905,0,NoWC,0,NoSA,transcom,5,very good,296,0.088,0.139,4,more250
82165,2018,20,2417.191419141914,7.790361574564635,0,NoWC,0,NoSA,transcom,4,good,303,0.092,0.135,4,more250
82165,2019,21,2587.052805280528,7.858274593759902,0,NoWC,0,NoSA,transcom,4,good,303,0.125,0.122,4,more250
82165,2020,22,2725.5536912751677,7.910426875915939,0,NoWC,0,NoSA,buservices,3,satisfactory,298,0.124,0.114,4,more250
82183,2001,3,2131.271748310811,7.664474145465772,0,NoWC,0,NoSA,finance,3,satisfactory,296,0.064,0.49,4,more250
82183,2002,4,1964.9122807017543,7.583202882442682,0,NoWC,0,NoSA,finance,1,unsatisfactory,285,0.074,0.481,4,more250
82183,2003,5,1648.1781818181819,7.407425824660172,0,NoWC,0,NoSA,finance,2,sufficient,275,0.08,0.484,4,more250
82183,2004,6,1831.5018315018315,7.512891582219369,0,NoWC,0,NoSA,finance,3,satisfactory,273,0.066,0.469,4,more250
82183,2005,7,1903.2730627306273,7.551330347664791,0,NoWC,0,NoSA,finance,3,satisfactory,271,0.066,0.458,4,more250
82215,2016,18,1600.051724137931,7.3777912352915545,1,WC,0,NoSA,public,1,unsatisfactory,174,0.046,0.891,3,less250
82215,2018,20,3372.238578680203,8.12333206948964,1,WC,0,NoSA,public,1,unsatisfactory,197,0.046,0.731,3,less250
82215,2019,21,3613.1167512690354,8.192326044843382,1,WC,1,SA,public,1,unsatisfactory,197,0.03,0.736,3,less250
82239,2004,6,4563.896551724138,8.42593204458226,0,NoWC,0,NoSA,construction,1,unsatisfactory,29,0.379,0.31,1,less50
82239,2005,7,6347.636363636364,8.755837796394372,0,NoWC,0,NoSA,construction,1,unsatisfactory,33,0.333,0.303,1,less50
82239,2006,8,3870.8285714285716,8.261223864251782,0,NoWC,0,NoSA,construction,1,unsatisfactory,35,0.229,0.171,1,less50
82254,2011,13,1285.1627906976744,7.158640674673246,1,WC,0,NoSA,public,4,good,86,0.035,0.907,2,less100
82254,2012,14,1955.6860465116279,7.578496329793597,1,WC,0,NoSA,public,4,good,86,0.081,0.895,2,less100
82254,2013,15,2168.2926829268295,7.6816953547976885,1,WC,0,NoSA,public,4,good,82,0.159,0.89,2,less100
82259,1998,0,962.8848870056497,6.8699338688334715,0,NoWC,0,NoSA,public,5,very good,1062,0.077,0.23,4,more250
82259,1999,1,776.7615616621983,6.6551334328256555,0,NoWC,0,NoSA,public,5,very good,1119,0.073,0.174,4,more250
82259,2000,2,625.82125,6.439064787193906,0,NoWC,0,NoSA,public,1,unsatisfactory,1000,0.094,0.145,4,more250
82259,2001,3,671.8385915867945,6.51001812058157,0,NoWC,0,NoSA,public,1,unsatisfactory,939,0.093,0.165,4,more250
82259,2004,6,690.6077348066299,6.537571985018612,0,NoWC,0,NoSA,public,3,satisfactory,724,0.156,0.16,4,more250
82276,2000,2,4521.381030701755,8.416572763924995,0,NoWC,0,NoSA,manufacturing,3,satisfactory,57,0.088,0.789,2,less100
82276,2001,3,3838.823822463768,8.252921302430106,0,NoWC,0,NoSA,manufacturing,4,good,69,0.116,0.623,2,less100
82276,2002,4,3437.625,8.14253610495005,0,NoWC,0,NoSA,manufacturing,5,very good,72,0.097,0.625,2,less100
82288,1998,0,583.5426432291666,6.369117530854324,1,WC,0,NoSA,manufacturing,3,satisfactory,216,0.903,0.185,3,less250
82288,1999,1,616.4426328502416,6.423965265314836,1,WC,0,NoSA,manufacturing,5,very good,207,0.831,0.174,3,less250
82288,2000,2,672.0907160194175,6.510393325488783,1,WC,0,NoSA,manufacturing,4,good,206,0.84,0.175,3,less250
82288,2001,3,760.9375826719577,6.6345513343558755,1,WC,1,SA,manufacturing,4,good,189,0.873,0.169,3,less250
82288,2002,4,766.0259067357513,6.641215989972534,0,NoWC,0,NoSA,manufacturing,4,good,193,0.891,0.166,3,less250
82291,2009,11,1325.3181818181818,7.189407846813264,1,WC,0,NoSA,wholesretail,4,good,22,0.091,0.091,1,less50
82291,2010,12,1120.2962962962963,7.02134847956644,1,WC,0,NoSA,wholesretail,3,satisfactory,27,0.074,0.074,1,less50
82291,2011,13,1010.8148148148148,6.918512031930985,1,WC,0,NoSA,wholesretail,4,good,27,0.074,0.074,1,less50
82291,2012,14,1310.36,7.1780571876023815,1,WC,0,NoSA,wholesretail,3,satisfactory,25,0.12,0.08,1,less50
82291,2014,16,1523.5862068965516,7.32882218159455,1,WC,0,NoSA,wholesretail,3,satisfactory,29,0.241,0.069,1,less50
82291,2015,17,1713.2857142857142,7.446168276176408,1,WC,0,NoSA,wholesretail,3,satisfactory,28,0.393,0.071,1,less50
82291,2016,18,1825.6296296296296,7.509680209053685,1,WC,0,NoSA,wholesretail,3,satisfactory,27,0.333,0.074,1,less50
82291,2017,19,1793.9642857142858,7.492183134791978,1,WC,0,NoSA,wholesretail,2,sufficient,28,0.429,0.071,1,less50
82291,2018,20,1715.9642857142858,7.447730467310512,1,WC,0,NoSA,wholesretail,3,satisfactory,28,0.393,0.071,1,less50
82291,2019,21,1929.4642857142858,7.564997671199883,1,WC,0,NoSA,wholesretail,3,satisfactory,28,0.143,0.071,1,less50
82322,2014,16,569.3333333333334,6.344466085680406,0,NoWC,0,NoSA,construction,4,good,27,0.037,0.444,1,less50
82322,2015,17,550.9629629629629,6.311667589040631,0,NoWC,0,NoSA,construction,4,good,27,0.111,0.519,1,less50
82322,2016,18,545.4411764705883,6.30159496530753,0,NoWC,0,NoSA,construction,4,good,34,0.206,0.765,1,less50
82322,2017,19,536.0540540540541,6.284235003101846,0,NoWC,0,NoSA,construction,4,good,37,0.297,0.784,1,less50
82322,2018,20,205.18965517241378,5.3239346986360205,0,NoWC,0,NoSA,construction,4,good,58,0.19,0.81,2,less100
82322,2019,21,314.8253968253968,5.752018189354538,0,NoWC,0,NoSA,construction,5,very good,63,0.19,0.651,2,less100
82329,2016,18,1511.480417754569,7.320844858630839,0,NoWC,0,NoSA,health,4,good,383,0.376,0.705,4,more250
82329,2018,20,2185.196642685851,7.689461100132799,0,NoWC,0,NoSA,health,4,good,417,0.477,0.691,4,more250
82329,2019,21,3784.3155339805826,8.238620313053824,0,NoWC,0,NoSA,health,3,satisfactory,206,0.874,0.704,3,less250
82329,2020,22,8204.326530612245,9.012416919791276,0,NoWC,0,NoSA,edu,4,good,196,0.847,0.704,3,less250
82340,2015,17,2010.855072463768,7.6063153197782425,1,WC,0,NoSA,health,3,satisfactory,69,0.232,0.638,2,less100
82340,2016,18,2196.4666666666667,7.694605287642439,1,WC,0,NoSA,health,3,satisfactory,75,0.093,0.893,2,less100
82340,2017,19,1884.7066666666667,7.541527473272477,1,WC,0,NoSA,health,3,satisfactory,75,0.067,0.787,2,less100
82373,2013,15,845.04,6.739383963514907,1,WC,0,NoSA,wholesretail,4,good,25,0.2,1,1,less50
82373,2014,16,657.7692307692307,6.488854156694418,1,WC,0,NoSA,wholesretail,3,satisfactory,26,0.154,1,1,less50
82373,2015,17,555.32,6.319544524166601,1,WC,0,NoSA,wholesretail,3,satisfactory,25,0.24,0.96,1,less50
82373,2016,18,679.9310344827586,6.521991373148513,1,WC,0,NoSA,wholesretail,4,good,29,0.172,0.931,1,less50
82373,2017,19,905.4137931034483,6.8083920691507265,1,WC,0,NoSA,wholesretail,4,good,29,0.172,0.966,1,less50
82373,2018,20,623.0967741935484,6.434701842508287,1,WC,0,NoSA,wholesretail,4,good,31,0.129,0.968,1,less50
82373,2019,21,640.1818181818181,6.461752226916627,1,WC,0,NoSA,wholesretail,4,good,33,0.212,0.939,1,less50
82373,2020,22,830.7741935483871,6.722358029348583,1,WC,0,NoSA,transcom,4,good,31,0.258,0.935,1,less50
82373,2021,23,665.8857142857142,6.501118055643795,1,WC,0,NoSA,transcom,4,good,35,0.257,0.943,1,less50
82408,2004,6,2627.4411764705883,7.873765714858478,1,WC,0,NoSA,wholesretail,2,sufficient,68,0.029,0.426,2,less100
82408,2005,7,2575.144927536232,7.853661094052376,1,WC,0,NoSA,wholesretail,4,good,69,0.014,0.435,2,less100
82408,2006,8,2947.3684210526317,7.988667990550846,1,WC,0,NoSA,wholesretail,4,good,76,0.013,0.461,2,less100
82410,2003,5,2868.6645569620255,7.961601889299776,1,WC,0,NoSA,finance,2,sufficient,158,0.057,0.848,3,less250
82410,2004,6,3246.753246753247,8.0854107749907,1,WC,0,NoSA,finance,3,satisfactory,154,0.058,0.818,3,less250
82410,2005,7,3349.2662337662337,8.116496566130863,0,NoWC,0,NoSA,finance,2,sufficient,154,0.396,0.766,3,less250
82410,2006,8,3215.6862745098038,8.07579607408201,0,NoWC,0,NoSA,finance,2,sufficient,153,0.124,0.771,3,less250
82428,2005,7,1473.6771428571428,7.2955160140610325,0,NoWC,0,NoSA,health,3,satisfactory,350,0.289,0.28,4,more250
82428,2006,8,1451.3274336283187,7.280233888093995,0,NoWC,0,NoSA,health,3,satisfactory,339,0.327,0.286,4,more250
82428,2007,9,1185.2719298245613,7.077727503888693,0,NoWC,0,NoSA,health,4,good,342,0.482,0.295,4,more250
82428,2008,10,1105.973372781065,7.008481106549307,0,NoWC,0,NoSA,health,4,good,338,0.479,0.287,4,more250
82428,2009,11,1020.7100591715977,6.928253800530478,0,NoWC,0,NoSA,health,3,satisfactory,338,0.541,0.281,4,more250
82428,2010,12,775.3313432835821,6.653290477705033,0,NoWC,0,NoSA,health,3,satisfactory,335,0.579,0.287,4,more250
82428,2011,13,873.7160120845922,6.772755393889684,0,NoWC,0,NoSA,health,4,good,331,0.598,0.296,4,more250
82430,2012,14,1719.45,7.449759751229128,1,WC,0,NoSA,manufacturing,3,satisfactory,20,0.9,0.55,1,less50
82430,2013,15,1653.4,7.410589052818575,1,WC,0,NoSA,manufacturing,4,good,20,0.8,0.6,1,less50
82430,2015,17,1384.1,7.232805387902657,1,WC,0,NoSA,manufacturing,4,good,20,0.1,0.6,1,less50
82430,2016,18,1572.4761904761904,7.360406847268354,1,WC,0,NoSA,manufacturing,5,very good,21,0.81,0.619,1,less50
82430,2017,19,1622.5454545454545,7.391751463313998,1,WC,1,SA,manufacturing,5,very good,22,0.727,0.545,1,less50
82430,2018,20,1894.5,7.546710230458656,1,WC,1,SA,manufacturing,4,good,20,0.8,0.55,1,less50
82438,2005,7,1340.4761904761904,7.2007801958444135,1,WC,0,NoSA,buservices,3,satisfactory,42,0.119,0.667,1,less50
82438,2006,8,1508.975,7.319185891367522,1,WC,0,NoSA,buservices,4,good,40,0.05,0.625,1,less50
82438,2007,9,1669.3658536585365,7.420199104947553,1,WC,0,NoSA,buservices,5,very good,41,0.024,0.634,1,less50
82443,2013,15,1514.1694915254238,7.322622377219909,1,WC,1,SA,health,4,good,59,0.153,0.102,2,less100
82443,2014,16,1202.4237288135594,7.092094572786256,1,WC,1,SA,health,4,good,59,0.153,0.034,2,less100
82443,2015,17,1264.2608695652175,7.142242937562221,1,WC,1,SA,health,4,good,69,0.13,0.029,2,less100
82494,2001,3,1217.8695704633205,7.1048583575303494,0,NoWC,0,NoSA,manufacturing,3,satisfactory,518,0.452,0.091,4,more250
82494,2002,4,1068.7022900763359,6.9742003783902895,0,NoWC,0,NoSA,manufacturing,3,satisfactory,524,0.349,0.107,4,more250
82494,2004,6,967.1179883945841,6.8743205028959,0,NoWC,0,NoSA,manufacturing,3,satisfactory,517,0.433,0.097,4,more250
82505,2016,18,6401.325966850829,8.764260430208912,0,NoWC,0,NoSA,manufacturing,4,good,181,0.088,0.133,3,less250
82505,2017,19,4339.187192118226,8.375442326632747,0,NoWC,0,NoSA,manufacturing,4,good,203,0.094,0.374,3,less250
82505,2018,20,7284.43062200957,8.89349455799208,0,NoWC,0,NoSA,manufacturing,4,good,209,0.091,0.455,3,less250
82505,2019,21,8302.553846153845,9.024318438764812,0,NoWC,0,NoSA,manufacturing,4,good,195,0.108,0.359,3,less250
82533,2015,17,2175.032258064516,7.684798774706833,1,WC,0,NoSA,health,3,satisfactory,31,0.903,0.903,1,less50
82533,2016,18,2124.764705882353,7.661416348584272,1,WC,0,NoSA,health,2,sufficient,34,0.353,0.853,1,less50
82533,2017,19,1878.3,7.538122391419375,1,WC,0,NoSA,health,3,satisfactory,40,0.15,0.875,1,less50
82533,2018,20,1549.5434782608695,7.34571563637649,1,WC,0,NoSA,health,3,satisfactory,46,0.152,0.804,1,less50
82533,2019,21,1697.1190476190477,7.436687414582217,1,WC,0,NoSA,health,3,satisfactory,42,0.238,0.905,1,less50
82533,2020,22,1657.6511627906978,7.413156917172023,1,WC,0,NoSA,buservices,3,satisfactory,43,0.14,0.791,1,less50
82533,2021,23,1788.857142857143,7.4893322272499425,1,WC,0,NoSA,buservices,2,sufficient,42,0.262,0.81,1,less50
82538,1999,1,218.46772112165178,5.386638274202221,1,WC,0,NoSA,public,3,satisfactory,28,0.357,0,1,less50
82538,2000,2,174.2747757523148,5.160633224625485,1,WC,0,NoSA,public,3,satisfactory,27,0.37,0,1,less50
82538,2001,3,307.66006234975964,5.728995479785582,1,WC,0,NoSA,public,2,sufficient,26,0.385,0,1,less50
82538,2002,4,283.15384615384613,5.645990375917484,1,WC,0,NoSA,public,3,satisfactory,26,0.231,0,1,less50
82538,2003,5,239.28,5.477634414321693,1,WC,0,NoSA,public,3,satisfactory,25,0.24,0,1,less50
82538,2004,6,276.08,5.620690678789748,1,WC,0,NoSA,public,2,sufficient,25,0.04,0,1,less50
82581,2013,15,2285.714285714286,7.734433852166605,1,WC,0,NoSA,wholesretail,3,satisfactory,140,0.55,0.107,3,less250
82581,2015,17,4891.312056737589,8.49521586074035,1,WC,0,NoSA,wholesretail,4,good,141,0.582,0.035,3,less250
82581,2016,18,5603.395161290323,8.631127971812342,1,WC,0,NoSA,wholesretail,4,good,124,0.677,0.29,3,less250
82599,2009,11,1440.3170731707316,7.272618558033749,1,WC,0,NoSA,public,4,good,123,0.089,0.203,3,less250
82599,2010,12,1836.4172661870505,7.5155718145237715,1,WC,0,NoSA,public,5,very good,139,0.151,0.223,3,less250
82599,2011,13,1528.5149700598802,7.332051935237708,1,WC,0,NoSA,public,5,very good,167,0.257,0.228,3,less250
82603,2016,18,2356.217391304348,7.764812811866329,1,WC,0,NoSA,manufacturing,5,very good,23,0.043,0.13,1,less50
82603,2017,19,3771.608695652174,8.235256899149416,1,WC,0,NoSA,manufacturing,4,good,23,0.043,0.13,1,less50
82603,2018,20,3661.923076923077,8.205743719258255,1,WC,0,NoSA,manufacturing,4,good,26,0.038,0.115,1,less50
82603,2019,21,3722.222222222222,8.222076140476938,1,WC,0,NoSA,manufacturing,3,satisfactory,27,0.037,0.111,1,less50
82634,2000,2,527.0104352678571,6.267220349612601,0,NoWC,0,NoSA,buservices,4,good,35,0.429,0.029,1,less50
82634,2001,3,790.5083984375,6.672676280802452,0,NoWC,0,NoSA,buservices,4,good,30,0.433,0.033,1,less50
82634,2002,4,3817.5555555555557,8.24736558985017,1,WC,0,NoSA,buservices,5,very good,27,0.444,0.037,1,less50
82634,2003,5,1503.1666666666667,7.315329272937653,1,WC,0,NoSA,buservices,4,good,24,0.833,0,1,less50
82634,2004,6,1429.608695652174,7.265156046403786,1,WC,0,NoSA,buservices,4,good,23,0.913,0,1,less50
82683,2018,20,1829,7.511524648390866,1,WC,0,NoSA,transcom,4,good,30,0.1,0.433,1,less50
82683,2019,21,1898.6176470588234,7.548881346178979,1,WC,0,NoSA,transcom,4,good,34,0.088,0.471,1,less50
82683,2020,22,1795.1379310344828,7.492837139772139,1,WC,0,NoSA,wholesretail,4,good,29,0.172,0.414,1,less50
82683,2021,23,1626.84375,7.394397066958887,0,NoWC,0,NoSA,wholesretail,4,good,32,0.219,0.406,1,less50
82717,2012,14,860.8214285714286,6.757887082884186,0,NoWC,0,NoSA,manufacturing,4,good,28,0.214,0.214,1,less50
82717,2013,15,912.5185185185185,6.81620837951759,0,NoWC,0,NoSA,manufacturing,4,good,27,0.222,0.185,1,less50
82717,2014,16,838.0882352941177,6.731123387652938,1,WC,0,NoSA,manufacturing,4,good,34,0.176,0.265,1,less50
82717,2015,17,1002.1290322580645,6.909882048062706,1,WC,0,NoSA,manufacturing,4,good,31,0.29,0.194,1,less50
82739,2002,4,1131.165137614679,7.031003475727047,0,NoWC,0,NoSA,manufacturing,3,satisfactory,109,0.028,0.532,3,less250
82739,2005,7,1922.763888888889,7.561518955361283,0,NoWC,0,NoSA,manufacturing,5,very good,72,0.014,0.361,2,less100
82739,2006,8,2220.3623188405795,7.705425668234509,0,NoWC,0,NoSA,manufacturing,4,good,69,0.116,0.29,2,less100
82739,2007,9,934.1829268292682,6.839672272188382,0,NoWC,0,NoSA,manufacturing,5,very good,82,0.037,0.39,2,less100
82739,2008,10,1754.857142857143,7.4701427325053995,0,NoWC,0,NoSA,manufacturing,4,good,63,0.032,0.365,2,less100
82767,2012,14,1297.4736842105262,7.168174332915693,0,NoWC,0,NoSA,health,2,sufficient,38,0.184,0.395,1,less50
82767,2013,15,1421.3783783783783,7.2593823687802495,0,NoWC,0,NoSA,health,4,good,37,0.243,0.405,1,less50
82767,2014,16,1721.7142857142858,7.451075751194878,0,NoWC,1,SA,health,3,satisfactory,35,0.257,0.371,1,less50
82767,2015,17,2441.714285714286,7.800455647708603,0,NoWC,1,SA,health,4,good,35,0.6,0.4,1,less50
82767,2016,18,3114.7428571428572,8.043901877940243,0,NoWC,1,SA,health,4,good,35,0.514,0.371,1,less50
82767,2017,19,2973.885714285714,7.997624697998498,0,NoWC,0,NoSA,health,3,satisfactory,35,0.257,0.429,1,less50
82767,2018,20,4429.5142857142855,8.3960452149771,0,NoWC,0,NoSA,health,2,sufficient,35,0.714,0.429,1,less50
82767,2019,21,4571.342857142857,8.427562282550767,0,NoWC,0,NoSA,health,2,sufficient,35,0.6,0.371,1,less50
82767,2020,22,4350.323529411765,8.378005495894495,0,NoWC,0,NoSA,health,4,good,34,0.882,0.353,1,less50
82767,2021,23,5238.53125,8.563796442223351,0,NoWC,1,SA,health,4,good,32,0.781,0.344,1,less50
82779,2017,19,3025.375,8.014790329723825,1,WC,0,NoSA,construction,4,good,32,0.344,0.188,1,less50
82779,2018,20,3321.6176470588234,8.108207186336172,1,WC,0,NoSA,construction,4,good,34,0.324,0.206,1,less50
82779,2019,21,2644.189189189189,7.880119752567975,1,WC,0,NoSA,construction,4,good,37,0.378,0.243,1,less50
82779,2020,22,2081.6315789473683,7.640907278159776,1,WC,0,NoSA,construction,3,satisfactory,38,0.421,0.316,1,less50
82779,2021,23,1927.6666666666667,7.564065569490109,1,WC,0,NoSA,construction,4,good,42,0.357,0.262,1,less50
82791,2015,17,2555.7927272727275,7.846117719592938,1,WC,0,NoSA,manufacturing,4,good,275,0.262,0.269,4,more250
82791,2016,18,2752.719178082192,7.9203444941576775,1,WC,0,NoSA,manufacturing,4,good,292,0.243,0.295,4,more250
82791,2017,19,2876.958199356913,7.964488834199182,1,WC,0,NoSA,manufacturing,4,good,311,0.293,0.305,4,more250
82791,2018,20,2646.781045751634,7.88109948091823,1,WC,0,NoSA,manufacturing,1,unsatisfactory,306,0.353,0.356,4,more250
82811,2009,11,1232.142857142857,7.116510092844247,0,NoWC,0,NoSA,public,2,sufficient,280,0.014,0.282,4,more250
82811,2010,12,854.3947368421053,6.750393308123878,0,NoWC,0,NoSA,public,1,unsatisfactory,304,0.013,0.286,4,more250
82811,2011,13,990.4109589041096,6.898119966998465,0,NoWC,0,NoSA,public,4,good,292,0.017,0.233,4,more250
82811,2012,14,1087.5,6.991636762962839,0,NoWC,0,NoSA,public,4,good,304,0.016,0.289,4,more250
82820,2007,9,822.0757575757576,6.7118325533103995,1,WC,0,NoSA,manufacturing,4,good,132,0.008,0.5,3,less250
82820,2008,10,1014.8840579710145,6.922529656351319,1,WC,1,SA,manufacturing,3,satisfactory,138,0.051,0.507,3,less250
82820,2009,11,1959.6,7.58049564976442,1,WC,0,NoSA,manufacturing,4,good,90,0.067,0.533,2,less100
82820,2010,12,2653.906976744186,7.883788164068455,1,WC,0,NoSA,manufacturing,4,good,86,0.023,0.407,2,less100
82820,2011,13,1957.4245283018868,7.579384871975782,1,WC,0,NoSA,manufacturing,3,satisfactory,106,0.085,0.462,3,less250
82832,2017,19,2431.3503184713377,7.79620206861168,1,WC,0,NoSA,health,4,good,157,0.631,0.146,3,less250
82832,2018,20,1276.7696078431372,7.152088423031238,1,WC,0,NoSA,health,4,good,204,0.48,0.127,3,less250
82832,2019,21,1628.774193548387,7.395582982387606,1,WC,0,NoSA,health,1,unsatisfactory,217,0.452,0.189,3,less250
82862,2008,10,1084.7285714285715,6.98908507009622,1,WC,0,NoSA,manufacturing,3,satisfactory,70,0.171,0.014,2,less100
82862,2009,11,1715.1509433962265,7.447256369369182,1,WC,0,NoSA,manufacturing,3,satisfactory,53,0.208,0.019,2,less100
82862,2010,12,1614.2641509433963,7.386634497733227,1,WC,0,NoSA,manufacturing,3,satisfactory,53,0.264,0.019,2,less100
82862,2011,13,1323.2203389830509,7.187823695208617,1,WC,0,NoSA,manufacturing,4,good,59,0.186,0.017,2,less100
82862,2013,15,1039.639344262295,6.946629147628638,1,WC,0,NoSA,manufacturing,4,good,61,0.082,0.016,2,less100
82862,2014,16,1244.4545454545455,7.126452596797142,1,WC,0,NoSA,manufacturing,4,good,55,0.236,0.018,2,less100
82862,2015,17,1992.1176470588234,7.5969534961690695,1,WC,0,NoSA,manufacturing,4,good,51,0.059,0.039,2,less100
82862,2016,18,1814.25,7.503427438158246,1,WC,0,NoSA,manufacturing,4,good,56,0.286,0.036,2,less100
82862,2017,19,1886.1090909090908,7.542271303996249,1,WC,0,NoSA,manufacturing,3,satisfactory,55,0.309,0.073,2,less100
82862,2019,21,1388.686567164179,7.2361136637012375,1,WC,0,NoSA,manufacturing,3,satisfactory,67,0.269,0.179,2,less100
82862,2021,23,1069.4411764705883,6.974891526047335,1,WC,0,NoSA,manufacturing,4,good,68,0.265,0.235,2,less100
82875,2005,7,2679.1481481481483,7.89325416780964,1,WC,0,NoSA,buservices,3,satisfactory,27,0.074,0.259,1,less50
82875,2006,8,2650.2758620689656,7.882419012456303,1,WC,0,NoSA,buservices,1,unsatisfactory,29,0.069,0.276,1,less50
82875,2007,9,2479.2903225806454,7.8157276379576315,1,WC,0,NoSA,buservices,1,unsatisfactory,31,0.129,0.097,1,less50
82876,2017,19,5002.271186440678,8.517647325569847,0,NoWC,0,NoSA,buservices,4,good,118,0.11,0.729,3,less250
82876,2019,21,5209.213675213675,8.558184197294294,0,NoWC,0,NoSA,buservices,4,good,117,0.231,0.744,3,less250
82876,2020,22,4681.308333333333,8.451332908247082,0,NoWC,0,NoSA,health,4,good,120,0.192,0.858,3,less250
82876,2021,23,1004.8145695364238,6.912558295545539,0,NoWC,0,NoSA,health,4,good,604,0.045,0.526,4,more250
82879,2007,9,809.82,6.6968120007492455,1,WC,0,NoSA,manufacturing,5,very good,50,0.02,0.1,1,less50
82879,2008,10,677.98,6.519117788980232,1,WC,0,NoSA,manufacturing,3,satisfactory,50,0.02,0.16,1,less50
82879,2009,11,753.32,6.624490104326546,1,WC,0,NoSA,manufacturing,3,satisfactory,50,0.02,0.12,1,less50
82879,2011,13,1121.2291666666667,7.022180832747024,1,WC,0,NoSA,manufacturing,4,good,48,0.021,0.125,1,less50
82927,2002,4,1829.642857142857,7.511876066758044,0,NoWC,0,NoSA,buservices,2,sufficient,28,0.179,0.107,1,less50
82927,2003,5,2102.9285714285716,7.65108621004198,1,WC,0,NoSA,buservices,3,satisfactory,28,0.179,0.107,1,less50
82927,2005,7,2426.6666666666665,7.794273852522622,0,NoWC,0,NoSA,buservices,2,sufficient,24,0.125,0.125,1,less50
82927,2006,8,2858.5833333333335,7.958081443098169,0,NoWC,0,NoSA,buservices,2,sufficient,24,0.458,0.083,1,less50
82927,2007,9,2013.7307692307693,7.607744384715365,0,NoWC,0,NoSA,buservices,2,sufficient,26,0.154,0.077,1,less50
82927,2008,10,2541.64,7.840564820949185,1,WC,0,NoSA,buservices,2,sufficient,25,0.12,0.08,1,less50
82936,2002,4,1773.5433789954338,7.4807347334552485,0,NoWC,0,NoSA,edu,3,satisfactory,219,0.279,0.356,3,less250
82936,2003,5,1828.8738317757009,7.511455663931504,0,NoWC,0,NoSA,edu,4,good,214,0.407,0.379,3,less250
82936,2004,6,2477.08125,7.814836230727735,0,NoWC,0,NoSA,edu,3,satisfactory,160,0.294,0.194,3,less250
82936,2005,7,2373.251497005988,7.772016233544807,0,NoWC,0,NoSA,edu,3,satisfactory,167,0.024,0.192,3,less250
82948,2004,6,1009.7878787878788,6.917495566775706,1,WC,0,NoSA,manufacturing,2,sufficient,33,0.061,0.758,1,less50
82948,2005,7,1571.939393939394,7.36006541877228,1,WC,0,NoSA,manufacturing,4,good,33,0.03,0.515,1,less50
82948,2006,8,2255.757575757576,7.721241149289707,1,WC,0,NoSA,manufacturing,4,good,33,0.03,0.636,1,less50
82948,2007,9,1579.030303030303,7.364566205350974,1,WC,0,NoSA,manufacturing,4,good,33,0.03,0.636,1,less50
82948,2008,10,1772.3939393939395,7.480086419884789,1,WC,0,NoSA,manufacturing,4,good,33,0.061,0.727,1,less50
82948,2009,11,1767.5454545454545,7.477347114297455,1,WC,0,NoSA,manufacturing,4,good,33,0.061,0.667,1,less50
82948,2010,12,1605.2105263157894,7.381010196006315,1,WC,0,NoSA,manufacturing,3,satisfactory,38,0.053,0.684,1,less50
82948,2011,13,1460.2682926829268,7.286375459931787,1,WC,0,NoSA,manufacturing,4,good,41,0.049,0.78,1,less50
82948,2012,14,2176.3255813953488,7.685393220586318,1,WC,0,NoSA,manufacturing,4,good,43,0.023,0.674,1,less50
82948,2014,16,2146.093023255814,7.671404269527885,1,WC,0,NoSA,manufacturing,5,very good,43,0.023,0.721,1,less50
82948,2015,17,2049.093023255814,7.625152546552361,1,WC,0,NoSA,manufacturing,4,good,43,0.023,0.721,1,less50
82948,2016,18,2258.9302325581393,7.722646631775999,1,WC,0,NoSA,manufacturing,4,good,43,0.023,0.721,1,less50
82948,2018,20,2253.4761904761904,7.720229276499644,1,WC,0,NoSA,manufacturing,4,good,42,0.024,0.667,1,less50
82948,2019,21,1648.3333333333333,7.407519955388703,1,WC,0,NoSA,manufacturing,5,very good,42,0.024,0.714,1,less50
82948,2021,23,2227.4146341463415,7.708596834995037,1,WC,0,NoSA,manufacturing,3,satisfactory,41,0.024,0.756,1,less50
82960,2016,18,7903.136363636364,8.975014967723503,1,WC,0,NoSA,public,4,good,66,0.333,0.773,2,less100
82960,2019,21,10746.442622950819,9.282330059994829,1,WC,0,NoSA,public,4,good,61,0.475,0.869,2,less100
82960,2020,22,8643.190476190477,9.064527061713026,1,WC,0,NoSA,public,4,good,63,0.413,0.825,2,less100
82963,2008,10,5440.326530612245,8.601594362058224,1,WC,0,NoSA,finance,4,good,49,0.041,0.633,1,less50
82963,2009,11,2237.6422018348626,7.713178002022223,1,WC,0,NoSA,finance,4,good,109,0.018,0.541,3,less250
82963,2010,12,1843.3357664233577,7.519332125787739,1,WC,0,NoSA,finance,1,unsatisfactory,137,0.022,0.664,3,less250
82965,2000,2,3601.8658625730995,8.189207285334852,0,NoWC,0,NoSA,public,3,satisfactory,171,0.035,0.07,3,less250
82965,2001,3,3846.685594512195,8.254967171965635,0,NoWC,0,NoSA,public,3,satisfactory,164,0.067,0.085,3,less250
82965,2002,4,3294.1176470588234,8.09989362566107,0,NoWC,0,NoSA,public,2,sufficient,170,0.112,0.082,3,less250
82965,2003,5,2868.6645569620255,7.961601889299776,0,NoWC,0,NoSA,public,4,good,158,0.051,0.07,3,less250
82965,2004,6,3521.1267605633802,8.166536319803068,0,NoWC,0,NoSA,public,3,satisfactory,142,0.077,0.07,3,less250
82965,2005,7,6290.085365853659,8.74672992128024,0,NoWC,0,NoSA,public,1,unsatisfactory,82,0.073,0.085,2,less100
82965,2006,8,6739.726027397261,8.815774554326055,0,NoWC,0,NoSA,public,4,good,73,0.082,0.096,2,less100
82965,2007,9,5004.481481481482,8.51808908627886,0,NoWC,0,NoSA,public,5,very good,81,0.099,0.136,2,less100
82981,2019,21,2049.625,7.625412128570033,1,WC,0,NoSA,construction,3,satisfactory,24,0.083,0,1,less50
82981,2020,22,1962.4166666666667,7.581931985909981,1,WC,0,NoSA,construction,4,good,24,0.083,0,1,less50
82981,2021,23,1569.9166666666667,7.358777818377374,1,WC,0,NoSA,construction,2,sufficient,24,0.125,0.042,1,less50
82982,2012,14,6336.863636363636,8.75413923044967,1,WC,0,NoSA,manufacturing,4,good,22,0.273,0.864,1,less50
82982,2013,15,5875.695652173913,8.678579740883247,1,WC,0,NoSA,manufacturing,4,good,23,0.261,0.826,1,less50
82982,2014,16,5395.260869565217,8.59327623047414,1,WC,0,NoSA,manufacturing,4,good,23,0.348,0.826,1,less50
82982,2015,17,4510.2307692307695,8.41410359953152,1,WC,0,NoSA,manufacturing,5,very good,26,0.346,0.769,1,less50
82982,2016,18,3778.730769230769,8.237143456892698,1,WC,0,NoSA,manufacturing,4,good,26,0.115,0.731,1,less50
82982,2017,19,2474.6153846153848,7.813840262771535,1,WC,0,NoSA,manufacturing,4,good,26,0.115,0.846,1,less50
82992,2001,3,2227.026785714286,7.708422694896884,1,WC,0,NoSA,wholesretail,2,sufficient,35,0.029,0.314,1,less50
82992,2002,4,2341.5142857142855,7.7585531297001316,1,WC,0,NoSA,wholesretail,4,good,35,0.457,0.314,1,less50
82992,2003,5,2412.5,7.788418833213141,1,WC,0,NoSA,wholesretail,1,unsatisfactory,36,0.583,0.333,1,less50
82992,2006,8,2377.764705882353,7.773916126132499,1,WC,0,NoSA,wholesretail,4,good,34,0.912,0.382,1,less50
82992,2007,9,2353.4857142857145,7.763652790835825,1,WC,0,NoSA,wholesretail,4,good,35,0.6,0.343,1,less50
82992,2008,10,2345.457142857143,7.760235605530437,1,WC,0,NoSA,wholesretail,4,good,35,0.657,0.371,1,less50
82995,2005,7,2932.9241379310347,7.983755203634775,0,NoWC,0,NoSA,wholesretail,3,satisfactory,145,0.062,0.014,3,less250
82995,2006,8,3112.9172413793103,8.043315585243802,0,NoWC,0,NoSA,wholesretail,1,unsatisfactory,145,0.055,0.014,3,less250
82995,2007,9,2720.557046979866,7.908591935005839,0,NoWC,0,NoSA,wholesretail,5,very good,149,0.054,0.013,3,less250
82995,2008,10,2427.396103896104,7.794574399618696,0,NoWC,0,NoSA,wholesretail,4,good,154,0.052,0.013,3,less250
82995,2009,11,1239.394366197183,7.1223781249288285,0,NoWC,0,NoSA,wholesretail,5,very good,142,0.056,0.014,3,less250
82995,2010,12,2239.103448275862,7.713830818423735,0,NoWC,0,NoSA,wholesretail,5,very good,116,0.069,0.017,3,less250
82995,2011,13,1890.1960784313726,7.544435847874311,0,NoWC,0,NoSA,wholesretail,4,good,153,0.052,0.013,3,less250
82995,2012,14,2791.5,7.934334364750415,0,NoWC,0,NoSA,wholesretail,4,good,112,0.054,0.018,3,less250
82995,2013,15,2622.9508196721313,7.872055230042653,0,NoWC,0,NoSA,wholesretail,1,unsatisfactory,122,0.049,0.016,3,less250
82995,2014,16,2507.936507936508,7.827215585617571,0,NoWC,0,NoSA,wholesretail,4,good,126,0.048,0.016,3,less250
82995,2015,17,3014.672,8.01124631385689,0,NoWC,0,NoSA,wholesretail,4,good,125,0.128,0.008,3,less250
82995,2017,19,3172.564516129032,8.062295535435048,0,NoWC,0,NoSA,wholesretail,4,good,124,0.185,0.008,3,less250
82995,2018,20,3113.5563909774437,8.043520885912564,0,NoWC,0,NoSA,wholesretail,3,satisfactory,133,0.053,0.015,3,less250
82995,2019,21,2947.6111111111113,7.9887503284308305,0,NoWC,0,NoSA,wholesretail,3,satisfactory,144,0.132,0.014,3,less250
82995,2020,22,2880.0451127819547,7.9655612371677105,0,NoWC,0,NoSA,transcom,5,very good,133,0.165,0.008,3,less250
82995,2021,23,2700.5038759689924,7.901193655310195,0,NoWC,0,NoSA,transcom,5,very good,129,0.124,0.008,3,less250
83018,2005,7,2233.4,7.711280367011692,1,WC,0,NoSA,manufacturing,1,unsatisfactory,20,0.05,0.45,1,less50
83018,2006,8,1428.8148148148148,7.264600578779857,1,WC,0,NoSA,manufacturing,2,sufficient,27,0.037,0.444,1,less50
83018,2007,9,1607.4166666666667,7.38238361443624,1,WC,0,NoSA,manufacturing,4,good,24,0.042,0.458,1,less50
83018,2008,10,1543.12,7.341561619915985,1,WC,0,NoSA,manufacturing,2,sufficient,25,0.04,0.52,1,less50
83024,2004,6,783.6990595611285,6.6640250940595385,0,NoWC,0,NoSA,health,2,sufficient,638,0.019,0.063,4,more250
83024,2005,7,808.4435736677116,6.6951108851997025,0,NoWC,0,NoSA,health,2,sufficient,638,0.041,0.063,4,more250
83024,2006,8,771.1598746081505,6.647895712129655,0,NoWC,0,NoSA,health,3,satisfactory,638,0.039,0.063,4,more250
83032,2006,8,5620.952380952381,8.634256391333453,1,WC,0,NoSA,health,4,good,21,0.238,0.619,1,less50
83032,2007,9,4356.190476190476,8.379353210413294,1,WC,0,NoSA,health,3,satisfactory,21,0.19,0.667,1,less50
83032,2008,10,4993.809523809524,8.515954329105028,1,WC,0,NoSA,health,2,sufficient,21,0.095,0.571,1,less50
83032,2009,11,4018.809523809524,8.298740999399605,1,WC,0,NoSA,health,4,good,21,0.095,0.762,1,less50
83090,2000,2,2990.9552083333333,8.003348083035814,0,NoWC,1,SA,manufacturing,4,good,45,0.022,0.644,1,less50
83090,2006,8,3784.09375,8.238561705234844,0,NoWC,0,NoSA,manufacturing,3,satisfactory,32,0.062,0.469,1,less50
83090,2007,9,2942.1176470588234,7.986884889164987,0,NoWC,0,NoSA,manufacturing,3,satisfactory,34,0.059,0.5,1,less50
83090,2008,10,2462.217391304348,7.808817601507694,0,NoWC,0,NoSA,manufacturing,3,satisfactory,46,0.043,0.413,1,less50
83090,2009,11,1524.2857142857142,7.329281195240486,0,NoWC,0,NoSA,manufacturing,2,sufficient,42,0.048,0.357,1,less50
83090,2010,12,3008.4761904761904,8.009188980544394,0,NoWC,0,NoSA,manufacturing,1,unsatisfactory,42,0.048,0.357,1,less50
83090,2012,14,2119.8,7.659077023593155,0,NoWC,0,NoSA,manufacturing,3,satisfactory,45,0.044,0.4,1,less50
83090,2014,16,1120.1702127659576,7.021235928425897,0,NoWC,0,NoSA,manufacturing,1,unsatisfactory,47,0.043,0.404,1,less50
83090,2015,17,1399,7.243512974665482,0,NoWC,0,NoSA,manufacturing,1,unsatisfactory,44,0.045,0.409,1,less50
83090,2016,18,1579.4375,7.364824049975233,0,NoWC,0,NoSA,manufacturing,3,satisfactory,48,0.042,0.396,1,less50
83090,2017,19,1232.1914893617022,7.1165495616922305,0,NoWC,0,NoSA,manufacturing,3,satisfactory,47,0.043,0.404,1,less50
83090,2018,20,1657.8510638297873,7.413277502848441,0,NoWC,0,NoSA,manufacturing,3,satisfactory,47,0.043,0.404,1,less50
83090,2019,21,1263.56,7.14168841283967,0,NoWC,0,NoSA,manufacturing,2,sufficient,50,0.04,0.4,1,less50
83090,2020,22,1596.4782608695652,7.3755553953189805,0,NoWC,0,NoSA,manufacturing,4,good,46,0.043,0.391,1,less50
83119,2019,21,3938.8653846153848,8.278647987371793,0,NoWC,0,NoSA,buservices,3,satisfactory,52,0.231,0.25,2,less100
83119,2020,22,5908.288461538462,8.684111468041342,0,NoWC,0,NoSA,buservices,3,satisfactory,52,0.385,0.269,2,less100
83119,2021,23,5796.811320754717,8.665063273070647,0,NoWC,0,NoSA,transcom,3,satisfactory,53,0.528,0.283,2,less100
83147,2015,17,1218.3142857142857,7.105223449232914,1,WC,0,NoSA,transcom,4,good,105,0.248,0.771,3,less250
83147,2016,18,1230.5714285714287,7.115233916558743,1,WC,0,NoSA,transcom,1,unsatisfactory,105,0.229,0.61,3,less250
83147,2018,20,1583.8166666666666,7.367592824935154,1,WC,0,NoSA,transcom,1,unsatisfactory,120,0.142,0.825,3,less250
83147,2019,21,1797.821138211382,7.494330731891615,1,WC,0,NoSA,transcom,1,unsatisfactory,123,0.122,0.87,3,less250
83147,2020,22,1586.050505050505,7.369002245981914,1,WC,0,NoSA,transcom,1,unsatisfactory,99,0.091,0.758,2,less100
83161,2001,3,1389.8333333333333,7.23693911485893,1,WC,0,NoSA,health,4,good,36,0.056,0.583,1,less50
83161,2002,4,1522.095238095238,7.327843110770931,1,WC,0,NoSA,health,4,good,42,0.048,0.643,1,less50
83161,2004,6,1525.4285714285713,7.3300306800048185,1,WC,0,NoSA,health,2,sufficient,49,0.02,0.469,1,less50
83161,2005,7,1420.611111111111,7.2588424179544315,1,WC,0,NoSA,health,3,satisfactory,54,0.019,0.537,2,less100
83161,2006,8,1309.0689655172414,7.1770714501731225,1,WC,0,NoSA,health,3,satisfactory,58,0.138,0.517,2,less100
83161,2007,9,503.57894736842104,6.221740497023973,1,WC,0,NoSA,health,4,good,133,0.015,0.519,3,less250
83195,2000,2,2527.8968394886365,7.835142947269808,1,WC,0,NoSA,buservices,3,satisfactory,22,0.409,0.727,1,less50
83195,2001,3,4039.6353125,8.30390969769752,1,WC,0,NoSA,buservices,3,satisfactory,25,0.28,0.68,1,less50
83195,2002,4,1907.5,7.553548763158612,1,WC,0,NoSA,buservices,3,satisfactory,30,0.333,0.767,1,less50
83223,2002,4,947.0833333333334,6.8533870864986435,1,WC,0,NoSA,buservices,2,sufficient,24,0.083,0.292,1,less50
83223,2003,5,841.8518518518518,6.73560405084226,1,WC,0,NoSA,buservices,2,sufficient,27,0.074,0.259,1,less50
83223,2004,6,800.12,6.684761716419052,1,WC,0,NoSA,buservices,2,sufficient,25,0.12,0.32,1,less50
83223,2005,7,545.52,6.301739468212397,1,WC,0,NoSA,buservices,2,sufficient,25,0.08,0.2,1,less50
83223,2006,8,985,6.892641641172089,1,WC,0,NoSA,buservices,2,sufficient,24,0.042,0.333,1,less50
83223,2007,9,568.25,6.342561462732653,1,WC,0,NoSA,buservices,3,satisfactory,24,0.042,0.333,1,less50
83223,2008,10,711.5652173913044,6.567467075158177,1,WC,0,NoSA,buservices,2,sufficient,23,0.043,0.348,1,less50
83226,2008,10,458.5869565217391,6.128149928069344,1,WC,0,NoSA,public,4,good,46,0.543,0.065,1,less50
83226,2009,11,883.5813953488372,6.783983415811432,1,WC,0,NoSA,public,3,satisfactory,43,0.651,0.047,1,less50
83226,2010,12,1285.7441860465117,7.159092962806584,1,WC,0,NoSA,public,2,sufficient,43,0.047,0.047,1,less50
83233,2000,2,2417.3342978395062,7.7904206822024875,0,NoWC,0,NoSA,health,4,good,162,0.37,0.753,3,less250
83233,2001,3,2566.3239583333334,7.85022978753144,0,NoWC,0,NoSA,health,3,satisfactory,150,0.613,0.613,3,less250
83233,2002,4,3587.4561403508774,8.185198634306976,0,NoWC,0,NoSA,health,3,satisfactory,114,0.789,0.596,3,less250
83246,2013,15,1403.8857142857144,7.24699918119119,1,WC,0,NoSA,manufacturing,3,satisfactory,35,0.657,0.486,1,less50
83246,2014,16,2057.029411764706,7.6290181879293,1,WC,0,NoSA,manufacturing,1,unsatisfactory,34,0.824,0.529,1,less50
83246,2015,17,1915.258064516129,7.557607652073944,1,WC,0,NoSA,manufacturing,1,unsatisfactory,31,0.581,0.419,1,less50
83269,2001,3,467.89189937943263,6.148237285004699,1,WC,0,NoSA,manufacturing,5,very good,282,0.004,0.408,4,more250
83269,2002,4,516.5470383275261,6.247166355715038,1,WC,0,NoSA,manufacturing,3,satisfactory,287,0.003,0.415,4,more250
83269,2004,6,591.5892255892256,6.382812518346975,1,WC,0,NoSA,manufacturing,1,unsatisfactory,297,0.003,0.407,4,more250
83269,2006,8,713.2233676975945,6.569794650031031,1,WC,0,NoSA,manufacturing,3,satisfactory,291,0.003,0.409,4,more250
83269,2011,13,805.1012658227849,6.690968065560052,1,WC,0,NoSA,manufacturing,5,very good,316,0.006,0.418,4,more250
83269,2012,14,830.6095238095238,6.722159797311417,0,NoWC,0,NoSA,manufacturing,4,good,315,0.003,0.419,4,more250
83302,2000,2,1724.0254820936639,7.452417231911192,0,NoWC,0,NoSA,finance,5,very good,363,0.818,0.168,4,more250
83302,2001,3,1718.954870572207,7.449471751735262,0,NoWC,0,NoSA,finance,4,good,367,0.837,0.15,4,more250
83302,2002,4,1613.8328530259366,7.386367282764473,0,NoWC,0,NoSA,finance,4,good,347,0.836,0.164,4,more250
83302,2004,6,1650.1650165016501,7.408630571894959,0,NoWC,0,NoSA,finance,4,good,303,0.931,0.182,4,more250
83302,2005,7,1790.9270833333333,7.490488688408546,0,NoWC,0,NoSA,finance,3,satisfactory,288,0.962,0.247,4,more250
83333,2018,20,2829.4871794871797,7.947850765555236,1,WC,0,NoSA,wholesretail,4,good,39,0.692,0.333,1,less50
83333,2019,21,3331.6511627906975,8.111223304766028,1,WC,0,NoSA,wholesretail,5,very good,43,0.465,0.395,1,less50
83333,2021,23,2699.5777777777776,7.900850661163189,1,WC,0,NoSA,wholesretail,4,good,45,0.733,0.422,1,less50
83388,2013,15,2077.9220779220777,7.63912367236228,1,WC,0,NoSA,manufacturing,5,very good,154,0.188,0.266,3,less250
83388,2014,16,1983.7077922077922,7.592722994844406,1,WC,0,NoSA,manufacturing,3,satisfactory,154,0.383,0.266,3,less250
83388,2015,17,3157.427536231884,8.057512904232677,1,WC,0,NoSA,manufacturing,3,satisfactory,138,0.696,0.268,3,less250
83388,2016,18,2997.032520325203,8.005377918217153,1,WC,0,NoSA,manufacturing,4,good,123,0.504,0.244,3,less250
83432,2012,14,6736.758620689655,8.81533417141715,0,NoWC,0,NoSA,art,1,unsatisfactory,29,0.034,0.69,1,less50
83432,2013,15,6736.758620689655,8.81533417141715,0,NoWC,0,NoSA,art,1,unsatisfactory,29,0.034,0.69,1,less50
83432,2015,17,6969.3,8.849270068295029,0,NoWC,0,NoSA,art,4,good,30,0.033,0.633,1,less50
83432,2016,18,7695.740740740741,8.948422304244417,0,NoWC,0,NoSA,art,3,satisfactory,27,0.111,0.704,1,less50
83432,2017,19,5877.7037037037035,8.678921438036305,0,NoWC,0,NoSA,art,4,good,27,0.037,0.667,1,less50
83432,2018,20,5647.964285714285,8.639050455802215,0,NoWC,0,NoSA,art,4,good,28,0.107,0.714,1,less50
83432,2020,22,1940.4074074074074,7.57065323382791,0,NoWC,0,NoSA,art,3,satisfactory,27,0.074,0.889,1,less50
83432,2021,23,1347.5185185185185,7.2060200455596055,0,NoWC,0,NoSA,art,5,very good,27,0.074,0.852,1,less50
83438,2014,16,2236.793103448276,7.712798468812401,1,WC,0,NoSA,resthotels,3,satisfactory,58,0.017,0.19,2,less100
83438,2015,17,2707.6206896551726,7.903825553931588,1,WC,0,NoSA,resthotels,3,satisfactory,58,0.017,0.19,2,less100
83438,2016,18,2219.362068965517,7.704975077249747,1,WC,0,NoSA,resthotels,3,satisfactory,58,0.017,0.19,2,less100
83438,2018,20,2465.5689655172414,7.810177877496548,1,WC,0,NoSA,resthotels,3,satisfactory,58,0.034,0.121,2,less100
83443,2005,7,677,6.517671272912275,0,NoWC,0,NoSA,wholesretail,1,unsatisfactory,22,0.545,0.136,1,less50
83443,2006,8,485.6521739130435,6.185492676134097,0,NoWC,1,SA,wholesretail,2,sufficient,23,0.522,0.13,1,less50
83443,2008,10,578.1739130434783,6.3598747110332505,0,NoWC,0,NoSA,wholesretail,4,good,23,0.478,0.043,1,less50
83443,2009,11,572.8461538461538,6.3506171882491085,0,NoWC,0,NoSA,wholesretail,3,satisfactory,26,0.462,0.115,1,less50
83443,2010,12,701.1818181818181,6.552767223135628,0,NoWC,0,NoSA,wholesretail,4,good,22,0.545,0.136,1,less50
83443,2012,14,749.7619047619048,6.619755695811702,0,NoWC,0,NoSA,wholesretail,4,good,21,0.571,0.238,1,less50
83443,2020,22,1148.95,7.046603760800945,0,NoWC,0,NoSA,wholesretail,3,satisfactory,20,0.55,0.25,1,less50
83452,1999,1,379.9217032967033,5.9399651875344155,0,NoWC,0,NoSA,health,3,satisfactory,546,0.106,0.817,4,more250
83452,2000,2,528.5095210280374,6.270060820338252,0,NoWC,0,NoSA,health,2,sufficient,535,0.12,0.768,4,more250
83452,2001,3,593.9871359223301,6.386857662431721,0,NoWC,0,NoSA,health,2,sufficient,515,0.01,0.773,4,more250
83452,2002,4,650.9896907216495,6.478493806018123,0,NoWC,0,NoSA,health,2,sufficient,485,0.113,0.798,4,more250
83455,2001,3,3155.5166823308273,8.05690752775753,0,NoWC,0,NoSA,manufacturing,4,good,133,0.534,0.556,3,less250
83455,2002,4,3612.5581395348836,8.192171426280076,0,NoWC,0,NoSA,manufacturing,3,satisfactory,129,0.217,0.558,3,less250
83455,2003,5,3103.5116279069766,8.040289532554269,0,NoWC,0,NoSA,manufacturing,3,satisfactory,129,0.326,0.512,3,less250
83455,2004,6,2800.82962962963,7.937670948572513,0,NoWC,0,NoSA,manufacturing,2,sufficient,135,0.578,0.563,3,less250
83461,2001,3,2237.0795656028367,7.712926528851719,0,NoWC,0,NoSA,manufacturing,3,satisfactory,282,0.014,0.365,4,more250
83461,2002,4,2213.4387351778655,7.702302573983812,0,NoWC,0,NoSA,manufacturing,3,satisfactory,253,0.016,0.47,4,more250
83461,2003,5,1872.9297520661157,7.535259196170057,1,WC,0,NoSA,manufacturing,2,sufficient,242,0.017,0.43,3,less250
83461,2004,6,2127.659574468085,7.662777863260169,0,NoWC,0,NoSA,manufacturing,2,sufficient,235,0.009,0.413,3,less250
83461,2005,7,2063.148,7.631988250682245,1,WC,0,NoSA,manufacturing,3,satisfactory,250,0.008,0.412,3,less250
83461,2006,8,1863.6363636363637,7.530284892328129,1,WC,0,NoSA,manufacturing,4,good,264,0.015,0.424,4,more250
83492,2015,17,2096.3783783783783,7.647966553183916,0,NoWC,0,NoSA,manufacturing,2,sufficient,37,0.054,0.108,1,less50
83492,2016,18,1919.4102564102564,7.559773259719452,0,NoWC,0,NoSA,manufacturing,2,sufficient,39,0.077,0.103,1,less50
83492,2017,19,1320.3255813953488,7.185633637738905,0,NoWC,0,NoSA,manufacturing,2,sufficient,43,0.093,0.093,1,less50
83492,2018,20,1389,7.236339342754344,0,NoWC,0,NoSA,manufacturing,1,unsatisfactory,43,0.07,0.093,1,less50
83519,2017,19,5790.255319148936,8.663931666166308,1,WC,0,NoSA,buservices,4,good,94,0.138,0.362,2,less100
83519,2018,20,5030.954954954955,8.52336509695391,1,WC,0,NoSA,buservices,4,good,111,0.342,0.333,3,less250
83519,2019,21,5050.5675675675675,8.527255905571506,1,WC,0,NoSA,buservices,4,good,111,0.297,0.333,3,less250
83519,2020,22,2402.6936936936936,7.784345759319433,1,WC,0,NoSA,edu,4,good,111,0.144,0.333,3,less250
83519,2021,23,4413.117117117117,8.392336548032985,1,WC,1,SA,edu,1,unsatisfactory,111,0.216,0.342,3,less250
83523,2001,3,1026.0421137339056,6.933464071412604,0,NoWC,0,NoSA,manufacturing,3,satisfactory,233,0.674,0.519,3,less250
83523,2002,4,894.491304347826,6.796255181658175,0,NoWC,0,NoSA,manufacturing,3,satisfactory,230,0.513,0.509,3,less250
83523,2003,5,1740.195652173913,7.4617528296653575,0,NoWC,0,NoSA,manufacturing,3,satisfactory,230,0.578,0.504,3,less250
83524,2013,15,221.15121951219513,5.398846718711047,0,NoWC,0,NoSA,health,4,good,205,0.302,0.283,3,less250
83524,2014,16,549.9278350515464,6.309787060620675,0,NoWC,0,NoSA,health,4,good,194,0.268,0.314,3,less250
83524,2015,17,3328.0932642487046,8.110154825661624,0,NoWC,0,NoSA,health,4,good,193,0.295,0.326,3,less250
83534,2005,7,2396,7.78155595923534,1,WC,0,NoSA,buservices,4,good,21,0.143,0.048,1,less50
83534,2006,8,2597.5238095238096,7.862313889254302,1,WC,0,NoSA,buservices,4,good,21,0.524,0.048,1,less50
83534,2007,9,2687.095238095238,7.89621605201239,1,WC,0,NoSA,buservices,4,good,21,0.143,0.048,1,less50
83534,2008,10,2181.92,7.687960502109524,1,WC,0,NoSA,buservices,4,good,25,0.12,0.12,1,less50
83534,2009,11,2116.0833333333335,7.657322174685392,1,WC,0,NoSA,buservices,2,sufficient,24,0.125,0.083,1,less50
83534,2010,12,1959.3333333333333,7.580359558310753,1,WC,0,NoSA,buservices,2,sufficient,24,0.417,0.083,1,less50
83534,2011,13,1343.5714285714287,7.203086592679817,1,WC,0,NoSA,buservices,5,very good,28,0.393,0.107,1,less50
83534,2012,14,1212.7931034482758,7.1006813284011905,1,WC,0,NoSA,buservices,4,good,29,0.414,0.069,1,less50
83534,2013,15,982.6551724137931,6.890258267571818,1,WC,0,NoSA,buservices,4,good,29,0.138,0.103,1,less50
83534,2014,16,1589.103448275862,7.3709252671714705,1,WC,0,NoSA,buservices,4,good,29,0.448,0.069,1,less50
83534,2015,17,1410.7333333333333,7.251864942732562,1,WC,0,NoSA,buservices,3,satisfactory,30,0.433,0.1,1,less50
83534,2016,18,1164.2413793103449,7.059824977334618,1,WC,0,NoSA,buservices,3,satisfactory,29,0.379,0.034,1,less50
83534,2017,19,1298.6153846153845,7.1690538870821285,1,WC,0,NoSA,buservices,3,satisfactory,26,0.538,0.077,1,less50
83534,2018,20,1183.7241379310344,7.076420796684887,1,WC,0,NoSA,buservices,4,good,29,0.379,0.103,1,less50
83534,2019,21,1292.0645161290322,7.163996618180223,1,WC,0,NoSA,buservices,3,satisfactory,31,0.355,0.097,1,less50
83534,2020,22,955.6451612903226,6.862386673952286,1,WC,0,NoSA,buservices,3,satisfactory,31,0.355,0.065,1,less50
83534,2021,23,675.96875,6.516146847163775,1,WC,0,NoSA,buservices,1,unsatisfactory,32,0.344,0.062,1,less50
83535,2015,17,1329.1,7.192257300427287,0,NoWC,0,NoSA,edu,5,very good,70,0.2,0.457,2,less100
83535,2016,18,1260.25,7.13906539296274,0,NoWC,0,NoSA,edu,4,good,76,0.184,0.395,2,less100
83535,2017,19,1401,7.244941546337007,1,WC,0,NoSA,edu,4,good,72,0.167,0.403,2,less100
83556,1998,0,194.41873168945313,5.270014243811584,1,WC,1,SA,manufacturing,2,sufficient,32,0.031,0.938,1,less50
83556,2000,2,256.37636021205356,5.546646521934993,1,WC,0,NoSA,manufacturing,3,satisfactory,28,0.036,0.964,1,less50
83556,2001,3,202.68211454503677,5.3116388134772885,1,WC,1,SA,manufacturing,4,good,34,0.029,0.882,1,less50
83556,2002,4,234,5.455321115357702,1,WC,1,SA,manufacturing,3,satisfactory,22,0.045,0.909,1,less50
83556,2006,8,208.7948717948718,5.341352295337485,1,WC,0,NoSA,manufacturing,4,good,39,0.128,0.872,1,less50
83558,2015,17,1481.5869565217392,7.300869060209628,0,NoWC,0,NoSA,manufacturing,4,good,46,0.043,0.109,1,less50
83558,2016,18,1527.6222222222223,7.331467702392857,0,NoWC,0,NoSA,manufacturing,3,satisfactory,45,0.044,0.111,1,less50
83558,2017,19,2136.1190476190477,7.666745932431057,0,NoWC,0,NoSA,manufacturing,3,satisfactory,42,0.048,0.071,1,less50
83558,2019,21,1592.780487804878,7.3732365024268844,0,NoWC,0,NoSA,manufacturing,3,satisfactory,41,0.024,0.146,1,less50
83600,1998,0,2337.115119485294,7.756672592840109,0,NoWC,1,SA,health,2,sufficient,34,0.059,0.412,1,less50
83600,1999,1,3331.8127111486488,8.11127179256788,0,NoWC,1,SA,health,4,good,37,0.081,0.351,1,less50
83600,2000,2,2345.641773897059,7.760314321005548,0,NoWC,1,SA,health,4,good,34,0.059,0.353,1,less50
83635,2012,14,587.2113676731794,6.375384836229371,0,NoWC,0,NoSA,public,2,sufficient,563,0.004,0.586,4,more250
83635,2018,20,3225.8064516129034,8.078938260485081,0,NoWC,0,NoSA,public,5,very good,589,0.01,0.435,4,more250
83635,2019,21,3496.980952380952,8.159655290202947,0,NoWC,0,NoSA,public,5,very good,525,0.008,0.568,4,more250
83635,2020,22,3951.473098330241,8.281843724657852,0,NoWC,0,NoSA,public,5,very good,539,0.006,0.583,4,more250
83650,2000,2,6573.255319148936,8.790764471134457,0,NoWC,1,SA,manufacturing,3,satisfactory,47,0.426,0.085,1,less50
83650,2002,4,10949.333333333334,9.301033850590605,0,NoWC,0,NoSA,manufacturing,3,satisfactory,51,0.529,0.078,2,less100
83650,2003,5,8716.326923076924,9.072953203745316,0,NoWC,1,SA,manufacturing,2,sufficient,52,0.5,0.077,2,less100
83650,2004,6,7936.507936507936,8.979228651012797,0,NoWC,0,NoSA,manufacturing,2,sufficient,63,0.397,0.095,2,less100
83650,2006,8,7454.545454545455,8.91657925344802,0,NoWC,0,NoSA,manufacturing,4,good,66,0.47,0.061,2,less100
83650,2007,9,6236.3538461538465,8.738150971055662,0,NoWC,0,NoSA,manufacturing,5,very good,65,0.492,0.077,2,less100
83650,2008,10,5579.388059701492,8.62683438264136,0,NoWC,0,NoSA,manufacturing,4,good,67,0.478,0.075,2,less100
83650,2009,11,5655.737704918033,8.640425831840185,0,NoWC,0,NoSA,manufacturing,4,good,61,0.656,0.066,2,less100
83650,2011,13,6025,8.703672758358856,0,NoWC,0,NoSA,manufacturing,4,good,48,0.854,0.062,1,less50
83699,2004,6,4901.9607843137255,8.497390564120058,0,NoWC,0,NoSA,buservices,3,satisfactory,102,0.275,0.333,3,less250
83699,2006,8,4066.115702479339,8.310443449877704,0,NoWC,0,NoSA,buservices,4,good,121,0.24,0.298,3,less250
83699,2007,9,2854.669014084507,7.956711183350038,0,NoWC,0,NoSA,buservices,4,good,142,0.211,0.254,3,less250
83699,2008,10,3064.090163934426,8.027505957299068,0,NoWC,0,NoSA,buservices,3,satisfactory,122,0.303,0.295,3,less250
83699,2009,11,2315.4362416107383,7.747353390068038,0,NoWC,0,NoSA,buservices,4,good,149,0.255,0.322,3,less250
83699,2010,12,1583.7560975609756,7.367554581705901,0,NoWC,0,NoSA,buservices,4,good,164,0.201,0.305,3,less250
83699,2011,13,1701.1764705882354,7.439075332216485,0,NoWC,0,NoSA,buservices,4,good,170,0.235,0.306,3,less250
83707,2012,14,2886.681818181818,7.9678629616673735,1,WC,0,NoSA,manufacturing,5,very good,22,0.909,0.136,1,less50
83707,2015,17,1977.3461538461538,7.589510898307477,1,WC,0,NoSA,manufacturing,5,very good,26,0.846,0.115,1,less50
83707,2016,18,2427.076923076923,7.794442899940825,1,WC,0,NoSA,manufacturing,4,good,26,0.808,0.154,1,less50
83707,2017,19,2673.185185185185,7.891025993643848,1,WC,0,NoSA,manufacturing,3,satisfactory,27,0.556,0.111,1,less50
83707,2018,20,2016.111111111111,7.6089257423109515,1,WC,0,NoSA,manufacturing,2,sufficient,27,0.593,0.111,1,less50
83707,2019,21,2986.814814814815,8.001962819245273,1,WC,0,NoSA,manufacturing,4,good,27,0.704,0.074,1,less50
83707,2020,22,2275.3214285714284,7.729876608689087,1,WC,0,NoSA,manufacturing,4,good,28,0.607,0.071,1,less50
83707,2021,23,2410.5652173913045,7.787616529024716,1,WC,0,NoSA,manufacturing,4,good,23,0.652,0.087,1,less50
83730,2019,21,1937.909090909091,7.569364882634824,1,WC,0,NoSA,health,3,satisfactory,22,0.409,0.091,1,less50
83730,2020,22,2762.5238095238096,7.923899964621015,1,WC,0,NoSA,buservices,4,good,21,0.238,0.095,1,less50
83730,2021,23,1633,7.398174092970465,1,WC,0,NoSA,buservices,4,good,20,0.45,0.1,1,less50
83741,2001,3,1358.599888392857,7.214209954608558,1,WC,0,NoSA,manufacturing,3,satisfactory,21,0.19,0.095,1,less50
83741,2002,4,1551,7.346655163176539,1,WC,0,NoSA,manufacturing,4,good,21,0.19,0.095,1,less50
83741,2005,7,2925.818181818182,7.981329440831254,1,WC,0,NoSA,construction,4,good,22,0.136,0.091,1,less50
83760,2004,6,2577.319587628866,7.854505218341001,0,NoWC,0,NoSA,transcom,3,satisfactory,194,0.098,0.33,3,less250
83760,2005,7,2803.1902173913045,7.9385134109355064,0,NoWC,0,NoSA,transcom,3,satisfactory,184,0.038,0.342,3,less250
83760,2006,8,2549.222797927461,7.84354380656956,0,NoWC,0,NoSA,transcom,2,sufficient,193,0.052,0.394,3,less250
83760,2007,9,2026.815,7.614220874403261,0,NoWC,1,SA,transcom,3,satisfactory,200,0.065,0.39,3,less250
83781,2014,16,1239.2156862745098,7.122233947410623,0,NoWC,0,NoSA,finance,5,very good,255,0.835,0.573,4,more250
83781,2016,18,1981.3868852459016,7.591552325583898,0,NoWC,0,NoSA,finance,4,good,305,0.777,0.108,4,more250
83781,2017,19,1649.9942196531792,7.408527063647992,0,NoWC,0,NoSA,finance,5,very good,346,0.642,0.494,4,more250
83781,2018,20,1553.4186046511627,7.348213332643041,0,NoWC,0,NoSA,finance,4,good,430,0.512,0.447,4,more250
83781,2019,21,1302.02,7.171672183633639,0,NoWC,0,NoSA,finance,4,good,450,0.476,0.436,4,more250
83781,2020,22,1135.4752475247524,7.0348065625627525,0,NoWC,0,NoSA,finance,4,good,505,0.4,0.408,4,more250
83781,2021,23,363.6016806722689,5.896058984603611,0,NoWC,0,NoSA,finance,5,very good,595,0.308,0.371,4,more250
83787,1999,1,703.2331614077669,6.555688503119945,0,NoWC,0,NoSA,public,2,sufficient,1236,0.089,0.596,4,more250
83787,2000,2,539.5010775862069,6.290644782075633,0,NoWC,0,NoSA,public,3,satisfactory,1160,0.111,0.489,4,more250
83787,2001,3,556.3107914462081,6.321327115502135,0,NoWC,0,NoSA,public,3,satisfactory,1134,0.134,0.492,4,more250
83787,2002,4,606.060606060606,6.406979991069647,0,NoWC,0,NoSA,public,3,satisfactory,924,0.274,0.527,4,more250
83787,2003,5,623.4511691884456,6.435270444793224,0,NoWC,0,NoSA,public,2,sufficient,727,0.33,0.557,4,more250
83787,2004,6,562.429696287964,6.3322661418904245,0,NoWC,0,NoSA,public,2,sufficient,889,0.186,0.541,4,more250
83787,2005,7,505.1782566111655,6.224911350379826,0,NoWC,0,NoSA,public,2,sufficient,1021,0.247,0.481,4,more250
83798,2010,12,2266.09375,7.725812813194624,1,WC,0,NoSA,manufacturing,5,very good,32,0.062,0.344,1,less50
83798,2011,13,1579.8,7.365053535730318,1,WC,1,SA,manufacturing,2,sufficient,35,0.057,0.371,1,less50
83798,2012,14,421.6046511627907,6.044068029336105,1,WC,1,SA,manufacturing,1,unsatisfactory,43,0.023,0.419,1,less50
83812,2002,4,1649.5238095238096,7.408241924952948,1,WC,0,NoSA,manufacturing,1,unsatisfactory,84,0.119,0.5,2,less100
83812,2004,6,3160.3488372093025,8.058437692010193,1,WC,1,SA,manufacturing,2,sufficient,86,0.105,0.756,2,less100
83812,2005,7,3606.5116279069766,8.190496276091302,1,WC,1,SA,manufacturing,2,sufficient,86,0.105,0.651,2,less100
83812,2006,8,3260.2235294117645,8.089551039314346,1,WC,1,SA,manufacturing,3,satisfactory,85,0.106,0.835,2,less100
83812,2008,10,2697.9166666666665,7.900235149213838,1,WC,1,SA,manufacturing,1,unsatisfactory,96,0.094,0.708,2,less100
83812,2009,11,2867.6309523809523,7.961241515748387,1,WC,1,SA,manufacturing,1,unsatisfactory,84,0.19,0.69,2,less100
83812,2010,12,3167.512195121951,8.060701762265847,1,WC,1,SA,manufacturing,1,unsatisfactory,82,0.195,0.537,2,less100
83812,2011,13,2984.36,8.001140597478454,1,WC,1,SA,manufacturing,1,unsatisfactory,75,0.213,0.653,2,less100
83812,2012,14,3363.6363636363635,8.12077791882799,1,WC,1,SA,manufacturing,1,unsatisfactory,77,0.455,0.649,2,less100
83812,2013,15,3552.8133333333335,8.175495056879354,1,WC,1,SA,manufacturing,1,unsatisfactory,75,0.427,0.693,2,less100
83812,2014,16,3041.2,8.020007453354282,1,WC,1,SA,manufacturing,1,unsatisfactory,75,0.453,0.56,2,less100
83812,2015,17,5074.686567164179,8.532020041838058,1,WC,1,SA,manufacturing,1,unsatisfactory,67,0.627,0.537,2,less100
83812,2016,18,5735.253968253968,8.65438731249822,1,WC,1,SA,manufacturing,1,unsatisfactory,63,0.302,0.571,2,less100
83812,2017,19,6142.152542372882,8.722930536637147,1,WC,1,SA,manufacturing,2,sufficient,59,0.305,0.627,2,less100
83812,2018,20,6115.491803278688,8.718580470607444,1,WC,1,SA,manufacturing,3,satisfactory,61,0.623,0.639,2,less100
83812,2019,21,7105.616666666667,8.868640830102903,1,WC,1,SA,manufacturing,4,good,60,0.35,0.65,2,less100
83812,2020,22,10150.888888888889,9.225316555895434,1,WC,1,SA,manufacturing,4,good,63,0.333,0.651,2,less100
83837,2000,2,1575.0467923280423,7.362040260233048,0,NoWC,0,NoSA,public,4,good,189,0.27,0.513,3,less250
83837,2001,3,1639.888888888889,7.402383767845556,0,NoWC,0,NoSA,public,3,satisfactory,189,0.169,0.508,3,less250
83837,2002,4,1997.8581560283687,7.599830963709584,0,NoWC,0,NoSA,public,4,good,141,0.199,0.518,3,less250
83837,2003,5,2133.469798657718,7.665504946754586,0,NoWC,0,NoSA,public,4,good,149,0.248,0.503,3,less250
83837,2005,7,2348.1721854304637,7.761392511066109,0,NoWC,0,NoSA,public,4,good,151,0.424,0.517,3,less250
83837,2006,8,2202.8456375838928,7.697505275161679,0,NoWC,0,NoSA,public,5,very good,149,0.47,0.523,3,less250
83853,1998,0,2440.7369791666665,7.800055313324232,1,WC,0,NoSA,manufacturing,4,good,30,0.267,0.367,1,less50
83853,1999,1,2152.6440716911766,7.674452166322731,1,WC,0,NoSA,manufacturing,4,good,34,0.265,0.412,1,less50
83853,2000,2,4036.6493055555557,8.30317024701649,1,WC,0,NoSA,manufacturing,4,good,27,0.259,0.444,1,less50
83853,2001,3,3184.459239130435,8.066037769958875,1,WC,0,NoSA,manufacturing,4,good,23,0.478,0.391,1,less50
83853,2002,4,3918.4545454545455,8.273452606439559,1,WC,0,NoSA,manufacturing,4,good,22,0.773,0.409,1,less50
83853,2003,5,4298.523809523809,8.366026942629938,1,WC,0,NoSA,manufacturing,4,good,21,0.048,0.381,1,less50
83885,2009,11,2370.590909090909,7.770894531782276,1,WC,0,NoSA,construction,1,unsatisfactory,22,0.182,0.091,1,less50
83885,2010,12,3081,8.033009498596668,1,WC,0,NoSA,construction,2,sufficient,23,0.087,0.087,1,less50
83885,2012,14,2502.0454545454545,7.824863858146188,1,WC,0,NoSA,construction,2,sufficient,22,0.045,0.045,1,less50
83885,2013,15,2440.0416666666665,7.799770394644178,1,WC,0,NoSA,construction,2,sufficient,24,0.083,0.042,1,less50
83885,2014,16,3845.1,8.254554889403888,1,WC,0,NoSA,construction,2,sufficient,20,0.05,0.1,1,less50
83922,2009,11,1009.448275862069,6.917159199057418,1,WC,0,NoSA,resthotels,4,good,29,0.103,0.241,1,less50
83922,2011,13,909.9629629629629,6.813403898641926,1,WC,0,NoSA,resthotels,3,satisfactory,27,0.037,0.259,1,less50
83922,2012,14,919.3103448275862,6.823623763746226,1,WC,0,NoSA,resthotels,4,good,29,0.034,0.207,1,less50
83922,2013,15,1310.3666666666666,7.178062275249828,1,WC,0,NoSA,resthotels,4,good,30,0.1,0.167,1,less50
83922,2014,16,872.34375,6.771183554944734,1,WC,0,NoSA,resthotels,4,good,32,0.094,0.125,1,less50
83935,2012,14,1667.6097560975609,7.419146596371851,0,NoWC,0,NoSA,manufacturing,4,good,41,0.122,0.488,1,less50
83935,2013,15,1488.0243902439024,7.305204606551647,0,NoWC,0,NoSA,manufacturing,3,satisfactory,41,0.049,0.488,1,less50
83935,2014,16,1715.0217391304348,7.447181035397507,0,NoWC,0,NoSA,manufacturing,3,satisfactory,46,0.043,0.435,1,less50
83935,2015,17,1233.2413793103449,7.117401249868735,0,NoWC,0,NoSA,manufacturing,3,satisfactory,58,0.034,0.241,2,less100
83935,2016,18,1299.3823529411766,7.169644317425455,0,NoWC,0,NoSA,manufacturing,3,satisfactory,68,0.059,0.294,2,less100
83935,2017,19,1314.8552631578948,7.18148187251453,0,NoWC,0,NoSA,manufacturing,3,satisfactory,76,0.039,0.211,2,less100
83935,2018,20,1064.404761904762,6.97017101288605,0,NoWC,1,SA,manufacturing,3,satisfactory,84,0.083,0.25,2,less100
83935,2019,21,1329.9655172413793,7.192908293993511,0,NoWC,1,SA,manufacturing,3,satisfactory,87,0.034,0.299,2,less100
83935,2021,23,1079.6969696969697,6.984435697133401,0,NoWC,0,NoSA,manufacturing,3,satisfactory,66,0.045,0.318,2,less100
83958,2012,14,2237.0704225352115,7.712922441788188,0,NoWC,0,NoSA,transcom,4,good,71,0.704,0.817,2,less100
83958,2013,15,2266.346153846154,7.72592418978285,0,NoWC,0,NoSA,transcom,3,satisfactory,78,0.577,0.808,2,less100
83958,2014,16,2489.5287356321837,7.81984870874797,0,NoWC,0,NoSA,transcom,3,satisfactory,87,0.586,0.782,2,less100
83958,2015,17,2254.6404494382023,7.720745793298517,0,NoWC,0,NoSA,transcom,4,good,89,0.607,0.764,2,less100
83958,2016,18,1093.497005988024,6.997136102104866,0,NoWC,0,NoSA,transcom,3,satisfactory,167,0.299,0.731,3,less250
83958,2017,19,1566.6707317073171,7.356708093733472,0,NoWC,0,NoSA,transcom,3,satisfactory,164,0.341,0.793,3,less250
83958,2018,20,1605.5121951219512,7.381198109341238,0,NoWC,0,NoSA,transcom,3,satisfactory,164,0.36,0.835,3,less250
83958,2020,22,2067.8662790697676,7.634272571579119,0,NoWC,0,NoSA,transcom,4,good,172,0.424,0.779,3,less250
83959,2014,16,962.2708333333334,6.869295942574673,1,WC,0,NoSA,manufacturing,3,satisfactory,48,0.667,0.042,1,less50
83959,2015,17,1275.7,7.151250326544244,1,WC,0,NoSA,manufacturing,4,good,50,0.5,0.04,1,less50
83959,2016,18,1256.857142857143,7.136369552853352,1,WC,0,NoSA,manufacturing,4,good,49,0.49,0.041,1,less50
83959,2017,19,1861.4259259259259,7.529098099840885,1,WC,0,NoSA,manufacturing,5,very good,54,0.556,0.037,2,less100
83959,2018,20,1203.4905660377358,7.092981418420268,1,WC,0,NoSA,manufacturing,3,satisfactory,53,0.642,0.038,2,less100
83959,2019,21,1556.245283018868,7.350031329216532,1,WC,0,NoSA,manufacturing,3,satisfactory,53,0.491,0.057,2,less100
83979,2018,20,4189.333333333333,8.340296891267347,1,WC,0,NoSA,health,5,very good,30,0.1,0.1,1,less50
83979,2020,22,4791.782608695652,8.474657773302061,1,WC,0,NoSA,art,3,satisfactory,23,0.087,0.174,1,less50
83979,2021,23,5639.458333333333,8.637543299690824,1,WC,0,NoSA,health,3,satisfactory,24,0.083,0.125,1,less50
83985,2010,12,2172.0434782608695,7.683423698468978,1,WC,0,NoSA,transcom,3,satisfactory,23,0.87,0.043,1,less50
83985,2011,13,2606.478260869565,7.865755263820249,0,NoWC,0,NoSA,transcom,3,satisfactory,23,0.826,0.087,1,less50
83985,2012,14,2081.5416666666665,7.640864084050182,1,WC,0,NoSA,transcom,4,good,24,0.5,0.083,1,less50
83985,2013,15,2606.478260869565,7.865755263820249,1,WC,0,NoSA,transcom,3,satisfactory,23,0.826,0.087,1,less50
83988,2017,19,1882.2232142857142,7.540208917940019,1,WC,0,NoSA,public,2,sufficient,112,0.705,0.107,3,less250
83988,2018,20,1664.280701754386,7.417148298112599,1,WC,0,NoSA,public,1,unsatisfactory,114,0.807,0.114,3,less250
83988,2019,21,1295.9590163934427,7.1670062532589895,1,WC,0,NoSA,public,4,good,122,0.721,0.107,3,less250
83988,2020,22,906.1140350877193,6.809165164665187,1,WC,0,NoSA,art,2,sufficient,114,0.693,0.096,3,less250
83988,2021,23,1979.192,7.590443959592868,1,WC,0,NoSA,art,1,unsatisfactory,125,0.536,0.136,3,less250
83998,2009,11,1895.6043956043957,7.547293008936702,0,NoWC,0,NoSA,manufacturing,1,unsatisfactory,182,0.357,0.352,3,less250
83998,2010,12,1273.2156862745098,7.149301015685883,0,NoWC,0,NoSA,manufacturing,4,good,204,0.088,0.328,3,less250
83998,2011,13,1351.4018691588785,7.208897754244895,0,NoWC,0,NoSA,manufacturing,4,good,214,0.084,0.336,3,less250
84028,1998,0,1049.390325670498,6.955964632295021,0,NoWC,0,NoSA,transcom,4,good,261,0.146,0.115,4,more250
84028,1999,1,1022.2260802469136,6.92973795984838,0,NoWC,0,NoSA,transcom,2,sufficient,243,0.103,0.128,3,less250
84028,2001,3,2783.226656626506,7.931366201481758,0,NoWC,0,NoSA,transcom,2,sufficient,83,0.277,0.108,2,less100
84042,2012,14,1958.6440677966102,7.580007710674452,1,WC,0,NoSA,manufacturing,4,good,59,0.085,0.915,2,less100
84042,2013,15,1722.6119402985075,7.451596987887132,1,WC,0,NoSA,manufacturing,4,good,67,0.075,0.91,2,less100
84042,2014,16,1936.0506329113923,7.568405420857852,1,WC,0,NoSA,manufacturing,3,satisfactory,79,0.051,0.937,2,less100
84042,2015,17,1954.8472222222222,7.578067322164905,1,WC,0,NoSA,manufacturing,3,satisfactory,72,0.056,0.861,2,less100
84042,2016,18,1737.641975308642,7.4602842865085215,1,WC,0,NoSA,manufacturing,4,good,81,0.049,0.852,2,less100
84042,2017,19,1481.5684210526315,7.30085654958042,1,WC,0,NoSA,manufacturing,4,good,95,0.158,0.884,2,less100
84042,2018,20,1671.7356321839081,7.421617666420653,1,WC,0,NoSA,manufacturing,4,good,87,0.218,0.828,2,less100
84042,2019,21,1594.1505376344087,7.3740962950631195,1,WC,0,NoSA,manufacturing,3,satisfactory,93,0.022,0.839,2,less100
84042,2021,23,1914.9591836734694,7.557451587378967,1,WC,0,NoSA,manufacturing,1,unsatisfactory,98,0.031,0.724,2,less100
84058,2011,13,908.5833333333334,6.811886609918382,1,WC,0,NoSA,manufacturing,4,good,36,0.028,0.528,1,less50
84058,2015,17,1001.8888888888889,6.9096423861636875,1,WC,0,NoSA,manufacturing,4,good,27,0.185,0.259,1,less50
84058,2019,21,794.655737704918,6.677908986534453,1,WC,0,NoSA,manufacturing,4,good,61,0.279,0.295,2,less100
84060,2016,18,1997.3125,7.5995578059004485,1,WC,0,NoSA,manufacturing,3,satisfactory,32,0.25,0.125,1,less50
84060,2017,19,2163.2571428571428,7.679370301391552,1,WC,0,NoSA,manufacturing,3,satisfactory,35,0.143,0.114,1,less50
84060,2018,20,2147.7105263157896,7.672157682262219,1,WC,0,NoSA,manufacturing,4,good,38,0.132,0.105,1,less50
84060,2019,21,2158.4634146341464,7.677151865412068,1,WC,0,NoSA,manufacturing,3,satisfactory,41,0.317,0.098,1,less50
84063,2001,3,1990.7879464285713,7.596285792329025,1,WC,0,NoSA,transcom,3,satisfactory,28,0.25,0.179,1,less50
84063,2002,4,1602.7,7.3794449859995295,1,WC,0,NoSA,transcom,2,sufficient,30,0.3,0.167,1,less50
84063,2003,5,2009.392857142857,7.605587894300515,1,WC,0,NoSA,transcom,3,satisfactory,28,0.286,0.143,1,less50
84093,2017,19,1766.1851851851852,7.4765772370396,1,WC,0,NoSA,buservices,4,good,81,0.185,0.148,2,less100
84093,2018,20,1649.448275862069,7.4081961327123365,1,WC,0,NoSA,buservices,2,sufficient,87,0.897,0.172,2,less100
84093,2019,21,1554.9633027522937,7.3492072248186515,1,WC,0,NoSA,buservices,2,sufficient,109,0.394,0.349,3,less250
84094,2001,3,1062.2690716911766,6.968162532885222,1,WC,0,NoSA,health,5,very good,34,0.471,0.088,1,less50
84094,2003,5,1857.9545454545455,7.527231454841239,1,WC,0,NoSA,health,4,good,22,0.864,0.091,1,less50
84094,2004,6,1630.142857142857,7.396422932379366,1,WC,0,NoSA,health,2,sufficient,21,0.905,0.095,1,less50
84094,2005,7,1229.142857142857,7.1140723413323075,1,WC,0,NoSA,health,2,sufficient,21,0.905,0.095,1,less50
84100,2003,5,1142.1690140845071,7.04068437758797,1,WC,0,NoSA,manufacturing,4,good,71,0.07,0.803,2,less100
84100,2004,6,1328.0985915492959,7.19150356790515,1,WC,0,NoSA,manufacturing,3,satisfactory,71,0.085,0.831,2,less100
84100,2005,7,1062.4788732394366,6.96836001659094,1,WC,0,NoSA,manufacturing,3,satisfactory,71,0.155,0.93,2,less100
84100,2006,8,968.7808219178082,6.876038396334654,1,WC,0,NoSA,manufacturing,3,satisfactory,73,0.082,0.781,2,less100
84100,2007,9,584.63,6.370979168500391,1,WC,0,NoSA,manufacturing,4,good,100,0.06,0.84,2,less100
84100,2008,10,339.46,5.827356119733385,1,WC,0,NoSA,manufacturing,4,good,100,0.15,0.86,2,less100
84100,2010,12,482.0576923076923,6.1780638004723185,1,WC,0,NoSA,manufacturing,3,satisfactory,104,0.106,0.875,3,less250
84101,2012,14,1004.8632218844984,6.912606713603689,0,NoWC,0,NoSA,health,1,unsatisfactory,329,0.359,0.596,4,more250
84101,2013,15,949.5548961424332,6.855993344423547,0,NoWC,0,NoSA,health,3,satisfactory,337,0.377,0.626,4,more250
84101,2014,16,918.6046511627907,6.822855835195651,0,NoWC,0,NoSA,health,1,unsatisfactory,344,0.355,0.628,4,more250
84115,2010,12,3095.275,8.037632034160195,0,NoWC,0,NoSA,manufacturing,2,sufficient,40,0.05,0.15,1,less50
84115,2012,14,1590.404761904762,7.371743830053235,0,NoWC,0,NoSA,manufacturing,4,good,42,0.024,0.167,1,less50
84115,2014,16,2553,7.845024417241484,0,NoWC,0,NoSA,manufacturing,3,satisfactory,39,0.051,0.179,1,less50
84115,2015,17,1816.142857142857,7.504470221894809,0,NoWC,0,NoSA,manufacturing,2,sufficient,35,0.143,0.143,1,less50
84115,2016,18,2878.1428571428573,7.964900523860596,0,NoWC,0,NoSA,manufacturing,3,satisfactory,35,0.2,0.143,1,less50
84115,2018,20,2091.7368421052633,7.64575002477957,0,NoWC,0,NoSA,manufacturing,4,good,38,0.211,0.158,1,less50
84127,2012,14,1974.8775510204082,7.588261675929838,1,WC,0,NoSA,manufacturing,3,satisfactory,49,0.02,0.163,1,less50
84127,2014,16,3134.34,8.050173904587457,1,WC,0,NoSA,manufacturing,2,sufficient,50,0.04,0.16,1,less50
84127,2015,17,3953.387755102041,8.282328149834903,1,WC,0,NoSA,manufacturing,2,sufficient,49,0.061,0.224,1,less50
84127,2016,18,3651.5849056603774,8.202916573058868,1,WC,0,NoSA,manufacturing,2,sufficient,53,0.113,0.245,2,less100
84127,2017,19,3774,8.235890725928495,1,WC,0,NoSA,manufacturing,2,sufficient,50,0.28,0.26,1,less50
84140,2008,10,4264.929824561404,8.35818100599473,1,WC,1,SA,transcom,4,good,57,0.035,0.632,2,less100
84140,2010,12,2861.016129032258,7.958932130584817,1,WC,0,NoSA,transcom,3,satisfactory,62,0.032,0.581,2,less100
84140,2011,13,3036.5423728813557,8.018474769754134,1,WC,0,NoSA,transcom,3,satisfactory,59,0.034,0.627,2,less100
84140,2012,14,2585.0461538461536,7.857498641269079,1,WC,0,NoSA,transcom,4,good,65,0.046,0.677,2,less100
84161,2018,20,2991.6938775510203,8.003595020207236,0,NoWC,0,NoSA,health,3,satisfactory,49,0.041,0.714,1,less50
84161,2019,21,2814.9636363636364,7.942704622679924,0,NoWC,0,NoSA,health,2,sufficient,55,0.073,0.491,2,less100
84161,2020,22,2256.4193548387098,7.721534479580632,0,NoWC,0,NoSA,buservices,4,good,62,0.048,0.661,2,less100
84161,2021,23,2420.15873015873,7.79158840797442,0,NoWC,0,NoSA,buservices,4,good,63,0.063,0.635,2,less100
84186,2017,19,3836.25,8.252250605933947,1,WC,0,NoSA,transcom,4,good,28,0.607,0.286,1,less50
84186,2018,20,4137.481481481482,8.327842543900434,1,WC,0,NoSA,transcom,4,good,27,0.444,0.259,1,less50
84186,2019,21,4217.037037037037,8.346888036500744,1,WC,0,NoSA,transcom,4,good,27,0.481,0.185,1,less50
84186,2020,22,1735.516129032258,7.459060128852581,1,WC,0,NoSA,wholesretail,5,very good,31,0.484,0.419,1,less50
84186,2021,23,1762.1935483870968,7.474314646313169,1,WC,0,NoSA,wholesretail,3,satisfactory,31,0.452,0.387,1,less50
84231,2013,15,3355.095238095238,8.118235435916514,1,WC,1,SA,edu,1,unsatisfactory,21,0.095,0.714,1,less50
84231,2014,16,3266.809523809524,8.091569106812774,1,WC,0,NoSA,edu,3,satisfactory,21,0.095,0.857,1,less50
84231,2016,18,3030.769230769231,8.016571737824489,1,WC,0,NoSA,edu,1,unsatisfactory,26,0.077,0.808,1,less50
84231,2017,19,2852.5,7.955951081736231,1,WC,0,NoSA,edu,3,satisfactory,26,0.115,0.846,1,less50
84231,2018,20,2739.0454545454545,7.9153647644322245,1,WC,0,NoSA,edu,4,good,22,0.045,0.818,1,less50
84275,2003,5,1272.0555555555557,7.1483894186975325,1,WC,0,NoSA,wholesretail,4,good,36,0.194,0.444,1,less50
84275,2004,6,1460.5428571428572,7.286563465555331,1,WC,0,NoSA,wholesretail,4,good,35,0.2,0.457,1,less50
84275,2005,7,921.0540540540541,6.825518725145517,1,WC,0,NoSA,wholesretail,3,satisfactory,37,0.108,0.405,1,less50
84310,2004,6,712.5890410958904,6.568904874293855,1,WC,0,NoSA,resthotels,2,sufficient,73,0.027,0.329,2,less100
84310,2005,7,1077,6.981934677156389,1,WC,0,NoSA,resthotels,1,unsatisfactory,51,0.137,0.373,2,less100
84310,2006,8,1275.891304347826,7.151400275595927,1,WC,0,NoSA,resthotels,1,unsatisfactory,46,0.239,0.283,1,less50
84322,2009,11,1415.1868686868686,7.255016864034062,0,NoWC,0,NoSA,construction,5,very good,198,0.061,0.045,3,less250
84322,2010,12,1686.5974025974026,7.430468407116471,0,NoWC,0,NoSA,construction,5,very good,154,0.078,0.032,3,less250
84322,2011,13,1166.1290322580646,7.061445023101765,0,NoWC,0,NoSA,construction,5,very good,248,0.056,0.052,3,less250
84322,2012,14,1482.5112107623318,7.301492692908942,0,NoWC,0,NoSA,construction,4,good,223,0.063,0.045,3,less250
84350,1999,1,1638.1109375,7.401298989531095,1,WC,0,NoSA,manufacturing,4,good,45,0.022,0.933,1,less50
84350,2000,2,2264.377261513158,7.725055060384988,1,WC,0,NoSA,manufacturing,4,good,38,0.026,0.868,1,less50
84350,2001,3,906.3483737244898,6.809423750594403,1,WC,0,NoSA,manufacturing,3,satisfactory,98,0.01,0.143,2,less100
84367,1999,1,2226.1647858796296,7.708035556894144,1,WC,0,NoSA,art,3,satisfactory,54,0.352,0.5,2,less100
84367,2001,3,2354.59375,7.76412348626191,1,WC,0,NoSA,manufacturing,4,good,54,0.593,0.5,2,less100
84367,2002,4,2009.537037037037,7.605659644690812,1,WC,0,NoSA,manufacturing,4,good,54,0.537,0.5,2,less100
84367,2003,5,1893.8867924528302,7.546386500287414,0,NoWC,0,NoSA,manufacturing,1,unsatisfactory,53,0.698,0.491,2,less100
84381,1998,0,715.0254464285714,6.572318131471309,1,WC,0,NoSA,finance,4,good,630,0.065,0.865,4,more250
84381,1999,1,1255.6227578475336,7.13538694988122,1,WC,0,NoSA,finance,4,good,446,0.123,0.791,4,more250
84381,2000,2,1222.8125,7.1089088124047315,1,WC,0,NoSA,finance,4,good,419,0.126,0.909,4,more250
84381,2001,3,1135.770705049261,7.035066734761048,1,WC,0,NoSA,finance,3,satisfactory,406,0.099,0.493,4,more250
84381,2002,4,1450.1016483516485,7.27938893526905,1,WC,0,NoSA,finance,4,good,364,0.074,0.799,4,more250
84381,2004,6,961.5384615384615,6.868534565828856,1,WC,0,NoSA,finance,3,satisfactory,520,0.052,0.677,4,more250
84381,2005,7,1065.6756198347107,6.97136426182786,1,WC,0,NoSA,finance,3,satisfactory,484,0.056,0.75,4,more250
84388,2002,4,722.9703703703703,6.583368239811905,0,NoWC,0,NoSA,public,4,good,135,0.044,0.63,3,less250
84388,2003,5,711.4532374100719,6.567309691420692,0,NoWC,0,NoSA,public,3,satisfactory,139,0.007,0.626,3,less250
84388,2005,7,945.6178861788618,6.851838561636716,0,NoWC,0,NoSA,public,3,satisfactory,123,0.008,0.634,3,less250
84388,2006,8,867.3671875,6.765462402117613,0,NoWC,0,NoSA,public,4,good,128,0.008,0.609,3,less250
84392,2001,3,6008.911221590909,8.700998849984632,0,NoWC,0,NoSA,manufacturing,3,satisfactory,22,0.318,0.273,1,less50
84392,2002,4,5127.958333333333,8.542462873242481,0,NoWC,1,SA,manufacturing,2,sufficient,24,0.792,0.292,1,less50
84392,2005,7,4097.076923076923,8.318029052834838,0,NoWC,0,NoSA,manufacturing,3,satisfactory,26,0.5,0.269,1,less50
84392,2006,8,3666.7727272727275,8.207067188313895,0,NoWC,0,NoSA,manufacturing,3,satisfactory,22,0.318,0.227,1,less50
84392,2007,9,4093.75,8.317216699383563,0,NoWC,1,SA,manufacturing,3,satisfactory,24,0.333,0.25,1,less50
84407,2001,3,1405.025473273942,7.2478107120475785,0,NoWC,1,SA,public,5,very good,449,0.018,0.176,4,more250
84407,2002,4,888.8888888888889,6.789972243325754,0,NoWC,1,SA,public,5,very good,630,0.016,0.527,4,more250
84407,2003,5,703.8027950310559,6.55649819622239,0,NoWC,1,SA,public,4,good,644,0.003,0.567,4,more250
84407,2004,6,904.1591320072333,6.807005375881994,0,NoWC,1,SA,public,5,very good,553,0.004,0.4,4,more250
84407,2005,7,901.7255244755245,6.8043101771646946,0,NoWC,1,SA,public,5,very good,572,0.003,0.458,4,more250
84422,1999,1,2420.48125,7.791721663016344,1,WC,0,NoSA,construction,3,satisfactory,20,0.15,0.55,1,less50
84422,2000,2,2305.220238095238,7.742931498846912,1,WC,0,NoSA,construction,1,unsatisfactory,21,0.048,0.714,1,less50
84422,2001,3,1524.009548611111,7.3291000017198185,1,WC,0,NoSA,construction,1,unsatisfactory,27,0.074,0.556,1,less50
84422,2005,7,2140.608695652174,7.668845504791942,1,WC,0,NoSA,construction,2,sufficient,23,0.043,0.435,1,less50
84422,2006,8,1291.090909090909,7.163242805943669,1,WC,0,NoSA,construction,4,good,22,0.045,0.455,1,less50
84422,2007,9,2582.2272727272725,7.856407589503165,1,WC,0,NoSA,construction,5,very good,22,0.091,0.455,1,less50
84422,2008,10,2058.304347826087,7.6296377907011035,1,WC,0,NoSA,construction,4,good,23,0.087,0.478,1,less50
84422,2009,11,2367.0416666666665,7.769396212513535,1,WC,0,NoSA,construction,4,good,24,0.083,0.542,1,less50
84422,2011,13,1893.64,7.546256181762052,1,WC,0,NoSA,construction,4,good,25,0.08,0.48,1,less50
84422,2012,14,2840.45,7.95171776930749,1,WC,0,NoSA,construction,4,good,20,0.25,0.35,1,less50
84422,2013,15,1803.4285714285713,7.497444894030342,1,WC,0,NoSA,construction,3,satisfactory,21,0.238,0.476,1,less50
84422,2014,16,1721.4545454545455,7.450924878395449,1,WC,0,NoSA,construction,3,satisfactory,22,0.182,0.591,1,less50
84422,2015,17,1506.2727272727273,7.317393485770927,1,WC,0,NoSA,construction,4,good,22,0.091,0.545,1,less50
84422,2016,18,1352.5714285714287,7.209762821578561,1,WC,0,NoSA,construction,5,very good,21,0.143,0.571,1,less50
84422,2017,19,1803.4285714285713,7.497444894030342,1,WC,0,NoSA,construction,4,good,21,0.286,0.524,1,less50
84422,2018,20,946.8,6.853087877639829,1,WC,0,NoSA,construction,5,very good,25,0.16,0.68,1,less50
84422,2021,23,610.8387096774194,6.414832946708674,1,WC,0,NoSA,wholesretail,1,unsatisfactory,31,0.129,0.452,1,less50
84434,2015,17,2254.954128440367,7.720884909574827,1,WC,0,NoSA,health,3,satisfactory,109,0.028,0.936,3,less250
84434,2016,18,2113.824074074074,7.656253943513172,1,WC,0,NoSA,health,4,good,108,0.019,0.926,3,less250
84434,2018,20,2362.313043478261,7.767396521200899,1,WC,0,NoSA,health,5,very good,115,0.017,0.939,3,less250
84434,2019,21,2103.951219512195,7.65157238894634,1,WC,0,NoSA,health,5,very good,123,0.008,0.951,3,less250
84434,2020,22,1921.4961240310076,7.560859392844919,1,WC,0,NoSA,art,5,very good,129,0.016,0.93,3,less250
84434,2021,23,1686.0416666666667,7.430138851581857,1,WC,0,NoSA,art,5,very good,144,0.014,0.938,3,less250
84446,1998,0,1124.9546204620463,7.025497976457877,0,NoWC,0,NoSA,manufacturing,5,very good,909,0.462,0.179,4,more250
84446,1999,1,1057.4162864963503,6.963583746081401,0,NoWC,0,NoSA,manufacturing,4,good,822,0.5,0.18,4,more250
84446,2000,2,832.2091090425532,6.724083742226203,0,NoWC,0,NoSA,manufacturing,5,very good,752,0.431,0.17,4,more250
84446,2001,3,805.6914910600256,6.691700903799029,0,NoWC,0,NoSA,manufacturing,5,very good,783,0.443,0.174,4,more250
84446,2002,4,613.3625410733845,6.418956182116363,0,NoWC,0,NoSA,manufacturing,3,satisfactory,913,0.318,0.172,4,more250
84447,1998,0,20359.995689655174,9.921327258957913,0,NoWC,0,NoSA,manufacturing,4,good,29,0.034,0.034,1,less50
84447,1999,1,16200.098958333334,9.692772629740913,0,NoWC,0,NoSA,manufacturing,3,satisfactory,36,0.083,0.083,1,less50
84447,2000,2,14468.386948529413,9.579721337843553,0,NoWC,0,NoSA,manufacturing,3,satisfactory,34,0.059,0.147,1,less50
84447,2002,4,8458.423076923076,9.042918037699268,0,NoWC,0,NoSA,manufacturing,3,satisfactory,52,0.038,0.327,2,less100
84480,2000,2,609.8532151442307,6.413218297299997,1,WC,0,NoSA,manufacturing,4,good,39,0.154,0.026,1,less50
84480,2001,3,583.908453525641,6.369744212878887,1,WC,0,NoSA,manufacturing,4,good,39,0.154,0.026,1,less50
84480,2002,4,671.8529411764706,6.510039479039708,1,WC,0,NoSA,manufacturing,4,good,34,0.265,0.029,1,less50
84480,2003,5,824.7777777777778,6.715113989781328,1,WC,0,NoSA,manufacturing,2,sufficient,36,0.333,0.028,1,less50
84480,2005,7,1021.6774193548387,6.9292010843008205,1,WC,0,NoSA,manufacturing,4,good,31,0.387,0.032,1,less50
84480,2006,8,1124.225806451613,7.024849905696438,1,WC,0,NoSA,manufacturing,5,very good,31,0.452,0.032,1,less50
84480,2007,9,1247.7857142857142,7.129125830889971,1,WC,0,NoSA,manufacturing,4,good,28,0.429,0.036,1,less50
84480,2009,11,1211.5862068965516,7.099685694882728,1,WC,0,NoSA,manufacturing,4,good,29,0.414,0.034,1,less50
84480,2010,12,1319.6666666666667,7.185134458438021,1,WC,0,NoSA,manufacturing,5,very good,27,0.444,0,1,less50
84480,2011,13,2017.576923076923,7.609652527336422,1,WC,0,NoSA,manufacturing,4,good,26,0.462,0.038,1,less50
84480,2012,14,2303.076923076923,7.742001300512083,1,WC,0,NoSA,manufacturing,5,very good,26,0.346,0.038,1,less50
84480,2013,15,2093.6923076923076,7.646684440658726,1,WC,0,NoSA,manufacturing,4,good,26,0.538,0.038,1,less50
84480,2014,16,1908.3076923076924,7.553972103318748,1,WC,0,NoSA,manufacturing,4,good,26,0.462,0.038,1,less50
84480,2015,17,2462.9615384615386,7.80911978227045,1,WC,0,NoSA,manufacturing,4,good,26,0.462,0.038,1,less50
84480,2016,18,2710.3846153846152,7.904845828299586,1,WC,0,NoSA,manufacturing,4,good,26,0.462,0.038,1,less50
84480,2017,19,2672.3076923076924,7.890697682333559,1,WC,0,NoSA,manufacturing,4,good,26,0.615,0.038,1,less50
84480,2018,20,3004.6071428571427,8.007902103932674,1,WC,0,NoSA,manufacturing,5,very good,28,0.429,0.036,1,less50
84480,2019,21,3583.551724137931,8.184109689301602,1,WC,0,NoSA,manufacturing,5,very good,29,0.31,0.034,1,less50
84480,2020,22,2075.2903225806454,7.637856337374375,1,WC,0,NoSA,manufacturing,3,satisfactory,31,0.387,0.032,1,less50
84480,2021,23,2639.3333333333335,7.878281638997966,1,WC,0,NoSA,manufacturing,4,good,30,0.4,0.033,1,less50
84490,2000,2,2202.576586787565,7.697383129867557,0,NoWC,1,SA,manufacturing,3,satisfactory,193,0.368,0.404,3,less250
84490,2001,3,2253.8461787564765,7.720393448595983,0,NoWC,0,NoSA,manufacturing,3,satisfactory,193,0.782,0.415,3,less250
84490,2002,4,1754.16875,7.469750376970278,0,NoWC,0,NoSA,manufacturing,3,satisfactory,160,0.881,0.4,3,less250
84517,2001,3,238.9573828125,5.4762852214395235,1,WC,0,NoSA,manufacturing,4,good,25,0.28,0.52,1,less50
84517,2002,4,239.65384615384616,5.47919557452274,1,WC,0,NoSA,manufacturing,1,unsatisfactory,26,0.038,0.5,1,less50
84517,2003,5,194.73076923076923,5.271617933948427,1,WC,0,NoSA,manufacturing,1,unsatisfactory,26,0.154,0.5,1,less50
84517,2006,8,236.03030303030303,5.463960199453468,1,WC,0,NoSA,manufacturing,2,sufficient,33,0.03,0.485,1,less50
84517,2008,10,207.2051282051282,5.333709260103801,1,WC,0,NoSA,manufacturing,3,satisfactory,39,0.026,0.462,1,less50
84518,1999,1,3243.2693563432836,8.084337160626724,0,NoWC,0,NoSA,public,1,unsatisfactory,268,0.149,0.481,4,more250
84518,2000,2,2435.102140077821,7.797743981280823,0,NoWC,0,NoSA,public,1,unsatisfactory,257,0.191,0.447,4,more250
84518,2001,3,715.2567318594105,6.572641543783042,0,NoWC,0,NoSA,public,2,sufficient,882,0.184,0.571,4,more250
84518,2002,4,660.377358490566,6.492811426919429,0,NoWC,0,NoSA,public,2,sufficient,848,0.222,0.551,4,more250
84518,2003,5,623.4511691884456,6.435270444793224,0,NoWC,0,NoSA,public,3,satisfactory,727,0.285,0.557,4,more250
84528,1998,0,1223.0876782531195,7.10913382424841,0,NoWC,0,NoSA,edu,3,satisfactory,561,0.287,0.048,4,more250
84528,1999,1,1157.8392094017095,7.054310796507404,0,NoWC,0,NoSA,edu,3,satisfactory,585,0.282,0.051,4,more250
84528,2000,2,1039.5701827242524,6.946562620867222,0,NoWC,0,NoSA,edu,3,satisfactory,602,0.276,0.056,4,more250
84528,2001,3,1012.6106540930979,6.92028708100238,0,NoWC,0,NoSA,edu,3,satisfactory,623,0.273,0.058,4,more250
84572,2014,16,2664.1645569620255,7.887645800383944,1,WC,0,NoSA,manufacturing,3,satisfactory,79,0.051,0.937,2,less100
84572,2016,18,2281.7662337662337,7.7327050859838105,1,WC,1,SA,manufacturing,3,satisfactory,77,0.052,0.935,2,less100
84572,2018,20,2191.75,7.692455590468695,1,WC,0,NoSA,manufacturing,4,good,68,0.103,0.941,2,less100
84573,2013,15,1274.9003984063745,7.150623335644125,1,WC,0,NoSA,manufacturing,4,good,251,0.088,0.239,4,more250
84573,2014,16,1258.9641434262949,7.138044553437266,1,WC,0,NoSA,manufacturing,3,satisfactory,251,0.088,0.287,4,more250
84573,2015,17,2217.9800796812747,7.70435218666226,1,WC,0,NoSA,manufacturing,4,good,251,0.426,0.223,4,more250
84573,2016,18,2499.0975609756097,7.8236849700791575,1,WC,0,NoSA,manufacturing,4,good,246,0.362,0.24,3,less250
84573,2017,19,2359.248,7.766098203174051,1,WC,0,NoSA,manufacturing,4,good,250,0.368,0.244,3,less250
84573,2018,20,2554.2591093117408,7.845517483800395,0,NoWC,0,NoSA,manufacturing,4,good,247,0.36,0.235,3,less250
84593,2002,4,2994.6011904761904,8.00456634324451,0,NoWC,0,NoSA,finance,4,good,168,0.167,0.036,3,less250
84593,2004,6,3115.5541401273886,8.044162309502164,0,NoWC,0,NoSA,finance,2,sufficient,157,0.191,0.096,3,less250
84593,2005,7,3326.9403973509934,8.10980836102512,1,WC,0,NoSA,finance,3,satisfactory,151,0.199,0.146,3,less250
84607,1998,0,1134.7231104651162,7.034143944616168,0,NoWC,0,NoSA,manufacturing,4,good,43,0.023,0.07,1,less50
84607,2000,2,2968.7049278846152,7.995881085481466,0,NoWC,0,NoSA,manufacturing,4,good,39,0.077,0.077,1,less50
84607,2001,3,2714.2520032051284,7.906271689144342,0,NoWC,0,NoSA,manufacturing,4,good,39,0.051,0.026,1,less50
84607,2002,4,2600.6470588235293,7.863515561825157,0,NoWC,0,NoSA,manufacturing,3,satisfactory,34,0.059,0.029,1,less50
84615,2012,14,1371.1296296296296,7.223390226244809,1,WC,1,SA,health,3,satisfactory,54,0.056,0.204,2,less100
84615,2013,15,1962.8181818181818,7.582136567377543,1,WC,0,NoSA,health,4,good,55,0.055,0.2,2,less100
84615,2014,16,2071.406779661017,7.635983259134369,1,WC,0,NoSA,health,3,satisfactory,59,0.136,0.186,2,less100
84627,2000,2,2714.202546296296,7.906253467785618,0,NoWC,0,NoSA,public,4,good,54,0.352,0.37,2,less100
84627,2001,3,2235.033380681818,7.712011442364243,0,NoWC,0,NoSA,public,3,satisfactory,55,0.345,0.364,2,less100
84627,2002,4,2719.7254901960782,7.908286231474972,0,NoWC,0,NoSA,public,2,sufficient,51,0.412,0.392,2,less100
84659,2004,6,562.429696287964,6.3322661418904245,0,NoWC,0,NoSA,manufacturing,4,good,889,0.036,0.252,4,more250
84659,2005,7,639.1412639405205,6.460125500274543,0,NoWC,0,NoSA,manufacturing,4,good,807,0.036,0.181,4,more250
84659,2006,8,701.8544935805992,6.5537261084398555,0,NoWC,0,NoSA,manufacturing,4,good,701,0.021,0.193,4,more250
84679,2008,10,523.9135446685879,6.261326679618033,0,NoWC,0,NoSA,health,1,unsatisfactory,347,0.066,0.582,4,more250
84679,2009,11,517.94301994302,6.249865236099027,0,NoWC,0,NoSA,health,1,unsatisfactory,351,0.066,0.293,4,more250
84679,2010,12,435.8967391304348,6.077405378441956,0,NoWC,0,NoSA,health,1,unsatisfactory,368,0.125,0.429,4,more250
84679,2011,13,487.3941018766756,6.189073039921078,0,NoWC,0,NoSA,health,3,satisfactory,373,0.123,0.437,4,more250
84704,2016,18,823.3771428571429,6.713414349486261,0,NoWC,0,NoSA,manufacturing,3,satisfactory,350,0.009,0.411,4,more250
84704,2017,19,870.8325471698113,6.769449704833041,0,NoWC,0,NoSA,manufacturing,4,good,424,0.014,0.417,4,more250
84704,2019,21,1886.5652173913043,7.542513109382647,0,NoWC,0,NoSA,manufacturing,3,satisfactory,253,0.028,0.621,4,more250
84704,2020,22,1736.8107142857143,7.459805787525774,0,NoWC,0,NoSA,manufacturing,3,satisfactory,280,0.018,0.45,4,more250
84704,2021,23,1884.1666666666667,7.541240915484015,0,NoWC,0,NoSA,manufacturing,3,satisfactory,282,0.032,0.443,4,more250
84725,2004,6,471.35897435897436,6.155619957353225,1,WC,0,NoSA,health,1,unsatisfactory,156,0.141,0.545,3,less250
84725,2005,7,658.8525641025641,6.490499782768714,1,WC,0,NoSA,health,3,satisfactory,156,0.25,0.545,3,less250
84725,2007,9,660.6496815286624,6.493223716802533,1,WC,0,NoSA,health,3,satisfactory,157,0.299,0.611,3,less250
84725,2008,10,902.0258064516129,6.8046431299101355,1,WC,0,NoSA,health,3,satisfactory,155,0.219,0.619,3,less250
84736,1998,0,872.5117320819113,6.771376100498398,0,NoWC,0,NoSA,manufacturing,2,sufficient,1172,0.032,0.259,4,more250
84736,1999,1,847.9962804878048,6.7428762495650725,0,NoWC,0,NoSA,manufacturing,2,sufficient,1025,0.043,0.171,4,more250
84736,2000,2,602.9106454720617,6.401769002450209,0,NoWC,0,NoSA,manufacturing,4,good,1038,0.036,0.118,4,more250
84736,2001,3,556.3107914462081,6.321327115502135,0,NoWC,0,NoSA,manufacturing,3,satisfactory,1134,0.036,0.303,4,more250
84736,2002,4,606.060606060606,6.406979991069647,0,NoWC,0,NoSA,manufacturing,4,good,924,0.049,0.25,4,more250
84736,2004,6,562.429696287964,6.3322661418904245,0,NoWC,0,NoSA,manufacturing,4,good,889,0.054,0.19,4,more250
84736,2005,7,505.1782566111655,6.224911350379826,0,NoWC,0,NoSA,manufacturing,4,good,1021,0.051,0.176,4,more250
84746,2016,18,1452.2727272727273,7.280885006447365,1,WC,0,NoSA,manufacturing,4,good,22,0.545,0.909,1,less50
84746,2019,21,3688.3333333333335,8.212929963817041,1,WC,0,NoSA,manufacturing,4,good,21,0.619,0.81,1,less50
84746,2020,22,6096,8.715388097366482,1,WC,0,NoSA,manufacturing,3,satisfactory,27,0.407,0.852,1,less50
84777,2003,5,970.5714285714286,6.877884999665216,1,WC,0,NoSA,wholesretail,2,sufficient,21,0.667,0.19,1,less50
84777,2004,6,544.9705882352941,6.3007318266662535,1,WC,0,NoSA,wholesretail,2,sufficient,34,0.412,0.382,1,less50
84777,2005,7,544.9705882352941,6.3007318266662535,1,WC,0,NoSA,wholesretail,2,sufficient,34,0.412,0.118,1,less50
84777,2006,8,487.60526315789474,6.1895061915560285,1,WC,0,NoSA,wholesretail,3,satisfactory,38,0.447,0.368,1,less50
84777,2007,9,544.9705882352941,6.3007318266662535,1,WC,0,NoSA,wholesretail,3,satisfactory,34,0.353,0.176,1,less50
84777,2008,10,638.9310344827586,6.4597965212959405,1,WC,0,NoSA,wholesretail,4,good,29,0.414,0.241,1,less50
84777,2009,11,444.72,6.097444870645214,1,WC,0,NoSA,wholesretail,4,good,25,0.44,0.08,1,less50
84777,2011,13,390.07894736842104,5.966349147787474,1,WC,0,NoSA,wholesretail,4,good,38,0.237,0.316,1,less50
84779,2002,4,805.6551724137931,6.691655825173726,0,NoWC,0,NoSA,wholesretail,2,sufficient,203,0.266,0.315,3,less250
84779,2003,5,901.4507042253521,6.804005359201895,0,NoWC,0,NoSA,wholesretail,2,sufficient,213,0.474,0.202,3,less250
84779,2004,6,629.7330508474577,6.445296000773598,0,NoWC,0,NoSA,wholesretail,3,satisfactory,236,0.119,0.195,3,less250
84783,2014,16,981.3664596273292,6.888945947024641,0,NoWC,0,NoSA,manufacturing,4,good,322,0.127,0.711,4,more250
84783,2015,17,2039.7172413793103,7.6205664700643965,0,NoWC,0,NoSA,manufacturing,5,very good,290,0.114,0.717,4,more250
84783,2017,19,3944.7898305084746,8.280150956958021,1,WC,0,NoSA,manufacturing,5,very good,295,0.203,0.712,4,more250
84783,2019,21,4524.567272727273,8.41727722122464,0,NoWC,0,NoSA,manufacturing,4,good,275,0.302,0.691,4,more250
84783,2020,22,4272.741134751773,8.360010852192168,0,NoWC,0,NoSA,manufacturing,4,good,282,0.312,0.702,4,more250
84783,2021,23,4657.249097472924,8.4461802303801,0,NoWC,0,NoSA,manufacturing,4,good,277,0.112,0.708,4,more250
84784,1999,1,1979.9244791666667,7.5908139811261455,0,NoWC,0,NoSA,construction,4,good,96,0.26,0.01,2,less100
84784,2000,2,2630.3250325520835,7.87486270405733,0,NoWC,0,NoSA,construction,4,good,96,0.219,0.042,2,less100
84784,2001,3,2297.1141237745096,7.739408885292298,0,NoWC,0,NoSA,construction,2,sufficient,102,0.422,0.059,3,less250
84806,2011,13,1691.2280701754387,7.433210212764087,0,NoWC,0,NoSA,manufacturing,4,good,171,0.012,0.094,3,less250
84806,2012,14,1826.5193370165746,7.510167433103235,0,NoWC,0,NoSA,manufacturing,4,good,181,0.006,0.072,3,less250
84806,2016,18,3103.059139784946,8.040143723172642,0,NoWC,1,SA,manufacturing,4,good,186,0.005,0.027,3,less250
84806,2017,19,2704.0105263157893,7.902491330023543,0,NoWC,1,SA,manufacturing,4,good,190,0.005,0.068,3,less250
84806,2018,20,3307.241206030151,8.103869648341343,0,NoWC,1,SA,manufacturing,1,unsatisfactory,199,0.005,0.07,3,less250
84807,2017,19,1771.5645161290322,7.47961834256929,1,WC,0,NoSA,transcom,5,very good,62,0.145,0.952,2,less100
84807,2019,21,1913.8333333333333,7.5568634905481344,1,WC,0,NoSA,transcom,5,very good,66,0.212,0.955,2,less100
84807,2020,22,2027.7692307692307,7.614691566702416,1,WC,0,NoSA,transcom,5,very good,65,0.092,0.877,2,less100
84807,2021,23,4420.928571428572,8.394105037040797,1,WC,0,NoSA,transcom,5,very good,28,0.286,0.929,1,less50
84821,2015,17,3945.1428571428573,8.280240444827841,0,NoWC,1,SA,manufacturing,4,good,105,0.067,0.59,3,less250
84821,2016,18,4274.413793103448,8.360402247548201,0,NoWC,1,SA,manufacturing,4,good,87,0.046,0.701,2,less100
84821,2017,19,4958.32,8.508822252666475,0,NoWC,1,SA,manufacturing,2,sufficient,75,0.147,0.693,2,less100
84821,2019,21,5659.662790697675,8.64111959180716,0,NoWC,1,SA,manufacturing,4,good,86,0.14,0.826,2,less100
84821,2020,22,2183.1567567567567,7.6885271619227495,0,NoWC,1,SA,manufacturing,4,good,185,0.038,0.832,3,less250
84821,2021,23,2359.8304093567253,7.7663450349955045,0,NoWC,0,NoSA,manufacturing,4,good,171,0.053,0.696,3,less250
84865,2018,20,4483.576923076923,8.408176427170746,1,WC,0,NoSA,manufacturing,4,good,26,0.269,0.577,1,less50
84865,2019,21,5719.571428571428,8.651649156491894,1,WC,0,NoSA,manufacturing,4,good,28,0.25,0.643,1,less50
84865,2020,22,4287.777777777777,8.363523877195444,1,WC,0,NoSA,manufacturing,3,satisfactory,27,0.37,0.519,1,less50
84872,2001,3,3489.002963362069,8.157371290530659,0,NoWC,0,NoSA,wholesretail,3,satisfactory,29,0.069,0.172,1,less50
84872,2004,6,5884,8.679992081721329,0,NoWC,0,NoSA,wholesretail,1,unsatisfactory,34,0.176,0.235,1,less50
84872,2006,8,2257.835164835165,7.72216174152907,0,NoWC,0,NoSA,wholesretail,2,sufficient,91,0.033,0.231,2,less100
84885,2004,6,1907.1538461538462,7.553367276784716,1,WC,0,NoSA,health,4,good,26,0.038,0.577,1,less50
84885,2005,7,1694.2,7.434965931997451,1,WC,0,NoSA,health,4,good,25,0.08,0.24,1,less50
84885,2006,8,2195.2083333333335,7.694032233685682,1,WC,0,NoSA,health,4,good,24,0.083,0.25,1,less50
84885,2007,9,1220.8636363636363,7.1073137859439495,1,WC,1,SA,health,4,good,22,0.136,0.318,1,less50
84885,2009,11,2149.6,7.673037057301282,1,WC,0,NoSA,health,4,good,20,0.1,0.35,1,less50
84891,2016,18,1188.884705882353,7.080770924690876,1,WC,0,NoSA,health,4,good,425,0.141,0.548,4,more250
84891,2018,20,1158.6744186046512,7.055031888090061,1,WC,0,NoSA,health,4,good,387,0.243,0.602,4,more250
84891,2019,21,1179.25768321513,7.072640437483515,1,WC,0,NoSA,health,4,good,423,0.475,0.563,4,more250
84927,2015,17,2577.4875,7.854570366218832,1,WC,0,NoSA,manufacturing,1,unsatisfactory,80,0.238,0.062,2,less100
84927,2016,18,2692.714285714286,7.898304992015744,1,WC,0,NoSA,manufacturing,2,sufficient,84,0.226,0.06,2,less100
84927,2017,19,2705.2380952380954,7.90294520782775,1,WC,0,NoSA,manufacturing,4,good,84,0.25,0.071,2,less100
84927,2018,20,2630.0897435897436,7.874773247627558,1,WC,0,NoSA,manufacturing,5,very good,78,0.295,0.077,2,less100
84927,2019,21,2633.223880597015,7.875964184592935,1,WC,0,NoSA,manufacturing,4,good,67,0.299,0.075,2,less100
84963,2019,21,571.5294117647059,6.348315946065847,0,NoWC,0,NoSA,manufacturing,3,satisfactory,221,0.1,0.742,3,less250
84963,2020,22,2883.753424657534,7.966847997058141,0,NoWC,0,NoSA,manufacturing,2,sufficient,219,0.164,0.749,3,less250
84963,2021,23,3073.004366812227,8.030410983155257,0,NoWC,0,NoSA,manufacturing,1,unsatisfactory,229,0.188,0.773,3,less250
84990,2001,3,2604.2459677419356,7.864898456525809,0,NoWC,1,SA,manufacturing,4,good,93,0.194,0.828,2,less100
84990,2003,5,1879.734693877551,7.538885925587693,1,WC,1,SA,manufacturing,2,sufficient,98,0.173,0.806,2,less100
84990,2014,16,1639.3688524590164,7.402066600684418,0,NoWC,0,NoSA,manufacturing,3,satisfactory,122,0.189,0.73,3,less250
84990,2015,17,1754.4166666666667,7.469891696982555,0,NoWC,0,NoSA,manufacturing,4,good,120,0.242,0.733,3,less250
84990,2016,18,1503.7857142857142,7.315741017155297,0,NoWC,0,NoSA,manufacturing,4,good,126,0.31,0.746,3,less250
84990,2018,20,1187.1954887218046,7.079349072474802,0,NoWC,0,NoSA,manufacturing,3,satisfactory,133,0.361,0.707,3,less250
84990,2019,21,1514.6043165467627,7.322909506633909,0,NoWC,0,NoSA,manufacturing,3,satisfactory,139,0.288,0.727,3,less250
84990,2020,22,1405.9383561643835,7.248460227998637,0,NoWC,0,NoSA,manufacturing,4,good,146,0.281,0.671,3,less250
84990,2021,23,1279.6928104575163,7.15437533628095,0,NoWC,0,NoSA,manufacturing,3,satisfactory,153,0.307,0.758,3,less250
85002,2013,15,1499.0266666666666,7.3125712875819,1,WC,0,NoSA,buservices,3,satisfactory,75,0.067,0.293,2,less100
85002,2014,16,1657.095238095238,7.412821491994083,1,WC,0,NoSA,buservices,3,satisfactory,84,0.083,0.286,2,less100
85002,2015,17,1700.5764705882352,7.4387225729088,1,WC,0,NoSA,buservices,3,satisfactory,85,0.024,0.282,2,less100
85002,2016,18,1985.4935064935064,7.593622780101847,1,WC,0,NoSA,buservices,3,satisfactory,77,0.026,0.312,2,less100
85002,2017,19,2040.592105263158,7.620995292402572,1,WC,0,NoSA,buservices,3,satisfactory,76,0.039,0.316,2,less100
85002,2018,20,2205.4166666666665,7.698671734504088,1,WC,0,NoSA,buservices,4,good,72,0.042,0.306,2,less100
85019,2018,20,1363.4,7.217736858928685,0,NoWC,0,NoSA,wholesretail,3,satisfactory,20,0.5,0.5,1,less50
85019,2019,21,1002.4285714285714,6.910180906196976,0,NoWC,0,NoSA,wholesretail,4,good,21,0.524,0.524,1,less50
85019,2020,22,688.6,6.534660550904423,1,WC,0,NoSA,wholesretail,5,very good,20,0.75,0.55,1,less50
85019,2021,23,655.8095238095239,6.485870386734992,1,WC,0,NoSA,wholesretail,4,good,21,0.762,0.619,1,less50
85038,1998,0,1891.356148097826,7.5450493894219886,0,NoWC,1,SA,health,1,unsatisfactory,368,0.293,0.473,4,more250
85038,1999,1,2349.1788851351353,7.761821135499311,0,NoWC,0,NoSA,health,1,unsatisfactory,370,0.451,0.476,4,more250
85038,2000,2,2607.5885416666665,7.866181142834051,0,NoWC,0,NoSA,health,1,unsatisfactory,240,0.729,0.654,3,less250
85038,2001,3,2336.505324074074,7.756411640791458,0,NoWC,1,SA,health,1,unsatisfactory,270,0.485,0.744,4,more250
85054,2000,2,1913.1996473354232,7.556532327473814,0,NoWC,0,NoSA,public,4,good,319,0.564,0.276,4,more250
85054,2001,3,2041.6065938511326,7.621492322892087,0,NoWC,0,NoSA,public,3,satisfactory,309,0.57,0.288,4,more250
85054,2003,5,1729.9580152671756,7.455852418565646,0,NoWC,0,NoSA,public,2,sufficient,262,0.698,0.263,4,more250
85054,2004,6,1908.3969465648854,7.554018873643232,0,NoWC,0,NoSA,public,2,sufficient,262,0.672,0.26,4,more250
85055,2003,5,2952,7.990238185720363,0,NoWC,0,NoSA,manufacturing,3,satisfactory,139,0.029,0.568,3,less250
85055,2007,9,1126.0071428571428,7.0264331522471375,0,NoWC,0,NoSA,manufacturing,5,very good,140,0.036,0.543,3,less250
85055,2008,10,1099.4676258992806,7.002581365176856,0,NoWC,0,NoSA,manufacturing,4,good,139,0.036,0.561,3,less250
85055,2009,11,1278.4809160305344,7.153427867776295,0,NoWC,0,NoSA,manufacturing,4,good,131,0.023,0.634,3,less250
85055,2010,12,964.3307086614174,6.8714342945567415,0,NoWC,0,NoSA,manufacturing,4,good,127,0.031,0.63,3,less250
85055,2012,14,1021.1224489795918,6.92865774141393,0,NoWC,1,SA,manufacturing,4,good,98,0.031,0.51,2,less100
85055,2015,17,1002.90625,6.9106573140021545,0,NoWC,1,SA,manufacturing,5,very good,96,0.052,0.49,2,less100
85055,2016,18,724.6813186813187,6.585731997780106,0,NoWC,1,SA,manufacturing,4,good,91,0.077,0.495,2,less100
85055,2017,19,734.9574468085107,6.599812602038202,0,NoWC,1,SA,manufacturing,3,satisfactory,94,0.053,0.5,2,less100
85055,2018,20,1046.7555555555555,6.9534507123182285,0,NoWC,1,SA,manufacturing,3,satisfactory,90,0.022,0.489,2,less100
85055,2019,21,1133.9888888888888,7.033496686081749,0,NoWC,1,SA,manufacturing,1,unsatisfactory,90,0.067,0.489,2,less100
85055,2020,22,1091.9263157894736,6.995698677644951,0,NoWC,1,SA,manufacturing,3,satisfactory,95,0.316,0.495,2,less100
85055,2021,23,1260.3775510204082,7.139166598728317,0,NoWC,1,SA,manufacturing,4,good,98,0.082,0.51,2,less100
85056,1998,0,2621.1690167682927,7.871375686848379,0,NoWC,0,NoSA,construction,3,satisfactory,41,0.366,0.341,1,less50
85056,1999,1,2978.453125,7.999159359157425,0,NoWC,0,NoSA,construction,4,good,46,0.609,0.522,1,less50
85056,2000,2,1877.5526494565217,7.537724425565496,0,NoWC,0,NoSA,construction,4,good,46,0.783,0.435,1,less50
85056,2001,3,2088.570486111111,7.644235133001964,0,NoWC,0,NoSA,construction,4,good,45,0.311,0.4,1,less50
85056,2002,4,2879.266666666667,7.965290911076734,0,NoWC,0,NoSA,construction,4,good,45,0.244,0.6,1,less50
85056,2004,6,2984.1428571428573,8.001067834555343,0,NoWC,0,NoSA,construction,4,good,56,0.161,0.607,2,less100
85056,2005,7,2831.4464285714284,7.948542965569626,0,NoWC,0,NoSA,construction,4,good,56,0.179,0.607,2,less100
85056,2007,9,2228.9733333333334,7.709296369803015,0,NoWC,0,NoSA,construction,4,good,75,0.373,0.587,2,less100
85056,2008,10,2059.9880952380954,7.630455482756295,0,NoWC,0,NoSA,construction,4,good,84,0.345,0.583,2,less100
85056,2009,11,2423.255319148936,7.792867088417842,0,NoWC,0,NoSA,construction,4,good,94,0.309,0.564,2,less100
85056,2010,12,2084.6415094339623,7.642352181528522,0,NoWC,0,NoSA,construction,4,good,106,0.302,0.594,3,less250
85056,2011,13,1800.2268907563025,7.495667986360737,0,NoWC,0,NoSA,construction,5,very good,119,0.261,0.622,3,less250
85056,2013,15,1351.6685714285713,7.209095087075408,0,NoWC,0,NoSA,construction,4,good,175,0.194,0.657,3,less250
85056,2015,17,1768.378048780488,7.477818048835285,0,NoWC,0,NoSA,construction,4,good,164,0.226,0.64,3,less250
85056,2016,18,1693.7848837209303,7.434720879970718,0,NoWC,0,NoSA,construction,4,good,172,0.186,0.686,3,less250
85056,2017,19,1738.0838323353294,7.460538539607599,0,NoWC,0,NoSA,construction,4,good,167,0.186,0.635,3,less250
85056,2018,20,1731.8125,7.4569238269112,0,NoWC,0,NoSA,construction,4,good,160,0.181,0.637,3,less250
85056,2019,21,1984.391304347826,7.593067498411561,0,NoWC,0,NoSA,construction,4,good,161,0.149,0.677,3,less250
85056,2021,23,1993.3975903614457,7.59759579372428,0,NoWC,0,NoSA,construction,5,very good,166,0.163,0.651,3,less250
85086,2012,14,2943.5689655172414,7.98737805796019,1,WC,0,NoSA,manufacturing,4,good,58,0.034,0.414,2,less100
85086,2013,15,4159.2962962962965,8.33310117940206,1,WC,0,NoSA,manufacturing,2,sufficient,54,0.019,0.463,2,less100
85086,2014,16,3719.529411764706,8.221352437051324,1,WC,0,NoSA,manufacturing,4,good,51,0.059,0.431,2,less100
85086,2015,17,4517.181818181818,8.415643586821894,0,NoWC,0,NoSA,manufacturing,4,good,44,0.023,0.386,1,less50
85104,2004,6,2192.9824561403507,7.693017748449888,0,NoWC,0,NoSA,transcom,3,satisfactory,228,0.022,0.088,3,less250
85104,2005,7,2242.5521739130436,7.715369859621297,0,NoWC,0,NoSA,transcom,4,good,230,0.022,0.087,3,less250
85104,2007,9,1903.112676056338,7.551246075241873,0,NoWC,0,NoSA,transcom,2,sufficient,213,0.042,0.113,3,less250
85108,2008,10,297.22222222222223,5.694480081993888,1,WC,0,NoSA,wholesretail,2,sufficient,27,0.111,0.074,1,less50
85108,2009,11,1673.4615384615386,7.4226495376932435,1,WC,0,NoSA,wholesretail,3,satisfactory,26,0.038,0.077,1,less50
85108,2010,12,678.6923076923077,6.520167869760568,1,WC,0,NoSA,wholesretail,4,good,26,0.115,0.077,1,less50
85108,2012,14,1024.1851851851852,6.931652634156391,1,WC,1,SA,wholesretail,3,satisfactory,27,0.111,0.074,1,less50
85108,2013,15,1419.8148148148148,7.258281729988665,1,WC,0,NoSA,wholesretail,1,unsatisfactory,27,0.037,0.074,1,less50
85108,2014,16,1227.5925925925926,7.112810288671163,1,WC,0,NoSA,wholesretail,3,satisfactory,27,0.037,0.074,1,less50
85111,2017,19,2905.83164983165,7.974474910529071,0,NoWC,0,NoSA,resthotels,4,good,297,0.02,0.471,4,more250
85111,2018,20,2746.411003236246,7.918050248557043,0,NoWC,0,NoSA,resthotels,4,good,309,0.036,0.485,4,more250
85111,2019,21,3535.1894409937886,8.170522166992027,0,NoWC,0,NoSA,resthotels,2,sufficient,322,0.043,0.469,4,more250
85133,1998,0,2171.0907643312103,7.682984976618938,0,NoWC,0,NoSA,manufacturing,3,satisfactory,471,0.149,0.577,4,more250
85133,1999,1,1885.458107375271,7.541926098140932,0,NoWC,0,NoSA,manufacturing,4,good,461,0.187,0.618,4,more250
85133,2000,2,1340.0883297644539,7.200490808507146,0,NoWC,0,NoSA,manufacturing,4,good,467,0.191,0.632,4,more250
85133,2001,3,1347.9838408119658,7.206365303872186,0,NoWC,0,NoSA,manufacturing,4,good,468,0.186,0.626,4,more250
85147,2009,11,698.3805668016195,6.548764178825574,0,NoWC,0,NoSA,public,5,very good,494,0.026,0.64,4,more250
85147,2010,12,536.6446280991736,6.285336102813468,0,NoWC,0,NoSA,public,3,satisfactory,484,0.023,0.572,4,more250
85147,2012,14,662.5250501002004,6.496058368617542,0,NoWC,0,NoSA,public,3,satisfactory,499,0.056,0.661,4,more250
85166,2003,5,2542.2636363636366,7.84081015855248,1,WC,0,NoSA,health,4,good,110,0.018,0.718,3,less250
85166,2004,6,4609.5344827586205,8.43588215101306,1,WC,0,NoSA,health,4,good,58,0.086,0.724,2,less100
85166,2005,7,9936.727272727272,9.203992997219952,1,WC,0,NoSA,health,4,good,22,0.091,0.636,1,less50
85166,2006,8,8919.24,9.095966020150454,1,WC,0,NoSA,health,4,good,25,0.04,0.64,1,less50
85178,2018,20,3103.941275167785,8.040427962041598,0,NoWC,0,NoSA,public,4,good,596,0.436,0.545,4,more250
85178,2019,21,1569.8672,7.358746308777496,0,NoWC,0,NoSA,public,5,very good,625,0.421,0.555,4,more250
85178,2020,22,3155.3244444444445,8.05684660469432,0,NoWC,0,NoSA,buservices,5,very good,675,0.416,0.526,4,more250
85178,2021,23,3121.5111441307577,8.046072504615804,0,NoWC,0,NoSA,buservices,3,satisfactory,673,0.38,0.473,4,more250
85199,2014,16,2514.5,7.82982925561202,1,WC,0,NoSA,buservices,4,good,66,0.061,0.879,2,less100
85199,2016,18,1819.1359223300972,7.5061168993823575,1,WC,0,NoSA,buservices,4,good,103,0.078,0.874,3,less250
85199,2017,19,2243.352380952381,7.715726624700909,1,WC,0,NoSA,buservices,4,good,105,0.057,0.952,3,less250
85199,2018,20,2573.778846153846,7.85313046610973,1,WC,0,NoSA,buservices,3,satisfactory,104,0.087,0.99,3,less250
85199,2019,21,2974.1414141414143,7.997710676038053,1,WC,0,NoSA,buservices,3,satisfactory,99,0.091,0.869,2,less100
85199,2020,22,2825.8255813953488,7.9465558420882925,1,WC,0,NoSA,edu,3,satisfactory,86,0.163,0.919,2,less100
85199,2021,23,2266.5194805194806,7.726000665322781,1,WC,0,NoSA,edu,3,satisfactory,77,0.169,0.87,2,less100
85204,2014,16,914.2173913043479,6.818068389239285,0,NoWC,0,NoSA,construction,4,good,23,0.739,0.043,1,less50
85204,2015,17,1080.4545454545455,6.985137106995924,0,NoWC,0,NoSA,construction,4,good,22,0.773,0.182,1,less50
85204,2016,18,1246.6818181818182,7.128240755288393,0,NoWC,0,NoSA,construction,2,sufficient,22,0.773,0,1,less50
85222,2001,3,739.7817451584507,6.606355203720096,0,NoWC,0,NoSA,transcom,4,good,71,0.028,0.38,2,less100
85222,2002,4,516.2875,6.246663780862323,1,WC,0,NoSA,transcom,4,good,80,0.025,0.375,2,less100
85222,2003,5,605.7317073170732,6.406437160837143,0,NoWC,0,NoSA,transcom,2,sufficient,82,0.024,0.39,2,less100
85222,2004,6,535.4831460674158,6.283169416129048,0,NoWC,0,NoSA,transcom,5,very good,89,0.022,0.483,2,less100
85247,2000,2,2227.1218861209964,7.708465396842297,0,NoWC,0,NoSA,wholesretail,4,good,281,0.1,0.943,4,more250
85247,2001,3,2261.1341845878137,7.723621817968467,0,NoWC,0,NoSA,wholesretail,4,good,279,0.333,0.892,4,more250
85247,2002,4,1860.4651162790697,7.528581797962456,0,NoWC,0,NoSA,wholesretail,4,good,301,0.425,0.817,4,more250
85247,2003,5,1716.8522727272727,7.448247819180427,0,NoWC,0,NoSA,wholesretail,4,good,264,0.277,0.883,4,more250
85247,2004,6,2127.659574468085,7.662777863260169,0,NoWC,0,NoSA,wholesretail,4,good,235,0.46,0.936,3,less250
85247,2005,7,2063.148,7.631988250682245,0,NoWC,0,NoSA,wholesretail,4,good,250,0.468,0.94,3,less250
85247,2006,8,1929.4117647058824,7.564970450316019,0,NoWC,0,NoSA,wholesretail,4,good,255,0.42,0.875,4,more250
85300,1998,0,1132.42626953125,7.032117751071154,1,WC,0,NoSA,resthotels,3,satisfactory,24,0.083,0.208,1,less50
85300,1999,1,1691.0883969907406,7.433127622512031,1,WC,0,NoSA,resthotels,2,sufficient,27,0.074,0.148,1,less50
85300,2000,2,1046.8606770833333,6.953551133327798,1,WC,0,NoSA,resthotels,2,sufficient,27,0.037,0.148,1,less50
85300,2001,3,1581.2863991477273,7.365993971434751,1,WC,0,NoSA,resthotels,3,satisfactory,22,0.045,0.136,1,less50
85300,2002,4,2005.409090909091,7.603603354294416,1,WC,0,NoSA,resthotels,2,sufficient,22,0.045,0.136,1,less50
85300,2003,5,787.6818181818181,6.669094224281929,1,WC,0,NoSA,resthotels,4,good,22,0.045,0.273,1,less50
85302,2004,6,2801.3571428571427,7.937859272614711,1,WC,0,NoSA,resthotels,3,satisfactory,28,0.036,0.393,1,less50
85302,2005,7,1964.5714285714287,7.583029398007372,0,NoWC,0,NoSA,resthotels,3,satisfactory,28,0.107,0.429,1,less50
85302,2006,8,2562.346153846154,7.848678584120887,1,WC,0,NoSA,resthotels,4,good,26,0.038,0.5,1,less50
85302,2007,9,3603.074074074074,8.189542669535948,0,NoWC,0,NoSA,resthotels,4,good,27,0.037,0.481,1,less50
85302,2008,10,2829.6666666666665,7.947914198069858,0,NoWC,0,NoSA,resthotels,4,good,27,0.074,0.444,1,less50
85302,2009,11,3766.1481481481483,8.233808046772667,0,NoWC,0,NoSA,resthotels,3,satisfactory,27,0.074,0.481,1,less50
85302,2010,12,5093.357142857143,8.535692448686202,0,NoWC,0,NoSA,resthotels,4,good,28,0.036,0.464,1,less50
85302,2011,13,3938.866666666667,8.278648312859197,0,NoWC,0,NoSA,resthotels,3,satisfactory,30,0.067,0.467,1,less50
85302,2012,14,3837.483870967742,8.252572188881471,0,NoWC,0,NoSA,resthotels,2,sufficient,31,0.097,0.419,1,less50
85302,2013,15,5857.392857142857,8.67545987864707,0,NoWC,0,NoSA,resthotels,4,good,28,0.036,0.5,1,less50
85302,2014,16,2985.7586206896553,8.001609137822156,0,NoWC,0,NoSA,resthotels,3,satisfactory,29,0.103,0.414,1,less50
85302,2017,19,6221.178571428572,8.735714648721048,0,NoWC,0,NoSA,resthotels,4,good,28,0.143,0.429,1,less50
85302,2018,20,8367.67857142857,9.032131773930793,0,NoWC,0,NoSA,resthotels,2,sufficient,28,0.286,0.393,1,less50
85302,2019,21,7821.964285714285,8.96469098942857,0,NoWC,0,NoSA,resthotels,3,satisfactory,28,0.143,0.429,1,less50
85302,2020,22,4489.7037037037035,8.40954198829241,0,NoWC,0,NoSA,finance,4,good,27,0.185,0.296,1,less50
85302,2021,23,4494.142857142857,8.410530240656335,0,NoWC,0,NoSA,finance,2,sufficient,28,0.214,0.286,1,less50
85304,2000,2,166.14429931640626,5.112856683747985,1,WC,0,NoSA,manufacturing,1,unsatisfactory,40,0.275,0.85,1,less50
85304,2001,3,145.73612253289474,4.9817976065149034,1,WC,0,NoSA,manufacturing,3,satisfactory,57,0.246,0.807,2,less100
85304,2002,4,122.29032258064517,4.806397911031189,1,WC,0,NoSA,manufacturing,3,satisfactory,62,0.194,0.839,2,less100
85304,2003,5,213.08196721311475,5.361676914280983,1,WC,0,NoSA,manufacturing,1,unsatisfactory,61,0.18,0.852,2,less100
85304,2004,6,110,4.700480365792417,1,WC,0,NoSA,manufacturing,2,sufficient,64,0.188,0.891,2,less100
85306,2000,2,22057.984375,10.001429918506062,0,NoWC,0,NoSA,manufacturing,3,satisfactory,24,0.042,0.083,1,less50
85306,2001,3,23163.00994318182,10.050311886246869,0,NoWC,0,NoSA,manufacturing,4,good,22,0.045,0.091,1,less50
85306,2002,4,10032.958333333334,9.213630785955097,0,NoWC,0,NoSA,manufacturing,4,good,24,0.042,0.083,1,less50
85333,2000,2,1480.5153586647727,7.3001455214593145,1,WC,0,NoSA,manufacturing,3,satisfactory,22,0.955,0.045,1,less50
85333,2001,3,1460.2252604166667,7.286345990757841,1,WC,0,NoSA,manufacturing,2,sufficient,21,0.952,0.048,1,less50
85333,2002,4,777.0454545454545,6.6554988487150855,1,WC,0,NoSA,manufacturing,3,satisfactory,22,0.955,0.045,1,less50
85333,2003,5,1082.1304347826087,6.9866870018475575,1,WC,0,NoSA,manufacturing,2,sufficient,23,0.87,0.043,1,less50
85333,2004,6,1374.7826086956522,7.226050894834313,1,WC,0,NoSA,manufacturing,4,good,23,0.957,0.043,1,less50
85349,2003,5,2043.6078431372548,7.622472075351634,0,NoWC,0,NoSA,finance,5,very good,51,0.157,0.431,2,less100
85349,2004,6,1681.032258064516,7.427163323030869,0,NoWC,0,NoSA,finance,4,good,62,0.113,0.516,2,less100
85349,2005,7,1510.4927536231885,7.320191203478701,1,WC,0,NoSA,finance,4,good,69,0.116,0.391,2,less100
85349,2006,8,1592.3194444444443,7.372947002333662,0,NoWC,0,NoSA,finance,3,satisfactory,72,0.125,0.444,2,less100
85349,2007,9,1398.8026315789473,7.2433718864992525,0,NoWC,0,NoSA,finance,4,good,76,0.092,0.421,2,less100
85349,2008,10,1592.3194444444443,7.372947002333662,0,NoWC,0,NoSA,finance,4,good,72,0.111,0.431,2,less100
85349,2011,13,1791.359375,7.490730037990046,0,NoWC,0,NoSA,finance,4,good,64,0.109,0.422,2,less100
85349,2013,15,1447.5555555555557,7.277631589059904,0,NoWC,0,NoSA,finance,4,good,72,0.069,0.472,2,less100
85349,2014,16,1439.9473684210527,7.272361842194488,0,NoWC,0,NoSA,finance,4,good,76,0.066,0.421,2,less100
85349,2015,17,1555.5820895522388,7.349605088684994,0,NoWC,0,NoSA,finance,4,good,67,0.075,0.448,2,less100
85349,2017,19,1879.4590163934427,7.538739257176406,0,NoWC,0,NoSA,finance,4,good,61,0.066,0.41,2,less100
85349,2018,20,1872.78125,7.535179904379467,0,NoWC,0,NoSA,finance,4,good,64,0.078,0.453,2,less100
85349,2020,22,1818.234375,7.5056211855699795,0,NoWC,1,SA,finance,4,good,64,0.062,0.484,2,less100
85349,2021,23,1985.2222222222222,7.593486137596948,0,NoWC,1,SA,finance,3,satisfactory,63,0.079,0.444,2,less100
85353,2019,21,3962.34,8.284590038821404,1,WC,0,NoSA,construction,3,satisfactory,50,0.28,0.9,1,less50
85353,2020,22,3779.6666666666665,8.23739110130373,1,WC,0,NoSA,construction,4,good,51,0.373,0.902,2,less100
85353,2021,23,2973.8153846153846,7.997601048635774,1,WC,0,NoSA,construction,4,good,65,0.292,0.846,2,less100
85376,2013,15,1179.0927835051546,7.072500594222244,0,NoWC,0,NoSA,buservices,4,good,97,0.155,0.082,2,less100
85376,2014,16,1144.7903225806451,7.0429767748353065,0,NoWC,0,NoSA,buservices,4,good,124,0.137,0.194,3,less250
85376,2015,17,1280.3252032520325,7.154869389685256,0,NoWC,0,NoSA,buservices,5,very good,123,0.138,0.106,3,less250
85376,2017,19,1751.3854166666667,7.468162420381462,0,NoWC,0,NoSA,buservices,4,good,96,0.354,0.125,2,less100
85377,2000,2,2729.480625,7.911866622826954,0,NoWC,0,NoSA,construction,3,satisfactory,75,0.013,0.027,2,less100
85377,2001,3,5554.767992424242,8.622411935661335,0,NoWC,0,NoSA,construction,2,sufficient,66,0.045,0.03,2,less100
85377,2002,4,2510.0163934426228,7.828044563356542,0,NoWC,0,NoSA,construction,2,sufficient,61,0.049,0.033,2,less100
85392,2000,2,1793.1840974212034,7.4917481439736155,0,NoWC,0,NoSA,manufacturing,4,good,349,0.009,0.057,4,more250
85392,2001,3,2182.8942474048445,7.688406911677401,0,NoWC,0,NoSA,manufacturing,4,good,289,0.01,0.052,4,more250
85392,2002,4,2028.9855072463768,7.615291196994182,0,NoWC,0,NoSA,manufacturing,3,satisfactory,276,0.029,0.029,4,more250
85392,2004,6,2049.1803278688526,7.625195152111127,0,NoWC,0,NoSA,manufacturing,4,good,244,0.029,0.033,3,less250
85392,2005,7,2113.8811475409834,7.65628094325129,0,NoWC,0,NoSA,manufacturing,3,satisfactory,244,0.037,0.037,3,less250
85398,2008,10,321.72222222222223,5.7736885093296255,1,WC,1,SA,buservices,4,good,252,0.024,0.139,4,more250
85398,2009,11,336.25954198473283,5.817883308163174,1,WC,1,SA,buservices,2,sufficient,262,0.038,0.16,4,more250
85398,2011,13,321.86475409836066,5.774131438983931,1,WC,1,SA,buservices,4,good,244,0.045,0.176,3,less250
85401,2004,6,607.1382978723404,6.408756603448221,0,NoWC,1,SA,public,5,very good,94,0.479,0.096,2,less100
85401,2005,7,644.8369565217391,6.468997504254924,0,NoWC,1,SA,public,5,very good,92,0.011,0.098,2,less100
85401,2006,8,726.978947368421,6.588897518886466,0,NoWC,0,NoSA,public,4,good,95,0.011,0.084,2,less100
85401,2007,9,1096.157894736842,6.999566521672576,0,NoWC,1,SA,public,4,good,95,0.011,0.084,2,less100
85401,2008,10,815.2765957446809,6.703527436945879,0,NoWC,1,SA,public,4,good,94,0.011,0.064,2,less100
85401,2009,11,658.0721649484536,6.489314598485596,0,NoWC,1,SA,public,4,good,97,0.01,0.062,2,less100
85432,2004,6,1214.6666666666667,7.102224969711739,1,WC,0,NoSA,construction,3,satisfactory,21,0.048,0.143,1,less50
85432,2006,8,1029.2173913043478,6.936553978150896,1,WC,0,NoSA,construction,3,satisfactory,23,0.043,0.13,1,less50
85432,2011,13,957.1428571428571,6.863952656323744,1,WC,0,NoSA,construction,3,satisfactory,21,0.095,0.143,1,less50
85432,2020,22,463.9130434782609,6.13969712836665,1,WC,0,NoSA,wholesretail,3,satisfactory,23,0.13,0.13,1,less50
85451,2015,17,4074.135802469136,8.312413930170592,1,WC,0,NoSA,health,2,sufficient,81,0.272,0.185,2,less100
85451,2016,18,4655.6543209876545,8.44583774288094,1,WC,0,NoSA,health,2,sufficient,81,0.383,0.148,2,less100
85451,2017,19,4416.3456790123455,8.393067863655162,1,WC,0,NoSA,health,3,satisfactory,81,0.457,0.148,2,less100
85451,2018,20,4446.308641975309,8.399829512262068,1,WC,0,NoSA,health,4,good,81,0.383,0.148,2,less100
85451,2020,22,4608.704545454545,8.435702086837292,1,WC,0,NoSA,buservices,3,satisfactory,88,0.205,0.102,2,less100
85451,2021,23,5356.45205479452,8.586057104816764,1,WC,0,NoSA,buservices,1,unsatisfactory,73,0.247,0.068,2,less100
85477,2009,11,1077.6538461538462,6.982541592438937,1,WC,0,NoSA,transcom,4,good,52,0.038,0.788,2,less100
85477,2010,12,1004.5714285714286,6.9123162903096995,1,WC,0,NoSA,transcom,3,satisfactory,56,0.054,0.75,2,less100
85477,2011,13,871.7941176470588,6.770553292416374,1,WC,0,NoSA,transcom,4,good,68,0.029,0.676,2,less100
85477,2016,18,855.3522727272727,6.751513398967633,1,WC,0,NoSA,transcom,3,satisfactory,88,0.011,0.648,2,less100
85477,2017,19,860.0112359550562,6.7569454542262255,1,WC,0,NoSA,transcom,5,very good,89,0.034,0.64,2,less100
85477,2018,20,930.452380952381,6.835670899009623,1,WC,0,NoSA,transcom,5,very good,84,0.036,0.667,2,less100
85477,2019,21,992.2857142857143,6.900011084248706,1,WC,0,NoSA,transcom,4,good,77,0.065,0.623,2,less100
85477,2021,23,1196.673076923077,7.087300549560099,1,WC,0,NoSA,wholesretail,3,satisfactory,52,0.231,0.75,2,less100
85478,2004,6,2890.076923076923,7.969038397733886,1,WC,1,SA,art,4,good,39,0.051,0.128,1,less50
85478,2005,7,4489.825,8.409569004475621,1,WC,1,SA,art,3,satisfactory,40,0.125,0.125,1,less50
85478,2006,8,4670.525,8.449026764044536,1,WC,1,SA,art,2,sufficient,40,0.025,0.1,1,less50
85478,2007,9,3824.9,8.249287602128032,1,WC,1,SA,art,3,satisfactory,40,0.075,0.175,1,less50
85478,2008,10,3915.5714285714284,8.272716556540608,1,WC,1,SA,art,4,good,42,0.071,0.143,1,less50
85478,2009,11,4223.871794871795,8.348507473332626,1,WC,0,NoSA,art,3,satisfactory,39,0.128,0.154,1,less50
85478,2010,12,5313.916666666667,8.578084444350104,1,WC,1,SA,art,3,satisfactory,36,0.139,0.167,1,less50
85478,2011,13,5261.727272727273,8.568214630672712,1,WC,1,SA,art,4,good,44,0.068,0.159,1,less50
85478,2012,14,3649.8958333333335,8.202453907356512,1,WC,0,NoSA,art,4,good,48,0.062,0.125,1,less50
85478,2013,15,3325.5625,8.109394111714158,1,WC,0,NoSA,art,4,good,48,0.188,0.146,1,less50
85478,2014,16,3633.509433962264,8.197954246437595,1,WC,1,SA,art,4,good,53,0.189,0.226,2,less100
85478,2015,17,3506.3508771929824,8.162331139536064,1,WC,1,SA,art,4,good,57,0.158,0.246,2,less100
85478,2016,18,3809.927272727273,8.245365379415533,1,WC,1,SA,art,4,good,55,0.164,0.2,2,less100
85478,2017,19,3385.9821428571427,8.127399288862618,1,WC,1,SA,art,4,good,56,0.179,0.214,2,less100
85478,2018,20,2811.684210526316,7.9415389459580465,1,WC,1,SA,art,2,sufficient,57,0.211,0.211,2,less100
85478,2019,21,2638.285714285714,7.877884634571566,1,WC,1,SA,art,2,sufficient,63,0.175,0.175,2,less100
85478,2021,23,2617.877192982456,7.870119036653958,1,WC,1,SA,art,2,sufficient,57,0.158,0.123,2,less100
85485,2005,7,1629.5721393034826,7.396072768119099,0,NoWC,1,SA,health,4,good,201,0.075,0.617,3,less250
85485,2006,8,1929.6340206185566,7.56508563729502,0,NoWC,0,NoSA,health,2,sufficient,194,0.005,0.582,3,less250
85485,2007,9,1906.2769230769231,7.552907363837321,0,NoWC,1,SA,edu,3,satisfactory,195,0.056,0.579,3,less250
85527,1998,0,804.7122005988024,6.69048469871082,0,NoWC,1,SA,buservices,3,satisfactory,167,0.03,0.365,3,less250
85527,1999,1,674.4384704968944,6.513880449095238,0,NoWC,0,NoSA,buservices,4,good,161,0.037,0.366,3,less250
85527,2000,2,832.3337197580645,6.724233465878354,0,NoWC,0,NoSA,buservices,3,satisfactory,155,0.006,0.361,3,less250
85577,2003,5,1814.5416666666667,7.503588189556556,1,WC,0,NoSA,buservices,4,good,24,0.125,0.042,1,less50
85577,2004,6,1421.6296296296296,7.2595591190751465,1,WC,0,NoSA,buservices,5,very good,27,0.111,0.037,1,less50
85577,2005,7,1493.7307692307693,7.309032141441815,0,NoWC,0,NoSA,buservices,4,good,26,0.115,0.038,1,less50
85577,2007,9,1711.72,7.445253991923829,1,WC,0,NoSA,buservices,5,very good,25,0.16,0.04,1,less50
85577,2009,11,1985.2,7.593474943713286,1,WC,0,NoSA,transcom,1,unsatisfactory,20,0.2,0.05,1,less50
85577,2010,12,1656.608695652174,7.41252783724623,1,WC,0,NoSA,transcom,5,very good,23,0.522,0.043,1,less50
85577,2011,13,1700.5217391304348,7.438690388329332,0,NoWC,0,NoSA,transcom,3,satisfactory,23,0.609,0.043,1,less50
85577,2013,15,1706.2173913043478,7.442034147427187,0,NoWC,0,NoSA,transcom,4,good,23,0.609,0.13,1,less50
85577,2014,16,1190.5217391304348,7.082146926264552,0,NoWC,0,NoSA,transcom,3,satisfactory,23,0.609,0.043,1,less50
85577,2015,17,1233.0434782608695,7.1172407647169145,0,NoWC,0,NoSA,transcom,3,satisfactory,23,0.522,0.043,1,less50
85577,2016,18,1573.1739130434783,7.3608504583222025,0,NoWC,0,NoSA,transcom,4,good,23,0.609,0.043,1,less50
85577,2018,20,724.3703703703703,6.585302822867892,0,NoWC,0,NoSA,transcom,3,satisfactory,27,0.593,0.037,1,less50
85577,2019,21,1721.12,7.450730520683695,0,NoWC,0,NoSA,transcom,3,satisfactory,25,0.44,0.04,1,less50
85577,2021,23,1898.16,7.548640274879271,0,NoWC,0,NoSA,finance,2,sufficient,25,0.6,0.04,1,less50
85591,1999,1,12514.364583333334,9.434632430170467,1,WC,0,NoSA,finance,1,unsatisfactory,33,0.03,0.273,1,less50
85591,2000,2,3695.9464285714284,8.214991938222392,1,WC,0,NoSA,finance,2,sufficient,42,0.024,0.286,1,less50
85591,2001,3,3823.652820121951,8.248961480332593,1,WC,0,NoSA,finance,2,sufficient,41,0.049,0.293,1,less50
85591,2002,4,3401.7045454545455,8.132031921875292,0,NoWC,0,NoSA,finance,2,sufficient,44,0.045,0.273,1,less50
85591,2003,5,8452.636363636364,9.042233667387295,1,WC,0,NoSA,finance,4,good,44,0.045,0.273,1,less50
85591,2004,6,7167.068181818182,8.877251949248262,1,WC,0,NoSA,finance,4,good,44,0.091,0.25,1,less50
85602,2016,18,2007.375,7.604583177381655,1,WC,0,NoSA,buservices,4,good,32,0.344,0.438,1,less50
85602,2018,20,2542.65625,7.840964581294988,0,NoWC,0,NoSA,buservices,3,satisfactory,32,0.438,0.5,1,less50
85602,2019,21,2810.3125,7.941050966108834,0,NoWC,0,NoSA,buservices,4,good,32,0.094,0.625,1,less50
85604,2012,14,1944.7058823529412,7.572866027318799,0,NoWC,0,NoSA,buservices,4,good,170,0.2,0.094,3,less250
85604,2013,15,1807.9096045197741,7.49992654220208,0,NoWC,0,NoSA,buservices,4,good,177,0.209,0.102,3,less250
85604,2014,16,1785.3107344632767,7.48734775999522,0,NoWC,0,NoSA,buservices,4,good,177,0.023,0.107,3,less250
85604,2016,18,3179.8502673796793,8.064589388935994,0,NoWC,0,NoSA,buservices,4,good,187,0.214,0.112,3,less250
85604,2017,19,3083.604060913706,8.033854341523437,0,NoWC,0,NoSA,buservices,4,good,197,0.142,0.132,3,less250
85604,2018,20,3912.5125628140704,8.271935045786147,0,NoWC,0,NoSA,buservices,4,good,199,0.121,0.141,3,less250
85604,2019,21,3345.4823008849557,8.115366147784414,0,NoWC,0,NoSA,buservices,4,good,226,0.106,0.142,3,less250
85604,2020,22,2697.141176470588,7.899947667513376,0,NoWC,0,NoSA,art,4,good,255,0.11,0.129,4,more250
85604,2021,23,2497.6211604095565,7.823094022022506,0,NoWC,0,NoSA,art,2,sufficient,293,0.106,0.14,4,more250
85612,1999,1,786.6583674065421,6.6677940593889575,0,NoWC,0,NoSA,edu,3,satisfactory,107,0.617,0.056,3,less250
85612,2001,3,860.3787642045454,6.7573727157832515,0,NoWC,0,NoSA,edu,1,unsatisfactory,110,0.691,0.064,3,less250
85612,2003,5,1821.3008849557523,7.507306296696738,0,NoWC,0,NoSA,edu,4,good,113,0.035,0.062,3,less250
85619,2002,4,1334.5416666666667,7.196343191037316,1,WC,0,NoSA,manufacturing,1,unsatisfactory,48,0.25,0.375,1,less50
85619,2004,6,3437.7906976744184,8.142584304995468,1,WC,1,SA,manufacturing,1,unsatisfactory,43,0.163,0.419,1,less50
85619,2005,7,3818.825,8.247698062661579,1,WC,0,NoSA,manufacturing,4,good,40,0.275,0.4,1,less50
85638,2016,18,2049.3039215686276,7.625255464017817,1,WC,0,NoSA,manufacturing,2,sufficient,306,0.052,0.484,4,more250
85638,2017,19,2357.1963636363635,7.765228210300242,1,WC,0,NoSA,manufacturing,4,good,275,0.055,0.269,4,more250
85638,2018,20,2150.815789473684,7.673602486118212,1,WC,0,NoSA,manufacturing,5,very good,342,0.058,0.433,4,more250
85638,2019,21,1606.8477272727273,7.382029605350395,1,WC,0,NoSA,manufacturing,1,unsatisfactory,440,0.068,0.323,4,more250
85669,2014,16,1150.1555555555556,7.047652477910199,1,WC,1,SA,transcom,4,good,45,0.4,0.067,1,less50
85669,2016,18,827.6603773584906,6.718602897969249,1,WC,1,SA,transcom,3,satisfactory,53,0.189,0.151,2,less100
85669,2017,19,786.4615384615385,6.667543819155779,1,WC,1,SA,transcom,4,good,52,0.135,0.154,2,less100
85669,2018,20,938.4666666666667,6.844247337725755,1,WC,1,SA,transcom,5,very good,60,0.017,0.183,2,less100
85669,2019,21,648.5,6.474662003756499,1,WC,1,SA,transcom,5,very good,60,0.15,0.183,2,less100
85669,2020,22,764.8070175438596,6.639623537353907,1,WC,0,NoSA,transcom,4,good,57,0.105,0.14,2,less100
85686,2011,13,12573.91304347826,9.439379553337597,1,WC,0,NoSA,manufacturing,5,very good,23,0.478,0.261,1,less50
85686,2013,15,13913.04347826087,9.54058205884676,1,WC,0,NoSA,manufacturing,3,satisfactory,23,0.478,0.261,1,less50
85686,2015,17,21840.875,9.991538493158862,1,WC,0,NoSA,manufacturing,4,good,32,0.344,0.344,1,less50
85686,2017,19,23108.22857142857,10.047944048293667,1,WC,0,NoSA,manufacturing,5,very good,35,0.314,0.343,1,less50
85686,2018,20,22557.36111111111,10.023816726745018,1,WC,0,NoSA,manufacturing,4,good,36,0.306,0.306,1,less50
